block_id,mode,line_group,block_number,asset_class_new,depot_code,service_id,service_day,prev_trip_id,next_trip_id,prev_route_short_name,next_route_short_name,prev_trip_end_stop_code,next_trip_start_stop_code,prev_trip_end_stop_name,next_trip_start_stop_name,stop_code,candidate_name,start_sec,end_sec,event_type,soc_start_pct,soc_end_pct,charged_kwh,duration_sec,duration_min,start_dt,end_dt,assigned,dispenser_idx,reject_reason,installed_dispensers
2160369,heavy,100.0,1.0,40-ft,HTC,1,MF,14842066,14842113,100,100,58322,55933,22nd Street Station @ Unloading Only,22nd Street Station @ Bay 6,58322,22nd Street Station,25770,26310,in_service_layover,66.1197527887524,72.01613976185286,33.25562252828655,540,9.0,07:09:30,07:18:30,True,1,,2
2160383,heavy,100.0,2.0,40-ft,HTC,1,MF,14842030,14842083,100,100,58322,55933,22nd Street Station @ Unloading Only,22nd Street Station @ Bay 6,58322,22nd Street Station,26790,27090,in_service_layover,66.30493060721876,69.7378137842393,19.361461118395823,300,5.0,07:26:30,07:31:30,True,2,,2
2160376,heavy,100.0,3.0,40-ft,HTC,1,MF,14842031,14842156,100,100,58322,55933,22nd Street Station @ Unloading Only,22nd Street Station @ Bay 6,58322,22nd Street Station,27630,27930,in_service_layover,67.1150612870742,70.49465798580593,19.06092538084704,300,5.0,07:40:30,07:45:30,True,1,,2
2164321,heavy,410.0,10.0,40-ft,HTC,1,MF,14870639,14870615,388,388,58322,56919,22nd Street Station @ Unloading Only,22nd Street Station @ Bay 7,58322,22nd Street Station,27990,28230,in_service_layover,66.852715722662,69.60336104100502,15.513639595454606,240,4.0,07:46:30,07:50:30,True,2,,2
2160859,heavy,152.0,1.0,40-ft,PCT,1,MF,14850649,14850623,155,155,58322,52183,22nd Street Station @ Unloading Only,22nd Street Station @ Bay 8,58322,22nd Street Station,28050,28710,in_service_layover,63.139236147907965,70.60001932941003,42.0788171436717,660,11.0,07:47:30,07:58:30,True,1,,2
2160367,heavy,100.0,4.0,40-ft,HTC,1,MF,14842059,14842155,100,100,58322,55933,22nd Street Station @ Unloading Only,22nd Street Station @ Bay 6,58322,22nd Street Station,28710,29490,in_service_layover,68.01955482859316,75.73259916891143,43.50157007939504,780,13.0,07:58:30,08:11:30,True,2,,2
2160454,heavy,410.0,16.0,40-ft,HTC,1,MF,14843614,14843668,104,104,58322,53497,22nd Street Station @ Unloading Only,22nd Street Station @ Bay 3,58322,22nd Street Station,29130,29610,in_service_layover,69.73313193871249,74.63456458239597,27.64408011037483,480,8.0,08:05:30,08:13:30,True,1,,2
2160450,heavy,410.0,4.0,40-ft,HTC,1,MF,14873210,14874084,410,418,58322,52230,22nd Street Station @ Unloading Only,22nd Street Station @ Bay 4,58322,22nd Street Station,29310,29610,in_service_layover,57.28686473587919,61.22494287920086,22.210760728334208,300,5.0,08:08:30,08:13:30,False,,busy,2
2160377,heavy,100.0,5.0,40-ft,HTC,1,MF,14842032,14842117,100,100,58322,55933,22nd Street Station @ Unloading Only,22nd Street Station @ Bay 6,58322,22nd Street Station,29610,30150,in_service_layover,68.05549602910362,73.70835373717176,31.882117473504252,540,9.0,08:13:30,08:22:30,True,2,,2
2160451,heavy,388.0,1.0,40-ft,HTC,1,MF,14870638,14873329,388,410,58322,52230,22nd Street Station @ Unloading Only,22nd Street Station @ Bay 4,58322,22nd Street Station,29670,29970,in_service_layover,66.50286962830155,69.92288279175081,19.28887424185382,300,5.0,08:14:30,08:19:30,True,1,,2
2165259,heavy,151.0,51.0,40-ft,PCT,1,MF,14846537,14846456,128,128,58322,52183,22nd Street Station @ Unloading Only,22nd Street Station @ Bay 8,58322,22nd Street Station,30210,30810,in_service_layover,66.95444350993878,73.30318077293423,35.8068781632943,600,10.0,08:23:30,08:33:30,True,1,,2
2160373,heavy,100.0,6.0,40-ft,HTC,1,MF,14842050,14842148,100,100,58322,55933,22nd Street Station @ Unloading Only,22nd Street Station @ Bay 6,58322,22nd Street Station,30390,30990,in_service_layover,67.2805655912502,73.58343262016092,35.54817004305647,600,10.0,08:26:30,08:36:30,True,2,,2
2160470,heavy,388.0,2.0,40-ft,HTC,1,MF,14843575,14870613,104,388,58322,56919,22nd Street Station @ Unloading Only,22nd Street Station @ Bay 7,58322,22nd Street Station,30630,31830,in_service_layover,63.56178949187201,75.46057363361362,67.10914255942271,1200,20.0,08:30:30,08:50:30,False,,busy,2
2160858,heavy,152.0,51.0,40-ft,PCT,1,MF,14850651,14850625,155,155,58322,52183,22nd Street Station @ Unloading Only,22nd Street Station @ Bay 8,58322,22nd Street Station,30690,31110,in_service_layover,67.70333706237876,72.25766699171558,25.686420801459576,420,7.0,08:31:30,08:38:30,False,,busy,2
2160452,heavy,410.0,2.0,40-ft,HTC,1,MF,14873248,14873345,410,410,58322,52230,22nd Street Station @ Unloading Only,22nd Street Station @ Bay 4,58322,22nd Street Station,30690,31350,in_service_layover,54.00939474053259,62.53892137940834,48.10653024325927,660,11.0,08:31:30,08:42:30,False,,busy,2
2160381,heavy,100.0,10.0,40-ft,HTC,1,MF,14842033,14842091,100,100,58322,55933,22nd Street Station @ Unloading Only,22nd Street Station @ Bay 6,58322,22nd Street Station,30810,31590,in_service_layover,67.46574340971657,75.28208528454553,44.08416817403531,780,13.0,08:33:30,08:46:30,True,1,,2
2160375,heavy,100.0,7.0,40-ft,HTC,1,MF,14842060,14842173,100,100,58322,55933,22nd Street Station @ Unloading Only,22nd Street Station @ Bay 6,58322,22nd Street Station,31230,32010,in_service_layover,67.46574340971657,75.28208528454553,44.08416817403531,780,13.0,08:40:30,08:53:30,True,2,,2
2160418,heavy,152.0,5.0,40-ft,PCT,1,MF,14842603,14842545,101,101,58322,52373,22nd Street Station @ Unloading Only,22nd Street Station @ Bay 5,58322,22nd Street Station,31290,31710,in_service_layover,66.07170868346273,70.78228897872302,26.56767286526798,420,7.0,08:41:30,08:48:30,False,,busy,2
2162326,heavy,410.0,21.0,40-ft,HTC,1,MF,14873296,14874100,410,418,58322,52230,22nd Street Station @ Unloading Only,22nd Street Station @ Bay 4,58322,22nd Street Station,31350,31770,in_service_layover,63.130039043191886,68.10575814424529,28.063055729941198,420,7.0,08:42:30,08:49:30,False,,busy,2
2160456,heavy,410.0,30.0,40-ft,HTC,1,MF,14843566,14843635,104,104,58322,53497,22nd Street Station @ Unloading Only,22nd Street Station @ Bay 3,58322,22nd Street Station,31470,31830,in_service_layover,69.39109527365098,73.20348469217511,21.501876320476185,360,6.0,08:44:30,08:50:30,False,,busy,2
2160881,heavy,152.0,54.0,40-ft,PCT,1,MF,14850652,14850626,155,155,58322,52183,22nd Street Station @ Unloading Only,22nd Street Station @ Bay 8,58322,22nd Street Station,31890,32310,in_service_layover,67.94552760635189,72.47610585592051,25.552461327567073,420,7.0,08:51:30,08:58:30,True,1,,2
2160466,heavy,410.0,24.0,40-ft,HTC,1,MF,14874069,14874086,418,418,58322,52230,22nd Street Station @ Unloading Only,22nd Street Station @ Bay 4,58322,22nd Street Station,32130,32970,in_service_layover,64.28710344576021,73.20643936451701,50.30505458178834,840,14.0,08:55:30,09:09:30,True,2,,2
2160455,heavy,410.0,35.0,40-ft,HTC,1,MF,14843590,14843658,104,104,58322,53497,22nd Street Station @ Unloading Only,22nd Street Station @ Bay 3,58322,22nd Street Station,32370,33210,in_service_layover,69.73313193871249,77.56602404427603,44.177511475378424,840,14.0,08:59:30,09:13:30,True,1,,2
2160369,heavy,100.0,1.0,40-ft,HTC,1,MF,14841976,14842106,100,100,58322,55933,22nd Street Station @ Unloading Only,22nd Street Station @ Bay 6,58322,22nd Street Station,32490,32790,in_service_layover,64.53660427067689,68.08018546648536,19.985797944359717,300,5.0,09:01:30,09:06:30,False,,busy,2
2160471,heavy,410.0,12.0,40-ft,HTC,1,MF,14873242,14873347,410,410,58322,52230,22nd Street Station @ Unloading Only,22nd Street Station @ Bay 4,58322,22nd Street Station,32610,33030,in_service_layover,54.00939474053259,59.528079731334905,31.12538334812507,420,7.0,09:03:30,09:10:30,False,,busy,2
2160859,heavy,152.0,1.0,40-ft,PCT,1,MF,14850654,14850636,155,155,58322,52183,22nd Street Station @ Unloading Only,22nd Street Station @ Bay 8,58322,22nd Street Station,32970,33510,in_service_layover,68.45475331184485,74.05623346459748,31.592348061524774,540,9.0,09:09:30,09:18:30,True,2,,2
2160450,heavy,410.0,4.0,40-ft,HTC,1,MF,14874049,14870624,418,388,58322,56919,22nd Street Station @ Unloading Only,22nd Street Station @ Bay 7,58322,22nd Street Station,33030,33630,in_service_layover,52.91932631404838,60.749858769889364,44.16420305094317,600,10.0,09:10:30,09:20:30,False,,busy,2
2162187,heavy,410.0,3.0,40-ft,HTC,1,MF,14873209,14873348,410,410,58322,52230,22nd Street Station @ Unloading Only,22nd Street Station @ Bay 4,58322,22nd Street Station,33150,33930,in_service_layover,55.09904139005714,64.95182327229818,55.56968981583947,780,13.0,09:12:30,09:25:30,False,,busy,2
2160383,heavy,100.0,2.0,40-ft,HTC,1,MF,14841983,14842131,100,100,58322,55933,22nd Street Station @ Unloading Only,22nd Street Station @ Bay 6,58322,22nd Street Station,33330,33690,in_service_layover,61.8510394464029,66.25167494665801,24.819584221438845,360,6.0,09:15:30,09:21:30,True,1,,2
2160449,heavy,410.0,31.0,40-ft,HTC,1,MF,14874060,14874101,418,418,58322,52230,22nd Street Station @ Unloading Only,22nd Street Station @ Bay 4,58322,22nd Street Station,33870,34110,in_service_layover,62.69669824421681,65.64720896553044,16.640880468208877,240,4.0,09:24:30,09:28:30,True,2,,2
2160828,heavy,152.0,15.0,40-ft,PCT,1,MF,14850655,14850627,155,155,58322,52183,22nd Street Station @ Unloading Only,22nd Street Station @ Bay 8,58322,22nd Street Station,33990,34710,in_service_layover,69.03447550460933,76.083951112587,39.75904242899401,720,12.0,09:26:30,09:38:30,True,1,,2
2160453,heavy,410.0,15.0,40-ft,HTC,1,MF,14873238,14873350,410,410,58322,52230,22nd Street Station @ Unloading Only,22nd Street Station @ Bay 4,58322,22nd Street Station,34110,34890,in_service_layover,53.56808967665214,63.551656567939375,56.30731726685997,780,13.0,09:28:30,09:41:30,True,2,,2
2160376,heavy,100.0,3.0,40-ft,HTC,1,MF,14841982,14842103,100,100,58322,55933,22nd Street Station @ Unloading Only,22nd Street Station @ Bay 6,58322,22nd Street Station,34170,34530,in_service_layover,62.54135573749559,66.89303263554555,24.543457705001742,360,6.0,09:29:30,09:35:30,False,,busy,2
2160458,heavy,123.0,21.0,40-ft,HTC,1,MF,14843587,14843666,104,104,58322,53497,22nd Street Station @ Unloading Only,22nd Street Station @ Bay 3,58322,22nd Street Station,34170,35010,in_service_layover,66.44179341783214,74.94001664232958,47.92997898616551,840,14.0,09:29:30,09:43:30,False,,busy,2
2162184,heavy,388.0,4.0,40-ft,HTC,1,MF,14870651,14870625,388,388,58322,56919,22nd Street Station @ Unloading Only,22nd Street Station @ Bay 7,58322,22nd Street Station,34830,35430,in_service_layover,66.852715722662,73.21570842090172,35.88727881807205,600,10.0,09:40:30,09:50:30,True,1,,2
2160374,heavy,100.0,8.0,40-ft,HTC,1,MF,14842063,14842081,100,100,58322,55933,22nd Street Station @ Unloading Only,22nd Street Station @ Bay 6,58322,22nd Street Station,35010,35430,in_service_layover,67.29945634609068,71.89307421836244,25.90800479961274,420,7.0,09:43:30,09:50:30,True,2,,2
2160918,heavy,160.0,3.0,40-ft,PCT,1,MF,14850656,14850628,155,155,58322,52183,22nd Street Station @ Unloading Only,22nd Street Station @ Bay 8,58322,22nd Street Station,35190,35910,in_service_layover,65.27816526526541,72.96734903274425,43.36699644858072,720,12.0,09:46:30,09:58:30,False,,busy,2
2160653,heavy,151.0,5.0,40-ft,PCT,1,MF,14846502,14846460,128,128,58322,52183,22nd Street Station @ Unloading Only,22nd Street Station @ Bay 8,58322,22nd Street Station,35310,35550,in_service_layover,68.63060537309129,71.28606193128212,14.976774988196269,240,4.0,09:48:30,09:52:30,False,,busy,2
2160456,heavy,410.0,30.0,40-ft,HTC,1,MF,14843558,14873377,104,410,58322,52230,22nd Street Station @ Unloading Only,22nd Street Station @ Bay 4,58322,22nd Street Station,35370,35790,in_service_layover,65.32961857570275,70.1090945019619,26.956244224101567,420,7.0,09:49:30,09:56:30,False,,busy,2
2160367,heavy,100.0,4.0,40-ft,HTC,1,MF,14841975,14842166,100,100,58322,55933,22nd Street Station @ Unloading Only,22nd Street Station @ Bay 6,58322,22nd Street Station,35670,36210,in_service_layover,65.75087435168766,71.69262214743894,33.511457568037315,540,9.0,09:54:30,10:03:30,True,1,,2
2160561,heavy,410.0,17.0,40-ft,HTC,1,MF,14873221,14873378,410,410,58322,52230,22nd Street Station @ Unloading Only,22nd Street Station @ Bay 4,58322,22nd Street Station,35790,36690,in_service_layover,53.56808967665214,64.92707334255891,64.06466787571418,900,15.0,09:56:30,10:11:30,True,2,,2
2160468,heavy,410.0,39.0,40-ft,HTC,1,MF,14873290,14843625,410,104,58322,53497,22nd Street Station @ Unloading Only,22nd Street Station @ Bay 3,58322,22nd Street Station,36030,36810,in_service_layover,63.47207570825339,72.01096111830041,48.15931371266521,780,13.0,10:00:30,10:13:30,False,,busy,2
2160648,heavy,151.0,13.0,40-ft,PCT,1,MF,14846533,14846459,128,128,58322,52183,22nd Street Station @ Unloading Only,22nd Street Station @ Bay 8,58322,22nd Street Station,36090,36510,in_service_layover,66.74105550988241,71.38832984819256,26.210627268069118,420,7.0,10:01:30,10:08:30,False,,busy,2
2160377,heavy,100.0,5.0,40-ft,HTC,1,MF,14842049,14842130,100,100,58322,55933,22nd Street Station @ Unloading Only,22nd Street Station @ Bay 6,58322,22nd Street Station,36390,37110,in_service_layover,65.45685104090644,73.11639147667037,43.199808057708594,720,12.0,10:06:30,10:18:30,True,1,,2
2160414,heavy,152.0,6.0,40-ft,PCT,1,MF,14842607,14842548,101,101,58322,52373,22nd Street Station @ Unloading Only,22nd Street Station @ Bay 5,58322,22nd Street Station,36390,37110,in_service_layover,68.90970642918765,75.98098943458629,39.88203615044836,720,12.0,10:06:30,10:18:30,False,,busy,2
2160808,heavy,183.0,9.0,40-ft,PCT,1,MF,14850657,14850637,155,155,58322,52183,22nd Street Station @ Unloading Only,22nd Street Station @ Bay 8,58322,22nd Street Station,36510,36810,in_service_layover,66.53601986377339,69.9538680215913,19.276663610093067,300,5.0,10:08:30,10:13:30,False,,busy,2
2160461,heavy,410.0,11.0,40-ft,HTC,1,MF,14870635,14870626,388,388,58322,56919,22nd Street Station @ Unloading Only,22nd Street Station @ Bay 7,58322,22nd Street Station,36570,37290,in_service_layover,56.389455528934576,65.43159408340887,50.997661447234975,720,12.0,10:09:30,10:21:30,False,,busy,2
2160373,heavy,100.0,6.0,40-ft,HTC,1,MF,14842052,14842127,100,100,58322,55933,22nd Street Station @ Unloading Only,22nd Street Station @ Bay 6,58322,22nd Street Station,37110,37950,in_service_layover,65.74743710634142,74.38261319090452,48.702393116935866,840,14.0,10:18:30,10:32:30,True,2,,2
2160474,heavy,410.0,29.0,40-ft,HTC,1,MF,14873199,14873379,410,410,58322,52230,22nd Street Station @ Unloading Only,22nd Street Station @ Bay 4,58322,22nd Street Station,37170,37590,in_service_layover,55.16645914310091,60.67704016948778,31.079676988821973,420,7.0,10:19:30,10:26:30,True,1,,2
2160449,heavy,410.0,31.0,40-ft,HTC,1,MF,14874075,14873380,418,410,58322,52230,22nd Street Station @ Unloading Only,22nd Street Station @ Bay 4,58322,22nd Street Station,37230,38490,in_service_layover,57.34159240037796,71.49930196293288,79.84948193280968,1260,21.0,10:20:30,10:41:30,False,,busy,2
2160652,heavy,151.0,7.0,40-ft,PCT,1,MF,14846508,14846474,128,128,58322,52183,22nd Street Station @ Unloading Only,22nd Street Station @ Bay 8,58322,22nd Street Station,37290,37710,in_service_layover,68.75069448626849,73.20127130621145,25.101253264478316,420,7.0,10:21:30,10:28:30,False,,busy,2
2160451,heavy,388.0,1.0,40-ft,HTC,1,MF,14873233,14843624,410,104,58322,53497,22nd Street Station @ Unloading Only,22nd Street Station @ Bay 3,58322,22nd Street Station,37470,38610,in_service_layover,53.48246347396957,67.40287090709846,78.511097922847,1140,19.0,10:24:30,10:43:30,False,,busy,2
2160823,heavy,151.0,4.0,40-ft,PCT,1,MF,14842608,14842549,101,101,58322,52373,22nd Street Station @ Unloading Only,22nd Street Station @ Bay 5,58322,22nd Street Station,38190,38910,in_service_layover,68.37788198799923,75.54168278352994,40.40383648679318,720,12.0,10:36:30,10:48:30,True,1,,2
2160803,heavy,152.0,13.0,40-ft,PCT,1,MF,14850658,14850629,155,155,58322,52183,22nd Street Station @ Unloading Only,22nd Street Station @ Bay 8,58322,22nd Street Station,38370,38610,in_service_layover,61.17680728503222,64.19918046304488,17.046184723991416,240,4.0,10:39:30,10:43:30,True,2,,2
2164321,heavy,410.0,10.0,40-ft,HTC,1,MF,14870649,14870627,388,388,58322,56919,22nd Street Station @ Unloading Only,22nd Street Station @ Bay 7,58322,22nd Street Station,38430,39030,in_service_layover,54.44755157848342,62.22707486659766,43.87651134496434,600,10.0,10:40:30,10:50:30,False,,busy,2
2160653,heavy,151.0,5.0,40-ft,PCT,1,MF,14846501,14846458,128,128,58322,52183,22nd Street Station @ Unloading Only,22nd Street Station @ Bay 8,58322,22nd Street Station,38490,38910,in_service_layover,64.99652233128563,69.8064820585577,27.128172861814505,420,7.0,10:41:30,10:48:30,False,,busy,2
2160375,heavy,100.0,7.0,40-ft,HTC,1,MF,14842018,14842136,100,100,58322,55933,22nd Street Station @ Unloading Only,22nd Street Station @ Bay 6,58322,22nd Street Station,38550,38910,in_service_layover,68.69473608349995,72.56721834822582,21.840799973053947,360,6.0,10:42:30,10:48:30,False,,busy,2
2160452,heavy,410.0,2.0,40-ft,HTC,1,MF,14873293,14873381,410,410,58322,52230,22nd Street Station @ Unloading Only,22nd Street Station @ Bay 4,58322,22nd Street Station,38670,39330,in_service_layover,46.0985020616271,54.60661943085795,47.985781962462,660,11.0,10:44:30,10:55:30,True,2,,2
2160369,heavy,100.0,1.0,40-ft,HTC,1,MF,14842009,14842165,100,100,58322,55933,22nd Street Station @ Unloading Only,22nd Street Station @ Bay 6,58322,22nd Street Station,39270,39690,in_service_layover,64.65136816921006,69.49262709071107,27.304700317265656,420,7.0,10:54:30,11:01:30,True,1,,2
2160459,heavy,410.0,41.0,40-ft,HTC,1,MF,14873258,14873382,410,410,58322,52230,22nd Street Station @ Unloading Only,22nd Street Station @ Bay 4,58322,22nd Street Station,39330,40170,in_service_layover,59.98016503773582,69.70756911410591,54.86255899072728,840,14.0,10:55:30,11:09:30,True,2,,2
2160648,heavy,151.0,13.0,40-ft,PCT,1,MF,14846532,14846457,128,128,58322,52183,22nd Street Station @ Unloading Only,22nd Street Station @ Bay 8,58322,22nd Street Station,39690,40110,in_service_layover,68.98649428793362,73.4133403128425,24.967411580486043,420,7.0,11:01:30,11:08:30,True,1,,2
2160383,heavy,100.0,2.0,40-ft,HTC,1,MF,14842008,14842129,100,100,58322,55933,22nd Street Station @ Unloading Only,22nd Street Station @ Bay 6,58322,22nd Street Station,39990,40650,in_service_layover,61.33814082494645,69.0572313217425,43.535670401929735,660,11.0,11:06:30,11:17:30,False,,busy,2
2160805,heavy,152.0,10.0,40-ft,PCT,1,MF,14850659,14850630,155,155,58322,52183,22nd Street Station @ Unloading Only,22nd Street Station @ Bay 8,58322,22nd Street Station,40110,40410,in_service_layover,61.40053128657934,65.12981430746709,21.033156237806907,300,5.0,11:08:30,11:13:30,True,1,,2
2160471,heavy,410.0,12.0,40-ft,HTC,1,MF,14873259,14873383,410,410,58322,52230,22nd Street Station @ Unloading Only,22nd Street Station @ Bay 4,58322,22nd Street Station,40110,41070,in_service_layover,44.22778807614359,56.64598894593658,70.03865290563246,960,16.0,11:08:30,11:24:30,False,,busy,2
2160468,heavy,410.0,39.0,40-ft,HTC,1,MF,14843576,14843630,104,104,58322,53497,22nd Street Station @ Unloading Only,22nd Street Station @ Bay 3,58322,22nd Street Station,40170,40410,in_service_layover,64.13709500182806,67.01950185753358,16.256774666179183,240,4.0,11:09:30,11:13:30,True,2,,2
2160465,heavy,388.0,5.0,40-ft,HTC,1,MF,14870652,14870628,388,388,58322,56919,22nd Street Station @ Unloading Only,22nd Street Station @ Bay 7,58322,22nd Street Station,40470,40830,in_service_layover,65.39845706488885,69.53918881657,23.353727079481757,360,6.0,11:14:30,11:20:30,True,1,,2
2160652,heavy,151.0,7.0,40-ft,PCT,1,MF,14846531,14846473,128,128,58322,52183,22nd Street Station @ Unloading Only,22nd Street Station @ Bay 8,58322,22nd Street Station,40890,41310,in_service_layover,66.91173170621497,71.5426872975756,26.11858953527394,420,7.0,11:21:30,11:28:30,True,2,,2
2160376,heavy,100.0,3.0,40-ft,HTC,1,MF,14841973,14842126,100,100,58322,55933,22nd Street Station @ Unloading Only,22nd Street Station @ Bay 6,58322,22nd Street Station,40890,41550,in_service_layover,62.318579179263025,69.8980495140793,42.74821268836382,660,11.0,11:21:30,11:32:30,True,1,,2
2162187,heavy,410.0,3.0,40-ft,HTC,1,MF,14873204,14873384,410,410,58322,52230,22nd Street Station @ Unloading Only,22nd Street Station @ Bay 4,58322,22nd Street Station,41070,41970,in_service_layover,49.651531617106855,61.27690409924487,65.56710079925841,900,15.0,11:24:30,11:39:30,False,,busy,2
2160374,heavy,100.0,8.0,40-ft,HTC,1,MF,14842017,14842125,100,100,58322,55933,22nd Street Station @ Unloading Only,22nd Street Station @ Bay 6,58322,22nd Street Station,41850,42450,in_service_layover,66.161130878852,72.62035881901757,36.43004558253381,600,10.0,11:37:30,11:47:30,True,2,,2
2162641,heavy,701.0,10.0,40-ft,PCT,1,MF,14850660,14850616,155,155,58322,52183,22nd Street Station @ Unloading Only,22nd Street Station @ Bay 8,58322,22nd Street Station,41910,42210,in_service_layover,69.66105683577155,72.86266925304166,18.057094033403473,300,5.0,11:38:30,11:43:30,True,1,,2
2160451,heavy,388.0,1.0,40-ft,HTC,1,MF,14843597,14843623,104,104,58322,53497,22nd Street Station @ Unloading Only,22nd Street Station @ Bay 3,58322,22nd Street Station,41970,42210,in_service_layover,59.529004790626104,62.63113098360673,17.49599172841073,240,4.0,11:39:30,11:43:30,False,,busy,2
2160453,heavy,410.0,15.0,40-ft,HTC,1,MF,14873288,14873385,410,410,58322,52230,22nd Street Station @ Unloading Only,22nd Street Station @ Bay 4,58322,22nd Street Station,42030,42870,in_service_layover,48.251364912748045,59.15847315885713,61.51609050805524,840,14.0,11:40:30,11:54:30,False,,busy,2
2160653,heavy,151.0,5.0,40-ft,PCT,1,MF,14846500,14846454,128,128,58322,52183,22nd Street Station @ Unloading Only,22nd Street Station @ Bay 8,58322,22nd Street Station,42090,42510,in_service_layover,67.53601962946712,72.10667410052325,25.778491216756606,420,7.0,11:41:30,11:48:30,False,,busy,2
2160470,heavy,388.0,2.0,40-ft,HTC,1,MF,14870653,14870629,388,388,58322,56919,22nd Street Station @ Unloading Only,22nd Street Station @ Bay 7,58322,22nd Street Station,42270,42630,in_service_layover,60.80691251036308,65.28159956636568,25.23723499585475,360,6.0,11:44:30,11:50:30,True,1,,2
2160367,heavy,100.0,4.0,40-ft,HTC,1,MF,14842007,14842164,100,100,58322,55933,22nd Street Station @ Unloading Only,22nd Street Station @ Bay 6,58322,22nd Street Station,42750,43290,in_service_layover,66.21068477998274,72.09583881648963,33.19226876589886,540,9.0,11:52:30,12:01:30,True,2,,2
2160456,heavy,410.0,30.0,40-ft,HTC,1,MF,14873205,14873386,410,410,58322,52230,22nd Street Station @ Unloading Only,22nd Street Station @ Bay 4,58322,22nd Street Station,42930,43830,in_service_layover,54.80880284677057,66.02621921034246,63.266228290545484,900,15.0,11:55:30,12:10:30,True,1,,2
2160648,heavy,151.0,13.0,40-ft,PCT,1,MF,14846530,14846453,128,128,58322,52183,22nd Street Station @ Unloading Only,22nd Street Station @ Bay 8,58322,22nd Street Station,43290,43710,in_service_layover,67.123800712846,71.73437991539816,26.003666702394128,420,7.0,12:01:30,12:08:30,True,2,,2
2160377,heavy,100.0,5.0,40-ft,HTC,1,MF,14841988,14842112,100,100,58322,55933,22nd Street Station @ Unloading Only,22nd Street Station @ Bay 6,58322,22nd Street Station,43650,44250,in_service_layover,68.22888490925777,74.39687657798714,34.78747301163361,600,10.0,12:07:30,12:17:30,False,,busy,2
2160468,heavy,410.0,39.0,40-ft,HTC,1,MF,14843578,14843634,104,104,58322,53497,22nd Street Station @ Unloading Only,22nd Street Station @ Bay 3,58322,22nd Street Station,43770,44010,in_service_layover,59.14563574106122,62.264683465319614,17.591429164817328,240,4.0,12:09:30,12:13:30,True,2,,2
2160561,heavy,410.0,17.0,40-ft,HTC,1,MF,14873216,14873387,410,410,58322,52230,22nd Street Station @ Unloading Only,22nd Street Station @ Bay 4,58322,22nd Street Station,43770,44730,in_service_layover,49.62678168736759,61.97369908022623,69.63661409572273,960,16.0,12:09:30,12:25:30,False,,busy,2
2160859,heavy,152.0,1.0,40-ft,PCT,1,MF,14850653,14850631,155,155,58322,52183,22nd Street Station @ Unloading Only,22nd Street Station @ Bay 8,58322,22nd Street Station,43830,44010,in_service_layover,62.219044500728636,64.47014221346875,12.696191099854275,180,3.0,12:10:30,12:13:30,True,1,,2
2160450,heavy,410.0,4.0,40-ft,HTC,1,MF,14870654,14870630,388,388,58322,56919,22nd Street Station @ Unloading Only,22nd Street Station @ Bay 7,58322,22nd Street Station,44070,44430,in_service_layover,44.26674248673058,48.845309066422935,25.823115509464884,360,6.0,12:14:30,12:20:30,True,1,,2
2160652,heavy,151.0,7.0,40-ft,PCT,1,MF,14846529,14846472,128,128,58322,52183,22nd Street Station @ Unloading Only,22nd Street Station @ Bay 8,58322,22nd Street Station,44490,44910,in_service_layover,69.12770199284071,73.54027061471922,24.886887027394778,420,7.0,12:21:30,12:28:30,True,2,,2
2160373,heavy,100.0,6.0,40-ft,HTC,1,MF,14842006,14842124,100,100,58322,55933,22nd Street Station @ Unloading Only,22nd Street Station @ Bay 6,58322,22nd Street Station,44550,45210,in_service_layover,69.7306479176305,76.17800025401499,36.36306717720845,660,11.0,12:22:30,12:33:30,True,1,,2
2160474,heavy,410.0,29.0,40-ft,HTC,1,MF,14873254,14873388,410,410,58322,52230,22nd Street Station @ Unloading Only,22nd Street Station @ Bay 4,58322,22nd Street Station,44730,45390,in_service_layover,45.376748514296466,53.866917000216304,47.88455026058793,660,11.0,12:25:30,12:36:30,False,,busy,2
2160375,heavy,100.0,7.0,40-ft,HTC,1,MF,14841971,14842123,100,100,58322,55933,22nd Street Station @ Unloading Only,22nd Street Station @ Bay 6,58322,22nd Street Station,45450,46110,in_service_layover,67.59517872629405,74.38257580073187,38.28091949982928,660,11.0,12:37:30,12:48:30,True,2,,2
2160449,heavy,410.0,31.0,40-ft,HTC,1,MF,14873225,14873389,410,410,58322,52230,22nd Street Station @ Unloading Only,22nd Street Station @ Bay 4,58322,22nd Street Station,45570,46050,in_service_layover,56.19901030774154,62.42752133103544,35.12880217137757,480,8.0,12:39:30,12:47:30,True,1,,2
2160828,heavy,152.0,15.0,40-ft,PCT,1,MF,14850661,14850632,155,155,58322,52183,22nd Street Station @ Unloading Only,22nd Street Station @ Bay 8,58322,22nd Street Station,45630,45810,in_service_layover,64.52141609278121,66.69086942282443,12.235716781443784,180,3.0,12:40:30,12:43:30,False,,busy,2
2160451,heavy,388.0,1.0,40-ft,HTC,1,MF,14843579,14843627,104,104,58322,53497,22nd Street Station @ Unloading Only,22nd Street Station @ Bay 3,58322,22nd Street Station,45630,45870,in_service_layover,54.75726486713436,57.90748072359035,17.76721743041179,240,4.0,12:40:30,12:44:30,False,,busy,2
2160653,heavy,151.0,5.0,40-ft,PCT,1,MF,14846499,14846452,128,128,58322,52183,22nd Street Station @ Unloading Only,22nd Street Station @ Bay 8,58322,22nd Street Station,45690,46110,in_service_layover,69.64314492846138,74.00318240726259,24.590611380438816,420,7.0,12:41:30,12:48:30,False,,busy,2
2162184,heavy,388.0,4.0,40-ft,HTC,1,MF,14870655,14870631,388,388,58322,56919,22nd Street Station @ Unloading Only,22nd Street Station @ Bay 7,58322,22nd Street Station,45870,46230,in_service_layover,56.350555245978484,61.07401771580571,26.640328329825536,360,6.0,12:44:30,12:50:30,False,,busy,2
2160369,heavy,100.0,1.0,40-ft,HTC,1,MF,14842005,14842163,100,100,58322,55933,22nd Street Station @ Unloading Only,22nd Street Station @ Bay 6,58322,22nd Street Station,46350,46950,in_service_layover,65.48169229783694,72.0343193401493,36.95681651864169,600,10.0,12:52:30,13:02:30,True,1,,2
2160452,heavy,410.0,2.0,40-ft,HTC,1,MF,14873244,14873335,410,410,58322,52230,22nd Street Station @ Unloading Only,22nd Street Station @ Bay 4,58322,22nd Street Station,46410,46710,in_service_layover,39.30632777566663,43.09607941367445,21.374199238364127,300,5.0,12:53:30,12:58:30,True,2,,2
2160648,heavy,151.0,13.0,40-ft,PCT,1,MF,14846528,14846451,128,128,58322,52183,22nd Street Station @ Unloading Only,22nd Street Station @ Bay 8,58322,22nd Street Station,46950,47310,in_service_layover,69.30298285696817,73.12304189282895,21.545132962254684,360,6.0,13:02:30,13:08:30,True,2,,2
2160459,heavy,410.0,41.0,40-ft,HTC,1,MF,14873234,14843628,410,104,58322,53497,22nd Street Station @ Unloading Only,22nd Street Station @ Bay 3,58322,22nd Street Station,47250,47730,in_service_layover,54.407277458914585,60.69418024793231,35.45813173005996,480,8.0,13:07:30,13:15:30,True,1,,2
2160417,heavy,152.0,12.0,40-ft,PCT,1,MF,14842613,14842554,101,101,58322,52373,22nd Street Station @ Unloading Only,22nd Street Station @ Bay 5,58322,22nd Street Station,47250,47910,in_service_layover,67.20307572126872,74.05169004721606,38.62618479834305,660,11.0,13:07:30,13:18:30,False,,busy,2
2160383,heavy,100.0,2.0,40-ft,HTC,1,MF,14842039,14842111,100,100,58322,55933,22nd Street Station @ Unloading Only,22nd Street Station @ Bay 6,58322,22nd Street Station,47310,47910,in_service_layover,64.32924559871515,71.03769335901677,37.835645368101154,600,10.0,13:08:30,13:18:30,True,2,,2
2160808,heavy,183.0,9.0,40-ft,PCT,1,MF,14850662,14850633,155,155,58322,52183,22nd Street Station @ Unloading Only,22nd Street Station @ Bay 8,58322,22nd Street Station,47370,47610,in_service_layover,63.80114109138939,66.69943229274215,16.346362375629496,240,4.0,13:09:30,13:13:30,False,,busy,2
2160468,heavy,410.0,39.0,40-ft,HTC,1,MF,14843584,14873325,104,410,58322,52230,22nd Street Station @ Unloading Only,22nd Street Station @ Bay 4,58322,22nd Street Station,47430,47910,in_service_layover,54.39081734884724,60.67800810617812,35.45975587134609,480,8.0,13:10:30,13:18:30,False,,busy,2
2160461,heavy,410.0,11.0,40-ft,HTC,1,MF,14870656,14870632,388,388,58322,56919,22nd Street Station @ Unloading Only,22nd Street Station @ Bay 7,58322,22nd Street Station,47670,48030,in_service_layover,48.24991788163355,52.873589647458196,26.07750875925103,360,6.0,13:14:30,13:20:30,False,,busy,2
2160471,heavy,410.0,12.0,40-ft,HTC,1,MF,14873249,14873393,410,410,58322,52230,22nd Street Station @ Unloading Only,22nd Street Station @ Bay 4,58322,22nd Street Station,48150,48510,in_service_layover,41.34569729074526,45.90705765853951,25.726072474359597,360,6.0,13:22:30,13:28:30,True,1,,2
2160652,heavy,151.0,7.0,40-ft,PCT,1,MF,14846507,14846471,128,128,58322,52183,22nd Street Station @ Unloading Only,22nd Street Station @ Bay 8,58322,22nd Street Station,48150,48510,in_service_layover,67.25073101472275,71.24401912280321,22.522144929573813,360,6.0,13:22:30,13:28:30,True,2,,2
2160376,heavy,100.0,3.0,40-ft,HTC,1,MF,14842026,14842122,100,100,58322,55933,22nd Street Station @ Unloading Only,22nd Street Station @ Bay 6,58322,22nd Street Station,48210,48690,in_service_layover,65.03535990158038,70.4618246536048,30.605261201417704,480,8.0,13:23:30,13:31:30,False,,busy,2
2160374,heavy,100.0,8.0,40-ft,HTC,1,MF,14842016,14842093,100,100,58322,55933,22nd Street Station @ Unloading Only,22nd Street Station @ Bay 6,58322,22nd Street Station,49110,49530,in_service_layover,67.12441649955933,71.73493639724303,26.00333222293608,420,7.0,13:38:30,13:45:30,True,1,,2
2162187,heavy,410.0,3.0,40-ft,HTC,1,MF,14873226,14873344,410,410,58322,52230,22nd Street Station @ Unloading Only,22nd Street Station @ Bay 4,58322,22nd Street Station,49170,49710,in_service_layover,45.97661244405354,52.907419112268705,39.089749608733484,540,9.0,13:39:30,13:48:30,True,2,,2
2160451,heavy,388.0,1.0,40-ft,HTC,1,MF,14843585,14843656,104,104,58322,53497,22nd Street Station @ Unloading Only,22nd Street Station @ Bay 3,58322,22nd Street Station,49290,49890,in_service_layover,50.033614607118,57.85526690281292,44.11411894771942,600,10.0,13:41:30,13:51:30,False,,busy,2
2160653,heavy,151.0,5.0,40-ft,PCT,1,MF,14846498,14846450,128,128,58322,52183,22nd Street Station @ Unloading Only,22nd Street Station @ Bay 8,58322,22nd Street Station,49350,49710,in_service_layover,67.71364280726611,71.66876259312352,22.30687559223577,360,6.0,13:42:30,13:48:30,False,,busy,2
2164321,heavy,410.0,10.0,40-ft,HTC,1,MF,14870657,14870633,388,388,58322,56919,22nd Street Station @ Unloading Only,22nd Street Station @ Bay 7,58322,22nd Street Station,49470,49830,in_service_layover,45.7774823598767,50.36988832030289,25.901169616803713,360,6.0,13:44:30,13:50:30,False,,busy,2
2160367,heavy,100.0,4.0,40-ft,HTC,1,MF,14842025,14842186,100,100,58322,55933,22nd Street Station @ Unloading Only,22nd Street Station @ Bay 6,58322,22nd Street Station,50010,50310,in_service_layover,66.00184784629435,69.45425093362478,19.471553412543585,300,5.0,13:53:30,13:58:30,True,1,,2
2160453,heavy,410.0,15.0,40-ft,HTC,1,MF,14873250,14843679,410,104,58322,53497,22nd Street Station @ Unloading Only,22nd Street Station @ Bay 3,58322,22nd Street Station,50070,51330,in_service_layover,43.85818150366581,60.01435376411103,91.120811548911,1260,21.0,13:54:30,14:15:30,True,2,,2
2160377,heavy,100.0,5.0,40-ft,HTC,1,MF,14841979,14842184,100,100,58322,55933,22nd Street Station @ Unloading Only,22nd Street Station @ Bay 6,58322,22nd Street Station,50910,51450,in_service_layover,68.78386973615687,74.3427034439049,31.351822111698823,540,9.0,14:08:30,14:17:30,True,1,,2
2160805,heavy,152.0,10.0,40-ft,PCT,1,MF,14850664,14850600,155,155,58322,52183,22nd Street Station @ Unloading Only,22nd Street Station @ Bay 8,58322,22nd Street Station,51090,51330,in_service_layover,61.00924016640694,64.03953613962648,17.090869288958174,240,4.0,14:11:30,14:15:30,False,,busy,2
2160456,heavy,410.0,30.0,40-ft,HTC,1,MF,14873252,14873372,410,410,58322,52230,22nd Street Station @ Unloading Only,22nd Street Station @ Bay 4,58322,22nd Street Station,51090,51510,in_service_layover,50.72592755515114,56.182380643818675,30.774395420084886,420,7.0,14:11:30,14:18:30,False,,busy,2
2160648,heavy,151.0,13.0,40-ft,PCT,1,MF,14846526,14846449,128,128,58322,52183,22nd Street Station @ Unloading Only,22nd Street Station @ Bay 8,58322,22nd Street Station,51210,51450,in_service_layover,66.83350229283246,69.58513382542495,15.519201843821634,240,4.0,14:13:30,14:17:30,False,,busy,2
2160459,heavy,410.0,41.0,40-ft,HTC,1,MF,14843586,14843641,104,104,58322,53497,22nd Street Station @ Unloading Only,22nd Street Station @ Bay 3,58322,22nd Street Station,51210,52050,in_service_layover,52.820314131459945,63.55895255895625,60.56592073107919,840,14.0,14:13:30,14:27:30,False,,busy,2
2160465,heavy,388.0,5.0,40-ft,HTC,1,MF,14870658,14870634,388,388,58322,56919,22nd Street Station @ Unloading Only,22nd Street Station @ Bay 7,58322,22nd Street Station,51270,51570,in_service_layover,52.9812003234077,56.89852838873871,22.09373028846693,300,5.0,14:14:30,14:19:30,False,,busy,2
2160373,heavy,100.0,6.0,40-ft,HTC,1,MF,14842004,14842171,100,100,58322,55933,22nd Street Station @ Unloading Only,22nd Street Station @ Bay 6,58322,22nd Street Station,51810,52350,in_service_layover,69.7748022091159,75.20362198959256,30.618543561888316,540,9.0,14:23:30,14:32:30,True,2,,2
2160561,heavy,410.0,17.0,40-ft,HTC,1,MF,14873255,14873370,410,410,58322,52230,22nd Street Station @ Unloading Only,22nd Street Station @ Bay 4,58322,22nd Street Station,51990,53070,in_service_layover,46.6734074250349,60.57193091939212,78.38767250817472,1080,18.0,14:26:30,14:44:30,True,1,,2
2160375,heavy,100.0,7.0,40-ft,HTC,1,MF,14842015,14842151,100,100,58322,55933,22nd Street Station @ Unloading Only,22nd Street Station @ Bay 6,58322,22nd Street Station,52710,53370,in_service_layover,67.55734668687164,74.35066702579456,38.31432671152527,660,11.0,14:38:30,14:49:30,True,2,,2
2160474,heavy,410.0,29.0,40-ft,HTC,1,MF,14873227,14873369,410,410,58322,52230,22nd Street Station @ Unloading Only,22nd Street Station @ Bay 4,58322,22nd Street Station,52890,53550,in_service_layover,38.56662534502499,46.93231895562489,47.18251196378347,660,11.0,14:41:30,14:52:30,False,,busy,2
2160470,heavy,388.0,2.0,40-ft,HTC,1,MF,14870659,14870622,388,388,58322,56919,22nd Street Station @ Unloading Only,22nd Street Station @ Bay 7,58322,22nd Street Station,53070,53250,in_service_layover,48.88259598878141,51.18455729920092,12.983061790766044,180,3.0,14:44:30,14:47:30,True,1,,2
2160369,heavy,100.0,1.0,40-ft,HTC,1,MF,14841981,14842128,100,100,58322,55933,22nd Street Station @ Unloading Only,22nd Street Station @ Bay 6,58322,22nd Street Station,53490,53850,in_service_layover,64.20416440132423,68.4354836622874,23.86464063183223,360,6.0,14:51:30,14:57:30,True,1,,2
2160449,heavy,410.0,31.0,40-ft,HTC,1,MF,14873235,14873309,410,410,58322,52230,22nd Street Station @ Unloading Only,22nd Street Station @ Bay 4,58322,22nd Street Station,53550,53970,in_service_layover,47.12722967584411,52.51412516711847,30.382090570787398,420,7.0,14:52:30,14:59:30,True,2,,2
2160451,heavy,388.0,1.0,40-ft,HTC,1,MF,14843603,14843645,104,104,58322,53497,22nd Street Station @ Unloading Only,22nd Street Station @ Bay 3,58322,22nd Street Station,53550,54150,in_service_layover,49.98140078634056,57.80162555210826,44.10606767892983,600,10.0,14:52:30,15:02:30,False,,busy,2
2162641,heavy,701.0,10.0,40-ft,PCT,1,MF,14850680,14842558,155,101,58322,52373,22nd Street Station @ Unloading Only,22nd Street Station @ Bay 5,58322,22nd Street Station,53670,54210,in_service_layover,69.18921542450501,74.69515907476897,31.053522187488795,540,9.0,14:54:30,15:03:30,False,,busy,2
2160452,heavy,410.0,2.0,40-ft,HTC,1,MF,14873197,14843680,410,104,58322,53497,22nd Street Station @ Unloading Only,22nd Street Station @ Bay 3,58322,22nd Street Station,54270,54810,in_service_layover,27.795787758483133,34.54530921555886,38.067301017907056,540,9.0,15:04:30,15:13:30,True,1,,2
2160383,heavy,100.0,2.0,40-ft,HTC,1,MF,14842042,14842157,100,100,58322,55933,22nd Street Station @ Unloading Only,22nd Street Station @ Bay 6,58322,22nd Street Station,54510,54870,in_service_layover,62.391825272051825,66.75410716765097,24.603269891179252,360,6.0,15:08:30,15:14:30,True,2,,2
2160450,heavy,410.0,4.0,40-ft,HTC,1,MF,14870660,14873311,388,410,58322,52230,22nd Street Station @ Unloading Only,22nd Street Station @ Bay 4,58322,22nd Street Station,54930,55530,in_service_layover,32.993158296598416,40.54286186267569,42.58032811267583,600,10.0,15:15:30,15:25:30,True,1,,2
2160453,heavy,410.0,15.0,40-ft,HTC,1,MF,14843615,14873368,104,410,58322,52230,22nd Street Station @ Unloading Only,22nd Street Station @ Bay 4,58322,22nd Street Station,55110,56070,in_service_layover,52.14048764763866,64.31243288966144,68.64977116500842,960,16.0,15:18:30,15:34:30,True,2,,2
2160859,heavy,152.0,1.0,40-ft,PCT,1,MF,14850666,14850602,155,155,58322,52183,22nd Street Station @ Unloading Only,22nd Street Station @ Bay 8,58322,22nd Street Station,55170,55710,in_service_layover,58.27476047131992,65.07038923562885,38.32734623070246,540,9.0,15:19:30,15:28:30,False,,busy,2
2160376,heavy,100.0,3.0,40-ft,HTC,1,MF,14842003,14842110,100,100,58322,55933,22nd Street Station @ Unloading Only,22nd Street Station @ Bay 6,58322,22nd Street Station,55290,55830,in_service_layover,61.858966031249174,68.25888133946417,36.095522338332614,540,9.0,15:21:30,15:30:30,False,,busy,2
2160459,heavy,410.0,41.0,40-ft,HTC,1,MF,14843559,14843633,104,104,58322,53497,22nd Street Station @ Unloading Only,22nd Street Station @ Bay 3,58322,22nd Street Station,55830,56190,in_service_layover,55.685086442483886,60.41976433381278,26.703583307094902,360,6.0,15:30:30,15:36:30,True,1,,2
2160374,heavy,100.0,8.0,40-ft,HTC,1,MF,14841985,14842098,100,100,58322,55933,22nd Street Station @ Unloading Only,22nd Street Station @ Bay 6,58322,22nd Street Station,56190,56730,in_service_layover,62.19933128719413,68.56066552465823,35.877925099297556,540,9.0,15:36:30,15:45:30,True,2,,2
2160471,heavy,410.0,12.0,40-ft,HTC,1,MF,14873243,14843649,410,104,58322,53497,22nd Street Station @ Unloading Only,22nd Street Station @ Bay 3,58322,22nd Street Station,56370,56970,in_service_layover,30.60676600334819,38.1357104744303,42.46324681690308,600,10.0,15:39:30,15:49:30,True,1,,2
2162184,heavy,388.0,4.0,40-ft,HTC,1,MF,14870661,14870612,388,388,58322,56919,22nd Street Station @ Unloading Only,22nd Street Station @ Bay 7,58322,22nd Street Station,56550,56730,in_service_layover,46.18316303021144,48.47194619184504,12.908737031613498,180,3.0,15:42:30,15:45:30,False,,busy,2
2160414,heavy,152.0,6.0,40-ft,PCT,1,MF,14842619,14842561,101,101,58322,52373,22nd Street Station @ Unloading Only,22nd Street Station @ Bay 5,58322,22nd Street Station,57030,57810,in_service_layover,64.74282618184863,73.05606603373585,46.88667276464383,780,13.0,15:50:30,16:03:30,True,2,,2
2160367,heavy,100.0,4.0,40-ft,HTC,1,MF,14842014,14842177,100,100,58322,55933,22nd Street Station @ Unloading Only,22nd Street Station @ Bay 6,58322,22nd Street Station,57210,57690,in_service_layover,61.235122132638274,67.04654437976293,32.77642147378316,480,8.0,15:53:30,16:01:30,True,1,,2
2160652,heavy,151.0,7.0,40-ft,PCT,1,MF,14846503,14850618,128,155,58322,52183,22nd Street Station @ Unloading Only,22nd Street Station @ Bay 8,58322,22nd Street Station,57270,58110,in_service_layover,66.77625323962076,75.20808420061832,47.55552662002623,840,14.0,15:54:30,16:08:30,False,,busy,2
2162187,heavy,410.0,3.0,40-ft,HTC,1,MF,14873256,14873395,410,410,58322,52230,22nd Street Station @ Unloading Only,22nd Street Station @ Bay 4,58322,22nd Street Station,57570,58110,in_service_layover,36.62128590704684,43.43990263377604,38.456998338752726,540,9.0,15:59:30,16:08:30,False,,busy,2
2160451,heavy,388.0,1.0,40-ft,HTC,1,MF,14843589,14843681,104,104,58322,53497,22nd Street Station @ Unloading Only,22nd Street Station @ Bay 3,58322,22nd Street Station,58050,58290,in_service_layover,49.92775943563589,53.015346575141834,17.413991466813513,240,4.0,16:07:30,16:11:30,True,1,,2
2160377,heavy,100.0,5.0,40-ft,HTC,1,MF,14842061,14842109,100,100,58322,55933,22nd Street Station @ Unloading Only,22nd Street Station @ Bay 6,58322,22nd Street Station,58350,58650,in_service_layover,66.63682204136498,70.04807042363397,19.23944087599716,300,5.0,16:12:30,16:17:30,True,2,,2
2160648,heavy,151.0,13.0,40-ft,PCT,1,MF,14846490,14846491,128,128,58086,52183,Braid Station @ Bay 6,22nd Street Station @ Bay 8,52183,22nd Street Station,58410,58710,interline_end,58.113616021244674,62.02617295760467,22.066821121070404,300,5.0,16:13:30,16:18:30,True,1,,2
2160452,heavy,410.0,2.0,40-ft,HTC,1,MF,14843616,14874088,104,418,58322,52230,22nd Street Station @ Unloading Only,22nd Street Station @ Bay 4,58322,22nd Street Station,58710,58890,in_service_layover,26.67144309908649,28.909306847925098,12.621551543449755,180,3.0,16:18:30,16:21:30,True,2,,2
2160461,heavy,410.0,11.0,40-ft,HTC,1,MF,14870648,14843670,388,104,58322,53497,22nd Street Station @ Unloading Only,22nd Street Station @ Bay 3,58322,22nd Street Station,58830,59370,in_service_layover,37.82153430355019,44.649547835446825,38.50999631989703,540,9.0,16:20:30,16:29:30,True,1,,2
2160823,heavy,151.0,4.0,40-ft,PCT,1,MF,14842579,14842563,101,101,58322,52373,22nd Street Station @ Unloading Only,22nd Street Station @ Bay 5,58322,22nd Street Station,59370,60210,in_service_layover,68.73099553626439,76.76929114190689,45.33598721582371,840,14.0,16:29:30,16:43:30,True,2,,2
2160468,heavy,410.0,39.0,40-ft,HTC,1,MF,14843604,14873328,104,410,58322,52230,22nd Street Station @ Unloading Only,22nd Street Station @ Bay 4,58322,22nd Street Station,59430,59610,in_service_layover,37.503850334514425,39.769983237355405,12.780989572023145,180,3.0,16:30:30,16:33:30,True,1,,2
2160373,heavy,100.0,6.0,40-ft,HTC,1,MF,14841984,14842096,100,100,58322,55933,22nd Street Station @ Unloading Only,22nd Street Station @ Bay 6,58322,22nd Street Station,59430,59730,in_service_layover,65.8476663590416,69.30991266537369,19.527069167713023,300,5.0,16:30:30,16:35:30,False,,busy,2
2160456,heavy,410.0,30.0,40-ft,HTC,1,MF,14873262,14874089,410,418,58322,52230,22nd Street Station @ Unloading Only,22nd Street Station @ Bay 4,58322,22nd Street Station,59550,60030,in_service_layover,39.89624743859681,45.97601213989802,34.28987291533883,480,8.0,16:32:30,16:40:30,False,,busy,2
2160459,heavy,410.0,41.0,40-ft,HTC,1,MF,14843573,14873299,104,410,58322,52230,22nd Street Station @ Unloading Only,22nd Street Station @ Bay 4,58322,22nd Street Station,60030,60630,in_service_layover,52.5458982173404,60.38303305613542,44.20144049080386,600,10.0,16:40:30,16:50:30,True,1,,2
2160859,heavy,152.0,1.0,40-ft,PCT,1,MF,14850676,14850605,155,155,58322,52183,22nd Street Station @ Unloading Only,22nd Street Station @ Bay 8,58322,22nd Street Station,60270,60510,in_service_layover,61.44499517359664,64.45468807319018,16.97466795370758,240,4.0,16:44:30,16:48:30,True,2,,2
2162641,heavy,701.0,10.0,40-ft,PCT,1,MF,14842580,14842564,101,101,58322,52373,22nd Street Station @ Unloading Only,22nd Street Station @ Bay 5,58322,22nd Street Station,60270,61110,in_service_layover,69.84436549144627,77.65430618618804,44.04806551834355,840,14.0,16:44:30,16:58:30,False,,busy,2
2160375,heavy,100.0,7.0,40-ft,HTC,1,MF,14842013,14842158,100,100,58322,55933,22nd Street Station @ Unloading Only,22nd Street Station @ Bay 6,58322,22nd Street Station,60450,60750,in_service_layover,64.86960423582678,68.39292804411104,19.8715462787232,300,5.0,16:47:30,16:52:30,False,,busy,2
2164321,heavy,410.0,10.0,40-ft,HTC,1,MF,14870647,14874090,388,418,58322,52230,22nd Street Station @ Unloading Only,22nd Street Station @ Bay 4,58322,22nd Street Station,60630,61170,in_service_layover,35.29239978683245,42.10061259717423,38.39832025032766,540,9.0,16:50:30,16:59:30,True,2,,2
2160471,heavy,410.0,12.0,40-ft,HTC,1,MF,14843574,14873323,104,410,58322,52230,22nd Street Station @ Unloading Only,22nd Street Station @ Bay 4,58322,22nd Street Station,60810,61410,in_service_layover,30.26184435795793,37.78778837466261,42.4463242542144,600,10.0,16:53:30,17:03:30,True,1,,2
2160369,heavy,100.0,1.0,40-ft,HTC,1,MF,14842076,14842082,100,100,58322,55933,22nd Street Station @ Unloading Only,22nd Street Station @ Bay 6,58322,22nd Street Station,60930,61290,in_service_layover,59.510630764289054,64.08100173150932,25.776892255122277,360,6.0,16:55:30,17:01:30,False,,busy,2
2160561,heavy,410.0,17.0,40-ft,HTC,1,MF,14873264,14843631,410,104,58322,53497,22nd Street Station @ Unloading Only,22nd Street Station @ Bay 3,58322,22nd Street Station,61170,61650,in_service_layover,43.14567005158034,49.254359387954864,34.45300785715233,480,8.0,16:59:30,17:07:30,True,2,,2
2160415,heavy,152.0,11.0,40-ft,PCT,1,MF,14842581,14842565,101,101,58322,52373,22nd Street Station @ Unloading Only,22nd Street Station @ Bay 5,58322,22nd Street Station,61470,62310,in_service_layover,65.24328586035284,73.97715607904402,49.2590280334183,840,14.0,17:04:30,17:18:30,True,1,,2
2160460,heavy,410.0,45.0,40-ft,HTC,1,MF,14843582,14873343,104,410,58322,52230,22nd Street Station @ Unloading Only,22nd Street Station @ Bay 4,58322,22nd Street Station,61530,62190,in_service_layover,65.15060434312045,72.31348254879804,40.39863308002157,660,11.0,17:05:30,17:16:30,False,,busy,2
2160647,heavy,151.0,12.0,40-ft,PCT,1,MF,14846520,14846492,128,128,58322,52183,22nd Street Station @ Unloading Only,22nd Street Station @ Bay 8,58322,22nd Street Station,61650,62310,in_service_layover,59.10055594840649,67.14285709046595,45.35857844121546,660,11.0,17:07:30,17:18:30,True,2,,2
2160383,heavy,100.0,2.0,40-ft,HTC,1,MF,14842035,14842160,100,100,58322,55933,22nd Street Station @ Unloading Only,22nd Street Station @ Bay 6,58322,22nd Street Station,62010,62370,in_service_layover,58.641678687353306,63.27058892157701,26.107053721021657,360,6.0,17:13:30,17:19:30,False,,busy,2
2160451,heavy,388.0,1.0,40-ft,HTC,1,MF,14843617,14873327,104,410,58322,52230,22nd Street Station @ Unloading Only,22nd Street Station @ Bay 4,58322,22nd Street Station,62070,62790,in_service_layover,45.14148045866947,54.41569755398169,52.30658441756094,720,12.0,17:14:30,17:26:30,False,,busy,2
2160449,heavy,410.0,31.0,40-ft,HTC,1,MF,14873266,14843664,410,104,58322,53497,22nd Street Station @ Unloading Only,22nd Street Station @ Bay 3,58322,22nd Street Station,62190,62550,in_service_layover,35.08786429930669,39.616562740585195,25.541859208810763,360,6.0,17:16:30,17:22:30,False,,busy,2
2160452,heavy,410.0,2.0,40-ft,HTC,1,MF,14874051,14873346,418,410,58322,52230,22nd Street Station @ Unloading Only,22nd Street Station @ Bay 4,58322,22nd Street Station,62610,63450,in_service_layover,20.603690282772614,31.056983052964355,58.956571223881426,840,14.0,17:23:30,17:37:30,True,1,,2
2160648,heavy,151.0,13.0,40-ft,PCT,1,MF,14846551,14850607,128,155,58322,52183,22nd Street Station @ Unloading Only,22nd Street Station @ Bay 8,58322,22nd Street Station,62670,63090,in_service_layover,59.60103258622315,64.87576649591138,29.749499250641634,420,7.0,17:24:30,17:31:30,True,2,,2
2160472,heavy,410.0,47.0,40-ft,HTC,1,MF,14873267,14843637,410,104,58322,53497,22nd Street Station @ Unloading Only,22nd Street Station @ Bay 3,58322,22nd Street Station,62790,63570,in_service_layover,63.47207570825339,72.01096111830041,48.15931371266521,780,13.0,17:26:30,17:39:30,False,,busy,2
2160376,heavy,100.0,3.0,40-ft,HTC,1,MF,14841987,14842104,100,100,58322,55933,22nd Street Station @ Unloading Only,22nd Street Station @ Bay 6,58322,22nd Street Station,63090,63570,in_service_layover,60.039731286697474,65.96505220521308,33.41880998042802,480,8.0,17:31:30,17:39:30,True,2,,2
2160461,heavy,410.0,11.0,40-ft,HTC,1,MF,14843605,14873310,104,410,58322,52230,22nd Street Station @ Unloading Only,22nd Street Station @ Bay 4,58322,22nd Street Station,63090,64230,in_service_layover,36.775681718974454,51.33974222290782,82.14130124218423,1140,19.0,17:31:30,17:50:30,False,,busy,2
2160464,heavy,388.0,7.0,40-ft,HTC,1,MF,14843599,14870608,104,388,58322,56919,22nd Street Station @ Unloading Only,22nd Street Station @ Bay 7,58322,22nd Street Station,63630,63930,in_service_layover,66.26092017507187,69.69665212451386,19.3775281948528,300,5.0,17:40:30,17:45:30,True,1,,2
2160456,heavy,410.0,30.0,40-ft,HTC,1,MF,14874052,14843647,418,104,58322,53497,22nd Street Station @ Unloading Only,22nd Street Station @ Bay 3,58322,22nd Street Station,63630,64590,in_service_layover,37.67039557474554,49.89965556224535,68.97302632949894,960,16.0,17:40:30,17:56:30,True,2,,2
2160805,heavy,152.0,10.0,40-ft,PCT,1,MF,14850642,14850599,155,155,58322,52183,22nd Street Station @ Unloading Only,22nd Street Station @ Bay 8,58322,22nd Street Station,63690,64110,in_service_layover,61.64382161797795,66.74539421641673,28.772869455194723,420,7.0,17:41:30,17:48:30,False,,busy,2
2160450,heavy,410.0,4.0,40-ft,HTC,1,MF,14873269,14874092,410,418,58322,52230,22nd Street Station @ Unloading Only,22nd Street Station @ Bay 4,58322,22nd Street Station,63810,64590,in_service_layover,23.116600994863912,32.83868410005936,54.832548713302344,780,13.0,17:43:30,17:56:30,False,,busy,2
2160414,heavy,152.0,6.0,40-ft,PCT,1,MF,14842583,14842567,101,101,58322,52373,22nd Street Station @ Unloading Only,22nd Street Station @ Bay 5,58322,22nd Street Station,63870,64710,in_service_layover,67.81998508014411,76.0428586547283,46.37700696065485,840,14.0,17:44:30,17:58:30,False,,busy,2
2160374,heavy,100.0,8.0,40-ft,HTC,1,MF,14842056,14842133,100,100,58322,55933,22nd Street Station @ Unloading Only,22nd Street Station @ Bay 6,58322,22nd Street Station,64050,64470,in_service_layover,60.81169413792175,65.98212133691167,29.1612094023032,420,7.0,17:47:30,17:54:30,True,1,,2
2160453,heavy,410.0,15.0,40-ft,HTC,1,MF,14873270,14873330,410,410,58322,52230,22nd Street Station @ Unloading Only,22nd Street Station @ Bay 4,58322,22nd Street Station,64410,65070,in_service_layover,46.886172021849646,55.41491704082024,48.10212190699417,660,11.0,17:53:30,18:04:30,False,,busy,2
2164321,heavy,410.0,10.0,40-ft,HTC,1,MF,14874053,14874105,418,418,58322,52230,22nd Street Station @ Unloading Only,22nd Street Station @ Bay 4,58322,22nd Street Station,64710,65610,in_service_layover,33.79499603202176,45.16945713798177,64.15196063761451,900,15.0,17:58:30,18:13:30,True,1,,2
2160859,heavy,152.0,1.0,40-ft,PCT,1,MF,14850668,14850595,155,155,58322,52183,22nd Street Station @ Unloading Only,22nd Street Station @ Bay 8,58322,22nd Street Station,64890,65310,in_service_layover,60.86568296874893,66.03164300679569,29.136014614583814,420,7.0,18:01:30,18:08:30,True,2,,2
2160367,heavy,100.0,4.0,40-ft,HTC,1,MF,14841999,14842132,100,100,58322,55933,22nd Street Station @ Unloading Only,22nd Street Station @ Bay 6,58322,22nd Street Station,64890,65610,in_service_layover,58.20378009184287,67.02060167632834,49.72687373649808,720,12.0,18:01:30,18:13:30,False,,busy,2
2160562,heavy,410.0,55.0,40-ft,HTC,1,MF,14873271,14843667,410,104,58322,53497,22nd Street Station @ Unloading Only,22nd Street Station @ Bay 3,58322,22nd Street Station,65010,65610,in_service_layover,65.01414198888494,71.63037942091705,37.31557911666101,600,10.0,18:03:30,18:13:30,False,,busy,2
2160561,heavy,410.0,17.0,40-ft,HTC,1,MF,14843560,14870607,104,388,58322,56919,22nd Street Station @ Unloading Only,22nd Street Station @ Bay 7,58322,22nd Street Station,65250,65730,in_service_layover,41.3804932714825,47.47132872928269,34.35231198199307,480,8.0,18:07:30,18:15:30,False,,busy,2
2162328,heavy,410.0,44.0,40-ft,HTC,1,MF,14873272,14873337,410,410,58322,52230,22nd Street Station @ Unloading Only,22nd Street Station @ Bay 4,58322,22nd Street Station,65550,65910,in_service_layover,55.14952240312251,59.88791198604368,26.724517247675408,360,6.0,18:12:30,18:18:30,True,2,,2
2160462,heavy,410.0,43.0,40-ft,HTC,1,MF,14870645,14843648,388,104,58322,53497,22nd Street Station @ Unloading Only,22nd Street Station @ Bay 3,58322,22nd Street Station,65790,66570,in_service_layover,57.32355060275792,66.90971104891965,54.06594491635218,780,13.0,18:16:30,18:29:30,True,1,,2
2160885,heavy,152.0,40.0,40-ft,PCT,1,MF,14850669,14850608,155,155,58322,52183,22nd Street Station @ Unloading Only,22nd Street Station @ Bay 8,58322,22nd Street Station,65910,66510,in_service_layover,69.03447550460933,75.0861533269012,34.131462917726026,600,10.0,18:18:30,18:28:30,True,2,,2
2160449,heavy,410.0,31.0,40-ft,HTC,1,MF,14843557,14874095,104,418,58322,52230,22nd Street Station @ Unloading Only,22nd Street Station @ Bay 4,58322,22nd Street Station,66150,66570,in_service_layover,31.742696624112828,37.009325086971884,29.70378453052507,420,7.0,18:22:30,18:29:30,False,,busy,2
2160371,heavy,100.0,21.0,40-ft,HTC,1,MF,14842062,14842162,100,100,58322,55933,22nd Street Station @ Unloading Only,22nd Street Station @ Bay 6,58322,22nd Street Station,66270,66570,in_service_layover,66.97832112169495,70.36702535972736,19.11229190250276,300,5.0,18:24:30,18:29:30,False,,busy,2
2162187,heavy,410.0,3.0,40-ft,HTC,1,MF,14873294,14873362,410,410,58322,52230,22nd Street Station @ Unloading Only,22nd Street Station @ Bay 4,58322,22nd Street Station,66690,66870,in_service_layover,26.013641765964262,28.249783629207453,12.611840108691581,180,3.0,18:31:30,18:34:30,True,2,,2
2160373,heavy,100.0,6.0,40-ft,HTC,1,MF,14842036,14842102,100,100,58322,55933,22nd Street Station @ Unloading Only,22nd Street Station @ Bay 6,58322,22nd Street Station,66690,67530,in_service_layover,60.650724411055634,70.25482703717148,54.1671388112934,840,14.0,18:31:30,18:45:30,True,1,,2
2160650,heavy,151.0,34.0,40-ft,PCT,1,MF,14846517,14846440,128,128,58322,52183,22nd Street Station @ Unloading Only,22nd Street Station @ Bay 8,58322,22nd Street Station,66990,67410,in_service_layover,66.74105550988241,71.38832984819256,26.210627268069118,420,7.0,18:36:30,18:43:30,True,2,,2
2162641,heavy,701.0,10.0,40-ft,PCT,1,MF,14842586,14842569,101,101,58322,52373,22nd Street Station @ Unloading Only,22nd Street Station @ Bay 5,58322,22nd Street Station,66990,67410,in_service_layover,67.90334751857607,72.43807277380165,25.575850439472276,420,7.0,18:36:30,18:43:30,False,,busy,2
2160472,heavy,410.0,47.0,40-ft,HTC,1,MF,14843595,14870606,104,388,58322,56919,22nd Street Station @ Unloading Only,22nd Street Station @ Bay 7,58322,22nd Street Station,67050,67530,in_service_layover,64.13709500182806,69.65776167533883,31.136560038600805,480,8.0,18:37:30,18:45:30,False,,busy,2
2160592,heavy,123.0,42.0,40-ft,HTC,1,MF,14873274,14874093,410,418,58322,52230,22nd Street Station @ Unloading Only,22nd Street Station @ Bay 4,58322,22nd Street Station,67110,67470,in_service_layover,63.04699260102969,67.36273338265669,24.34077800837622,360,6.0,18:38:30,18:44:30,False,,busy,2
2160648,heavy,151.0,13.0,40-ft,PCT,1,MF,14850670,14850609,155,155,58322,52183,22nd Street Station @ Unloading Only,22nd Street Station @ Bay 8,58322,22nd Street Station,67290,67710,in_service_layover,64.62004189387027,69.4641269141323,27.3206395142779,420,7.0,18:41:30,18:48:30,False,,busy,2
2162184,heavy,388.0,4.0,40-ft,HTC,1,MF,14870644,14843626,388,104,58322,53497,22nd Street Station @ Unloading Only,22nd Street Station @ Bay 3,58322,22nd Street Station,67350,67530,in_service_layover,32.61719713157081,34.87057741636966,12.70906480626553,180,3.0,18:42:30,18:45:30,False,,busy,2
2160467,heavy,410.0,59.0,40-ft,HTC,1,MF,14873275,14874094,410,418,58322,52230,22nd Street Station @ Unloading Only,22nd Street Station @ Bay 4,58322,22nd Street Station,67710,68370,in_service_layover,65.01414198888494,72.19754657595833,40.51440187109387,660,11.0,18:48:30,18:59:30,True,2,,2
2160450,heavy,410.0,4.0,40-ft,HTC,1,MF,14874055,14843640,418,104,58322,53497,22nd Street Station @ Unloading Only,22nd Street Station @ Bay 3,58322,22nd Street Station,67890,68670,in_service_layover,24.533067534906884,34.27161154038873,54.92538819091766,780,13.0,18:51:30,19:04:30,True,1,,2
2160456,heavy,410.0,30.0,40-ft,HTC,1,MF,14843601,14873363,104,410,58322,52230,22nd Street Station @ Unloading Only,22nd Street Station @ Bay 4,58322,22nd Street Station,68070,68730,in_service_layover,42.025789445772986,50.44456671267318,47.48190378531706,660,11.0,18:54:30,19:05:30,False,,busy,2
2160369,heavy,100.0,1.0,40-ft,HTC,1,MF,14841995,14842135,100,100,58322,55933,22nd Street Station @ Unloading Only,22nd Street Station @ Bay 6,58322,22nd Street Station,68130,68670,in_service_layover,56.88093220536549,63.793548903163874,38.98715817558292,540,9.0,18:55:30,19:04:30,False,,busy,2
2160411,heavy,152.0,34.0,40-ft,PCT,1,MF,14842587,14842570,101,101,58322,52373,22nd Street Station @ Unloading Only,22nd Street Station @ Bay 5,58322,22nd Street Station,68790,69210,in_service_layover,68.0636387215468,72.58258160874752,25.486837883812143,420,7.0,19:06:30,19:13:30,True,2,,2
2160562,heavy,410.0,55.0,40-ft,HTC,1,MF,14843581,14873313,104,410,58322,52230,22nd Street Station @ Unloading Only,22nd Street Station @ Bay 4,58322,22nd Street Station,68910,69570,in_service_layover,63.756513304444674,71.12693124610048,41.56915719093871,660,11.0,19:08:30,19:19:30,True,1,,2
2162330,heavy,410.0,46.0,40-ft,HTC,1,MF,14870643,14870605,388,388,58322,56919,22nd Street Station @ Unloading Only,22nd Street Station @ Bay 7,58322,22nd Street Station,69090,69330,in_service_layover,57.08823933163764,60.256625673617435,17.8696989687661,240,4.0,19:11:30,19:15:30,False,,busy,2
2160651,heavy,151.0,38.0,40-ft,PCT,1,MF,14846509,14846439,128,128,58322,52183,22nd Street Station @ Unloading Only,22nd Street Station @ Bay 8,58322,22nd Street Station,69210,69510,in_service_layover,69.19839964725729,72.43354202998982,18.24620303861144,300,5.0,19:13:30,19:18:30,True,2,,2
2160383,heavy,100.0,2.0,40-ft,HTC,1,MF,14842027,14842168,100,100,58322,55933,22nd Street Station @ Unloading Only,22nd Street Station @ Bay 6,58322,22nd Street Station,69330,69630,in_service_layover,57.33916960754084,61.27596759183662,22.20354063142821,300,5.0,19:15:30,19:20:30,False,,busy,2
2160471,heavy,410.0,12.0,40-ft,HTC,1,MF,14873279,14873322,410,410,58322,52230,22nd Street Station @ Unloading Only,22nd Street Station @ Bay 4,58322,22nd Street Station,69870,70410,in_service_layover,20.36152750685083,27.057035181115168,37.762663282850895,540,9.0,19:24:30,19:33:30,True,2,,2
2160462,heavy,410.0,43.0,40-ft,HTC,1,MF,14843600,14843643,104,104,58322,53497,22nd Street Station @ Unloading Only,22nd Street Station @ Bay 3,58322,22nd Street Station,69870,70710,in_service_layover,59.03584493244729,68.95450716341549,55.94125498266061,840,14.0,19:24:30,19:38:30,True,1,,2
2160376,heavy,100.0,3.0,40-ft,HTC,1,MF,14842064,14842115,100,100,58322,55933,22nd Street Station @ Unloading Only,22nd Street Station @ Bay 6,58322,22nd Street Station,70230,70530,in_service_layover,61.40113996190168,65.13038700907062,21.032953346032798,300,5.0,19:30:30,19:35:30,False,,busy,2
2160885,heavy,152.0,40.0,40-ft,PCT,1,MF,14850672,14850611,155,155,58322,52183,22nd Street Station @ Unloading Only,22nd Street Station @ Bay 8,58322,22nd Street Station,70470,70710,in_service_layover,67.7449639478716,70.44881097002566,15.249697204948973,240,4.0,19:34:30,19:38:30,True,2,,2
2160412,heavy,152.0,9.0,40-ft,PCT,1,MF,14842588,14842571,101,101,58322,52373,22nd Street Station @ Unloading Only,22nd Street Station @ Bay 5,58322,22nd Street Station,70470,71010,in_service_layover,65.37349697719144,71.36130387180943,33.77123088564542,540,9.0,19:34:30,19:43:30,False,,busy,2
2160451,heavy,388.0,1.0,40-ft,HTC,1,MF,14873224,14873312,410,410,58322,52230,22nd Street Station @ Unloading Only,22nd Street Station @ Bay 4,58322,22nd Street Station,70950,71250,in_service_layover,36.98943668616991,40.76911107025004,21.31736352621195,300,5.0,19:42:30,19:47:30,True,1,,2
2160374,heavy,100.0,8.0,40-ft,HTC,1,MF,14842067,14842137,100,100,58322,55933,22nd Street Station @ Unloading Only,22nd Street Station @ Bay 6,58322,22nd Street Station,71070,71490,in_service_layover,57.51723621469138,62.94324910593674,30.602712706623777,420,7.0,19:44:30,19:51:30,True,2,,2
2160473,heavy,410.0,50.0,40-ft,HTC,1,MF,14870642,14873360,388,410,58322,52230,22nd Street Station @ Unloading Only,22nd Street Station @ Bay 4,58322,22nd Street Station,71070,72210,in_service_layover,55.779602752886916,69.25954890431065,76.02689629402988,1140,19.0,19:44:30,20:03:30,False,,busy,2
2160367,heavy,100.0,4.0,40-ft,HTC,1,MF,14842041,14842116,100,100,58322,55933,22nd Street Station @ Unloading Only,22nd Street Station @ Bay 6,58322,22nd Street Station,71790,72270,in_service_layover,60.04663889591222,65.97130661261083,33.41512592218015,480,8.0,19:56:30,20:04:30,True,1,,2
2160450,heavy,410.0,4.0,40-ft,HTC,1,MF,14843577,14843682,104,104,58322,53497,22nd Street Station @ Unloading Only,22nd Street Station @ Bay 3,58322,22nd Street Station,71910,72510,in_service_layover,26.39774542391637,33.890102005591295,42.25689112064657,600,10.0,19:58:30,20:08:30,True,2,,2
2162641,heavy,701.0,10.0,40-ft,PCT,1,MF,14842589,14842572,101,101,58322,52373,22nd Street Station @ Unloading Only,22nd Street Station @ Bay 5,58322,22nd Street Station,72270,72810,in_service_layover,67.2625547937704,73.01628527826513,32.45103993255026,540,9.0,20:04:30,20:13:30,True,1,,2
2160651,heavy,151.0,38.0,40-ft,PCT,1,MF,14846515,14846438,128,128,58322,52183,22nd Street Station @ Unloading Only,22nd Street Station @ Bay 8,58322,22nd Street Station,72630,73110,in_service_layover,69.35288694208404,74.29883790447201,27.89516342786817,480,8.0,20:10:30,20:18:30,True,2,,2
2160371,heavy,100.0,21.0,40-ft,HTC,1,MF,14842044,14842170,100,100,58322,55933,22nd Street Station @ Unloading Only,22nd Street Station @ Bay 6,58322,22nd Street Station,72690,73170,in_service_layover,63.06118306967606,68.69206728667801,31.758186983890937,480,8.0,20:11:30,20:19:30,False,,busy,2
2160453,heavy,410.0,15.0,40-ft,HTC,1,MF,14873206,14873341,410,410,58322,52230,22nd Street Station @ Unloading Only,22nd Street Station @ Bay 4,58322,22nd Street Station,72810,73110,in_service_layover,38.974497723039,42.762806075379956,21.36605910720297,300,5.0,20:13:30,20:18:30,True,1,,2
2162328,heavy,410.0,44.0,40-ft,HTC,1,MF,14873219,14873359,410,410,58322,52230,22nd Street Station @ Unloading Only,22nd Street Station @ Bay 4,58322,22nd Street Station,73230,74130,in_service_layover,43.44749266826244,55.05341260457962,65.45738844082891,900,15.0,20:20:30,20:35:30,True,1,,2
2160373,heavy,100.0,6.0,40-ft,HTC,1,MF,14841977,14842179,100,100,58322,55933,22nd Street Station @ Unloading Only,22nd Street Station @ Bay 6,58322,22nd Street Station,73590,74130,in_service_layover,63.658947339556896,69.85159945509936,34.92655793165949,540,9.0,20:26:30,20:35:30,True,2,,2
2160462,heavy,410.0,43.0,40-ft,HTC,1,MF,14843580,14843659,104,104,58322,53497,22nd Street Station @ Unloading Only,22nd Street Station @ Bay 3,58322,22nd Street Station,73950,74250,in_service_layover,61.08064104694312,64.82883011036255,21.139786317685605,300,5.0,20:32:30,20:37:30,False,,busy,2
2160411,heavy,152.0,34.0,40-ft,PCT,1,MF,14842590,14842573,101,101,58322,52373,22nd Street Station @ Unloading Only,22nd Street Station @ Bay 5,58322,22nd Street Station,73950,74610,in_service_layover,68.53863178161967,75.17718191290774,37.4414227404647,660,11.0,20:32:30,20:43:30,False,,busy,2
2160650,heavy,151.0,34.0,40-ft,PCT,1,MF,14846514,14846486,128,128,58322,52183,22nd Street Station @ Unloading Only,22nd Street Station @ Bay 8,58322,22nd Street Station,74370,74910,in_service_layover,69.30895884370103,74.79920009007824,30.964960629567486,540,9.0,20:39:30,20:48:30,True,1,,2
2160369,heavy,100.0,1.0,40-ft,HTC,1,MF,14842057,14842134,100,100,58322,55933,22nd Street Station @ Unloading Only,22nd Street Station @ Bay 6,58322,22nd Street Station,74490,74970,in_service_layover,55.63924825725254,61.89169587451939,35.263804561385086,480,8.0,20:41:30,20:49:30,True,2,,2
2160383,heavy,100.0,2.0,40-ft,HTC,1,MF,14842024,14842095,100,100,58322,55933,22nd Street Station @ Unloading Only,22nd Street Station @ Bay 6,58322,22nd Street Station,75330,75930,in_service_layover,53.94460604036377,61.745179384828944,43.99523366278356,600,10.0,20:55:30,21:05:30,True,1,,2
2160456,heavy,410.0,30.0,40-ft,HTC,1,MF,14873280,14873358,410,410,58322,52230,22nd Street Station @ Unloading Only,22nd Street Station @ Bay 4,58322,22nd Street Station,75450,75930,in_service_layover,35.14427505748185,41.19097004217261,34.10335971365586,480,8.0,20:57:30,21:05:30,True,2,,2
2160450,heavy,410.0,4.0,40-ft,HTC,1,MF,14843618,14843683,104,104,58322,53497,22nd Street Station @ Unloading Only,22nd Street Station @ Bay 3,58322,22nd Street Station,75690,76110,in_service_layover,26.01623588911893,31.24802392444027,29.507284519212362,420,7.0,21:01:30,21:08:30,False,,busy,2
2160651,heavy,151.0,38.0,40-ft,PCT,1,MF,14846513,14846481,128,128,58322,52183,22nd Street Station @ Unloading Only,22nd Street Station @ Bay 8,58322,22nd Street Station,76170,76710,in_service_layover,68.00929830447552,73.66807520744493,31.915501732747487,540,9.0,21:09:30,21:18:30,True,1,,2
2160562,heavy,410.0,55.0,40-ft,HTC,1,MF,14873281,14873340,410,410,58322,52230,22nd Street Station @ Unloading Only,22nd Street Station @ Bay 4,58322,22nd Street Station,76230,76890,in_service_layover,55.826639590909146,64.2334264160675,47.4142776938931,660,11.0,21:10:30,21:21:30,True,2,,2
2160376,heavy,100.0,3.0,40-ft,HTC,1,MF,14841978,14842180,100,100,58322,55933,22nd Street Station @ Unloading Only,22nd Street Station @ Bay 6,58322,22nd Street Station,76290,76830,in_service_layover,57.44715824564063,64.31611802027498,38.74093312893774,540,9.0,21:11:30,21:20:30,False,,busy,2
2160374,heavy,100.0,8.0,40-ft,HTC,1,MF,14841994,14842172,100,100,58322,55933,22nd Street Station @ Unloading Only,22nd Street Station @ Bay 6,58322,22nd Street Station,77130,77790,in_service_layover,54.43449262026673,62.94019484286578,47.97216053545867,660,11.0,21:25:30,21:36:30,True,1,,2
2160462,heavy,410.0,43.0,40-ft,HTC,1,MF,14843564,14873349,104,410,58322,52230,22nd Street Station @ Unloading Only,22nd Street Station @ Bay 4,58322,22nd Street Station,77370,77970,in_service_layover,56.95496399389018,64.56722611318627,42.933158352829935,600,10.0,21:29:30,21:39:30,True,2,,2
2162641,heavy,701.0,10.0,40-ft,PCT,1,MF,14842591,14842574,101,101,58322,52373,22nd Street Station @ Unloading Only,22nd Street Station @ Bay 5,58322,22nd Street Station,77490,78210,in_service_layover,69.97886810443167,76.8620456357305,38.82112127652533,720,12.0,21:31:30,21:43:30,False,,busy,2
2160860,heavy,151.0,37.0,40-ft,PCT,1,MF,14850677,14905249,155,155,58322,52183,22nd Street Station @ Unloading Only,22nd Street Station @ Bay 8,58322,22nd Street Station,77550,77790,in_service_layover,66.94696565753459,69.69276018995764,15.486281162865964,240,4.0,21:32:30,21:36:30,False,,busy,2
2160650,heavy,151.0,34.0,40-ft,PCT,1,MF,14905284,14905281,128,128,58322,52183,22nd Street Station @ Unloading Only,22nd Street Station @ Bay 8,58322,22nd Street Station,78030,78510,in_service_layover,68.50966049008176,73.5530648188319,28.444800414150848,480,8.0,21:40:30,21:48:30,True,1,,2
2160367,heavy,100.0,4.0,40-ft,HTC,1,MF,14842046,14842142,100,100,58322,55933,22nd Street Station @ Unloading Only,22nd Street Station @ Bay 6,58322,22nd Street Station,78030,78690,in_service_layover,61.101091742822334,68.85358477016389,43.72406067420633,660,11.0,21:40:30,21:51:30,True,2,,2
2160473,heavy,410.0,50.0,40-ft,HTC,1,MF,14873284,14873375,410,410,58322,52230,22nd Street Station @ Unloading Only,22nd Street Station @ Bay 4,58322,22nd Street Station,78630,79050,in_service_layover,53.95925724911933,59.47779381342541,31.124546222686263,420,7.0,21:50:30,21:57:30,True,1,,2
2160371,heavy,100.0,21.0,40-ft,HTC,1,MF,14842002,14842181,100,100,58322,55933,22nd Street Station @ Unloading Only,22nd Street Station @ Bay 6,58322,22nd Street Station,78990,79590,in_service_layover,63.2468944857684,70.09870716807443,38.64422352820594,600,10.0,21:56:30,22:06:30,True,2,,2
2160453,heavy,410.0,15.0,40-ft,HTC,1,MF,14873285,14873342,410,410,58322,52230,22nd Street Station @ Unloading Only,22nd Street Station @ Bay 4,58322,22nd Street Station,79530,80190,in_service_layover,27.46251442018864,35.71979250481276,46.57104839728004,660,11.0,22:05:30,22:16:30,True,1,,2
2160373,heavy,100.0,6.0,40-ft,HTC,1,MF,14842068,14842088,100,100,58322,55933,22nd Street Station @ Unloading Only,22nd Street Station @ Bay 6,58322,22nd Street Station,79830,80490,in_service_layover,63.832995350457686,71.19215185749361,41.50564269968265,660,11.0,22:10:30,22:21:30,True,2,,2
2162328,heavy,410.0,44.0,40-ft,HTC,1,MF,14873286,14873366,410,410,58322,52230,22nd Street Station @ Unloading Only,22nd Street Station @ Bay 4,58322,22nd Street Station,80430,81330,in_service_layover,39.7531209493883,51.25119317572799,64.84912735655584,900,15.0,22:20:30,22:35:30,True,1,,2
2160369,heavy,100.0,1.0,40-ft,HTC,1,MF,14841993,14842087,100,100,58322,55933,22nd Street Station @ Unloading Only,22nd Street Station @ Bay 6,58322,22nd Street Station,80670,81750,in_service_layover,55.67122805063993,68.6003729640958,72.92037731189112,1080,18.0,22:24:30,22:42:30,True,2,,2
2160650,heavy,151.0,34.0,40-ft,PCT,1,MF,14905285,14905282,128,128,58322,52183,22nd Street Station @ Unloading Only,22nd Street Station @ Bay 8,58322,22nd Street Station,81510,82110,in_service_layover,67.26352521883541,73.56879489835258,35.56172099247681,600,10.0,22:38:30,22:48:30,True,1,,2
2160456,heavy,410.0,30.0,40-ft,HTC,1,MF,14873211,14873332,410,410,58322,52230,22nd Street Station @ Unloading Only,22nd Street Station @ Bay 4,58322,22nd Street Station,82050,82650,in_service_layover,25.890678386981286,33.37865712622079,42.232200089310794,600,10.0,22:47:30,22:57:30,True,2,,2
2160376,heavy,100.0,3.0,40-ft,HTC,1,MF,14842043,14842182,100,100,58322,55933,22nd Street Station @ Unloading Only,22nd Street Station @ Bay 6,58322,22nd Street Station,82350,82890,in_service_layover,57.40902624210427,64.28109084855868,38.758444380402864,540,9.0,22:52:30,23:01:30,True,1,,2
2160830,heavy,152.0,47.0,40-ft,PCT,1,MF,14905253,14846485,155,128,58322,52183,22nd Street Station @ Unloading Only,22nd Street Station @ Bay 8,58322,22nd Street Station,83130,83910,in_service_layover,66.24528614112725,74.28660425140615,45.35303414197301,780,13.0,23:05:30,23:18:30,True,2,,2
2160374,heavy,100.0,8.0,40-ft,HTC,1,MF,14842069,14842085,100,100,58322,55933,22nd Street Station @ Unloading Only,22nd Street Station @ Bay 6,58322,22nd Street Station,83250,83910,in_service_layover,55.93528352842782,64.33300361562966,47.36314129181841,660,11.0,23:07:30,23:18:30,True,1,,2
2160462,heavy,410.0,43.0,40-ft,HTC,1,MF,14873203,14873320,410,410,58322,52230,22nd Street Station @ Unloading Only,22nd Street Station @ Bay 4,58322,22nd Street Station,83850,84090,in_service_layover,49.26693445799495,52.34672405739782,17.370013340632227,240,4.0,23:17:30,23:21:30,False,,busy,2
2160367,heavy,100.0,4.0,40-ft,HTC,1,MF,14841992,14842138,100,100,58322,55933,22nd Street Station @ Unloading Only,22nd Street Station @ Bay 6,58322,22nd Street Station,84030,85110,in_service_layover,62.96506838552529,74.13682416214505,63.008702580135434,1080,18.0,23:20:30,23:38:30,True,1,,2
2160408,heavy,152.0,2.0,40-ft,PCT,1,MF,14842593,14842576,101,101,58322,52373,22nd Street Station @ Unloading Only,22nd Street Station @ Bay 5,58322,22nd Street Station,84570,85410,in_service_layover,62.77517078068714,71.98317340976776,51.933134828014715,840,14.0,23:29:30,23:43:30,True,2,,2
2160860,heavy,151.0,37.0,40-ft,PCT,1,MF,14850678,14905251,155,155,58322,52183,22nd Street Station @ Unloading Only,22nd Street Station @ Bay 8,58322,22nd Street Station,84750,84990,in_service_layover,68.02684072331209,70.71549590951898,15.16401525020683,240,4.0,23:32:30,23:36:30,False,,busy,2
2160473,heavy,410.0,50.0,40-ft,HTC,1,MF,14873230,14873354,410,410,58322,52230,22nd Street Station @ Unloading Only,22nd Street Station @ Bay 4,58322,22nd Street Station,84810,85830,in_service_layover,44.177502158234084,57.36831167011665,74.39616564701768,1020,17.0,23:33:30,23:50:30,False,,busy,2
2160650,heavy,151.0,34.0,40-ft,PCT,1,MF,14905286,14905283,128,128,58322,52183,22nd Street Station @ Unloading Only,22nd Street Station @ Bay 8,58322,22nd Street Station,85050,85710,in_service_layover,67.2792552983561,74.11600639929328,38.559276209285656,660,11.0,23:37:30,23:48:30,False,,busy,2
2160373,heavy,100.0,6.0,40-ft,HTC,1,MF,14842071,14842183,100,100,58322,55933,22nd Street Station @ Unloading Only,22nd Street Station @ Bay 6,58322,22nd Street Station,85710,86370,in_service_layover,62.63586615136033,70.16964658240653,42.49052163110059,660,11.0,23:48:30,23:59:30,True,1,,2
2162328,heavy,410.0,44.0,40-ft,HTC,1,MF,14873198,14873365,410,410,58322,52230,22nd Street Station @ Unloading Only,22nd Street Station @ Bay 4,58322,22nd Street Station,87030,87330,in_service_layover,35.95090152053667,39.72605882454154,21.291887194587474,300,5.0,24:10:30,24:15:30,True,2,,2
2160376,heavy,100.0,3.0,40-ft,HTC,1,MF,14842000,14842140,100,100,58322,55933,22nd Street Station @ Unloading Only,22nd Street Station @ Bay 6,58322,22nd Street Station,87870,88290,in_service_layover,56.84084873610359,62.30054879375672,30.79270832516363,420,7.0,24:24:30,24:31:30,True,1,,2
2160860,heavy,151.0,37.0,40-ft,PCT,1,MF,14850640,14846479,155,128,58322,52183,22nd Street Station @ Unloading Only,22nd Street Station @ Bay 8,58322,22nd Street Station,87930,88110,in_service_layover,65.44521551346345,67.58190999880162,12.050956897307287,180,3.0,24:25:30,24:28:30,True,2,,2
2162641,heavy,701.0,10.0,40-ft,PCT,1,MF,14842594,14846477,101,128,58322,52183,22nd Street Station @ Unloading Only,22nd Street Station @ Bay 8,58322,22nd Street Station,88170,89430,in_service_layover,62.66540064420105,75.23844229902836,70.91195493322601,1260,21.0,24:29:30,24:50:30,True,2,,2
2160374,heavy,100.0,8.0,40-ft,HTC,1,MF,14841974,14842139,100,100,58322,55933,22nd Street Station @ Unloading Only,22nd Street Station @ Bay 6,58322,22nd Street Station,89070,89790,in_service_layover,57.959127178582726,66.81014417215698,49.919735843758815,720,12.0,24:44:30,24:56:30,True,1,,2
2162641,heavy,701.0,10.0,40-ft,PCT,1,MF,14846546,14846478,128,128,58322,52183,22nd Street Station @ Unloading Only,22nd Street Station @ Bay 8,58322,22nd Street Station,91950,92310,in_service_layover,68.94890269903188,72.79958992394653,21.71787594851861,360,6.0,25:32:30,25:38:30,True,2,,2
2162643,heavy,701.0,2.0,40-ft,PCT,1,MF,14880033,14879998,791,791,58079,58084,Braid Station @ Bay 1,Braid Station @ Bay 4,58079,Braid Station,25590,26310,in_service_layover,63.228402094828276,71.25201109351835,45.25315475261203,720,12.0,07:06:30,07:18:30,False,,no_dispenser,0
2160883,heavy,701.0,5.0,40-ft,PCT,1,MF,14850621,14879997,155,791,58086,58084,Braid Station @ Bay 6,Braid Station @ Bay 4,58086,Braid Station,27870,28530,in_service_layover,67.48564955258796,74.29018551254339,38.377582814148695,660,11.0,07:44:30,07:55:30,False,,no_dispenser,0
2160840,heavy,151.0,1.0,40-ft,PCT,1,MF,14850425,14850408,153,153,58079,58082,Braid Station @ Bay 1,Braid Station @ Bay 2,58079,Braid Station,27990,28410,in_service_layover,68.7514454024836,73.2019468593933,25.100828216970797,420,7.0,07:46:30,07:53:30,False,,no_dispenser,0
2162644,heavy,701.0,51.0,40-ft,PCT,1,MF,14880032,14879996,791,791,58079,58084,Braid Station @ Bay 1,Braid Station @ Bay 4,58079,Braid Station,28530,29610,in_service_layover,60.59387812007607,72.3482670913602,66.29475379804245,1080,18.0,07:55:30,08:13:30,False,,no_dispenser,0
2160653,heavy,151.0,5.0,40-ft,PCT,1,MF,14846464,14846548,128,128,58086,58086,Braid Station @ Bay 6,Braid Station @ Bay 6,58086,Braid Station,28650,29610,in_service_layover,69.64668949265663,78.33747082179329,49.01600669633075,960,16.0,07:57:30,08:13:30,False,,no_dispenser,0
2160810,heavy,151.0,6.0,40-ft,PCT,1,MF,14850427,14850410,153,153,58079,58082,Braid Station @ Bay 1,Braid Station @ Bay 2,58079,Braid Station,29910,30210,in_service_layover,68.18583954600939,71.49252581598599,18.64971056266802,300,5.0,08:18:30,08:23:30,False,,no_dispenser,0
2160859,heavy,152.0,1.0,40-ft,PCT,1,MF,14850623,14850654,155,155,58086,58086,Braid Station @ Bay 6,Braid Station @ Bay 6,58086,Braid Station,30510,30990,in_service_layover,67.15837333018531,72.35429669164974,29.305007758659315,480,8.0,08:28:30,08:36:30,False,,no_dispenser,0
2160854,heavy,151.0,9.0,40-ft,PCT,1,MF,14880040,14850411,791,153,58079,58082,Braid Station @ Bay 1,Braid Station @ Bay 2,58079,Braid Station,30690,31230,in_service_layover,62.59606104145906,68.91206573991228,35.62226649927618,540,9.0,08:31:30,08:40:30,False,,no_dispenser,0
2162641,heavy,701.0,10.0,40-ft,PCT,1,MF,14880049,14879993,791,791,58079,58084,Braid Station @ Bay 1,Braid Station @ Bay 4,58079,Braid Station,31470,32010,in_service_layover,66.12414983130239,72.01999410837018,33.25256172266228,540,9.0,08:44:30,08:53:30,False,,no_dispenser,0
2160805,heavy,152.0,10.0,40-ft,PCT,1,MF,14851285,14851245,159,159,58079,58083,Braid Station @ Bay 1,Braid Station @ Bay 3,58079,Braid Station,31530,31710,in_service_layover,67.50462955809266,69.56679273208148,11.630600301296909,180,3.0,08:45:30,08:48:30,False,,no_dispenser,0
2160652,heavy,151.0,7.0,40-ft,PCT,1,MF,14846462,14846534,128,128,58086,58086,Braid Station @ Bay 6,Braid Station @ Bay 6,58086,Braid Station,31530,32610,in_service_layover,68.74777884248397,78.45755993497049,54.763165361623976,1080,18.0,08:45:30,09:03:30,False,,no_dispenser,0
2160855,heavy,701.0,8.0,40-ft,PCT,1,MF,14850429,14850412,153,153,58079,58082,Braid Station @ Bay 1,Braid Station @ Bay 2,58079,Braid Station,31890,32130,in_service_layover,64.82497938911669,67.67486216031685,16.07333882956891,240,4.0,08:51:30,08:55:30,False,,no_dispenser,0
2160840,heavy,151.0,1.0,40-ft,PCT,1,MF,14850430,14850851,153,156,58079,58085,Braid Station @ Bay 1,Braid Station @ Bay 5,58079,Braid Station,32610,33270,in_service_layover,67.43362593766905,74.24629112595606,38.423431661938764,660,11.0,09:03:30,09:14:30,False,,no_dispenser,0
2160858,heavy,152.0,51.0,40-ft,PCT,1,MF,14850625,14851244,155,159,58086,58083,Braid Station @ Bay 6,Braid Station @ Bay 3,58086,Braid Station,32910,33510,in_service_layover,68.81602099249085,74.89939721287429,34.3102418829626,600,10.0,09:08:30,09:18:30,False,,no_dispenser,0
2160918,heavy,160.0,3.0,40-ft,PCT,1,MF,14851284,14850656,159,155,58079,58086,Braid Station @ Bay 1,Braid Station @ Bay 6,58079,Braid Station,33090,33510,in_service_layover,64.30536809731613,69.17770864507028,27.480000689333394,420,7.0,09:11:30,09:18:30,False,,no_dispenser,0
2160647,heavy,151.0,12.0,40-ft,PCT,1,MF,14850815,14850413,156,153,58079,58082,Braid Station @ Bay 1,Braid Station @ Bay 2,58079,Braid Station,33510,33930,in_service_layover,65.79359491924743,70.53015394537725,26.714192907372194,420,7.0,09:18:30,09:25:30,False,,no_dispenser,0
2162643,heavy,701.0,2.0,40-ft,PCT,1,MF,14880029,14879992,791,791,58079,58084,Braid Station @ Bay 1,Braid Station @ Bay 4,58079,Braid Station,33510,34050,in_service_layover,56.8910640839717,63.802943450882054,38.98299962937443,540,9.0,09:18:30,09:27:30,False,,no_dispenser,0
2160810,heavy,151.0,6.0,40-ft,PCT,1,MF,14850432,14850853,153,156,58079,58085,Braid Station @ Bay 1,Braid Station @ Bay 5,58079,Braid Station,34230,35010,in_service_layover,63.09056878958222,71.69642267467874,48.537015911944366,780,13.0,09:30:30,09:43:30,False,,no_dispenser,0
2162642,heavy,701.0,7.0,40-ft,PCT,1,MF,14880041,14879990,791,791,58079,58084,Braid Station @ Bay 1,Braid Station @ Bay 4,58079,Braid Station,34470,35610,in_service_layover,60.675329843184464,72.89936477467701,68.94355701361792,1140,19.0,09:34:30,09:53:30,False,,no_dispenser,0
2160808,heavy,183.0,9.0,40-ft,PCT,1,MF,14851265,14850657,159,155,58079,58086,Braid Station @ Bay 1,Braid Station @ Bay 6,58079,Braid Station,34590,34950,in_service_layover,66.37121085600738,70.43556324357827,22.922947465899824,360,6.0,09:36:30,09:42:30,False,,no_dispenser,0
2160854,heavy,151.0,9.0,40-ft,PCT,1,MF,14850433,14850414,153,153,58079,58082,Braid Station @ Bay 1,Braid Station @ Bay 2,58079,Braid Station,35430,35730,in_service_layover,64.04202306184563,67.61518710598267,20.152645208932938,300,5.0,09:50:30,09:55:30,False,,no_dispenser,0
2160883,heavy,701.0,5.0,40-ft,PCT,1,MF,14880028,14879989,791,791,58079,58084,Braid Station @ Bay 1,Braid Station @ Bay 4,58079,Braid Station,36030,37410,in_service_layover,65.67048384282847,78.14689678184226,70.3669689760377,1380,23.0,10:00:30,10:23:30,False,,no_dispenser,0
2160803,heavy,152.0,13.0,40-ft,PCT,1,MF,14851283,14850658,159,155,58079,58086,Braid Station @ Bay 1,Braid Station @ Bay 6,58079,Braid Station,36570,36810,in_service_layover,62.097509506764496,65.0763506648371,16.80066413152946,240,4.0,10:09:30,10:13:30,False,,no_dispenser,0
2160855,heavy,701.0,8.0,40-ft,PCT,1,MF,14850434,14850854,153,156,58079,58085,Braid Station @ Bay 1,Braid Station @ Bay 5,58079,Braid Station,36630,36810,in_service_layover,66.09253949926423,68.20627923333288,11.921492100147134,180,3.0,10:10:30,10:13:30,False,,no_dispenser,0
2160421,heavy,152.0,7.0,40-ft,PCT,1,MF,14850844,14850415,156,153,58079,58082,Braid Station @ Bay 1,Braid Station @ Bay 2,58079,Braid Station,36990,37530,in_service_layover,62.67260046820308,68.97981619482232,35.57269669813252,540,9.0,10:16:30,10:25:30,False,,no_dispenser,0
2160857,heavy,701.0,13.0,40-ft,PCT,1,MF,14880027,14879988,791,791,58079,58084,Braid Station @ Bay 1,Braid Station @ Bay 4,58079,Braid Station,37890,39210,in_service_layover,61.88830278375118,75.10626519052671,74.54930797421395,1320,22.0,10:31:30,10:53:30,False,,no_dispenser,0
2160648,heavy,151.0,13.0,40-ft,PCT,1,MF,14846459,14846532,128,128,58086,58086,Braid Station @ Bay 6,Braid Station @ Bay 6,58086,Braid Station,37950,38310,in_service_layover,68.5161160969016,72.40382013663914,21.926650784119772,360,6.0,10:32:30,10:38:30,False,,no_dispenser,0
2160805,heavy,152.0,10.0,40-ft,PCT,1,MF,14851282,14850659,159,155,58079,58086,Braid Station @ Bay 1,Braid Station @ Bay 6,58079,Braid Station,38190,38550,in_service_layover,60.82679792336011,65.30007466638422,25.229280830655966,360,6.0,10:36:30,10:42:30,False,,no_dispenser,0
2160808,heavy,183.0,9.0,40-ft,PCT,1,MF,14850637,14851227,155,159,58086,58083,Braid Station @ Bay 6,Braid Station @ Bay 3,58086,Braid Station,38370,38910,in_service_layover,66.51222202236659,72.35997967102188,32.9813531384159,540,9.0,10:39:30,10:48:30,False,,no_dispenser,0
2160840,heavy,151.0,1.0,40-ft,PCT,1,MF,14850817,14850416,156,153,58079,58082,Braid Station @ Bay 1,Braid Station @ Bay 2,58079,Braid Station,38790,39330,in_service_layover,67.20662846952003,72.9674150965519,32.4908365764598,540,9.0,10:46:30,10:55:30,False,,no_dispenser,0
2162641,heavy,701.0,10.0,40-ft,PCT,1,MF,14880026,14850660,791,155,58079,58086,Braid Station @ Bay 1,Braid Station @ Bay 6,58079,Braid Station,39570,40350,in_service_layover,65.35803154547176,73.56060021557641,46.26248729939027,780,13.0,10:59:30,11:12:30,False,,no_dispenser,0
2160884,heavy,152.0,16.0,40-ft,PCT,1,MF,14851281,14879987,159,791,58079,58084,Braid Station @ Bay 1,Braid Station @ Bay 4,58079,Braid Station,39990,41010,in_service_layover,62.19562756910949,73.07326565940787,61.34987882928283,1020,17.0,11:06:30,11:23:30,False,,no_dispenser,0
2160854,heavy,151.0,9.0,40-ft,PCT,1,MF,14850436,14850856,153,156,58079,58085,Braid Station @ Bay 1,Braid Station @ Bay 5,58079,Braid Station,40230,40410,in_service_layover,68.81612820674198,70.82609884236396,11.336234384907982,180,3.0,11:10:30,11:13:30,False,,no_dispenser,0
2160803,heavy,152.0,13.0,40-ft,PCT,1,MF,14850629,14851226,155,159,58086,58083,Braid Station @ Bay 6,Braid Station @ Bay 3,58086,Braid Station,40230,40710,in_service_layover,60.757534463820164,66.61481992327931,33.03508999134965,480,8.0,11:10:30,11:18:30,False,,no_dispenser,0
2160653,heavy,151.0,5.0,40-ft,PCT,1,MF,14846458,14846500,128,128,58086,58086,Braid Station @ Bay 6,Braid Station @ Bay 6,58086,Braid Station,40350,40710,in_service_layover,66.93426830726675,70.95334547817262,22.667595243909204,360,6.0,11:12:30,11:18:30,False,,no_dispenser,0
2160810,heavy,151.0,6.0,40-ft,PCT,1,MF,14850818,14850417,156,153,58079,58082,Braid Station @ Bay 1,Braid Station @ Bay 2,58079,Braid Station,40590,41130,in_service_layover,65.49026933674449,71.46386196067613,33.69106239897445,540,9.0,11:16:30,11:25:30,False,,no_dispenser,0
2162643,heavy,701.0,2.0,40-ft,PCT,1,MF,14880025,14879986,791,791,58079,58084,Braid Station @ Bay 1,Braid Station @ Bay 4,58079,Braid Station,41430,42810,in_service_layover,57.02377470182004,72.24667019091335,85.85713055848629,1380,23.0,11:30:30,11:53:30,False,,no_dispenser,0
2160859,heavy,152.0,1.0,40-ft,PCT,1,MF,14851280,14850653,159,155,58079,58086,Braid Station @ Bay 1,Braid Station @ Bay 6,58079,Braid Station,41850,42150,in_service_layover,62.45141375242631,66.11858788053351,20.682862082524537,300,5.0,11:37:30,11:42:30,False,,no_dispenser,0
2160421,heavy,152.0,7.0,40-ft,PCT,1,MF,14850437,14850858,153,156,58079,58085,Braid Station @ Bay 1,Braid Station @ Bay 5,58079,Braid Station,42030,42210,in_service_layover,69.89809139589381,71.86181559849133,11.075404502649974,180,3.0,11:40:30,11:43:30,False,,no_dispenser,0
2160805,heavy,152.0,10.0,40-ft,PCT,1,MF,14850630,14851242,155,159,58086,58083,Braid Station @ Bay 6,Braid Station @ Bay 3,58086,Braid Station,42030,42510,in_service_layover,61.68816830824236,67.45556489279481,32.52811673687586,480,8.0,11:40:30,11:48:30,False,,no_dispenser,0
2160855,heavy,701.0,8.0,40-ft,PCT,1,MF,14850819,14850370,156,153,58079,58082,Braid Station @ Bay 1,Braid Station @ Bay 2,58079,Braid Station,42510,42930,in_service_layover,64.23501514549324,69.11363911373637,27.515439180891292,420,7.0,11:48:30,11:55:30,False,,no_dispenser,0
2160652,heavy,151.0,7.0,40-ft,PCT,1,MF,14846473,14846529,128,128,58086,58086,Braid Station @ Bay 6,Braid Station @ Bay 6,58086,Braid Station,42750,43110,in_service_layover,68.67047354628463,72.54502784154624,21.85248622527547,360,6.0,11:52:30,11:58:30,False,,no_dispenser,0
2162642,heavy,701.0,7.0,40-ft,PCT,1,MF,14880024,14879985,791,791,58079,58084,Braid Station @ Bay 1,Braid Station @ Bay 4,58079,Braid Station,43230,44610,in_service_layover,66.48884169388516,78.72366803136889,69.00442054340823,1380,23.0,12:00:30,12:23:30,False,,no_dispenser,0
2160828,heavy,152.0,15.0,40-ft,PCT,1,MF,14851271,14850661,159,155,58079,58086,Braid Station @ Bay 1,Braid Station @ Bay 6,58079,Braid Station,43650,43950,in_service_layover,64.89946557065045,68.42095947258608,19.86122560691689,300,5.0,12:07:30,12:12:30,False,,no_dispenser,0
2160653,heavy,151.0,5.0,40-ft,PCT,1,MF,14846454,14846499,128,128,58086,58086,Braid Station @ Bay 6,Braid Station @ Bay 6,58086,Braid Station,43950,44310,in_service_layover,69.23446034923228,73.06047077716691,21.578698813551284,360,6.0,12:12:30,12:18:30,False,,no_dispenser,0
2162641,heavy,701.0,10.0,40-ft,PCT,1,MF,14850616,14851225,155,159,58086,58083,Braid Station @ Bay 6,Braid Station @ Bay 3,58086,Braid Station,43950,44310,in_service_layover,69.42102325381693,73.2308034802287,21.4871604769624,360,6.0,12:12:30,12:18:30,False,,no_dispenser,0
2160647,heavy,151.0,12.0,40-ft,PCT,1,MF,14850820,14850371,156,153,58079,58082,Braid Station @ Bay 1,Braid Station @ Bay 2,58079,Braid Station,44370,44730,in_service_layover,66.3519606779103,70.41784726879455,22.931600372587127,360,6.0,12:19:30,12:25:30,False,,no_dispenser,0
2160648,heavy,151.0,13.0,40-ft,PCT,1,MF,14846453,14846528,128,128,58086,58086,Braid Station @ Bay 6,Braid Station @ Bay 6,58086,Braid Station,45150,45510,in_service_layover,68.8621661641072,72.7203087056737,21.759923934435108,360,6.0,12:32:30,12:38:30,False,,no_dispenser,0
2160808,heavy,183.0,9.0,40-ft,PCT,1,MF,14851270,14850662,159,155,58079,58086,Braid Station @ Bay 1,Braid Station @ Bay 6,58079,Braid Station,45330,45690,in_service_layover,63.41115555780665,67.70068447119428,24.192943071506136,360,6.0,12:35:30,12:41:30,False,,no_dispenser,0
2160859,heavy,152.0,1.0,40-ft,PCT,1,MF,14850631,14851241,155,159,58086,58083,Braid Station @ Bay 6,Braid Station @ Bay 3,58086,Braid Station,45750,46110,in_service_layover,61.02849621424402,65.48746811394304,25.148601514302413,360,6.0,12:42:30,12:48:30,False,,no_dispenser,0
2160854,heavy,151.0,9.0,40-ft,PCT,1,MF,14850821,14850372,156,153,58079,58082,Braid Station @ Bay 1,Braid Station @ Bay 2,58079,Braid Station,46170,46530,in_service_layover,65.92340284799246,70.02320591924106,23.12288932184208,360,6.0,12:49:30,12:55:30,False,,no_dispenser,0
2160857,heavy,701.0,13.0,40-ft,PCT,1,MF,14880022,14850859,791,156,58079,58085,Braid Station @ Bay 1,Braid Station @ Bay 5,58079,Braid Station,46770,47610,in_service_layover,67.7097959651513,75.95485660316808,46.50214199841463,840,14.0,12:59:30,13:13:30,False,,no_dispenser,0
2160803,heavy,152.0,13.0,40-ft,PCT,1,MF,14851269,14850663,159,155,58079,58086,Braid Station @ Bay 1,Braid Station @ Bay 6,58079,Braid Station,47250,47610,in_service_layover,59.48110865944861,64.05367294965394,25.78926259675802,360,6.0,13:07:30,13:13:30,False,,no_dispenser,0
2160855,heavy,701.0,8.0,40-ft,PCT,1,MF,14850440,14879984,153,791,58079,58084,Braid Station @ Bay 1,Braid Station @ Bay 4,58079,Braid Station,47310,48210,in_service_layover,68.99125672426104,77.41392611307913,47.50385535293407,900,15.0,13:08:30,13:23:30,False,,no_dispenser,0
2160828,heavy,152.0,15.0,40-ft,PCT,1,MF,14850632,14851240,155,159,58086,58083,Braid Station @ Bay 6,Braid Station @ Bay 3,58086,Braid Station,47550,47910,in_service_layover,63.2492234235997,67.55044807278287,24.258907021393156,360,6.0,13:12:30,13:18:30,False,,no_dispenser,0
2160421,heavy,152.0,7.0,40-ft,PCT,1,MF,14850822,14850373,156,153,58079,58082,Braid Station @ Bay 1,Braid Station @ Bay 2,58079,Braid Station,47970,48330,in_service_layover,66.24536942051066,70.31973398145705,22.97941612373762,360,6.0,13:19:30,13:25:30,False,,no_dispenser,0
2160884,heavy,152.0,16.0,40-ft,PCT,1,MF,14880021,14879999,791,791,58079,58084,Braid Station @ Bay 1,Braid Station @ Bay 4,58079,Braid Station,48690,50010,in_service_layover,65.68977466407372,77.78140556163247,68.19679826223131,1320,22.0,13:31:30,13:53:30,False,,no_dispenser,0
2160805,heavy,152.0,10.0,40-ft,PCT,1,MF,14851279,14850664,159,155,58079,58086,Braid Station @ Bay 1,Braid Station @ Bay 6,58079,Braid Station,48930,49410,in_service_layover,58.8653358750222,64.90878354621182,34.08504486550953,480,8.0,13:35:30,13:43:30,False,,no_dispenser,0
2160808,heavy,183.0,9.0,40-ft,PCT,1,MF,14850633,14851239,155,159,58086,58083,Braid Station @ Bay 6,Braid Station @ Bay 3,58086,Braid Station,49350,49710,in_service_layover,63.25778629351741,67.55839411028244,24.25542808655473,360,6.0,13:42:30,13:48:30,False,,no_dispenser,0
2160840,heavy,151.0,1.0,40-ft,PCT,1,MF,14850823,14850374,156,153,58079,58082,Braid Station @ Bay 1,Braid Station @ Bay 2,58079,Braid Station,49770,50130,in_service_layover,67.28822380075911,71.27844013076478,22.504820101231928,360,6.0,13:49:30,13:55:30,False,,no_dispenser,0
2160652,heavy,151.0,7.0,40-ft,PCT,1,MF,14846471,14846525,128,128,58086,58086,Braid Station @ Bay 6,Braid Station @ Bay 6,58086,Braid Station,50070,50910,in_service_layover,68.37180537151224,76.48311868832276,45.747807106811365,840,14.0,13:54:30,14:08:30,False,,no_dispenser,0
2162643,heavy,701.0,2.0,40-ft,PCT,1,MF,14880020,14879995,791,791,58079,58084,Braid Station @ Bay 1,Braid Station @ Bay 4,58079,Braid Station,50490,51810,in_service_layover,65.04585168295868,77.32450789775275,69.25162105143858,1320,22.0,14:01:30,14:23:30,False,,no_dispenser,0
2160854,heavy,151.0,9.0,40-ft,PCT,1,MF,14850442,14850866,153,156,58079,58085,Braid Station @ Bay 1,Braid Station @ Bay 5,58079,Braid Station,50970,51210,in_service_layover,68.67971519491562,71.33243190818999,14.96132226286744,240,4.0,14:09:30,14:13:30,False,,no_dispenser,0
2162641,heavy,701.0,10.0,40-ft,PCT,1,MF,14851268,14850680,159,155,58079,58086,Braid Station @ Bay 1,Braid Station @ Bay 6,58079,Braid Station,51150,51870,in_service_layover,65.4237154137536,73.08875880430989,43.2308447227374,720,12.0,14:12:30,14:24:30,False,,no_dispenser,0
2160803,heavy,152.0,13.0,40-ft,PCT,1,MF,14850634,14851238,155,159,58086,58083,Braid Station @ Bay 6,Braid Station @ Bay 3,58086,Braid Station,51210,51510,in_service_layover,56.71248357062433,60.66164657443095,22.273279341469333,300,5.0,14:13:30,14:18:30,False,,no_dispenser,0
2160653,heavy,151.0,5.0,40-ft,PCT,1,MF,14846450,14846497,128,128,58086,58086,Braid Station @ Bay 6,Braid Station @ Bay 6,58086,Braid Station,51270,52110,in_service_layover,68.79654884183255,76.82148253141933,45.26062600926946,840,14.0,14:14:30,14:28:30,False,,no_dispenser,0
2160810,heavy,151.0,6.0,40-ft,PCT,1,MF,14850824,14850375,156,153,58079,58082,Braid Station @ Bay 1,Braid Station @ Bay 2,58079,Braid Station,51510,51750,in_service_layover,63.01947717352435,65.95472647974069,16.55480608706017,240,4.0,14:18:30,14:22:30,False,,no_dispenser,0
2162642,heavy,701.0,7.0,40-ft,PCT,1,MF,14880019,14880005,791,791,58079,58084,Braid Station @ Bay 1,Braid Station @ Bay 4,58079,Braid Station,52530,53610,in_service_layover,68.7700135879684,78.47426897891154,54.73200040491923,1080,18.0,14:35:30,14:53:30,False,,no_dispenser,0
2160421,heavy,152.0,7.0,40-ft,PCT,1,MF,14850443,14850867,153,156,58079,58085,Braid Station @ Bay 1,Braid Station @ Bay 5,58079,Braid Station,52650,53010,in_service_layover,67.81208398430338,71.75901888682529,22.26071285022357,360,6.0,14:37:30,14:43:30,False,,no_dispenser,0
2160859,heavy,152.0,1.0,40-ft,PCT,1,MF,14851278,14850666,159,155,58079,58086,Braid Station @ Bay 1,Braid Station @ Bay 6,58079,Braid Station,53130,53310,in_service_layover,59.8380426671582,62.17430385112479,13.176513077571599,180,3.0,14:45:30,14:48:30,False,,no_dispenser,0
2160805,heavy,152.0,10.0,40-ft,PCT,1,MF,14850600,14851224,155,159,58086,58083,Braid Station @ Bay 6,Braid Station @ Bay 3,58086,Braid Station,53190,53610,in_service_layover,60.59789014040176,65.78600797748435,29.26098460114582,420,7.0,14:46:30,14:53:30,False,,no_dispenser,0
2160857,heavy,701.0,13.0,40-ft,PCT,1,MF,14850826,14850376,156,153,58079,58082,Braid Station @ Bay 1,Braid Station @ Bay 2,58079,Braid Station,53370,53610,in_service_layover,65.01990378556438,67.86057027324455,16.02135899051615,240,4.0,14:49:30,14:53:30,False,,no_dispenser,0
2160840,heavy,151.0,1.0,40-ft,PCT,1,MF,14850444,14850870,153,156,58079,58085,Braid Station @ Bay 1,Braid Station @ Bay 5,58079,Braid Station,54450,54810,in_service_layover,68.65129157632016,72.52748312729781,21.861720347513995,360,6.0,15:07:30,15:13:30,False,,no_dispenser,0
2160883,heavy,701.0,5.0,40-ft,PCT,1,MF,14880018,14879994,791,791,58079,58084,Braid Station @ Bay 1,Braid Station @ Bay 4,58079,Braid Station,54510,54810,in_service_layover,61.63404048759473,65.34952272828063,20.955319837468437,300,5.0,15:08:30,15:13:30,False,,no_dispenser,0
2160828,heavy,152.0,15.0,40-ft,PCT,1,MF,14851277,14851223,159,159,58079,58083,Braid Station @ Bay 1,Braid Station @ Bay 3,58079,Braid Station,54870,55410,in_service_layover,58.953489751464986,65.68052918333753,37.94050239576114,540,9.0,15:14:30,15:23:30,False,,no_dispenser,0
2160647,heavy,151.0,12.0,40-ft,PCT,1,MF,14850827,14850639,156,155,58079,58086,Braid Station @ Bay 1,Braid Station @ Bay 6,58079,Braid Station,55290,55590,in_service_layover,63.35287038617411,66.9667669354546,20.38237653794198,300,5.0,15:21:30,15:26:30,False,,no_dispenser,0
2160855,heavy,701.0,8.0,40-ft,PCT,1,MF,14880016,14850380,791,153,58079,58082,Braid Station @ Bay 1,Braid Station @ Bay 2,58079,Braid Station,56730,57210,in_service_layover,69.85806770825998,74.74479597407725,27.56114741920942,480,8.0,15:45:30,15:53:30,False,,no_dispenser,0
2160808,heavy,183.0,9.0,40-ft,PCT,1,MF,14851275,14851214,159,159,58079,58083,Braid Station @ Bay 1,Braid Station @ Bay 3,58079,Braid Station,57030,57510,in_service_layover,61.642549698915275,67.41440232068854,32.55324878680125,480,8.0,15:50:30,15:58:30,False,,no_dispenser,0
2160811,heavy,151.0,3.0,40-ft,PCT,1,MF,14850446,14880006,153,791,58079,58084,Braid Station @ Bay 1,Braid Station @ Bay 4,58079,Braid Station,57210,57510,in_service_layover,68.74880228255506,72.01602319968346,18.42712597260413,300,5.0,15:53:30,15:58:30,False,,no_dispenser,0
2160854,heavy,151.0,9.0,40-ft,PCT,1,MF,14850828,14850381,156,153,58079,58082,Braid Station @ Bay 1,Braid Station @ Bay 2,58079,Braid Station,57330,58110,in_service_layover,64.5293471519657,72.88077146203575,47.10203310879518,780,13.0,15:55:30,16:08:30,False,,no_dispenser,0
2160859,heavy,152.0,1.0,40-ft,PCT,1,MF,14850602,14850676,155,155,58086,58086,Braid Station @ Bay 6,Braid Station @ Bay 6,58086,Braid Station,57810,58110,in_service_layover,61.62874323640414,65.34453855340152,20.957085587865265,300,5.0,16:03:30,16:08:30,False,,no_dispenser,0
2160884,heavy,152.0,16.0,40-ft,PCT,1,MF,14880050,14879982,791,791,58079,58084,Braid Station @ Bay 1,Braid Station @ Bay 4,58079,Braid Station,58050,58410,in_service_layover,63.71192420928452,67.979557861236,24.06945379700636,360,6.0,16:07:30,16:13:30,False,,no_dispenser,0
2160421,heavy,152.0,7.0,40-ft,PCT,1,MF,14850842,14851236,156,159,58079,58083,Braid Station @ Bay 1,Braid Station @ Bay 3,58079,Braid Station,59130,60510,in_service_layover,64.92260552908068,77.62197845392123,71.62446329610077,1380,23.0,16:25:30,16:48:30,False,,no_dispenser,0
2160647,heavy,151.0,12.0,40-ft,PCT,1,MF,14846444,14846520,128,128,58086,58086,Braid Station @ Bay 6,Braid Station @ Bay 6,58086,Braid Station,59730,59910,in_service_layover,60.19500980435877,62.517881797112004,13.100998039128228,180,3.0,16:35:30,16:38:30,False,,no_dispenser,0
2160657,heavy,151.0,2.0,40-ft,PCT,1,MF,14851297,14850861,159,156,58079,58085,Braid Station @ Bay 1,Braid Station @ Bay 5,58079,Braid Station,59910,60210,in_service_layover,62.78045920256709,66.4281862000513,20.573180265810947,300,5.0,16:38:30,16:43:30,False,,no_dispenser,0
2162643,heavy,701.0,2.0,40-ft,PCT,1,MF,14880015,14879972,791,791,58079,58084,Braid Station @ Bay 1,Braid Station @ Bay 4,58079,Braid Station,60510,60750,in_service_layover,66.65558493873985,69.4163053376307,15.570463049744376,240,4.0,16:48:30,16:52:30,False,,no_dispenser,0
2160648,heavy,151.0,13.0,40-ft,PCT,1,MF,14846491,14846551,128,128,58086,58086,Braid Station @ Bay 6,Braid Station @ Bay 6,58086,Braid Station,60630,60930,in_service_layover,59.15395920631371,63.018358434928665,21.795211649388364,300,5.0,16:50:30,16:55:30,False,,no_dispenser,0
2160840,heavy,151.0,1.0,40-ft,PCT,1,MF,14850829,14850871,156,156,58079,58085,Braid Station @ Bay 1,Braid Station @ Bay 5,58079,Braid Station,60930,62010,in_service_layover,65.6299007791872,76.13034575176056,59.22250964531378,1080,18.0,16:55:30,17:13:30,False,,no_dispenser,0
2160805,heavy,152.0,10.0,40-ft,PCT,1,MF,14851267,14850642,159,155,58079,58086,Braid Station @ Bay 1,Braid Station @ Bay 6,58079,Braid Station,61110,61710,in_service_layover,58.03516354085404,65.54336499778282,42.34625621707829,600,10.0,16:58:30,17:08:30,False,,no_dispenser,0
2160859,heavy,152.0,1.0,40-ft,PCT,1,MF,14850605,14850668,155,155,58086,58086,Braid Station @ Bay 6,Braid Station @ Bay 6,58086,Braid Station,62670,62970,in_service_layover,61.013042073965465,64.7652263485538,21.162319308678207,300,5.0,17:24:30,17:29:30,False,,no_dispenser,0
2160803,heavy,152.0,13.0,40-ft,PCT,1,MF,14851298,14851234,159,159,58079,58083,Braid Station @ Bay 1,Braid Station @ Bay 3,58079,Braid Station,63030,63270,in_service_layover,56.62578049698549,59.795633587345975,17.877971429633135,240,4.0,17:30:30,17:34:30,False,,no_dispenser,0
2160883,heavy,701.0,5.0,40-ft,PCT,1,MF,14880046,14879980,791,791,58079,58084,Braid Station @ Bay 1,Braid Station @ Bay 4,58079,Braid Station,63570,64110,in_service_layover,57.72590036139381,64.57142470485428,38.608757297116995,540,9.0,17:39:30,17:48:30,False,,no_dispenser,0
2160854,heavy,151.0,9.0,40-ft,PCT,1,MF,14851273,14851233,159,159,58079,58083,Braid Station @ Bay 1,Braid Station @ Bay 3,58079,Braid Station,63810,64110,in_service_layover,65.22816137090447,68.72936765582558,19.74680344695514,300,5.0,17:43:30,17:48:30,False,,no_dispenser,0
2160837,heavy,152.0,33.0,40-ft,PCT,1,MF,14850456,14850388,153,153,58079,58082,Braid Station @ Bay 1,Braid Station @ Bay 2,58079,Braid Station,63990,64410,in_service_layover,67.45584713329278,72.03429937671521,25.822470652902496,420,7.0,17:46:30,17:53:30,False,,no_dispenser,0
2160647,heavy,151.0,12.0,40-ft,PCT,1,MF,14846492,14846552,128,128,58086,58086,Braid Station @ Bay 6,Braid Station @ Bay 6,58086,Braid Station,64050,64410,in_service_layover,64.270643339175,68.49701234631074,23.836721200245563,360,6.0,17:47:30,17:53:30,False,,no_dispenser,0
2160648,heavy,151.0,13.0,40-ft,PCT,1,MF,14850607,14850670,155,155,58086,58086,Braid Station @ Bay 6,Braid Station @ Bay 6,58086,Braid Station,65010,65610,in_service_layover,61.43412049668665,68.51958527367515,39.96202134221505,600,10.0,18:03:30,18:13:30,False,,no_dispenser,0
2160900,heavy,183.0,7.0,40-ft,PCT,1,MF,14851289,14851231,159,159,58079,58083,Braid Station @ Bay 1,Braid Station @ Bay 3,58079,Braid Station,65550,65910,in_service_layover,67.12938037962313,71.13258647399093,22.578082372234405,360,6.0,18:12:30,18:18:30,False,,no_dispenser,0
2160811,heavy,151.0,3.0,40-ft,PCT,1,MF,14880043,14879979,791,791,58079,58084,Braid Station @ Bay 1,Braid Station @ Bay 4,58079,Braid Station,65670,66210,in_service_layover,60.945609995397675,67.44764375397713,36.671470398388124,540,9.0,18:14:30,18:23:30,False,,no_dispenser,0
2160805,heavy,152.0,10.0,40-ft,PCT,1,MF,14850599,14850390,155,153,58086,58082,Braid Station @ Bay 6,Braid Station @ Bay 2,58086,Braid Station,66030,66210,in_service_layover,63.303748217192,65.51638125913554,12.479250356561579,180,3.0,18:20:30,18:23:30,False,,no_dispenser,0
2160657,heavy,151.0,2.0,40-ft,PCT,1,MF,14850832,14846505,156,128,58079,58086,Braid Station @ Bay 1,Braid Station @ Bay 6,58079,Braid Station,66270,66450,in_service_layover,59.9819822675004,62.312510932880585,13.144181672744196,180,3.0,18:24:30,18:27:30,False,,no_dispenser,0
2160898,heavy,152.0,43.0,40-ft,PCT,1,MF,14851257,14851222,159,159,58079,58083,Braid Station @ Bay 1,Braid Station @ Bay 3,58079,Braid Station,66510,67110,in_service_layover,69.43641702981404,75.42946212897377,33.800774359260856,600,10.0,18:28:30,18:38:30,False,,no_dispenser,0
2160884,heavy,152.0,16.0,40-ft,PCT,1,MF,14880045,14879978,791,791,58079,58084,Braid Station @ Bay 1,Braid Station @ Bay 4,58079,Braid Station,66630,67410,in_service_layover,61.15135923455255,70.0920714742751,50.425617032035234,780,13.0,18:30:30,18:43:30,False,,no_dispenser,0
2160651,heavy,151.0,38.0,40-ft,PCT,1,MF,14846441,14846509,128,128,58086,58086,Braid Station @ Bay 6,Braid Station @ Bay 6,58086,Braid Station,67410,67770,in_service_layover,68.74777884248397,72.6157254959628,21.815219125620672,360,6.0,18:43:30,18:49:30,False,,no_dispenser,0
2160834,heavy,151.0,36.0,40-ft,PCT,1,MF,14850460,14850874,153,156,58079,58085,Braid Station @ Bay 1,Braid Station @ Bay 5,58079,Braid Station,67590,67830,in_service_layover,67.0299953981281,69.77149858362559,15.462077966205811,240,4.0,18:46:30,18:50:30,False,,no_dispenser,0
2160421,heavy,152.0,7.0,40-ft,PCT,1,MF,14851258,14851230,159,159,58079,58083,Braid Station @ Bay 1,Braid Station @ Bay 3,58079,Braid Station,67650,68310,in_service_layover,64.27837167997481,71.57166002902686,41.13414628865354,660,11.0,18:47:30,18:58:30,False,,no_dispenser,0
2160840,heavy,151.0,1.0,40-ft,PCT,1,MF,14850833,14850392,156,153,58079,58082,Braid Station @ Bay 1,Braid Station @ Bay 2,58079,Braid Station,67950,68610,in_service_layover,65.19539293415684,72.35152325744191,40.360575023327726,660,11.0,18:52:30,19:03:30,False,,no_dispenser,0
2162643,heavy,701.0,2.0,40-ft,PCT,1,MF,14880044,14879973,791,791,58079,58084,Braid Station @ Bay 1,Braid Station @ Bay 4,58079,Braid Station,68010,68610,in_service_layover,52.087633033978996,59.92971642529018,44.229350326995075,600,10.0,18:53:30,19:03:30,False,,no_dispenser,0
2160650,heavy,151.0,34.0,40-ft,PCT,1,MF,14846440,14846516,128,128,58086,58086,Braid Station @ Bay 6,Braid Station @ Bay 6,58086,Braid Station,68850,69510,in_service_layover,68.5161160969016,75.15824294061217,37.46159539852766,660,11.0,19:07:30,19:18:30,False,,no_dispenser,0
2162642,heavy,701.0,7.0,40-ft,PCT,1,MF,14880047,14879976,791,791,58079,58084,Braid Station @ Bay 1,Braid Station @ Bay 4,58079,Braid Station,69570,69810,in_service_layover,51.68653458900321,54.79692941199173,17.542626801655274,240,4.0,19:19:30,19:23:30,False,,no_dispenser,0
2160860,heavy,151.0,37.0,40-ft,PCT,1,MF,14850811,14850393,156,153,58079,58082,Braid Station @ Bay 1,Braid Station @ Bay 2,58079,Braid Station,69570,70410,in_service_layover,68.74962210670348,76.78412140347983,45.31457603381858,840,14.0,19:19:30,19:33:30,False,,no_dispenser,0
2160808,heavy,183.0,9.0,40-ft,PCT,1,MF,14850462,14851229,153,159,58079,58083,Braid Station @ Bay 1,Braid Station @ Bay 3,58079,Braid Station,70290,70710,in_service_layover,62.234871668707115,67.28704549250016,28.494260366192748,420,7.0,19:31:30,19:38:30,False,,no_dispenser,0
2160862,heavy,152.0,46.0,40-ft,PCT,1,MF,14851266,14850876,159,156,58079,58085,Braid Station @ Bay 1,Braid Station @ Bay 5,58079,Braid Station,70590,71670,in_service_layover,67.46788939461278,77.49864277853347,56.57344908531269,1080,18.0,19:36:30,19:54:30,False,,no_dispenser,0
2160651,heavy,151.0,38.0,40-ft,PCT,1,MF,14846439,14846515,128,128,58086,58086,Braid Station @ Bay 6,Braid Station @ Bay 6,58086,Braid Station,71010,71310,in_service_layover,69.56132827869885,72.77021279078954,18.098108648191555,300,5.0,19:43:30,19:48:30,False,,no_dispenser,0
2160883,heavy,701.0,5.0,40-ft,PCT,1,MF,14880054,14880014,791,791,58079,58084,Braid Station @ Bay 1,Braid Station @ Bay 4,58079,Braid Station,71250,72030,in_service_layover,54.954894114682006,64.82164580033243,55.64847950706843,780,13.0,19:47:30,20:00:30,False,,no_dispenser,0
2160885,heavy,152.0,40.0,40-ft,PCT,1,MF,14850611,14850673,155,155,58086,58086,Braid Station @ Bay 6,Braid Station @ Bay 6,58086,Braid Station,72210,72510,in_service_layover,67.00716497080094,70.39395189001607,19.101478224373352,300,5.0,20:03:30,20:08:30,False,,no_dispenser,0
2160828,heavy,152.0,15.0,40-ft,PCT,1,MF,14851294,14851215,159,159,58079,58083,Braid Station @ Bay 1,Braid Station @ Bay 3,58079,Braid Station,72270,72510,in_service_layover,57.445844879173414,60.610675602651,17.849645280413597,240,4.0,20:04:30,20:08:30,False,,no_dispenser,0
2160825,heavy,151.0,10.0,40-ft,PCT,1,MF,14850834,14850877,156,156,58079,58085,Braid Station @ Bay 1,Braid Station @ Bay 5,58079,Braid Station,72690,73230,in_service_layover,66.60048793518145,72.43725648006574,32.91937459314744,540,9.0,20:11:30,20:20:30,False,,no_dispenser,0
2160650,heavy,151.0,34.0,40-ft,PCT,1,MF,14846476,14846514,128,128,58086,58086,Braid Station @ Bay 6,Braid Station @ Bay 6,58086,Braid Station,72750,73110,in_service_layover,68.8687033406157,72.72628469240655,21.756758824100473,360,6.0,20:12:30,20:18:30,False,,no_dispenser,0
2160830,heavy,152.0,47.0,40-ft,PCT,1,MF,14850464,14850395,153,153,58079,58082,Braid Station @ Bay 1,Braid Station @ Bay 2,58079,Braid Station,73770,74010,in_service_layover,67.33827302669866,70.06369409119918,15.371374803782942,240,4.0,20:29:30,20:33:30,False,,no_dispenser,0
2160885,heavy,152.0,40.0,40-ft,PCT,1,MF,14850613,14850883,155,156,58086,58085,Braid Station @ Bay 6,Braid Station @ Bay 5,58086,Braid Station,75630,76050,in_service_layover,63.05276251098648,68.03515933832064,28.100718106164663,420,7.0,21:00:30,21:07:30,False,,no_dispenser,0
2160860,heavy,151.0,37.0,40-ft,PCT,1,MF,14851295,14850677,159,155,58079,58086,Braid Station @ Bay 1,Braid Station @ Bay 6,58079,Braid Station,75690,76110,in_service_layover,66.14257977922895,70.84650903733947,26.530161015743317,420,7.0,21:01:30,21:08:30,False,,no_dispenser,0
2160830,heavy,152.0,47.0,40-ft,PCT,1,MF,14850466,14905252,153,155,58079,58086,Braid Station @ Bay 1,Braid Station @ Bay 6,58079,Braid Station,77610,78090,in_service_layover,64.46113993447568,69.94805291465099,30.946189208188798,480,8.0,21:33:30,21:41:30,False,,no_dispenser,0
2160825,heavy,151.0,10.0,40-ft,PCT,1,MF,14850846,14850862,156,156,58079,58085,Braid Station @ Bay 1,Braid Station @ Bay 5,58079,Braid Station,78210,78450,in_service_layover,65.54693107848493,68.36253064987643,15.8799815826481,240,4.0,21:43:30,21:47:30,False,,no_dispenser,0
2160836,heavy,701.0,36.0,40-ft,PCT,1,MF,14850467,14850398,153,153,58079,58082,Braid Station @ Bay 1,Braid Station @ Bay 2,58079,Braid Station,78990,79170,in_service_layover,69.02017371033509,71.02164342357496,11.288289182672827,180,3.0,21:56:30,21:59:30,False,,no_dispenser,0
2160860,heavy,151.0,37.0,40-ft,PCT,1,MF,14905249,14850681,155,155,58086,58086,Braid Station @ Bay 6,Braid Station @ Bay 6,58086,Braid Station,79230,79830,in_service_layover,66.2511141907329,72.69788778407829,36.35980306646792,600,10.0,22:00:30,22:10:30,False,,no_dispenser,0
2160891,heavy,151.0,31.0,40-ft,PCT,1,MF,14851260,14851218,159,159,58079,58083,Braid Station @ Bay 1,Braid Station @ Bay 3,58079,Braid Station,80550,80790,in_service_layover,63.42638069867546,66.3423910675324,16.44629848035322,240,4.0,22:22:30,22:26:30,False,,no_dispenser,0
2160885,heavy,152.0,40.0,40-ft,PCT,1,MF,14850836,14850882,156,156,58079,58085,Braid Station @ Bay 1,Braid Station @ Bay 5,58079,Braid Station,80730,80970,in_service_layover,57.10020652071693,60.268508642569316,17.86922396724742,240,4.0,22:25:30,22:29:30,False,,no_dispenser,0
2160830,heavy,152.0,47.0,40-ft,PCT,1,MF,14850615,14905253,155,155,58086,58086,Braid Station @ Bay 6,Braid Station @ Bay 6,58086,Braid Station,81030,81690,in_service_layover,62.60686353562141,70.14482952093212,42.51412815715241,660,11.0,22:30:30,22:41:30,False,,no_dispenser,0
2160860,heavy,151.0,37.0,40-ft,PCT,1,MF,14905250,14850678,155,155,58086,58086,Braid Station @ Bay 6,Braid Station @ Bay 6,58086,Braid Station,82770,83370,in_service_layover,65.35669840504869,71.92638410311697,37.05302733710511,600,10.0,22:59:30,23:09:30,False,,no_dispenser,0
2160825,heavy,151.0,10.0,40-ft,PCT,1,MF,14850837,14850863,156,156,58079,58085,Braid Station @ Bay 1,Braid Station @ Bay 5,58079,Braid Station,83010,83310,in_service_layover,57.42757783227274,61.362108917738844,22.19075532202885,300,5.0,23:03:30,23:08:30,False,,no_dispenser,0
2160828,heavy,152.0,15.0,40-ft,PCT,1,MF,14851261,14851219,159,159,58079,58083,Braid Station @ Bay 1,Braid Station @ Bay 3,58079,Braid Station,83550,83790,in_service_layover,40.64474300649566,43.67919198075915,17.114292214846103,240,4.0,23:12:30,23:16:30,False,,no_dispenser,0
2160885,heavy,152.0,40.0,40-ft,PCT,1,MF,14850838,14850878,156,156,58079,58085,Braid Station @ Bay 1,Braid Station @ Bay 5,58079,Braid Station,85470,85710,in_service_layover,52.4797736446826,55.60045514091263,17.600643638737324,240,4.0,23:44:30,23:48:30,False,,no_dispenser,0
2160891,heavy,151.0,31.0,40-ft,PCT,1,MF,14851262,14851220,159,159,58079,58083,Braid Station @ Bay 1,Braid Station @ Bay 3,58079,Braid Station,85830,86190,in_service_layover,57.83360041022547,62.50575696985368,26.350962996303053,360,6.0,23:50:30,23:56:30,False,,no_dispenser,0
2160860,heavy,151.0,37.0,40-ft,PCT,1,MF,14905251,14850640,155,155,58086,58086,Braid Station @ Bay 6,Braid Station @ Bay 6,58086,Braid Station,86370,86550,in_service_layover,67.27384991029425,69.34475889326833,11.679926663973845,180,3.0,23:59:30,24:02:30,False,,no_dispenser,0
2160825,heavy,151.0,10.0,40-ft,PCT,1,MF,14850845,14850881,156,156,58079,58085,Braid Station @ Bay 1,Braid Station @ Bay 5,58079,Braid Station,87810,88110,in_service_layover,53.587555658140154,57.514712694876394,22.149165687192408,300,5.0,24:23:30,24:28:30,False,,no_dispenser,0
2160828,heavy,152.0,15.0,40-ft,PCT,1,MF,14851263,14851221,159,159,58079,58083,Braid Station @ Bay 1,Braid Station @ Bay 3,58079,Braid Station,88710,88890,in_service_layover,33.639524308083296,35.89557254320617,12.724112046093012,180,3.0,24:38:30,24:41:30,False,,no_dispenser,0
2160885,heavy,152.0,40.0,40-ft,PCT,1,MF,14850839,14850879,156,156,58079,58085,Braid Station @ Bay 1,Braid Station @ Bay 5,58079,Braid Station,90210,90510,in_service_layover,47.75118512435585,51.590477107891886,21.653606787143246,300,5.0,25:03:30,25:08:30,False,,no_dispenser,0
2160891,heavy,151.0,31.0,40-ft,PCT,1,MF,14851264,14851252,159,159,58079,58083,Braid Station @ Bay 1,Braid Station @ Bay 3,58079,Braid Station,91170,91530,in_service_layover,53.39959047722971,58.11854037117844,26.614877401870842,360,6.0,25:19:30,25:25:30,False,,no_dispenser,0
2160497,heavy,123.0,7.0,40-ft,HTC,1,MF,14846115,14846044,123,123,60690,60690,Brentwood Station @ Bay 8,Brentwood Station @ Bay 8,60690,Brentwood Station,31950,32490,in_service_layover,65.15674306800882,71.17084628834422,33.9195421626917,540,9.0,08:52:30,09:01:30,False,,no_dispenser,0
2160742,heavy,410.0,9.0,40-ft,HTC,1,MF,14848226,14847945,136,134,61802,61802,Brentwood Station @ Bay 2,Brentwood Station @ Bay 2,61802,Brentwood Station,32370,32550,in_service_layover,66.87291473999161,68.95870616943941,11.763863662085555,180,3.0,08:59:30,09:02:30,False,,no_dispenser,0
2160559,heavy,123.0,9.0,40-ft,HTC,1,MF,14846137,14846015,123,123,60690,60690,Brentwood Station @ Bay 8,Brentwood Station @ Bay 8,60690,Brentwood Station,32790,33390,in_service_layover,61.14584622063077,68.26772110319693,40.16737433767315,600,10.0,09:06:30,09:16:30,False,,no_dispenser,0
2160564,heavy,410.0,20.0,40-ft,HTC,1,MF,14846110,14846009,123,123,60690,60690,Brentwood Station @ Bay 8,Brentwood Station @ Bay 8,60690,Brentwood Station,33690,34410,in_service_layover,66.22621669503359,73.75722374050835,42.47487973647759,720,12.0,09:21:30,09:33:30,False,,no_dispenser,0
2160737,heavy,410.0,18.0,40-ft,HTC,1,MF,14848218,14847946,136,134,61802,61802,Brentwood Station @ Bay 2,Brentwood Station @ Bay 2,61802,Brentwood Station,34170,34350,in_service_layover,66.87291473999161,68.95870616943941,11.763863662085555,180,3.0,09:29:30,09:32:30,False,,no_dispenser,0
2160738,heavy,410.0,25.0,40-ft,HTC,1,MF,14848007,14848166,134,136,52751,52751,Brentwood Station @ Bay 3,Brentwood Station @ Bay 3,52751,Brentwood Station,35550,35790,in_service_layover,61.13308411027314,64.15752457787252,17.057844237260497,240,4.0,09:52:30,09:56:30,False,,no_dispenser,0
2160736,heavy,410.0,13.0,40-ft,HTC,1,MF,14848193,14847962,136,134,61802,61802,Brentwood Station @ Bay 2,Brentwood Station @ Bay 2,61802,Brentwood Station,36030,36210,in_service_layover,63.480450356016725,65.68681736466861,12.443909928796643,180,3.0,10:00:30,10:03:30,False,,no_dispenser,0
2160558,heavy,106.0,8.0,40-ft,HTC,1,MF,14846138,14846028,123,123,60690,60690,Brentwood Station @ Bay 8,Brentwood Station @ Bay 8,60690,Brentwood Station,36930,37110,in_service_layover,64.5599805380591,66.72806633458181,12.228003892388188,180,3.0,10:15:30,10:18:30,False,,no_dispenser,0
2160742,heavy,410.0,9.0,40-ft,HTC,1,MF,14848008,14848167,134,136,52751,52751,Brentwood Station @ Bay 3,Brentwood Station @ Bay 3,52751,Brentwood Station,37230,37590,in_service_layover,58.99947119589049,63.60578839024866,25.979628976180038,360,6.0,10:20:30,10:26:30,False,,no_dispenser,0
2163954,heavy,123.0,32.0,40-ft,HTC,1,MF,14846118,14846004,123,123,60690,60690,Brentwood Station @ Bay 8,Brentwood Station @ Bay 8,60690,Brentwood Station,37830,38010,in_service_layover,67.39968881978794,69.46584514513955,11.65312167498314,180,3.0,10:30:30,10:33:30,False,,no_dispenser,0
2160505,heavy,106.0,5.0,40-ft,HTC,1,MF,14846154,14845991,123,123,60690,60690,Brentwood Station @ Bay 8,Brentwood Station @ Bay 8,60690,Brentwood Station,38730,38910,in_service_layover,67.7289049090634,69.78244296695603,11.581954646514362,180,3.0,10:45:30,10:48:30,False,,no_dispenser,0
2160737,heavy,410.0,18.0,40-ft,HTC,1,MF,14848009,14848163,134,136,52751,52751,Brentwood Station @ Bay 3,Brentwood Station @ Bay 3,52751,Brentwood Station,38970,39390,in_service_layover,58.99947119589049,64.32523948059881,30.037333125754913,420,7.0,10:49:30,10:56:30,False,,no_dispenser,0
2160740,heavy,410.0,5.0,40-ft,HTC,1,MF,14848215,14847958,136,134,61802,61802,Brentwood Station @ Bay 2,Brentwood Station @ Bay 2,61802,Brentwood Station,39570,39810,in_service_layover,55.14162039393303,58.29682054823018,17.795328870235892,240,4.0,10:59:30,11:03:30,False,,no_dispenser,0
2160564,heavy,410.0,20.0,40-ft,HTC,1,MF,14846093,14846043,123,123,60690,60690,Brentwood Station @ Bay 8,Brentwood Station @ Bay 8,60690,Brentwood Station,39630,39810,in_service_layover,64.89481497186986,67.05102720690994,12.161037005626042,180,3.0,11:00:30,11:03:30,False,,no_dispenser,0
2160496,heavy,123.0,1.0,40-ft,HTC,1,MF,14846149,14846012,123,123,60690,60690,Brentwood Station @ Bay 8,Brentwood Station @ Bay 8,60690,Brentwood Station,40530,40770,in_service_layover,42.6879485098555,45.729506976931035,17.15438975430598,240,4.0,11:15:30,11:19:30,False,,no_dispenser,0
2160736,heavy,410.0,13.0,40-ft,HTC,1,MF,14847990,14848168,134,136,52751,52751,Brentwood Station @ Bay 3,Brentwood Station @ Bay 3,52751,Brentwood Station,40830,41190,in_service_layover,55.727582391119704,60.46176130495626,26.70076907403825,360,6.0,11:20:30,11:26:30,False,,no_dispenser,0
2160499,heavy,123.0,3.0,40-ft,HTC,1,MF,14846134,14846025,123,123,60690,60690,Brentwood Station @ Bay 8,Brentwood Station @ Bay 8,60690,Brentwood Station,41370,41550,in_service_layover,53.39626861173884,55.740684654664406,13.222506482100243,180,3.0,11:29:30,11:32:30,False,,no_dispenser,0
2160738,heavy,410.0,25.0,40-ft,HTC,1,MF,14848216,14847959,136,134,61802,61802,Brentwood Station @ Bay 2,Brentwood Station @ Bay 2,61802,Brentwood Station,41370,41610,in_service_layover,64.0415811037799,66.9285039830338,16.282245038992016,240,4.0,11:29:30,11:33:30,False,,no_dispenser,0
2160742,heavy,410.0,9.0,40-ft,HTC,1,MF,14848217,14847948,136,134,61802,61802,Brentwood Station @ Bay 2,Brentwood Station @ Bay 2,61802,Brentwood Station,43170,43410,in_service_layover,65.31729876754085,68.14388700082392,15.941957635716506,240,4.0,11:59:30,12:03:30,False,,no_dispenser,0
2160505,heavy,106.0,5.0,40-ft,HTC,1,MF,14846151,14846051,123,123,60690,60690,Brentwood Station @ Bay 8,Brentwood Station @ Bay 8,60690,Brentwood Station,44130,44310,in_service_layover,58.889467789608915,61.25494931125576,13.341315782088145,180,3.0,12:15:30,12:18:30,False,,no_dispenser,0
2160740,heavy,410.0,5.0,40-ft,HTC,1,MF,14847998,14848170,134,136,52751,52751,Brentwood Station @ Bay 3,Brentwood Station @ Bay 3,52751,Brentwood Station,44430,44790,in_service_layover,48.337585574681256,52.962562215368735,26.084868253477396,360,6.0,12:20:30,12:26:30,False,,no_dispenser,0
2160737,heavy,410.0,18.0,40-ft,HTC,1,MF,14848189,14847950,136,134,61802,61802,Brentwood Station @ Bay 2,Brentwood Station @ Bay 2,61802,Brentwood Station,44970,45210,in_service_layover,65.85909010344322,68.6595437242514,15.794558421358204,240,4.0,12:29:30,12:33:30,False,,no_dispenser,0
2160564,heavy,410.0,20.0,40-ft,HTC,1,MF,14846140,14845998,123,123,60690,60690,Brentwood Station @ Bay 8,Brentwood Station @ Bay 8,60690,Brentwood Station,45030,45270,in_service_layover,56.158052029562846,59.325793820055914,17.866063698380913,240,4.0,12:30:30,12:34:30,False,,no_dispenser,0
2160738,heavy,410.0,25.0,40-ft,HTC,1,MF,14847988,14848171,134,136,52751,52751,Brentwood Station @ Bay 3,Brentwood Station @ Bay 3,52751,Brentwood Station,46290,46590,in_service_layover,56.96926900948489,60.91414979878627,22.249127651659762,300,5.0,12:51:30,12:56:30,False,,no_dispenser,0
2160736,heavy,410.0,13.0,40-ft,HTC,1,MF,14848206,14847974,136,134,61802,61802,Brentwood Station @ Bay 2,Brentwood Station @ Bay 2,61802,Brentwood Station,46770,47010,in_service_layover,62.82900710922822,65.77326209224343,16.605598104205797,240,4.0,12:59:30,13:03:30,False,,no_dispenser,0
2160742,heavy,410.0,9.0,40-ft,HTC,1,MF,14847983,14848179,134,136,52751,52751,Brentwood Station @ Bay 3,Brentwood Station @ Bay 3,52751,Brentwood Station,48150,48390,in_service_layover,58.18465202727501,61.33544699349829,17.77048360949931,240,4.0,13:22:30,13:26:30,False,,no_dispenser,0
2160505,heavy,106.0,5.0,40-ft,HTC,1,MF,14846139,14846046,123,123,60690,60690,Brentwood Station @ Bay 8,Brentwood Station @ Bay 8,60690,Brentwood Station,49590,49830,in_service_layover,50.36197413390866,53.45519214179634,17.445749564486505,240,4.0,13:46:30,13:50:30,False,,no_dispenser,0
2160737,heavy,410.0,18.0,40-ft,HTC,1,MF,14848003,14848180,134,136,52751,52751,Brentwood Station @ Bay 3,Brentwood Station @ Bay 3,52751,Brentwood Station,50010,50190,in_service_layover,58.70030875070249,61.06983988633113,13.364155604945552,180,3.0,13:53:30,13:56:30,False,,no_dispenser,0
2160740,heavy,410.0,5.0,40-ft,HTC,1,MF,14848198,14847955,136,134,61802,61802,Brentwood Station @ Bay 2,Brentwood Station @ Bay 2,61802,Brentwood Station,50370,50610,in_service_layover,55.38631526047767,58.544688602123564,17.813225646882813,240,4.0,13:59:30,14:03:30,False,,no_dispenser,0
2160564,heavy,410.0,20.0,40-ft,HTC,1,MF,14846119,14846045,123,123,60690,60690,Brentwood Station @ Bay 8,Brentwood Station @ Bay 8,60690,Brentwood Station,50550,51570,in_service_layover,50.781937157509226,63.752386516683515,73.15333438574294,1020,17.0,14:02:30,14:19:30,False,,no_dispenser,0
2160496,heavy,123.0,1.0,40-ft,HTC,1,MF,14846101,14846024,123,123,60690,60690,Brentwood Station @ Bay 8,Brentwood Station @ Bay 8,60690,Brentwood Station,51510,52350,in_service_layover,26.9388455943906,37.46283038922163,59.35527424284703,840,14.0,14:18:30,14:32:30,False,,no_dispenser,0
2160736,heavy,410.0,13.0,40-ft,HTC,1,MF,14848006,14848181,134,136,52751,52751,Brentwood Station @ Bay 3,Brentwood Station @ Bay 3,52751,Brentwood Station,51810,51990,in_service_layover,55.81402711869452,58.181958164657175,13.355131099229368,180,3.0,14:23:30,14:26:30,False,,no_dispenser,0
2160499,heavy,123.0,3.0,40-ft,HTC,1,MF,14846084,14846034,123,123,60690,60690,Brentwood Station @ Bay 8,Brentwood Station @ Bay 8,60690,Brentwood Station,52470,53190,in_service_layover,40.069216358418196,49.23043360987606,51.66926529822237,720,12.0,14:34:30,14:46:30,False,,no_dispenser,0
2160558,heavy,106.0,8.0,40-ft,HTC,1,MF,14846147,14845992,123,123,60690,60690,Brentwood Station @ Bay 8,Brentwood Station @ Bay 8,60690,Brentwood Station,53550,54030,in_service_layover,40.16495566623135,46.24659034997903,34.30041961633694,480,8.0,14:52:30,15:00:30,False,,no_dispenser,0
2160742,heavy,410.0,9.0,40-ft,HTC,1,MF,14848190,14847956,136,134,61802,61802,Brentwood Station @ Bay 2,Brentwood Station @ Bay 2,61802,Brentwood Station,53970,54150,in_service_layover,59.705773725484704,62.04700149964635,13.204524646271693,180,3.0,14:59:30,15:02:30,False,,no_dispenser,0
2163954,heavy,123.0,32.0,40-ft,HTC,1,MF,14846129,14846007,123,123,60690,60690,Brentwood Station @ Bay 8,Brentwood Station @ Bay 8,60690,Brentwood Station,54390,54870,in_service_layover,42.17684214186396,48.27505697493485,34.39393165851985,480,8.0,15:06:30,15:14:30,False,,no_dispenser,0
2160492,heavy,106.0,1.0,40-ft,HTC,1,MF,14846141,14846042,123,123,60690,60690,Brentwood Station @ Bay 8,Brentwood Station @ Bay 8,60690,Brentwood Station,55230,55890,in_service_layover,60.0269891269837,67.92909645494359,44.56788532969375,660,11.0,15:20:30,15:31:30,False,,no_dispenser,0
2160737,heavy,410.0,18.0,40-ft,HTC,1,MF,14848199,14847975,136,134,61802,61802,Brentwood Station @ Bay 2,Brentwood Station @ Bay 2,61802,Brentwood Station,55770,56070,in_service_layover,58.049110972597894,61.964064454432375,22.080337637546506,300,5.0,15:29:30,15:34:30,False,,no_dispenser,0
2160505,heavy,106.0,5.0,40-ft,HTC,1,MF,14846120,14845989,123,123,60690,60690,Brentwood Station @ Bay 8,Brentwood Station @ Bay 8,60690,Brentwood Station,56010,56610,in_service_layover,51.917721791023894,59.760758893657986,44.23472925885625,600,10.0,15:33:30,15:43:30,False,,no_dispenser,0
2160736,heavy,410.0,13.0,40-ft,HTC,1,MF,14848219,14847973,136,134,61802,61802,Brentwood Station @ Bay 2,Brentwood Station @ Bay 2,61802,Brentwood Station,57630,57870,in_service_layover,56.02584655694024,59.192337472908896,17.859008766063198,240,4.0,16:00:30,16:04:30,False,,no_dispenser,0
2160564,heavy,410.0,20.0,40-ft,HTC,1,MF,14846102,14846041,123,123,60690,60690,Brentwood Station @ Bay 8,Brentwood Station @ Bay 8,60690,Brentwood Station,57810,58590,in_service_layover,58.236573078939394,67.68486388676173,53.28836015611802,780,13.0,16:03:30,16:16:30,False,,no_dispenser,0
2160740,heavy,410.0,5.0,40-ft,HTC,1,MF,14848223,14847965,136,134,61802,61802,Brentwood Station @ Bay 2,Brentwood Station @ Bay 2,61802,Brentwood Station,61230,61410,in_service_layover,40.892017147597315,43.16699209333266,12.830858693947334,180,3.0,17:00:30,17:03:30,False,,no_dispenser,0
2160737,heavy,410.0,18.0,40-ft,HTC,1,MF,14847999,14848159,134,136,52751,52751,Brentwood Station @ Bay 3,Brentwood Station @ Bay 3,52751,Brentwood Station,61230,62910,in_service_layover,52.004829480883465,71.08864399956232,107.63271388534872,1680,28.0,17:00:30,17:28:30,False,,no_dispenser,0
2160736,heavy,410.0,13.0,40-ft,HTC,1,MF,14848000,14848160,134,136,52751,52751,Brentwood Station @ Bay 3,Brentwood Station @ Bay 3,52751,Brentwood Station,63090,64710,in_service_layover,49.23310249935998,68.52070540743354,108.78208040153487,1620,27.0,17:31:30,17:58:30,False,,no_dispenser,0
2160738,heavy,410.0,25.0,40-ft,HTC,1,MF,14848191,14847966,136,134,61802,61802,Brentwood Station @ Bay 2,Brentwood Station @ Bay 2,61802,Brentwood Station,63150,63330,in_service_layover,43.80237517126792,46.08494523020248,12.873695132390935,180,3.0,17:32:30,17:35:30,False,,no_dispenser,0
2159970,heavy,25.0,35.0,40-ft,VTC,1,MF,14836556,14836634,025,025,61804,61804,Brentwood Station @ Bay 5,Brentwood Station @ Bay 5,61804,Brentwood Station,66270,66810,in_service_layover,63.02027322934435,69.28737971501488,35.34648057918179,540,9.0,18:24:30,18:33:30,False,,no_dispenser,0
2160504,heavy,123.0,10.0,40-ft,HTC,1,MF,14846145,14846033,123,123,60690,60690,Brentwood Station @ Bay 8,Brentwood Station @ Bay 8,60690,Brentwood Station,67230,67710,in_service_layover,59.81617248487198,65.76522021409569,33.55262919282171,480,8.0,18:40:30,18:48:30,False,,no_dispenser,0
2160742,heavy,410.0,9.0,40-ft,HTC,1,MF,14847996,14848184,134,136,52751,52751,Brentwood Station @ Bay 3,Brentwood Station @ Bay 3,52751,Brentwood Station,69630,69870,in_service_layover,35.21429258105199,38.22984587976923,17.00772060476524,240,4.0,19:20:30,19:24:30,False,,no_dispenser,0
2160633,heavy,123.0,33.0,40-ft,HTC,1,MF,14846168,14845999,123,123,60690,60690,Brentwood Station @ Bay 8,Brentwood Station @ Bay 8,60690,Brentwood Station,70050,70230,in_service_layover,60.82698519218061,63.127446710188394,12.974602961563903,180,3.0,19:27:30,19:30:30,False,,no_dispenser,0
2160736,heavy,410.0,13.0,40-ft,HTC,1,MF,14848213,14847949,136,134,61802,61802,Brentwood Station @ Bay 2,Brentwood Station @ Bay 2,61802,Brentwood Station,70110,70410,in_service_layover,65.92377661933901,69.38117129924535,19.49970599467173,300,5.0,19:28:30,19:33:30,False,,no_dispenser,0
2160564,heavy,410.0,20.0,40-ft,HTC,1,MF,14846108,14846000,123,123,60690,60690,Brentwood Station @ Bay 8,Brentwood Station @ Bay 8,60690,Brentwood Station,70830,71190,in_service_layover,56.003442902003364,60.73366752526383,26.678466875189088,360,6.0,19:40:30,19:46:30,False,,no_dispenser,0
2160631,heavy,106.0,15.0,40-ft,HTC,1,MF,14846113,14845996,123,123,60690,60690,Brentwood Station @ Bay 8,Brentwood Station @ Bay 8,60690,Brentwood Station,71850,72090,in_service_layover,60.594963119711785,63.64484666015095,17.201343168076846,240,4.0,19:57:30,20:01:30,False,,no_dispenser,0
2160740,heavy,410.0,5.0,40-ft,HTC,1,MF,14848201,14847970,136,134,61802,61802,Brentwood Station @ Bay 2,Brentwood Station @ Bay 2,61802,Brentwood Station,71850,72210,in_service_layover,30.74147394852974,35.247486983783496,25.41391351883118,360,6.0,19:57:30,20:03:30,False,,no_dispenser,0
2159982,heavy,25.0,39.0,40-ft,VTC,1,MF,14836565,14836638,025,025,61804,61804,Brentwood Station @ Bay 5,Brentwood Station @ Bay 5,61804,Brentwood Station,72210,72450,in_service_layover,66.22910311763901,69.01129290465816,15.691550398788024,240,4.0,20:03:30,20:07:30,False,,no_dispenser,0
2160504,heavy,123.0,10.0,40-ft,HTC,1,MF,14846156,14845990,123,123,60690,60690,Brentwood Station @ Bay 8,Brentwood Station @ Bay 8,60690,Brentwood Station,72810,72990,in_service_layover,59.381522175464696,61.733701650373774,13.26629223848721,180,3.0,20:13:30,20:16:30,False,,no_dispenser,0
2160738,heavy,410.0,25.0,40-ft,HTC,1,MF,14848224,14847972,136,134,61802,61802,Brentwood Station @ Bay 2,Brentwood Station @ Bay 2,61802,Brentwood Station,73650,74010,in_service_layover,36.726944166006,41.26419756652244,25.59010917891274,360,6.0,20:27:30,20:33:30,False,,no_dispenser,0
2160492,heavy,106.0,1.0,40-ft,HTC,1,MF,14846097,14846020,123,123,60690,60690,Brentwood Station @ Bay 8,Brentwood Station @ Bay 8,60690,Brentwood Station,73710,73890,in_service_layover,44.47608799603669,46.76041623218735,12.883611251889732,180,3.0,20:28:30,20:31:30,False,,no_dispenser,0
2159961,heavy,25.0,41.0,40-ft,VTC,1,MF,14836575,14836644,025,025,61804,61804,Brentwood Station @ Bay 5,Brentwood Station @ Bay 5,61804,Brentwood Station,74010,74430,in_service_layover,66.22910311763901,70.92489616121858,26.48427276578883,420,7.0,20:33:30,20:40:30,False,,no_dispenser,0
2160633,heavy,123.0,33.0,40-ft,HTC,1,MF,14846096,14845994,123,123,60690,60690,Brentwood Station @ Bay 8,Brentwood Station @ Bay 8,60690,Brentwood Station,75450,75750,in_service_layover,61.12286050889138,64.86855433224295,21.12571316370287,300,5.0,20:57:30,21:02:30,False,,no_dispenser,0
2160742,heavy,410.0,9.0,40-ft,HTC,1,MF,14848202,14847951,136,134,61802,61802,Brentwood Station @ Bay 2,Brentwood Station @ Bay 2,61802,Brentwood Station,75450,75810,in_service_layover,42.719089160337404,47.287617764226056,25.766501325931984,360,6.0,20:57:30,21:03:30,False,,no_dispenser,0
2160564,heavy,410.0,20.0,40-ft,HTC,1,MF,14846089,14846003,123,123,60690,60690,Brentwood Station @ Bay 8,Brentwood Station @ Bay 8,60690,Brentwood Station,76290,76590,in_service_layover,57.575747352156895,61.50619063227186,22.16770009984839,300,5.0,21:11:30,21:16:30,False,,no_dispenser,0
2160740,heavy,410.0,5.0,40-ft,HTC,1,MF,14847995,14848186,134,136,52751,52751,Brentwood Station @ Bay 3,Brentwood Station @ Bay 3,52751,Brentwood Station,76530,76710,in_service_layover,25.288252010234586,27.522407809780127,12.600638709436822,180,3.0,21:15:30,21:18:30,False,,no_dispenser,0
2163954,heavy,123.0,32.0,40-ft,HTC,1,MF,14846127,14846017,123,123,60690,60690,Brentwood Station @ Bay 8,Brentwood Station @ Bay 8,60690,Brentwood Station,77910,78210,in_service_layover,43.40651438502125,47.21409967166309,21.47478101665999,300,5.0,21:38:30,21:43:30,False,,no_dispenser,0
2160738,heavy,410.0,25.0,40-ft,HTC,1,MF,14847994,14848153,134,136,52751,52751,Brentwood Station @ Bay 3,Brentwood Station @ Bay 3,52751,Brentwood Station,78270,78510,in_service_layover,31.304962592973535,34.30691307327412,16.931000708895283,240,4.0,21:44:30,21:48:30,False,,no_dispenser,0
2164557,heavy,106.0,6.0,40-ft,HTC,1,MF,14846124,14846021,123,123,60690,60690,Brentwood Station @ Bay 8,Brentwood Station @ Bay 8,60690,Brentwood Station,84030,84270,in_service_layover,56.80345276419633,59.97315974380901,17.877147365015503,240,4.0,23:20:30,23:24:30,False,,no_dispenser,0
2160736,heavy,410.0,13.0,40-ft,HTC,1,MF,14848196,14847963,136,134,61802,61802,Brentwood Station @ Bay 2,Brentwood Station @ Bay 2,61802,Brentwood Station,84630,84930,in_service_layover,42.10975732132989,45.91170239886886,21.4429702373198,300,5.0,23:30:30,23:35:30,False,,no_dispenser,0
2160462,heavy,410.0,43.0,40-ft,HTC,1,MF,14846104,14846030,123,123,60690,60690,Brentwood Station @ Bay 8,Brentwood Station @ Bay 8,60690,Brentwood Station,92130,92310,in_service_layover,34.45775033597894,36.71593388203397,12.736155199750357,180,3.0,25:35:30,25:38:30,False,,no_dispenser,0
2162078,heavy,601.0,2.0,40-ft,RTC,1,MF,14877353,14868735,602,354,61321,55488,Bridgeport Station @ Bay 1 Unloading Only,Southbound White Rock Centre @ Bay 11,61321,Bridgeport Station,22530,22830,interline_start,64.22017977622694,67.7827569774597,20.092935414952763,300,5.0,06:15:30,06:20:30,False,,no_dispenser,0
2162493,heavy,601.0,1.0,40-ft,RTC,1,MF,14877366,14877381,603,603,61321,58597,Bridgeport Station @ Bay 1 Unloading Only,South Delta Exchange @ Bay 2,61321,Bridgeport Station,24450,24750,interline_start,62.57633024018083,66.23612159714413,20.64122325327304,300,5.0,06:47:30,06:52:30,False,,no_dispenser,0
2162067,heavy,601.0,5.0,40-ft,RTC,1,MF,14877010,14868737,601,354,61321,55488,Bridgeport Station @ Bay 1 Unloading Only,Southbound White Rock Centre @ Bay 11,61321,Bridgeport Station,24630,24930,interline_start,69.18828852429584,72.42415799270707,18.250303801839323,300,5.0,06:50:30,06:55:30,False,,no_dispenser,0
2162256,heavy,403.0,5.0,40-ft,RTC,1,MF,14873727,14873765,412,412,61321,61693,Bridgeport Station @ Bay 1 Unloading Only,Bridgeport Station @ Bay 6,61321,Bridgeport Station,24810,25170,in_service_layover,67.30128341444748,71.29042866437186,22.49877920957357,360,6.0,06:53:30,06:59:30,False,,no_dispenser,0
2162075,heavy,601.0,6.0,40-ft,RTC,1,MF,14877014,14877081,601,601,61321,61326,Bridgeport Station @ Bay 1 Unloading Only,Bridgeport Station @ Bay 7,61321,Bridgeport Station,26250,26490,in_service_layover,60.09246772152299,63.16610990963065,17.335341940927208,240,4.0,07:17:30,07:21:30,False,,no_dispenser,0
2162256,heavy,403.0,5.0,40-ft,RTC,1,MF,14873724,14873774,412,412,61321,61693,Bridgeport Station @ Bay 1 Unloading Only,Bridgeport Station @ Bay 6,61321,Bridgeport Station,27090,27330,in_service_layover,66.6597162756471,69.42022649301205,15.569277625938298,240,4.0,07:31:30,07:35:30,False,,no_dispenser,0
2162484,heavy,601.0,4.0,40-ft,RTC,1,MF,14877016,14877083,601,601,61321,61326,Bridgeport Station @ Bay 1 Unloading Only,Bridgeport Station @ Bay 7,61321,Bridgeport Station,27630,27990,in_service_layover,57.13700677132842,61.837786957494366,26.512400249975883,360,6.0,07:40:30,07:46:30,False,,no_dispenser,0
2162259,heavy,403.0,2.0,40-ft,RTC,1,MF,14873730,14873766,412,412,61321,61693,Bridgeport Station @ Bay 1 Unloading Only,Bridgeport Station @ Bay 6,61321,Bridgeport Station,27810,27990,in_service_layover,67.30128341444748,69.37115964297953,11.674101928920777,180,3.0,07:43:30,07:46:30,False,,no_dispenser,0
2162478,heavy,601.0,8.0,40-ft,RTC,1,MF,14877393,14877084,604,601,61321,61326,Bridgeport Station @ Bay 1 Unloading Only,Bridgeport Station @ Bay 7,61321,Bridgeport Station,28230,28890,in_service_layover,59.791018802181505,67.72998514501842,44.775770173600165,660,11.0,07:50:30,08:01:30,False,,no_dispenser,0
2162078,heavy,601.0,2.0,40-ft,RTC,1,MF,14868735,14877085,354,601,61321,61326,Bridgeport Station @ Bay 1 Unloading Only,Bridgeport Station @ Bay 7,61321,Bridgeport Station,29130,29850,in_service_layover,47.85762553484971,57.2094199482421,52.744120491533124,720,12.0,08:05:30,08:17:30,False,,no_dispenser,0
2162256,heavy,403.0,5.0,40-ft,RTC,1,MF,14873733,14871478,412,403,61321,61323,Bridgeport Station @ Bay 1 Unloading Only,Bridgeport Station @ Bay 3,61321,Bridgeport Station,29250,29790,in_service_layover,64.78951410428728,70.84790566508111,34.16932840287723,540,9.0,08:07:30,08:16:30,False,,no_dispenser,0
2162059,heavy,601.0,7.0,40-ft,RTC,1,MF,14877394,14868717,604,352,61321,55488,Bridgeport Station @ Bay 1 Unloading Only,Southbound White Rock Centre @ Bay 11,61321,Bridgeport Station,29550,29850,interline_start,57.354047276836226,61.290472712640266,22.201439457934725,300,5.0,08:12:30,08:17:30,False,,no_dispenser,0
2162066,heavy,601.0,9.0,40-ft,RTC,1,MF,14877019,14877352,601,602,61321,57359,Bridgeport Station @ Bay 1 Unloading Only,Westbound 2nd Ave @ 52A St,61321,Bridgeport Station,29550,29850,interline_start,55.02511013374831,58.97531557716277,22.279158700857522,300,5.0,08:12:30,08:17:30,False,,no_dispenser,0
2162259,heavy,403.0,2.0,40-ft,RTC,1,MF,14873728,14871393,412,403,61321,56647,Bridgeport Station @ Bay 1 Unloading Only,Entertainment Blvd @ Riverport Recreation Complex,61321,Bridgeport Station,29970,30270,interline_start,64.74044725425476,68.27166037170478,19.916041982418164,300,5.0,08:19:30,08:24:30,False,,no_dispenser,0
2162068,heavy,601.0,3.0,40-ft,RTC,1,MF,14877020,14877086,601,601,61321,61326,Bridgeport Station @ Bay 1 Unloading Only,Bridgeport Station @ Bay 7,61321,Bridgeport Station,30390,30750,in_service_layover,51.97090507290275,56.66206431569659,26.45813812935728,360,6.0,08:26:30,08:32:30,False,,no_dispenser,0
2162255,heavy,403.0,6.0,40-ft,RTC,1,MF,14873731,14873778,412,412,61321,61693,Bridgeport Station @ Bay 1 Unloading Only,Bridgeport Station @ Bay 6,61321,Bridgeport Station,30750,30990,in_service_layover,69.68696070425455,72.2821733226126,14.636999167539386,240,4.0,08:32:30,08:36:30,False,,no_dispenser,0
2162067,heavy,601.0,5.0,40-ft,RTC,1,MF,14868737,14877087,354,601,61321,61326,Bridgeport Station @ Bay 1 Unloading Only,Bridgeport Station @ Bay 7,61321,Bridgeport Station,31170,31710,in_service_layover,52.49902655009707,59.57040851410071,39.88259427698057,540,9.0,08:39:30,08:48:30,False,,no_dispenser,0
2162261,heavy,403.0,3.0,40-ft,RTC,1,MF,14871420,14871480,403,403,61321,61323,Bridgeport Station @ Bay 1 Unloading Only,Bridgeport Station @ Bay 3,61321,Bridgeport Station,31470,31650,in_service_layover,60.284893735915624,62.6045783552094,13.083021252816877,180,3.0,08:44:30,08:47:30,False,,no_dispenser,0
2162079,heavy,601.0,18.0,40-ft,RTC,1,MF,14877370,14877088,603,601,61321,61326,Bridgeport Station @ Bay 1 Unloading Only,Bridgeport Station @ Bay 7,61321,Bridgeport Station,32250,32730,in_service_layover,57.34176636651812,63.50534115594102,34.762561812345155,480,8.0,08:57:30,09:05:30,False,,no_dispenser,0
2162255,heavy,403.0,6.0,40-ft,RTC,1,MF,14873742,14871482,412,403,61321,61323,Bridgeport Station @ Bay 1 Unloading Only,Bridgeport Station @ Bay 3,61321,Bridgeport Station,33090,33450,in_service_layover,67.65146093388783,71.61173855269324,22.3359657700625,360,6.0,09:11:30,09:17:30,False,,no_dispenser,0
2162075,heavy,601.0,6.0,40-ft,RTC,1,MF,14877024,14877089,601,601,61321,61326,Bridgeport Station @ Bay 1 Unloading Only,Bridgeport Station @ Bay 7,61321,Bridgeport Station,33630,34050,in_service_layover,44.49831235935787,49.84988736056083,30.182883006784692,420,7.0,09:20:30,09:27:30,False,,no_dispenser,0
2162256,heavy,403.0,5.0,40-ft,RTC,1,MF,14871405,14871484,403,403,61321,61323,Bridgeport Station @ Bay 1 Unloading Only,Bridgeport Station @ Bay 3,61321,Bridgeport Station,36090,36330,in_service_layover,59.20080359782449,62.3175656435242,17.578537937746376,240,4.0,10:01:30,10:05:30,False,,no_dispenser,0
2162478,heavy,601.0,8.0,40-ft,RTC,1,MF,14877027,14877091,601,601,61321,61326,Bridgeport Station @ Bay 1 Unloading Only,Bridgeport Station @ Bay 7,61321,Bridgeport Station,36210,36690,in_service_layover,49.06218759474563,55.27048700895074,35.0148086961168,480,8.0,10:03:30,10:11:30,False,,no_dispenser,0
2162261,heavy,403.0,3.0,40-ft,RTC,1,MF,14871396,14871455,403,403,61321,61323,Bridgeport Station @ Bay 1 Unloading Only,Bridgeport Station @ Bay 3,61321,Bridgeport Station,37110,37470,in_service_layover,50.95747628795277,55.62892241143599,26.34695613644533,360,6.0,10:18:30,10:24:30,False,,no_dispenser,0
2162078,heavy,601.0,2.0,40-ft,RTC,1,MF,14877028,14877131,601,601,61321,61326,Bridgeport Station @ Bay 1 Unloading Only,Bridgeport Station @ Bay 7,61321,Bridgeport Station,37110,37890,in_service_layover,38.54162239796932,48.45158943769403,55.89221410404738,780,13.0,10:18:30,10:31:30,False,,no_dispenser,0
2162068,heavy,601.0,3.0,40-ft,RTC,1,MF,14877029,14877092,601,601,61321,61326,Bridgeport Station @ Bay 1 Unloading Only,Bridgeport Station @ Bay 7,61321,Bridgeport Station,38010,39030,in_service_layover,37.99426676542381,51.017516988240665,73.45113125668709,1020,17.0,10:33:30,10:50:30,False,,no_dispenser,0
2162262,heavy,403.0,34.0,40-ft,RTC,1,MF,14871423,14871452,403,403,61321,61323,Bridgeport Station @ Bay 1 Unloading Only,Bridgeport Station @ Bay 3,61321,Bridgeport Station,38130,38610,in_service_layover,60.27984776638833,66.18246263481497,33.29074785792625,480,8.0,10:35:30,10:43:30,False,,no_dispenser,0
2162067,heavy,601.0,5.0,40-ft,RTC,1,MF,14877030,14877132,601,601,61321,61326,Bridgeport Station @ Bay 1 Unloading Only,Bridgeport Station @ Bay 7,61321,Bridgeport Station,38910,40230,in_service_layover,40.90261096382793,57.8690699697468,95.69082879338245,1320,22.0,10:48:30,11:10:30,False,,no_dispenser,0
2162255,heavy,403.0,6.0,40-ft,RTC,1,MF,14871424,14871456,403,403,61321,61323,Bridgeport Station @ Bay 1 Unloading Only,Bridgeport Station @ Bay 3,61321,Bridgeport Station,39210,39690,in_service_layover,59.95959051590932,65.893106626966,33.46503086635971,480,8.0,10:53:30,11:01:30,False,,no_dispenser,0
2162259,heavy,403.0,2.0,40-ft,RTC,1,MF,14871397,14871453,403,403,61321,61323,Bridgeport Station @ Bay 1 Unloading Only,Bridgeport Station @ Bay 3,61321,Bridgeport Station,40410,40890,in_service_layover,48.79204077687653,54.99445745885486,34.98163008635777,480,8.0,11:13:30,11:21:30,False,,no_dispenser,0
2162075,heavy,601.0,6.0,40-ft,RTC,1,MF,14877031,14877093,601,601,61321,61326,Bridgeport Station @ Bay 1 Unloading Only,Bridgeport Station @ Bay 7,61321,Bridgeport Station,40710,41430,in_service_layover,31.182089810288037,40.2348855652694,51.057768058094865,720,12.0,11:18:30,11:30:30,False,,no_dispenser,0
2162263,heavy,403.0,35.0,40-ft,RTC,1,MF,14871391,14871454,403,403,61321,61323,Bridgeport Station @ Bay 1 Unloading Only,Bridgeport Station @ Bay 3,61321,Bridgeport Station,41610,42090,in_service_layover,60.27984776638833,66.18246263481497,33.29074785792625,480,8.0,11:33:30,11:41:30,False,,no_dispenser,0
2162484,heavy,601.0,4.0,40-ft,RTC,1,MF,14877032,14877133,601,601,61321,61326,Bridgeport Station @ Bay 1 Unloading Only,Bridgeport Station @ Bay 7,61321,Bridgeport Station,42690,43830,in_service_layover,23.983329388650507,38.264869054400286,80.54788371482874,1140,19.0,11:51:30,12:10:30,False,,no_dispenser,0
2162256,heavy,403.0,5.0,40-ft,RTC,1,MF,14871407,14871457,403,403,61321,61323,Bridgeport Station @ Bay 1 Unloading Only,Bridgeport Station @ Bay 3,61321,Bridgeport Station,42810,43290,in_service_layover,50.66541760674027,56.9131515895174,35.23721966286297,480,8.0,11:53:30,12:01:30,False,,no_dispenser,0
2162478,heavy,601.0,8.0,40-ft,RTC,1,MF,14877074,14877095,601,601,61321,61326,Bridgeport Station @ Bay 1 Unloading Only,Bridgeport Station @ Bay 7,61321,Bridgeport Station,43890,45030,in_service_layover,36.60268945867795,51.161186273965434,82.10992203822136,1140,19.0,12:11:30,12:30:30,False,,no_dispenser,0
2162261,heavy,403.0,3.0,40-ft,RTC,1,MF,14871398,14871439,403,403,61321,61323,Bridgeport Station @ Bay 1 Unloading Only,Bridgeport Station @ Bay 3,61321,Bridgeport Station,44010,44490,in_service_layover,43.976774374652074,50.09575806961669,34.511068039600474,480,8.0,12:13:30,12:21:30,False,,no_dispenser,0
2162078,heavy,601.0,2.0,40-ft,RTC,1,MF,14877033,14877096,601,601,61321,61326,Bridgeport Station @ Bay 1 Unloading Only,Bridgeport Station @ Bay 7,61321,Bridgeport Station,45090,46230,in_service_layover,29.783791887421245,44.16469252669988,81.1082796055315,1140,19.0,12:31:30,12:50:30,False,,no_dispenser,0
2162262,heavy,403.0,34.0,40-ft,RTC,1,MF,14871408,14871441,403,403,61321,61323,Bridgeport Station @ Bay 1 Unloading Only,Bridgeport Station @ Bay 3,61321,Bridgeport Station,45210,45690,in_service_layover,54.53031459803104,60.814903058858405,35.44507891906636,480,8.0,12:33:30,12:41:30,False,,no_dispenser,0
2162068,heavy,601.0,3.0,40-ft,RTC,1,MF,14877034,14877134,601,601,61321,61326,Bridgeport Station @ Bay 1 Unloading Only,Bridgeport Station @ Bay 7,61321,Bridgeport Station,46350,47370,in_service_layover,32.349719437967885,45.23905003103478,72.6958245448973,1020,17.0,12:52:30,13:09:30,False,,no_dispenser,0
2162255,heavy,403.0,6.0,40-ft,RTC,1,MF,14871378,14871458,403,403,61321,61323,Bridgeport Station @ Bay 1 Unloading Only,Bridgeport Station @ Bay 3,61321,Bridgeport Station,46410,46890,in_service_layover,54.240958590182075,60.53059171713301,35.47353083600325,480,8.0,12:53:30,13:01:30,False,,no_dispenser,0
2162067,heavy,601.0,5.0,40-ft,RTC,1,MF,14877072,14877097,601,601,61321,61326,Bridgeport Station @ Bay 1 Unloading Only,Bridgeport Station @ Bay 7,61321,Bridgeport Station,47550,48690,in_service_layover,39.20127241947402,53.848861471980335,82.61240225613565,1140,19.0,13:12:30,13:31:30,False,,no_dispenser,0
2162259,heavy,403.0,2.0,40-ft,RTC,1,MF,14871399,14871444,403,403,61321,61323,Bridgeport Station @ Bay 1 Unloading Only,Bridgeport Station @ Bay 3,61321,Bridgeport Station,47670,48090,in_service_layover,43.34230942207095,48.682181936607385,30.11688098198553,420,7.0,13:14:30,13:21:30,False,,no_dispenser,0
2162075,heavy,601.0,6.0,40-ft,RTC,1,MF,14877035,14877098,601,601,61321,61326,Bridgeport Station @ Bay 1 Unloading Only,Bridgeport Station @ Bay 7,61321,Bridgeport Station,48750,49290,in_service_layover,21.567088014996614,28.267633565197297,37.79107690313185,540,9.0,13:32:30,13:41:30,False,,no_dispenser,0
2162263,heavy,403.0,35.0,40-ft,RTC,1,MF,14871376,14871445,403,403,61321,61323,Bridgeport Station @ Bay 1 Unloading Only,Bridgeport Station @ Bay 3,61321,Bridgeport Station,48870,49110,in_service_layover,54.53031459803104,57.67758737794079,17.750618478690967,240,4.0,13:34:30,13:38:30,False,,no_dispenser,0
2162072,heavy,601.0,31.0,40-ft,RTC,1,MF,14877071,14877099,601,601,61321,61326,Bridgeport Station @ Bay 1 Unloading Only,Bridgeport Station @ Bay 7,61321,Bridgeport Station,49950,50430,in_service_layover,69.23070041570816,74.19088168702187,27.975422370209344,480,8.0,13:52:30,14:00:30,False,,no_dispenser,0
2162256,heavy,403.0,5.0,40-ft,RTC,1,MF,14871388,14871459,403,403,61321,61323,Bridgeport Station @ Bay 1 Unloading Only,Bridgeport Station @ Bay 3,61321,Bridgeport Station,50010,50310,in_service_layover,45.261003552733484,49.07821668858633,21.52908208621008,300,5.0,13:53:30,13:58:30,False,,no_dispenser,0
2162261,heavy,403.0,3.0,40-ft,RTC,1,MF,14871400,14871438,403,403,61321,61323,Bridgeport Station @ Bay 1 Unloading Only,Bridgeport Station @ Bay 3,61321,Bridgeport Station,51210,51510,in_service_layover,38.44361003283277,42.22960930379932,21.3530358882513,300,5.0,14:13:30,14:18:30,False,,no_dispenser,0
2162478,heavy,601.0,8.0,40-ft,RTC,1,MF,14877073,14877356,601,602,61321,61327,Bridgeport Station @ Bay 1 Unloading Only,Bridgeport Station @ Bay 8,61321,Bridgeport Station,52350,52710,in_service_layover,32.49338872369264,37.008545644973154,25.46548503602213,360,6.0,14:32:30,14:38:30,False,,no_dispenser,0
2162262,heavy,403.0,34.0,40-ft,RTC,1,MF,14871392,14871469,403,403,61321,61323,Bridgeport Station @ Bay 1 Unloading Only,Bridgeport Station @ Bay 3,61321,Bridgeport Station,52410,52590,in_service_layover,49.162755022074485,51.46681419817841,12.994893753226165,180,3.0,14:33:30,14:36:30,False,,no_dispenser,0
2162255,heavy,403.0,6.0,40-ft,RTC,1,MF,14871412,14871465,403,403,61321,61323,Bridgeport Station @ Bay 1 Unloading Only,Bridgeport Station @ Bay 3,61321,Bridgeport Station,53610,53910,in_service_layover,48.878443680349086,52.73129839794798,21.730100607257725,300,5.0,14:53:30,14:58:30,False,,no_dispenser,0
2162078,heavy,601.0,2.0,40-ft,RTC,1,MF,14877037,14877357,601,602,61321,61327,Bridgeport Station @ Bay 1 Unloading Only,Bridgeport Station @ Bay 8,61321,Bridgeport Station,53610,54030,in_service_layover,25.496894976427093,30.72549472850032,29.489302601692998,420,7.0,14:53:30,15:00:30,False,,no_dispenser,0
2162259,heavy,403.0,2.0,40-ft,RTC,1,MF,14871381,14871473,403,403,61321,61323,Bridgeport Station @ Bay 1 Unloading Only,Bridgeport Station @ Bay 3,61321,Bridgeport Station,54510,54810,in_service_layover,37.030033899823465,40.80988486036531,21.31835941745598,300,5.0,15:08:30,15:13:30,False,,no_dispenser,0
2162068,heavy,601.0,3.0,40-ft,RTC,1,MF,14877038,14877104,601,601,61321,61326,Bridgeport Station @ Bay 1 Unloading Only,Bridgeport Station @ Bay 7,61321,Bridgeport Station,54690,54990,in_service_layover,26.57125248076199,30.305615310900237,21.061806361979677,300,5.0,15:11:30,15:16:30,False,,no_dispenser,0
2162072,heavy,601.0,31.0,40-ft,RTC,1,MF,14877099,14868720,601,352,57359,61329,Westbound 2nd Ave @ 52A St,Bridgeport Station @ Bay 10,61329,Bridgeport Station,56190,56490,interline_end,58.86010920206148,62.73992320174444,21.882150958211867,300,5.0,15:36:30,15:41:30,False,,no_dispenser,0
2162263,heavy,403.0,35.0,40-ft,RTC,1,MF,14871387,14871485,403,403,61321,61323,Bridgeport Station @ Bay 1 Unloading Only,Bridgeport Station @ Bay 3,61321,Bridgeport Station,56310,56610,in_service_layover,46.02543934115687,49.84827606090948,21.560799099404733,300,5.0,15:38:30,15:43:30,False,,no_dispenser,0
2162067,heavy,601.0,5.0,40-ft,RTC,1,MF,14877040,14877106,601,601,61321,61326,Bridgeport Station @ Bay 1 Unloading Only,Bridgeport Station @ Bay 7,61321,Bridgeport Station,56490,56790,in_service_layover,35.18106392170755,38.95287283829722,21.27300228956568,300,5.0,15:41:30,15:46:30,False,,no_dispenser,0
2162478,heavy,601.0,8.0,40-ft,RTC,1,MF,14877356,14877385,602,603,57359,61327,Westbound 2nd Ave @ 52A St,Bridgeport Station @ Bay 8,61327,Bridgeport Station,57210,57510,interline_end,23.987865749032842,27.71056283587427,20.99601156978565,300,5.0,15:53:30,15:58:30,False,,no_dispenser,0
2162256,heavy,403.0,5.0,40-ft,RTC,1,MF,14871413,14871486,403,403,61321,61323,Bridgeport Station @ Bay 1 Unloading Only,Bridgeport Station @ Bay 3,61321,Bridgeport Station,57210,57630,in_service_layover,37.46411953411828,42.76558723670442,29.900277842585865,420,7.0,15:53:30,16:00:30,False,,no_dispenser,0
2162261,heavy,403.0,3.0,40-ft,RTC,1,MF,14871389,14871487,403,403,61321,61323,Bridgeport Station @ Bay 1 Unloading Only,Bridgeport Station @ Bay 3,61321,Bridgeport Station,58110,58530,in_service_layover,30.615512149331263,35.87527689126787,29.665073144522495,420,7.0,16:08:30,16:15:30,False,,no_dispenser,0
2162088,heavy,601.0,30.0,40-ft,RTC,1,MF,14877043,14868740,601,354,61321,61329,Bridgeport Station @ Bay 1 Unloading Only,Bridgeport Station @ Bay 10,61321,Bridgeport Station,58950,59670,in_service_layover,69.23070041570816,76.24580347359203,39.5651812464651,720,12.0,16:22:30,16:34:30,False,,no_dispenser,0
2162074,heavy,601.0,34.0,40-ft,RTC,1,MF,14877044,14868723,601,352,61321,61329,Bridgeport Station @ Bay 1 Unloading Only,Bridgeport Station @ Bay 10,61321,Bridgeport Station,59850,60630,in_service_layover,69.23070041570816,76.71520837097856,42.21262486772508,780,13.0,16:37:30,16:50:30,False,,no_dispenser,0
2162262,heavy,403.0,34.0,40-ft,RTC,1,MF,14871380,14871489,403,403,61321,61323,Bridgeport Station @ Bay 1 Unloading Only,Bridgeport Station @ Bay 3,61321,Bridgeport Station,59910,60330,in_service_layover,39.85271704371037,45.1687295409319,29.982310484329446,420,7.0,16:38:30,16:45:30,False,,no_dispenser,0
2162076,heavy,601.0,37.0,40-ft,RTC,1,MF,14868718,14877111,352,601,56081,61326,White Rock Centre @ Bay 5,Bridgeport Station @ Bay 7,61326,Bridgeport Station,60390,60690,interline_end,68.90813088136692,72.16404082055902,18.363332057043465,300,5.0,16:46:30,16:51:30,False,,no_dispenser,0
2162486,heavy,601.0,35.0,40-ft,RTC,1,MF,14877045,14877387,601,603,61321,61327,Bridgeport Station @ Bay 1 Unloading Only,Bridgeport Station @ Bay 8,61321,Bridgeport Station,60750,61410,in_service_layover,69.23070041570816,75.7586686305498,36.81774073170692,660,11.0,16:52:30,17:03:30,False,,no_dispenser,0
2162255,heavy,403.0,6.0,40-ft,RTC,1,MF,14871425,14871490,403,403,61321,61323,Bridgeport Station @ Bay 1 Unloading Only,Bridgeport Station @ Bay 3,61321,Bridgeport Station,60810,61230,in_service_layover,41.117201243479926,46.44091351554066,30.02573721442255,420,7.0,16:53:30,17:00:30,False,,no_dispenser,0
2162347,heavy,403.0,21.0,40-ft,RTC,1,MF,14873739,14873756,412,412,61321,61693,Bridgeport Station @ Bay 1 Unloading Only,Bridgeport Station @ Bay 6,61321,Bridgeport Station,60870,61110,in_service_layover,69.35821671448427,71.97247200058857,14.744399813628206,240,4.0,16:54:30,16:58:30,False,,no_dispenser,0
2162073,heavy,601.0,42.0,40-ft,RTC,1,MF,14868719,14868724,352,352,56081,61329,White Rock Centre @ Bay 5,Bridgeport Station @ Bay 10,61329,Bridgeport Station,61530,61830,interline_end,68.6992567609509,71.96998241975768,18.44689271567023,300,5.0,17:05:30,17:10:30,False,,no_dispenser,0
2162086,heavy,601.0,39.0,40-ft,RTC,1,MF,14877046,14868743,601,354,61321,61329,Bridgeport Station @ Bay 1 Unloading Only,Bridgeport Station @ Bay 10,61321,Bridgeport Station,61650,62310,in_service_layover,69.23070041570816,75.7586686305498,36.81774073170692,660,11.0,17:07:30,17:18:30,False,,no_dispenser,0
2162259,heavy,403.0,2.0,40-ft,RTC,1,MF,14871426,14871491,403,403,61321,61323,Bridgeport Station @ Bay 1 Unloading Only,Bridgeport Station @ Bay 3,61321,Bridgeport Station,61710,62070,in_service_layover,29.195787705897253,33.69373323750521,25.36841279826885,360,6.0,17:08:30,17:14:30,False,,no_dispenser,0
2162487,heavy,601.0,33.0,40-ft,RTC,1,MF,14877105,14877113,601,601,57359,61326,Westbound 2nd Ave @ 52A St,Bridgeport Station @ Bay 7,61326,Bridgeport Station,62130,62430,interline_end,61.84769585843392,65.55055071313642,20.884101380521997,300,5.0,17:15:30,17:20:30,False,,no_dispenser,0
2162072,heavy,601.0,31.0,40-ft,RTC,1,MF,14868720,14868725,352,352,56081,61329,White Rock Centre @ Bay 5,Bridgeport Station @ Bay 10,61329,Bridgeport Station,62730,63030,interline_end,43.673296589204504,47.482042237689484,21.481325457455256,300,5.0,17:25:30,17:30:30,False,,no_dispenser,0
2162347,heavy,403.0,21.0,40-ft,RTC,1,MF,14873738,14873751,412,412,61321,61693,Bridgeport Station @ Bay 1 Unloading Only,Bridgeport Station @ Bay 6,61321,Bridgeport Station,63150,63390,in_service_layover,67.33609071717012,70.06162643607611,15.372021454629817,240,4.0,17:32:30,17:36:30,False,,no_dispenser,0
2162257,heavy,403.0,4.0,40-ft,RTC,1,MF,14871428,14871493,403,403,61321,61323,Bridgeport Station @ Bay 1 Unloading Only,Bridgeport Station @ Bay 3,61321,Bridgeport Station,63510,63870,in_service_layover,65.25645672496722,69.40814332449796,23.415512421353412,360,6.0,17:38:30,17:44:30,False,,no_dispenser,0
2162067,heavy,601.0,5.0,40-ft,RTC,1,MF,14877049,14877116,601,601,61321,61326,Bridgeport Station @ Bay 1 Unloading Only,Bridgeport Station @ Bay 7,61321,Bridgeport Station,64290,65370,in_service_layover,20.285075288024426,33.75934130137177,75.99486031527903,1080,18.0,17:51:30,18:09:30,False,,no_dispenser,0
2162256,heavy,403.0,5.0,40-ft,RTC,1,MF,14871429,14871494,403,403,61321,61323,Bridgeport Station @ Bay 1 Unloading Only,Bridgeport Station @ Bay 3,61321,Bridgeport Station,64410,64710,in_service_layover,31.15149008223637,34.90577247848815,21.174152714860043,300,5.0,17:53:30,17:58:30,False,,no_dispenser,0
2162347,heavy,403.0,21.0,40-ft,RTC,1,MF,14873737,14873749,412,412,61321,61693,Bridgeport Station @ Bay 1 Unloading Only,Bridgeport Station @ Bay 6,61321,Bridgeport Station,65310,66030,in_service_layover,65.42524515265765,73.09003462258433,43.229412610386476,720,12.0,18:08:30,18:20:30,False,,no_dispenser,0
2162261,heavy,403.0,3.0,40-ft,RTC,1,MF,14871430,14871495,403,403,61321,61323,Bridgeport Station @ Bay 1 Unloading Only,Bridgeport Station @ Bay 3,61321,Bridgeport Station,65370,65610,in_service_layover,24.261179736799825,27.238261749659436,16.7907425525282,240,4.0,18:09:30,18:13:30,False,,no_dispenser,0
2162070,heavy,601.0,48.0,40-ft,RTC,1,MF,14868722,14868727,352,352,56081,61329,White Rock Centre @ Bay 5,Bridgeport Station @ Bay 10,61329,Bridgeport Station,65670,65970,interline_end,68.6992567609509,71.96998241975768,18.44689271567023,300,5.0,18:14:30,18:19:30,False,,no_dispenser,0
2162088,heavy,601.0,30.0,40-ft,RTC,1,MF,14868740,14877389,354,603,56280,61327,White Rock Centre @ Bay 1,Bridgeport Station @ Bay 8,61327,Bridgeport Station,66210,66510,interline_end,55.85537849540743,59.81094811269485,22.30941264150107,300,5.0,18:23:30,18:28:30,False,,no_dispenser,0
2162255,heavy,403.0,6.0,40-ft,RTC,1,MF,14871432,14871497,403,403,61321,61323,Bridgeport Station @ Bay 1 Unloading Only,Bridgeport Station @ Bay 3,61321,Bridgeport Station,67170,67470,in_service_layover,34.82681636107261,38.59708448766227,21.26431223396571,300,5.0,18:39:30,18:44:30,False,,no_dispenser,0
2162481,heavy,601.0,51.0,40-ft,RTC,1,MF,14868742,14868728,354,352,56280,61329,White Rock Centre @ Bay 1,Bridgeport Station @ Bay 10,61329,Bridgeport Station,67830,68130,interline_end,67.31035506101996,70.67686456339968,18.987113593421554,300,5.0,18:50:30,18:55:30,False,,no_dispenser,0
2162347,heavy,403.0,21.0,40-ft,RTC,1,MF,14873736,14873748,412,412,61321,61693,Bridgeport Station @ Bay 1 Unloading Only,Bridgeport Station @ Bay 6,61321,Bridgeport Station,67950,68550,in_service_layover,68.45365333916587,74.58935268067668,34.60534428612095,600,10.0,18:52:30,19:02:30,False,,no_dispenser,0
2162259,heavy,403.0,2.0,40-ft,RTC,1,MF,14871433,14871498,403,403,61321,61323,Bridgeport Station @ Bay 1 Unloading Only,Bridgeport Station @ Bay 3,61321,Bridgeport Station,68070,68370,in_service_layover,22.07963608303715,25.792936563929626,20.94301471223355,300,5.0,18:54:30,18:59:30,False,,no_dispenser,0
2162482,heavy,601.0,44.0,40-ft,RTC,1,MF,14877054,14877120,601,601,61321,61326,Bridgeport Station @ Bay 1 Unloading Only,Bridgeport Station @ Bay 7,61321,Bridgeport Station,69150,69570,in_service_layover,59.83684253510031,65.08993681003102,29.627451710609137,420,7.0,19:12:30,19:19:30,False,,no_dispenser,0
2162257,heavy,403.0,4.0,40-ft,RTC,1,MF,14871435,14871460,403,403,61321,61323,Bridgeport Station @ Bay 1 Unloading Only,Bridgeport Station @ Bay 3,61321,Bridgeport Station,69870,70530,in_service_layover,57.79404617002991,66.00596769534668,46.315237402786636,660,11.0,19:24:30,19:35:30,False,,no_dispenser,0
2162480,heavy,601.0,43.0,40-ft,RTC,1,MF,14877055,14877121,601,601,61321,61326,Bridgeport Station @ Bay 1 Unloading Only,Bridgeport Station @ Bay 7,61321,Bridgeport Station,70350,70770,in_service_layover,52.597513026989475,58.0964396664679,31.01394624665835,420,7.0,19:32:30,19:39:30,False,,no_dispenser,0
2162260,heavy,403.0,37.0,40-ft,RTC,1,MF,14871385,14871461,403,403,61321,61323,Bridgeport Station @ Bay 1 Unloading Only,Bridgeport Station @ Bay 3,61321,Bridgeport Station,71730,72510,in_service_layover,60.312852679176885,69.3954874499845,51.226060107354954,780,13.0,19:55:30,20:08:30,False,,no_dispenser,0
2165159,heavy,601.0,50.0,40-ft,RTC,1,MF,14877058,14877124,601,601,61321,61326,Bridgeport Station @ Bay 1 Unloading Only,Bridgeport Station @ Bay 7,61321,Bridgeport Station,73770,74370,in_service_layover,54.91720933621986,62.673308038346946,43.744396679996726,600,10.0,20:29:30,20:39:30,False,,no_dispenser,0
2162257,heavy,403.0,4.0,40-ft,RTC,1,MF,14871410,14871463,403,403,61321,61323,Bridgeport Station @ Bay 1 Unloading Only,Bridgeport Station @ Bay 3,61321,Bridgeport Station,75750,76110,in_service_layover,54.35381965856278,59.088976432349604,26.706284204157782,360,6.0,21:02:30,21:08:30,False,,no_dispenser,0
2162480,heavy,601.0,43.0,40-ft,RTC,1,MF,14877061,14877126,601,601,61321,61326,Bridgeport Station @ Bay 1 Unloading Only,Bridgeport Station @ Bay 7,61321,Bridgeport Station,77370,77670,in_service_layover,39.428642116195114,43.21892575705542,21.37719973445212,300,5.0,21:29:30,21:34:30,False,,no_dispenser,0
2162260,heavy,403.0,37.0,40-ft,RTC,1,MF,14871374,14871446,403,403,61321,61323,Bridgeport Station @ Bay 1 Unloading Only,Bridgeport Station @ Bay 3,61321,Bridgeport Station,77490,77910,in_service_layover,57.74333941320058,63.156406899413916,30.52970062224324,420,7.0,21:31:30,21:38:30,False,,no_dispenser,0
2162258,heavy,403.0,36.0,40-ft,RTC,1,MF,14871401,14871447,403,403,61321,61323,Bridgeport Station @ Bay 1 Unloading Only,Bridgeport Station @ Bay 3,61321,Bridgeport Station,79290,79710,in_service_layover,37.04660748792492,42.345532850520634,29.885939045039834,420,7.0,22:01:30,22:08:30,False,,no_dispenser,0
2162257,heavy,403.0,4.0,40-ft,RTC,1,MF,14871403,14871448,403,403,61321,61323,Bridgeport Station @ Bay 1 Unloading Only,Bridgeport Station @ Bay 3,61321,Bridgeport Station,81090,81510,in_service_layover,47.43682839556569,52.82867944457528,30.410039916414064,420,7.0,22:31:30,22:38:30,False,,no_dispenser,0
2162260,heavy,403.0,37.0,40-ft,RTC,1,MF,14871375,14871449,403,403,61321,61323,Bridgeport Station @ Bay 1 Unloading Only,Bridgeport Station @ Bay 3,61321,Bridgeport Station,82890,83310,in_service_layover,51.50425886263,56.9783753147043,30.874016789699056,420,7.0,23:01:30,23:08:30,False,,no_dispenser,0
2162258,heavy,403.0,36.0,40-ft,RTC,1,MF,14871390,14871470,403,403,61321,61323,Bridgeport Station @ Bay 1 Unloading Only,Bridgeport Station @ Bay 3,61321,Bridgeport Station,84570,85110,in_service_layover,30.693384813736717,37.465591704145446,38.19524686190525,540,9.0,23:29:30,23:38:30,False,,no_dispenser,0
2162257,heavy,403.0,4.0,40-ft,RTC,1,MF,14871414,14871442,403,403,61321,61323,Bridgeport Station @ Bay 1 Unloading Only,Bridgeport Station @ Bay 3,61321,Bridgeport Station,86370,86910,in_service_layover,41.17653140779136,48.03387648448578,38.67542623255659,540,9.0,23:59:30,24:08:30,False,,no_dispenser,0
2162260,heavy,403.0,37.0,40-ft,RTC,1,MF,14871404,14871471,403,403,61321,61323,Bridgeport Station @ Bay 1 Unloading Only,Bridgeport Station @ Bay 3,61321,Bridgeport Station,88170,88470,in_service_layover,45.32622727792038,49.14388044020199,21.53156383526826,300,5.0,24:29:30,24:34:30,False,,no_dispenser,0
2162258,heavy,403.0,36.0,40-ft,RTC,1,MF,14871415,14871443,403,403,61321,61323,Bridgeport Station @ Bay 1 Unloading Only,Bridgeport Station @ Bay 3,61321,Bridgeport Station,89970,90270,in_service_layover,25.81344366736153,29.544510312742954,21.043215879951248,300,5.0,24:59:30,25:04:30,False,,no_dispenser,0
2162257,heavy,403.0,4.0,40-ft,RTC,1,MF,14871406,14871472,403,403,61321,61323,Bridgeport Station @ Bay 1 Unloading Only,Bridgeport Station @ Bay 3,61321,Bridgeport Station,91590,92490,in_service_layover,36.38172844770187,47.802223692688386,64.41159318172399,900,15.0,25:26:30,25:41:30,False,,no_dispenser,0
2160657,heavy,151.0,2.0,40-ft,PCT,1,MF,14849951,14849908,151,151,59554,59561,Burquitlam Station @ Bay 1,Burquitlam Station @ Bay 3,59554,Burquitlam Station,24870,25290,in_service_layover,67.1077189979734,71.71984699000792,26.012401875074715,420,7.0,06:54:30,07:01:30,False,,no_dispenser,0
2160811,heavy,151.0,3.0,40-ft,PCT,1,MF,14849960,14849910,151,151,59554,59561,Burquitlam Station @ Bay 1,Burquitlam Station @ Bay 3,59554,Burquitlam Station,26790,27090,in_service_layover,64.67658256682812,68.2116816222229,19.93795867242659,300,5.0,07:26:30,07:31:30,False,,no_dispenser,0
2160657,heavy,151.0,2.0,40-ft,PCT,1,MF,14849961,14849911,151,151,59554,59561,Burquitlam Station @ Bay 1,Burquitlam Station @ Bay 3,59554,Burquitlam Station,28710,28890,in_service_layover,68.77473821074928,70.78642075288288,11.345889537633468,180,3.0,07:58:30,08:01:30,False,,no_dispenser,0
2160657,heavy,151.0,2.0,40-ft,PCT,1,MF,14849988,14849913,151,151,59554,59561,Burquitlam Station @ Bay 1,Burquitlam Station @ Bay 3,59554,Burquitlam Station,32310,32490,in_service_layover,68.51293981008511,70.53535259352103,11.406408098578538,180,3.0,08:58:30,09:01:30,False,,no_dispenser,0
2160804,heavy,151.0,8.0,40-ft,PCT,1,MF,14851007,14851034,157,157,59554,59557,Burquitlam Station @ Bay 1,Burquitlam Station @ Bay 2,59554,Burquitlam Station,32550,33030,in_service_layover,68.11891812472348,73.2068877063634,28.69614844044912,480,8.0,09:02:30,09:10:30,False,,no_dispenser,0
2160811,heavy,151.0,3.0,40-ft,PCT,1,MF,14849989,14849914,151,151,59554,59561,Burquitlam Station @ Bay 1,Burquitlam Station @ Bay 3,59554,Burquitlam Station,33990,34290,in_service_layover,62.96295201571128,66.59989338594113,20.512349328096263,300,5.0,09:26:30,09:31:30,False,,no_dispenser,0
2160894,heavy,151.0,11.0,40-ft,PCT,1,MF,14851019,14851045,157,157,59554,59557,Burquitlam Station @ Bay 1,Burquitlam Station @ Bay 2,59554,Burquitlam Station,34230,34830,in_service_layover,68.11891812472348,74.30266367495804,34.87632490332294,600,10.0,09:30:30,09:40:30,False,,no_dispenser,0
2160657,heavy,151.0,2.0,40-ft,PCT,1,MF,14849962,14849909,151,151,59554,59561,Burquitlam Station @ Bay 1,Burquitlam Station @ Bay 3,59554,Burquitlam Station,35730,36090,in_service_layover,68.28308837512598,72.19053213870181,22.037982826567657,360,6.0,09:55:30,10:01:30,False,,no_dispenser,0
2160811,heavy,151.0,3.0,40-ft,PCT,1,MF,14849965,14849915,151,151,59554,59561,Burquitlam Station @ Bay 1,Burquitlam Station @ Bay 3,59554,Burquitlam Station,37470,37890,in_service_layover,65.94079115230254,70.66362424152467,26.63677862321282,420,7.0,10:24:30,10:31:30,False,,no_dispenser,0
2160894,heavy,151.0,11.0,40-ft,PCT,1,MF,14851004,14851059,157,157,59554,59557,Burquitlam Station @ Bay 1,Burquitlam Station @ Bay 2,59554,Burquitlam Station,39630,40230,in_service_layover,66.79988635609746,73.17027233638612,35.928976928828035,600,10.0,11:00:30,11:10:30,False,,no_dispenser,0
2160811,heavy,151.0,3.0,40-ft,PCT,1,MF,14849967,14849917,151,151,59554,59561,Burquitlam Station @ Bay 1,Burquitlam Station @ Bay 3,59554,Burquitlam Station,41130,41490,in_service_layover,69.56133366902769,73.35885066720414,21.417995869715128,360,6.0,11:25:30,11:31:30,False,,no_dispenser,0
2160657,heavy,151.0,2.0,40-ft,PCT,1,MF,14849968,14849918,151,151,59554,59561,Burquitlam Station @ Bay 1,Burquitlam Station @ Bay 3,59554,Burquitlam Station,42990,43290,in_service_layover,68.62712294395732,71.90294003137902,18.47560837305832,300,5.0,11:56:30,12:01:30,False,,no_dispenser,0
2160811,heavy,151.0,3.0,40-ft,PCT,1,MF,14849969,14849919,151,151,59554,59561,Burquitlam Station @ Bay 1,Burquitlam Station @ Bay 3,59554,Burquitlam Station,44790,45090,in_service_layover,67.19133201059955,70.56582883998644,19.032162117742075,300,5.0,12:26:30,12:31:30,False,,no_dispenser,0
2160657,heavy,151.0,2.0,40-ft,PCT,1,MF,14849970,14849920,151,151,59554,59561,Burquitlam Station @ Bay 1,Burquitlam Station @ Bay 3,59554,Burquitlam Station,46590,46890,in_service_layover,69.5332268360741,72.7441560688602,18.109640872913587,300,5.0,12:56:30,13:01:30,False,,no_dispenser,0
2160811,heavy,151.0,3.0,40-ft,PCT,1,MF,14849971,14849921,151,151,59554,59561,Burquitlam Station @ Bay 1,Burquitlam Station @ Bay 3,59554,Burquitlam Station,48450,48630,in_service_layover,68.31099728248198,70.34157166666694,11.452439526803175,180,3.0,13:27:30,13:30:30,False,,no_dispenser,0
2160811,heavy,151.0,3.0,40-ft,PCT,1,MF,14849973,14849924,151,151,59554,59561,Burquitlam Station @ Bay 1,Burquitlam Station @ Bay 3,59554,Burquitlam Station,52050,52710,in_service_layover,68.69959716754333,75.31253190267742,37.296951906156266,660,11.0,14:27:30,14:38:30,False,,no_dispenser,0
2160810,heavy,151.0,6.0,40-ft,PCT,1,MF,14849950,14849926,151,151,59554,59561,Burquitlam Station @ Bay 1,Burquitlam Station @ Bay 3,59554,Burquitlam Station,55590,55830,in_service_layover,57.948980416854724,61.10523249765839,17.80126173573268,240,4.0,15:26:30,15:30:30,False,,no_dispenser,0
2160803,heavy,152.0,13.0,40-ft,PCT,1,MF,14849975,14849945,151,151,59554,59561,Burquitlam Station @ Bay 1,Burquitlam Station @ Bay 3,59554,Burquitlam Station,57210,57510,in_service_layover,58.76267648046222,62.64728582976219,21.90919673005186,300,5.0,15:53:30,15:58:30,False,,no_dispenser,0
2160808,heavy,183.0,9.0,40-ft,PCT,1,MF,14849978,14849929,151,151,59554,59561,Burquitlam Station @ Bay 1,Burquitlam Station @ Bay 3,59554,Burquitlam Station,62850,63090,in_service_layover,60.75261770289606,63.79504712592697,17.159301945894356,240,4.0,17:27:30,17:31:30,False,,no_dispenser,0
2160891,heavy,151.0,31.0,40-ft,PCT,1,MF,14851009,14851051,157,157,59554,59557,Burquitlam Station @ Bay 1,Burquitlam Station @ Bay 2,59554,Burquitlam Station,63270,63510,in_service_layover,68.71149542746255,71.3624359241516,14.951304401326183,240,4.0,17:34:30,17:38:30,False,,no_dispenser,0
2160804,heavy,151.0,8.0,40-ft,PCT,1,MF,14851000,14851050,157,157,59554,59557,Burquitlam Station @ Bay 1,Burquitlam Station @ Bay 2,59554,Burquitlam Station,64950,65430,in_service_layover,69.89653782091713,74.77873021745751,27.535565116487646,480,8.0,18:02:30,18:10:30,False,,no_dispenser,0
2160808,heavy,183.0,9.0,40-ft,PCT,1,MF,14849980,14849931,151,151,59554,59561,Burquitlam Station @ Bay 1,Burquitlam Station @ Bay 3,59554,Burquitlam Station,66390,66810,in_service_layover,59.905892104010896,65.1524768959078,29.590738226298527,420,7.0,18:26:30,18:33:30,False,,no_dispenser,0
2160805,heavy,152.0,10.0,40-ft,PCT,1,MF,14849982,14849933,151,151,59554,59561,Burquitlam Station @ Bay 1,Burquitlam Station @ Bay 3,59554,Burquitlam Station,69990,70410,in_service_layover,63.96957877333755,68.87180147935665,27.64853606194771,420,7.0,19:26:30,19:33:30,False,,no_dispenser,0
2160804,heavy,151.0,8.0,40-ft,PCT,1,MF,14850998,14851048,157,157,59554,59557,Burquitlam Station @ Bay 1,Burquitlam Station @ Bay 2,59554,Burquitlam Station,70170,70830,in_service_layover,67.27595289859693,74.1132183505426,38.5621771489736,660,11.0,19:29:30,19:40:30,False,,no_dispenser,0
2160806,heavy,183.0,33.0,40-ft,PCT,1,MF,14849983,14849934,151,151,59554,59561,Burquitlam Station @ Bay 1,Burquitlam Station @ Bay 3,59554,Burquitlam Station,71730,72210,in_service_layover,65.94758228789989,71.27634756017078,30.05423613560788,480,8.0,19:55:30,20:03:30,False,,no_dispenser,0
2160805,heavy,152.0,10.0,40-ft,PCT,1,MF,14849984,14849935,151,151,59554,59561,Burquitlam Station @ Bay 1,Burquitlam Station @ Bay 3,59554,Burquitlam Station,73530,74010,in_service_layover,66.75619473201988,71.99664317439586,29.55612921500051,480,8.0,20:25:30,20:33:30,False,,no_dispenser,0
2160804,heavy,151.0,8.0,40-ft,PCT,1,MF,14850994,14849936,157,151,59554,59561,Burquitlam Station @ Bay 1,Burquitlam Station @ Bay 3,59554,Burquitlam Station,75330,75810,in_service_layover,66.61044103168202,71.86692756163615,29.646584028941334,480,8.0,20:55:30,21:03:30,False,,no_dispenser,0
2160805,heavy,152.0,10.0,40-ft,PCT,1,MF,14849986,14849937,151,151,59554,59561,Burquitlam Station @ Bay 1,Burquitlam Station @ Bay 3,59554,Burquitlam Station,77010,77610,in_service_layover,69.61871402943898,75.58503611171173,33.6500565440183,600,10.0,21:23:30,21:33:30,False,,no_dispenser,0
2160805,heavy,152.0,10.0,40-ft,PCT,1,MF,14849953,14849939,151,151,59554,59561,Burquitlam Station @ Bay 1,Burquitlam Station @ Bay 3,59554,Burquitlam Station,80610,81210,in_service_layover,69.41751745510713,75.41332838265134,33.816373631349336,600,10.0,22:23:30,22:33:30,False,,no_dispenser,0
2160894,heavy,151.0,11.0,40-ft,PCT,1,MF,14850990,14851035,157,157,59554,59557,Burquitlam Station @ Bay 1,Burquitlam Station @ Bay 2,59554,Burquitlam Station,82710,83010,in_service_layover,65.8088481034287,69.27356361966886,19.540995511594474,300,5.0,22:58:30,23:03:30,False,,no_dispenser,0
2160805,heavy,152.0,10.0,40-ft,PCT,1,MF,14849955,14849941,151,151,59554,59561,Burquitlam Station @ Bay 1,Burquitlam Station @ Bay 3,59554,Burquitlam Station,84090,84810,in_service_layover,69.24580972604676,76.258262098584,39.550231381109995,720,12.0,23:21:30,23:33:30,False,,no_dispenser,0
2165067,heavy,210.0,78.0,40-ft,BTC,1,MF,14855960,14858689,211,241,50405,54475,Burrard Station @ Bay 2,Northbound Lonsdale Ave @ E Osborne Rd,50405,Burrard Station,27090,27390,interline_start,69.13723985199684,72.37677521268587,18.27097943428612,300,5.0,07:31:30,07:36:30,False,,no_dispenser,0
2161080,heavy,210.0,4.0,40-ft,BTC,1,MF,14855740,14855676,210,210,50405,50405,Burrard Station @ Bay 2,Burrard Station @ Bay 2,50405,Burrard Station,28650,29070,in_service_layover,65.43027924636779,70.2004893696224,26.903985095155974,420,7.0,07:57:30,08:04:30,False,,no_dispenser,0
2161088,heavy,210.0,13.0,40-ft,BTC,1,MF,14855743,14855679,210,210,50405,50405,Burrard Station @ Bay 2,Burrard Station @ Bay 2,50405,Burrard Station,31170,31890,in_service_layover,65.43027924636779,73.09423310948543,43.22469978798347,720,12.0,08:39:30,08:51:30,False,,no_dispenser,0
2160071,heavy,210.0,1.0,40-ft,BTC,1,MF,14855708,14855661,210,210,50405,50405,Burrard Station @ Bay 2,Burrard Station @ Bay 2,50405,Burrard Station,32970,33450,in_service_layover,53.72466631008067,60.019862602408836,35.504907088730874,480,8.0,09:09:30,09:17:30,False,,no_dispenser,0
2161062,heavy,210.0,21.0,40-ft,BTC,1,MF,14855736,14855666,210,210,50405,50405,Burrard Station @ Bay 2,Burrard Station @ Bay 2,50405,Burrard Station,34590,35310,in_service_layover,63.8930281806532,71.80933480238004,44.64796934653941,720,12.0,09:36:30,09:48:30,False,,no_dispenser,0
2161080,heavy,210.0,4.0,40-ft,BTC,1,MF,14855734,14855895,210,211,50405,50405,Burrard Station @ Bay 2,Burrard Station @ Bay 2,50405,Burrard Station,35970,36390,in_service_layover,55.35031831623106,60.85757569974366,31.060931643011088,420,7.0,09:59:30,10:06:30,False,,no_dispenser,0
2161091,heavy,210.0,89.0,40-ft,BTC,1,MF,14855965,14855662,211,210,50405,50405,Burrard Station @ Bay 2,Burrard Station @ Bay 2,50405,Burrard Station,36210,37110,in_service_layover,61.88190658263735,71.80033625225194,55.9399433366263,900,15.0,10:03:30,10:18:30,False,,no_dispenser,0
2161083,heavy,210.0,15.0,40-ft,BTC,1,MF,14855712,14855887,210,211,50405,50405,Burrard Station @ Bay 2,Burrard Station @ Bay 2,50405,Burrard Station,37170,38130,in_service_layover,54.377968041078496,66.29738674714758,67.22552150222964,960,16.0,10:19:30,10:35:30,False,,no_dispenser,0
2160063,heavy,210.0,11.0,40-ft,BTC,1,MF,14855928,14855694,211,210,50405,50405,Burrard Station @ Bay 2,Burrard Station @ Bay 2,50405,Burrard Station,38430,38730,in_service_layover,51.3792909849838,55.270652228256424,21.947277412057588,300,5.0,10:40:30,10:45:30,False,,no_dispenser,0
2161088,heavy,210.0,13.0,40-ft,BTC,1,MF,14855707,14855885,210,211,50405,50405,Burrard Station @ Bay 2,Burrard Station @ Bay 2,50405,Burrard Station,38670,39930,in_service_layover,58.244062056094094,72.14099871233812,78.37872274121634,1260,21.0,10:44:30,11:05:30,False,,no_dispenser,0
2160712,heavy,210.0,25.0,40-ft,BTC,1,MF,14855927,14855668,211,210,50405,50405,Burrard Station @ Bay 2,Burrard Station @ Bay 2,50405,Burrard Station,39810,40650,in_service_layover,55.39791957158264,65.88785760975817,59.16325053530994,840,14.0,11:03:30,11:17:30,False,,no_dispenser,0
2160071,heavy,210.0,1.0,40-ft,BTC,1,MF,14855709,14855884,210,211,50405,50405,Burrard Station @ Bay 2,Burrard Station @ Bay 2,50405,Burrard Station,40470,41490,in_service_layover,45.16969154901751,58.3606757278398,74.39715076855771,1020,17.0,11:14:30,11:31:30,False,,no_dispenser,0
2160701,heavy,210.0,16.0,40-ft,BTC,1,MF,14855951,14855690,211,210,50405,50405,Burrard Station @ Bay 2,Burrard Station @ Bay 2,50405,Burrard Station,41430,42390,in_service_layover,57.294639827258194,68.73559237691403,64.52697238005885,960,16.0,11:30:30,11:46:30,False,,no_dispenser,0
2161062,heavy,210.0,21.0,40-ft,BTC,1,MF,14855730,14855883,210,211,50405,50405,Burrard Station @ Bay 2,Burrard Station @ Bay 2,50405,Burrard Station,42210,43350,in_service_layover,56.95916374898871,70.17220820130613,74.52157071107024,1140,19.0,11:43:30,12:02:30,False,,no_dispenser,0
2161080,heavy,210.0,4.0,40-ft,BTC,1,MF,14855952,14855700,211,210,50405,50405,Burrard Station @ Bay 2,Burrard Station @ Bay 2,50405,Burrard Station,43170,44130,in_service_layover,44.01682993358861,56.43107764548769,70.0163570951108,960,16.0,11:59:30,12:15:30,False,,no_dispenser,0
2161083,heavy,210.0,15.0,40-ft,BTC,1,MF,14855950,14855697,211,210,50405,50405,Burrard Station @ Bay 2,Burrard Station @ Bay 2,50405,Burrard Station,45090,45810,in_service_layover,49.456640980992525,58.83437649979699,52.89042832605725,720,12.0,12:31:30,12:43:30,False,,no_dispenser,0
2161089,heavy,210.0,23.0,40-ft,BTC,1,MF,14855733,14855904,210,211,50405,50405,Burrard Station @ Bay 2,Burrard Station @ Bay 2,50405,Burrard Station,45750,46890,in_service_layover,50.06011500358009,64.44238937706945,81.11602746647992,1140,19.0,12:42:30,13:01:30,False,,no_dispenser,0
2161088,heavy,210.0,13.0,40-ft,BTC,1,MF,14855941,14855669,211,210,50405,50405,Burrard Station @ Bay 2,Burrard Station @ Bay 2,50405,Burrard Station,46830,47610,in_service_layover,55.30025294618306,65.1329461969028,55.4563899340593,780,13.0,13:00:30,13:13:30,False,,no_dispenser,0
2161085,heavy,240.0,28.0,40-ft,BTC,1,MF,14855720,14855881,210,211,50405,50405,Burrard Station @ Bay 2,Burrard Station @ Bay 2,50405,Burrard Station,47490,48450,in_service_layover,52.19576545535172,64.36266602993739,68.62131924066318,960,16.0,13:11:30,13:27:30,False,,no_dispenser,0
2160071,heavy,210.0,1.0,40-ft,BTC,1,MF,14855949,14855691,211,210,50405,50405,Burrard Station @ Bay 2,Burrard Station @ Bay 2,50405,Burrard Station,48570,49290,in_service_layover,41.519929961684745,50.708869288919445,51.82561780560374,720,12.0,13:29:30,13:41:30,False,,no_dispenser,0
2160701,heavy,210.0,16.0,40-ft,BTC,1,MF,14855719,14855880,210,211,50405,50405,Burrard Station @ Bay 2,Burrard Station @ Bay 2,50405,Burrard Station,49050,50310,in_service_layover,53.885421323522685,68.8922797288693,84.63868140615489,1260,21.0,13:37:30,13:58:30,False,,no_dispenser,0
2161062,heavy,210.0,21.0,40-ft,BTC,1,MF,14855953,14855675,211,210,50405,50405,Burrard Station @ Bay 2,Burrard Station @ Bay 2,50405,Burrard Station,50490,50970,in_service_layover,53.33146243515107,59.62794676560853,35.51217162378009,480,8.0,14:01:30,14:09:30,False,,no_dispenser,0
2161097,heavy,210.0,86.0,40-ft,BTC,1,MF,14855718,14855879,210,211,50405,50405,Burrard Station @ Bay 2,Burrard Station @ Bay 2,50405,Burrard Station,51390,51870,in_service_layover,55.28762773642326,61.552466050853894,35.33368809338873,480,8.0,14:16:30,14:24:30,False,,no_dispenser,0
2160073,heavy,210.0,7.0,40-ft,BTC,1,MF,14855711,14855899,210,211,50405,50405,Burrard Station @ Bay 2,Burrard Station @ Bay 2,50405,Burrard Station,53130,53490,in_service_layover,57.70436634336649,62.38243963080347,26.384333341144554,360,6.0,14:45:30,14:51:30,False,,no_dispenser,0
2161089,heavy,210.0,23.0,40-ft,BTC,1,MF,14855938,14859115,211,246,50405,54444,Burrard Station @ Bay 2,Westbound W Georgia St @ Homer St,50405,Burrard Station,54210,54510,interline_start,47.60164361091438,51.43930350416266,21.644401797920295,300,5.0,15:03:30,15:08:30,False,,no_dispenser,0
2161088,heavy,210.0,13.0,40-ft,BTC,1,MF,14855717,14855890,210,211,50405,50405,Burrard Station @ Bay 2,Burrard Station @ Bay 2,50405,Burrard Station,54810,55170,in_service_layover,50.28277514351146,54.94109704518756,26.272935525453192,360,6.0,15:13:30,15:19:30,False,,no_dispenser,0
2161085,heavy,240.0,28.0,40-ft,BTC,1,MF,14855930,14855693,211,210,50405,50405,Burrard Station @ Bay 2,Burrard Station @ Bay 2,50405,Burrard Station,55770,55950,in_service_layover,47.521920263782334,49.81564630549243,12.936614875244913,180,3.0,15:29:30,15:32:30,False,,no_dispenser,0
2160071,heavy,210.0,1.0,40-ft,BTC,1,MF,14855714,14855688,210,210,50405,50405,Burrard Station @ Bay 2,Burrard Station @ Bay 2,50405,Burrard Station,56910,57150,in_service_layover,35.85869823552811,38.87649379395001,17.020366949499532,240,4.0,15:48:30,15:52:30,False,,no_dispenser,0
2160701,heavy,210.0,16.0,40-ft,BTC,1,MF,14855955,14855889,211,211,50405,50405,Burrard Station @ Bay 2,Burrard Station @ Bay 2,50405,Burrard Station,58110,58410,in_service_layover,52.05153396271424,55.95379221080731,22.008736519244906,300,5.0,16:08:30,16:13:30,False,,no_dispenser,0
2161062,heavy,210.0,21.0,40-ft,BTC,1,MF,14855747,14855684,210,210,50405,50405,Burrard Station @ Bay 2,Burrard Station @ Bay 2,50405,Burrard Station,58830,59130,in_service_layover,44.7777757122172,48.59196175217234,21.51200926534699,300,5.0,16:20:30,16:25:30,False,,no_dispenser,0
2161094,heavy,210.0,6.0,40-ft,BTC,1,MF,14855746,14855888,210,211,50405,50405,Burrard Station @ Bay 2,Burrard Station @ Bay 2,50405,Burrard Station,59250,59490,in_service_layover,51.1985765974367,54.302643612460024,17.506937964731605,240,4.0,16:27:30,16:31:30,False,,no_dispenser,0
2161097,heavy,210.0,86.0,40-ft,BTC,1,MF,14855961,14856297,211,214,50405,50405,Burrard Station @ Bay 2,Burrard Station @ Bay 2,50405,Burrard Station,59370,59850,in_service_layover,44.71172028469884,50.84081436741508,34.56809062651959,480,8.0,16:29:30,16:37:30,False,,no_dispenser,0
2161095,heavy,210.0,24.0,40-ft,BTC,1,MF,14855745,14856298,210,214,50405,50405,Burrard Station @ Bay 2,Burrard Station @ Bay 2,50405,Burrard Station,61050,61470,in_service_layover,45.18791080188208,50.54758061210259,30.228537729643733,420,7.0,16:57:30,17:04:30,False,,no_dispenser,0
2161096,heavy,210.0,3.0,40-ft,BTC,1,MF,14855726,14855907,210,211,50405,50405,Burrard Station @ Bay 2,Burrard Station @ Bay 2,50405,Burrard Station,61950,62250,in_service_layover,36.84379748793984,40.62283841834187,21.313790847467487,300,5.0,17:12:30,17:17:30,False,,no_dispenser,0
2160703,heavy,130.0,5.0,40-ft,BTC,1,MF,14846979,14855892,130,211,58043,50405,Kootenay Loop @ Bay 4,Burrard Station @ Bay 2,50405,Burrard Station,62850,63150,interline_end,56.01674985897886,59.972040689072735,22.307840281729455,300,5.0,17:27:30,17:32:30,False,,no_dispenser,0
2161119,heavy,210.0,58.0,40-ft,BTC,1,MF,14855939,14858672,211,241,50405,54444,Burrard Station @ Bay 2,Westbound W Georgia St @ Homer St,50405,Burrard Station,63150,63450,interline_start,69.91878484772126,73.10149037379267,17.95045916704271,300,5.0,17:32:30,17:37:30,False,,no_dispenser,0
2161087,heavy,210.0,17.0,40-ft,BTC,1,MF,14857943,14855685,236,210,54290,50405,Grouse Mountain @ Skyride,Burrard Station @ Bay 2,50405,Burrard Station,63510,63810,interline_end,38.02610788591935,41.81029124280652,21.342794132843608,300,5.0,17:38:30,17:43:30,False,,no_dispenser,0
2161064,heavy,210.0,26.0,40-ft,BTC,1,MF,14857787,14855680,232,210,54290,50405,Grouse Mountain @ Skyride,Burrard Station @ Bay 2,50405,Burrard Station,64830,65130,interline_end,35.30862709422634,39.08099084331854,21.276131544880002,300,5.0,18:00:30,18:05:30,False,,no_dispenser,0
2160071,heavy,210.0,1.0,40-ft,BTC,1,MF,14855735,14855692,210,210,50405,50405,Burrard Station @ Bay 2,Burrard Station @ Bay 2,50405,Burrard Station,65130,65490,in_service_layover,24.026322740558676,28.49691301076308,25.21412912395283,360,6.0,18:05:30,18:11:30,False,,no_dispenser,0
2161084,heavy,210.0,20.0,40-ft,BTC,1,MF,14855723,14855696,210,210,50405,50405,Burrard Station @ Bay 2,Burrard Station @ Bay 2,50405,Burrard Station,66150,66330,in_service_layover,46.508084158612554,48.79778057121105,12.913887767055485,180,3.0,18:22:30,18:25:30,False,,no_dispenser,0
2161062,heavy,210.0,21.0,40-ft,BTC,1,MF,14855729,14855665,210,210,50405,50405,Burrard Station @ Bay 2,Burrard Station @ Bay 2,50405,Burrard Station,66870,67050,in_service_layover,33.741790698780996,35.99810581681226,12.725617265696343,180,3.0,18:34:30,18:37:30,False,,no_dispenser,0
2160073,heavy,210.0,7.0,40-ft,BTC,1,MF,14855727,14855695,210,210,50405,50405,Burrard Station @ Bay 2,Burrard Station @ Bay 2,50405,Burrard Station,68490,68790,in_service_layover,30.691522811257073,34.443804592542925,21.162869246452203,300,5.0,19:01:30,19:06:30,False,,no_dispenser,0
2161062,heavy,210.0,21.0,40-ft,BTC,1,MF,14855597,14855594,209,209,50405,50405,Burrard Station @ Bay 2,Burrard Station @ Bay 2,50405,Burrard Station,73230,73470,in_service_layover,20.83350768197668,23.798811770755847,16.724315060714517,240,4.0,20:20:30,20:24:30,False,,no_dispenser,0
2161063,heavy,210.0,70.0,40-ft,BTC,1,MF,14855595,14855592,209,209,50405,50405,Burrard Station @ Bay 2,Burrard Station @ Bay 2,50405,Burrard Station,76470,76950,in_service_layover,56.74476142564939,62.94495035379347,34.969065554732595,480,8.0,21:14:30,21:22:30,False,,no_dispenser,0
2161063,heavy,210.0,70.0,40-ft,BTC,1,MF,14855605,14855588,209,209,50405,50405,Burrard Station @ Bay 2,Burrard Station @ Bay 2,50405,Burrard Station,83610,84210,in_service_layover,47.529452016445504,55.28258312521959,43.72765945348584,600,10.0,23:13:30,23:23:30,False,,no_dispenser,0
2159900,heavy,22.0,17.0,40-ft,VTC,1,MF,14835671,14835532,022,022,51843,51843,Burrard Station @ Bay 3,Burrard Station @ Bay 3,51843,Burrard Station,85770,86310,in_service_layover,25.786174751488634,32.52001099405237,37.978836408059465,540,9.0,23:49:30,23:58:30,False,,no_dispenser,0
2159915,heavy,22.0,16.0,40-ft,VTC,1,MF,14835648,14835531,022,022,51843,51843,Burrard Station @ Bay 3,Burrard Station @ Bay 3,51843,Burrard Station,87210,88050,in_service_layover,21.316690000050162,31.774508511226607,58.98209640303514,840,14.0,24:13:30,24:27:30,False,,no_dispenser,0
2159906,heavy,22.0,18.0,40-ft,VTC,1,MF,14835630,14835517,022,022,51843,51843,Burrard Station @ Bay 3,Burrard Station @ Bay 3,51843,Burrard Station,89010,89850,in_service_layover,21.31314081466509,31.770936574839837,58.98196808738558,840,14.0,24:43:30,24:57:30,False,,no_dispenser,0
2161065,heavy,210.0,61.0,40-ft,BTC,1,MF,14855599,14886154,209,N24,50405,59832,Burrard Station @ Bay 2,Southbound Howe St @ Dunsmuir St,50405,Burrard Station,93510,93990,in_service_layover,67.73195964705295,72.86369210542273,28.942971065205597,480,8.0,25:58:30,26:06:30,False,,no_dispenser,0
2164409,heavy,802.0,71.0,40-ft,BTC,1,MF,14900430,14900563,245,245,61070,61070,Capilano University @ Bay 2,Capilano University @ Bay 2,61070,Capilano University,32130,32370,in_service_layover,66.94008747120428,69.68623683361815,15.488282404014285,240,4.0,08:55:30,08:59:30,False,,no_dispenser,0
2164411,heavy,802.0,51.0,40-ft,BTC,1,MF,14900444,14900577,245,245,61070,61070,Capilano University @ Bay 2,Capilano University @ Bay 2,61070,Capilano University,37770,38070,in_service_layover,66.94008747120428,70.33132991102916,19.126607360612354,300,5.0,10:29:30,10:34:30,False,,no_dispenser,0
2164412,heavy,802.0,52.0,40-ft,BTC,1,MF,14900446,14900579,245,245,61070,61070,Capilano University @ Bay 2,Capilano University @ Bay 2,61070,Capilano University,38670,38970,in_service_layover,66.94008747120428,70.33132991102916,19.126607360612354,300,5.0,10:44:30,10:49:30,False,,no_dispenser,0
2164411,heavy,802.0,51.0,40-ft,BTC,1,MF,14900448,14900581,245,245,61070,61070,Capilano University @ Bay 2,Capilano University @ Bay 2,61070,Capilano University,39570,39930,in_service_layover,67.09501160490096,71.10102019554667,22.593888451241867,360,6.0,10:59:30,11:05:30,False,,no_dispenser,0
2164414,heavy,802.0,53.0,40-ft,BTC,1,MF,14900449,14900582,245,245,61070,61070,Capilano University @ Bay 2,Capilano University @ Bay 2,61070,Capilano University,39990,40350,in_service_layover,66.94008747120428,70.95869256997955,22.664932757092572,360,6.0,11:06:30,11:12:30,False,,no_dispenser,0
2164412,heavy,802.0,52.0,40-ft,BTC,1,MF,14900450,14900584,245,245,61070,61070,Capilano University @ Bay 2,Capilano University @ Bay 2,61070,Capilano University,40470,41250,in_service_layover,67.09501160490096,74.98008215814885,44.471797920318124,780,13.0,11:14:30,11:27:30,False,,no_dispenser,0
2164416,heavy,802.0,54.0,40-ft,BTC,1,MF,14900451,14900585,245,245,61070,61070,Capilano University @ Bay 2,Capilano University @ Bay 2,61070,Capilano University,40890,41670,in_service_layover,66.94008747120428,74.85377823514214,44.63321590860954,780,13.0,11:21:30,11:34:30,False,,no_dispenser,0
2164411,heavy,802.0,51.0,40-ft,BTC,1,MF,14900452,14900586,245,245,61070,61070,Capilano University @ Bay 2,Capilano University @ Bay 2,61070,Capilano University,41370,42150,in_service_layover,67.86470188941847,75.60670579304255,43.66490201643984,780,13.0,11:29:30,11:42:30,False,,no_dispenser,0
2164414,heavy,802.0,53.0,40-ft,BTC,1,MF,14900453,14900587,245,245,61070,61070,Capilano University @ Bay 2,Capilano University @ Bay 2,61070,Capilano University,41790,42570,in_service_layover,67.72237426385135,75.4909441517057,43.814734167498614,780,13.0,11:36:30,11:49:30,False,,no_dispenser,0
2164412,heavy,802.0,52.0,40-ft,BTC,1,MF,14900460,14900594,245,245,61070,61070,Capilano University @ Bay 2,Capilano University @ Bay 2,61070,Capilano University,44910,45690,in_service_layover,68.50744554589242,76.12886317556664,42.984795431362556,780,13.0,12:28:30,12:41:30,False,,no_dispenser,0
2164416,heavy,802.0,54.0,40-ft,BTC,1,MF,14900461,14900595,245,245,61070,61070,Capilano University @ Bay 2,Capilano University @ Bay 2,61070,Capilano University,45390,46170,in_service_layover,68.38114162288572,76.02633445169768,43.11888755449945,780,13.0,12:36:30,12:49:30,False,,no_dispenser,0
2164411,heavy,802.0,51.0,40-ft,BTC,1,MF,14900462,14900596,245,245,61070,61070,Capilano University @ Bay 2,Capilano University @ Bay 2,61070,Capilano University,45870,46590,in_service_layover,69.13406918078613,76.16611216879244,39.66072245235563,720,12.0,12:44:30,12:56:30,False,,no_dispenser,0
2164414,heavy,802.0,53.0,40-ft,BTC,1,MF,14900463,14900597,245,245,61070,61070,Capilano University @ Bay 2,Capilano University @ Bay 2,61070,Capilano University,46350,47070,in_service_layover,69.01830753944928,76.07061091352777,39.77499102980266,720,12.0,12:52:30,13:04:30,False,,no_dispenser,0
2164412,heavy,802.0,52.0,40-ft,BTC,1,MF,14900470,14900604,245,245,61070,61070,Capilano University @ Bay 2,Capilano University @ Bay 2,61070,Capilano University,49410,50070,in_service_layover,69.65622656331021,76.11561788598844,36.430967059905186,660,11.0,13:43:30,13:54:30,False,,no_dispenser,0
2164416,heavy,802.0,54.0,40-ft,BTC,1,MF,14900471,14900605,245,245,61070,61070,Capilano University @ Bay 2,Capilano University @ Bay 2,61070,Capilano University,49830,50430,in_service_layover,69.55369783944126,75.52955998494461,33.70386250063888,600,10.0,13:50:30,14:00:30,False,,no_dispenser,0
2164411,heavy,802.0,51.0,40-ft,BTC,1,MF,14900472,14900606,245,245,61070,61070,Capilano University @ Bay 2,Capilano University @ Bay 2,61070,Capilano University,50310,50790,in_service_layover,69.69347555653601,74.59956777622678,27.67036011905583,480,8.0,13:58:30,14:06:30,False,,no_dispenser,0
2164414,heavy,802.0,53.0,40-ft,BTC,1,MF,14900473,14900607,245,245,61070,61070,Capilano University @ Bay 2,Capilano University @ Bay 2,61070,Capilano University,50730,51150,in_service_layover,69.59797430127135,73.96264147230815,24.61672284464754,420,7.0,14:05:30,14:12:30,False,,no_dispenser,0
2164417,heavy,802.0,61.0,40-ft,BTC,1,MF,14900479,14900613,245,245,61070,61070,Capilano University @ Bay 2,Capilano University @ Bay 2,61070,Capilano University,53010,53190,in_service_layover,68.24315924653024,70.27645286425704,11.467776003979168,180,3.0,14:43:30,14:46:30,False,,no_dispenser,0
2164412,heavy,802.0,52.0,40-ft,BTC,1,MF,14900480,14900614,245,245,61070,61070,Capilano University @ Bay 2,Capilano University @ Bay 2,61070,Capilano University,53370,53550,in_service_layover,69.64298127373202,71.6178694091522,11.138369083769874,180,3.0,14:49:30,14:52:30,False,,no_dispenser,0
2164417,heavy,802.0,61.0,40-ft,BTC,1,MF,14900509,14900643,245,245,61070,61070,Capilano University @ Bay 2,Capilano University @ Bay 2,61070,Capilano University,63930,64110,in_service_layover,50.85854302748777,53.178277273348314,13.083301146653469,180,3.0,17:45:30,17:48:30,False,,no_dispenser,0
2164412,heavy,802.0,52.0,40-ft,BTC,1,MF,14900510,14900644,245,245,61070,61070,Capilano University @ Bay 2,Capilano University @ Bay 2,61070,Capilano University,64290,64590,in_service_layover,52.19995957238295,56.10462378771943,22.02230617449777,300,5.0,17:51:30,17:56:30,False,,no_dispenser,0
2164416,heavy,802.0,54.0,40-ft,BTC,1,MF,14900511,14900645,245,245,61070,61070,Capilano University @ Bay 2,Capilano University @ Bay 2,61070,Capilano University,64650,64950,in_service_layover,49.63901353591892,53.5022753325451,21.788796532971674,300,5.0,17:57:30,18:02:30,False,,no_dispenser,0
2164411,heavy,802.0,51.0,40-ft,BTC,1,MF,14900512,14900646,245,245,61070,61070,Capilano University @ Bay 2,Capilano University @ Bay 2,61070,Capilano University,65010,65490,in_service_layover,48.709021327201086,54.90965575552973,34.97157817577357,480,8.0,18:03:30,18:11:30,False,,no_dispenser,0
2164414,heavy,802.0,53.0,40-ft,BTC,1,MF,14900513,14900647,245,245,61070,61070,Capilano University @ Bay 2,Capilano University @ Bay 2,61070,Capilano University,65370,65910,in_service_layover,48.072095023282465,55.047614432420055,39.34192946753603,540,9.0,18:09:30,18:18:30,False,,no_dispenser,0
2164417,heavy,802.0,61.0,40-ft,BTC,1,MF,14900514,14900648,245,245,61070,61070,Capilano University @ Bay 2,Capilano University @ Bay 2,61070,Capilano University,65790,66270,in_service_layover,49.94195896722011,56.17092941944437,35.13139335054484,480,8.0,18:16:30,18:24:30,False,,no_dispenser,0
2164416,heavy,802.0,54.0,40-ft,BTC,1,MF,14900515,14900649,245,245,61070,61070,Capilano University @ Bay 2,Capilano University @ Bay 2,61070,Capilano University,66510,66870,in_service_layover,50.265957026416885,54.92395178369588,26.271090431053494,360,6.0,18:28:30,18:34:30,False,,no_dispenser,0
2164414,heavy,802.0,53.0,40-ft,BTC,1,MF,14900516,14900650,245,245,61070,61070,Capilano University @ Bay 2,Capilano University @ Bay 2,61070,Capilano University,67470,67710,in_service_layover,51.81129612629185,54.92330884890092,17.55175175551517,240,4.0,18:44:30,18:48:30,False,,no_dispenser,0
2164416,heavy,802.0,54.0,40-ft,BTC,1,MF,14900517,14900651,245,245,61070,61070,Capilano University @ Bay 2,Capilano University @ Bay 2,61070,Capilano University,68430,68610,in_service_layover,51.687633477567665,54.015431417298196,13.128780380080173,180,3.0,19:00:30,19:03:30,False,,no_dispenser,0
2164414,heavy,802.0,53.0,40-ft,BTC,1,MF,14900518,14900652,245,245,61070,61070,Capilano University @ Bay 2,Capilano University @ Bay 2,61070,Capilano University,69210,69510,in_service_layover,51.68699054277271,55.58333957122949,21.975408520496217,300,5.0,19:13:30,19:18:30,False,,no_dispenser,0
2164416,heavy,802.0,54.0,40-ft,BTC,1,MF,14900519,14900653,245,245,61070,61070,Capilano University @ Bay 2,Capilano University @ Bay 2,61070,Capilano University,70110,70410,in_service_layover,50.779113111169984,54.660745519184026,21.892406781199213,300,5.0,19:28:30,19:33:30,False,,no_dispenser,0
2164414,heavy,802.0,53.0,40-ft,BTC,1,MF,14900520,14900654,245,245,61070,61070,Capilano University @ Bay 2,Capilano University @ Bay 2,61070,Capilano University,71010,71310,in_service_layover,52.347021265101276,56.25406933869668,22.035751135078044,300,5.0,19:43:30,19:48:30,False,,no_dispenser,0
2164416,heavy,802.0,54.0,40-ft,BTC,1,MF,14900521,14900655,245,245,61070,61070,Capilano University @ Bay 2,Capilano University @ Bay 2,61070,Capilano University,71910,72150,in_service_layover,51.424427213055814,54.531423044389484,17.523456488721877,240,4.0,19:58:30,20:02:30,False,,no_dispenser,0
2164414,heavy,802.0,53.0,40-ft,BTC,1,MF,14900522,14900656,245,245,61070,61070,Capilano University @ Bay 2,Capilano University @ Bay 2,61070,Capilano University,72810,73050,in_service_layover,53.01775103256846,56.14540898508977,17.639990852220194,240,4.0,20:13:30,20:17:30,False,,no_dispenser,0
2164416,heavy,802.0,54.0,40-ft,BTC,1,MF,14900523,14900657,245,245,61070,61070,Capilano University @ Bay 2,Capilano University @ Bay 2,61070,Capilano University,73710,73890,in_service_layover,51.29510473826128,53.6190849623389,13.107248463797816,180,3.0,20:28:30,20:31:30,False,,no_dispenser,0
2164414,heavy,802.0,53.0,40-ft,BTC,1,MF,14900524,14900658,245,245,61070,61070,Capilano University @ Bay 2,Capilano University @ Bay 2,61070,Capilano University,74610,74850,in_service_layover,52.90909067896157,56.03533953098051,17.632043525386848,240,4.0,20:43:30,20:47:30,False,,no_dispenser,0
2164416,heavy,802.0,54.0,40-ft,BTC,1,MF,14900525,14900659,245,245,61070,61070,Capilano University @ Bay 2,Capilano University @ Bay 2,61070,Capilano University,75450,75810,in_service_layover,50.382766656210684,55.04303358318029,26.28390546810857,360,6.0,20:57:30,21:03:30,False,,no_dispenser,0
2164414,heavy,802.0,53.0,40-ft,BTC,1,MF,14900526,14900660,245,245,61070,61070,Capilano University @ Bay 2,Capilano University @ Bay 2,61070,Capilano University,76410,76710,in_service_layover,52.7990212248523,56.713396181588784,22.077074755993806,300,5.0,21:13:30,21:18:30,False,,no_dispenser,0
2164416,heavy,802.0,54.0,40-ft,BTC,1,MF,14900527,14900661,245,245,61070,61070,Capilano University @ Bay 2,Capilano University @ Bay 2,61070,Capilano University,77250,77550,in_service_layover,51.806715277052085,55.705005033861234,21.986354228403627,300,5.0,21:27:30,21:32:30,False,,no_dispenser,0
2164414,heavy,802.0,53.0,40-ft,BTC,1,MF,14900528,14900662,245,245,61070,61070,Capilano University @ Bay 2,Capilano University @ Bay 2,61070,Capilano University,78150,78510,in_service_layover,53.47707787546058,58.19753504683134,26.623378446531092,360,6.0,21:42:30,21:48:30,False,,no_dispenser,0
2164416,heavy,802.0,54.0,40-ft,BTC,1,MF,14900529,14900663,245,245,61070,61070,Capilano University @ Bay 2,Capilano University @ Bay 2,61070,Capilano University,78990,79410,in_service_layover,52.46868672773303,57.96468979762322,30.997457314180735,420,7.0,21:56:30,22:03:30,False,,no_dispenser,0
2164414,heavy,802.0,53.0,40-ft,BTC,1,MF,14900530,14900664,245,245,61070,61070,Capilano University @ Bay 2,Capilano University @ Bay 2,61070,Capilano University,79950,80190,in_service_layover,54.96121674070312,58.114077431985855,17.782134298834592,240,4.0,22:12:30,22:16:30,False,,no_dispenser,0
2164416,heavy,802.0,54.0,40-ft,BTC,1,MF,14900531,14900665,245,245,61070,61070,Capilano University @ Bay 2,Capilano University @ Bay 2,61070,Capilano University,80850,81210,in_service_layover,54.72837149149502,59.466352509701345,26.72221294268371,360,6.0,22:27:30,22:33:30,False,,no_dispenser,0
2164416,heavy,802.0,54.0,40-ft,BTC,1,MF,14900532,14900666,245,245,61070,61070,Capilano University @ Bay 2,Capilano University @ Bay 2,61070,Capilano University,82650,83010,in_service_layover,56.23003420357313,60.95607008968027,26.654842397644245,360,6.0,22:57:30,23:03:30,False,,no_dispenser,0
2164416,heavy,802.0,54.0,40-ft,BTC,1,MF,14900533,14900667,245,245,61070,61070,Capilano University @ Bay 2,Capilano University @ Bay 2,61070,Capilano University,84450,84810,in_service_layover,57.71975178355206,62.39713388253341,26.380435038254802,360,6.0,23:27:30,23:33:30,False,,no_dispenser,0
2164416,heavy,802.0,54.0,40-ft,BTC,1,MF,14900534,14900668,245,245,61070,61070,Capilano University @ Bay 2,Capilano University @ Bay 2,61070,Capilano University,86250,86610,in_service_layover,59.1608155764052,63.75625391643568,25.91827223777193,360,6.0,23:57:30,24:03:30,False,,no_dispenser,0
2164416,heavy,802.0,54.0,40-ft,BTC,1,MF,14900535,14900669,245,245,61070,61070,Capilano University @ Bay 2,Capilano University @ Bay 2,61070,Capilano University,87990,88410,in_service_layover,60.51993561030747,65.71450358581394,29.297363381856485,420,7.0,24:26:30,24:33:30,False,,no_dispenser,0
2164416,heavy,802.0,54.0,40-ft,BTC,1,MF,14900536,14900670,245,245,61070,61070,Capilano University @ Bay 2,Capilano University @ Bay 2,61070,Capilano University,89790,90210,in_service_layover,62.478185279685725,67.50977321767965,28.378155970285775,420,7.0,24:56:30,25:03:30,False,,no_dispenser,0
2164416,heavy,802.0,54.0,40-ft,BTC,1,MF,14900537,14900671,245,245,61070,61070,Capilano University @ Bay 2,Capilano University @ Bay 2,61070,Capilano University,91590,91890,in_service_layover,64.27345491155145,67.83285124700123,20.074995331936748,300,5.0,25:26:30,25:31:30,False,,no_dispenser,0
2160461,heavy,410.0,11.0,40-ft,HTC,1,MF,14870620,14870635,388,388,61709,61715,Carvolth Exchange @ Bay 1 Unloading Only,Carvolth Exchange @ Bay 7,61709,Carvolth Exchange,31290,31770,in_service_layover,61.53954431733456,67.32143937237437,32.60988811042455,480,8.0,08:41:30,08:49:30,False,,no_dispenser,0
2164321,heavy,410.0,10.0,40-ft,HTC,1,MF,14870615,14870649,388,388,61709,61715,Carvolth Exchange @ Bay 1 Unloading Only,Carvolth Exchange @ Bay 7,61709,Carvolth Exchange,33090,33630,in_service_layover,58.61760310047066,65.37953542192321,38.1372982929924,540,9.0,09:11:30,09:20:30,False,,no_dispenser,0
2160465,heavy,388.0,5.0,40-ft,HTC,1,MF,14870614,14870652,388,388,61709,61715,Carvolth Exchange @ Bay 1 Unloading Only,Carvolth Exchange @ Bay 7,61709,Carvolth Exchange,34890,35550,in_service_layover,69.9125786355308,76.33044090832864,36.1967432185798,660,11.0,09:41:30,09:52:30,False,,no_dispenser,0
2160470,heavy,388.0,2.0,40-ft,HTC,1,MF,14870613,14870653,388,388,61709,61715,Carvolth Exchange @ Bay 1 Unloading Only,Carvolth Exchange @ Bay 7,61709,Carvolth Exchange,36690,37350,in_service_layover,64.47481569307925,71.73889635380287,40.96941492648119,660,11.0,10:11:30,10:22:30,False,,no_dispenser,0
2160450,heavy,410.0,4.0,40-ft,HTC,1,MF,14870624,14870654,388,388,61709,61715,Carvolth Exchange @ Bay 1 Unloading Only,Carvolth Exchange @ Bay 7,61709,Carvolth Exchange,38730,39150,in_service_layover,49.764100829355,55.198726330170366,30.651287824598683,420,7.0,10:45:30,10:52:30,False,,no_dispenser,0
2162184,heavy,388.0,4.0,40-ft,HTC,1,MF,14870625,14870655,388,388,61709,61715,Carvolth Exchange @ Bay 1 Unloading Only,Carvolth Exchange @ Bay 7,61709,Carvolth Exchange,40530,40950,in_service_layover,62.22995048036736,67.28253908941828,28.496599755047214,420,7.0,11:15:30,11:22:30,False,,no_dispenser,0
2160461,heavy,410.0,11.0,40-ft,HTC,1,MF,14870626,14870656,388,388,61709,61715,Carvolth Exchange @ Bay 1 Unloading Only,Carvolth Exchange @ Bay 7,61709,Carvolth Exchange,42390,42750,in_service_layover,54.44583614287449,59.18190172507334,26.711409883601505,360,6.0,11:46:30,11:52:30,False,,no_dispenser,0
2164321,heavy,410.0,10.0,40-ft,HTC,1,MF,14870627,14870657,388,388,61709,61715,Carvolth Exchange @ Bay 1 Unloading Only,Carvolth Exchange @ Bay 7,61709,Carvolth Exchange,44130,44550,in_service_layover,51.241316926063284,56.709466203316495,30.840361923708087,420,7.0,12:15:30,12:22:30,False,,no_dispenser,0
2160465,heavy,388.0,5.0,40-ft,HTC,1,MF,14870628,14870658,388,388,61709,61715,Carvolth Exchange @ Bay 1 Unloading Only,Carvolth Exchange @ Bay 7,61709,Carvolth Exchange,45930,46350,in_service_layover,58.55343087603565,63.91318416684749,30.229008560178784,420,7.0,12:45:30,12:52:30,False,,no_dispenser,0
2160470,heavy,388.0,2.0,40-ft,HTC,1,MF,14870629,14870659,388,388,61709,61715,Carvolth Exchange @ Bay 1 Unloading Only,Carvolth Exchange @ Bay 7,61709,Carvolth Exchange,47730,48150,in_service_layover,54.29584162583133,59.814579832221206,31.12568348403886,420,7.0,13:15:30,13:22:30,False,,no_dispenser,0
2160450,heavy,410.0,4.0,40-ft,HTC,1,MF,14870630,14870660,388,388,61709,61715,Carvolth Exchange @ Bay 1 Unloading Only,Carvolth Exchange @ Bay 7,61709,Carvolth Exchange,49530,50010,in_service_layover,37.85955112588857,43.92514214003821,34.20993331980398,480,8.0,13:45:30,13:53:30,False,,no_dispenser,0
2162184,heavy,388.0,4.0,40-ft,HTC,1,MF,14870631,14870661,388,388,61709,61715,Carvolth Exchange @ Bay 1 Unloading Only,Carvolth Exchange @ Bay 7,61709,Carvolth Exchange,51330,51870,in_service_layover,50.08825977527134,57.115146873651234,39.63164323486262,540,9.0,14:15:30,14:24:30,False,,no_dispenser,0
2160461,heavy,410.0,11.0,40-ft,HTC,1,MF,14870632,14870648,388,388,61709,61715,Carvolth Exchange @ Bay 1 Unloading Only,Carvolth Exchange @ Bay 7,61709,Carvolth Exchange,53130,53670,in_service_layover,41.887831706923826,48.75351814698997,38.72247152197306,540,9.0,14:45:30,14:54:30,False,,no_dispenser,0
2164321,heavy,410.0,10.0,40-ft,HTC,1,MF,14870633,14870647,388,388,61709,61715,Carvolth Exchange @ Bay 1 Unloading Only,Carvolth Exchange @ Bay 7,61709,Carvolth Exchange,54930,55470,in_service_layover,39.38413037976852,46.22438363027224,38.57902833284098,540,9.0,15:15:30,15:24:30,False,,no_dispenser,0
2160465,heavy,388.0,5.0,40-ft,HTC,1,MF,14870634,14870650,388,388,61709,61715,Carvolth Exchange @ Bay 1 Unloading Only,Carvolth Exchange @ Bay 7,61709,Carvolth Exchange,56670,57270,in_service_layover,45.91277044820435,53.62758895180794,43.51157636032423,600,10.0,15:44:30,15:54:30,False,,no_dispenser,0
2160470,heavy,388.0,2.0,40-ft,HTC,1,MF,14870622,14870646,388,388,61709,61715,Carvolth Exchange @ Bay 1 Unloading Only,Carvolth Exchange @ Bay 7,61709,Carvolth Exchange,58530,59070,in_service_layover,40.19879935866655,47.04612386268649,38.61891020267248,540,9.0,16:15:30,16:24:30,False,,no_dispenser,0
2160462,heavy,410.0,43.0,40-ft,HTC,1,MF,14870621,14870645,388,388,61709,61715,Carvolth Exchange @ Bay 1 Unloading Only,Carvolth Exchange @ Bay 7,61709,Carvolth Exchange,60390,60870,in_service_layover,62.57586688043047,68.25553444619771,32.033325070927276,480,8.0,16:46:30,16:54:30,False,,no_dispenser,0
2162184,heavy,388.0,4.0,40-ft,HTC,1,MF,14870612,14870644,388,388,61709,61715,Carvolth Exchange @ Bay 1 Unloading Only,Carvolth Exchange @ Bay 7,61709,Carvolth Exchange,62190,62670,in_service_layover,37.48618825131067,43.54918097501061,34.19527896166761,480,8.0,17:16:30,17:24:30,False,,no_dispenser,0
2162330,heavy,410.0,46.0,40-ft,HTC,1,MF,14870611,14870643,388,388,61709,61715,Carvolth Exchange @ Bay 1 Unloading Only,Carvolth Exchange @ Bay 7,61709,Carvolth Exchange,63930,64470,in_service_layover,61.590025330399925,68.02022317507742,36.26631584398115,540,9.0,17:45:30,17:54:30,False,,no_dispenser,0
2160473,heavy,410.0,50.0,40-ft,HTC,1,MF,14870610,14870642,388,388,61709,61715,Carvolth Exchange @ Bay 1 Unloading Only,Carvolth Exchange @ Bay 7,61709,Carvolth Exchange,66030,66450,in_service_layover,61.60696207037834,66.71158659632671,28.790082326348852,420,7.0,18:20:30,18:27:30,False,,no_dispenser,0
2160918,heavy,160.0,3.0,40-ft,PCT,1,MF,14851465,14886299,160,N9,53740,53161,Port Coquitlam Station @ Bay 4,Coquitlam Central Station @ Bay 6,53161,Coquitlam Central Station,8370,8670,interline_end,51.37417372671196,55.265452019637905,21.946809572102325,300,5.0,02:19:30,02:24:30,True,1,,1
2160840,heavy,151.0,1.0,40-ft,PCT,1,MF,14886284,14855393,N9,191,53161,53887,Coquitlam Central Station @ Bay 6,Coquitlam Central Station @ Bay 11,53161,Coquitlam Central Station,22410,23010,in_service_layover,62.84668281504303,69.75077469837174,38.93907822197394,600,10.0,06:13:30,06:23:30,True,1,,1
2160859,heavy,152.0,1.0,40-ft,PCT,1,MF,14850401,14850423,153,153,53864,53730,Coquitlam Central Station @ Bay 10,Coquitlam Central Station @ Bay 12,53864,Coquitlam Central Station,23790,24210,in_service_layover,66.59657526134374,71.25760752369237,26.28822195964625,420,7.0,06:36:30,06:43:30,True,1,,1
2161037,heavy,701.0,1.0,40-ft,PCT,1,MF,14886285,14854983,N9,188,53161,53495,Coquitlam Central Station @ Bay 6,Coquitlam Central Station @ Bay 8,53161,Coquitlam Central Station,24330,24990,in_service_layover,62.84668281504303,70.34996706364763,42.31852316212991,660,11.0,06:45:30,06:56:30,True,1,,1
2160811,heavy,151.0,3.0,40-ft,PCT,1,MF,14886292,14849960,N9,151,53161,53021,Coquitlam Central Station @ Bay 6,Coquitlam Central Station @ Bay 3,53161,Coquitlam Central Station,24870,25350,in_service_layover,62.84668281504303,68.49919959928987,31.88019466315211,480,8.0,06:54:30,07:02:30,False,,busy,1
2160840,heavy,151.0,1.0,40-ft,PCT,1,MF,14855428,14850425,191,153,53864,53730,Coquitlam Central Station @ Bay 10,Coquitlam Central Station @ Bay 12,53864,Coquitlam Central Station,25230,26010,in_service_layover,64.6383294078712,72.97027339846312,46.992164106938446,780,13.0,07:00:30,07:13:30,True,1,,1
2160549,heavy,701.0,3.0,40-ft,PCT,1,MF,14878675,14878623,701,701,53864,53161,Coquitlam Central Station @ Bay 10,Coquitlam Central Station @ Bay 6,53864,Coquitlam Central Station,25530,26250,in_service_layover,63.31895304091635,71.32800694513041,45.1710640197673,720,12.0,07:05:30,07:17:30,False,,busy,1
2162571,heavy,701.0,4.0,40-ft,PCT,1,MF,14878676,14878624,701,701,53864,53161,Coquitlam Central Station @ Bay 10,Coquitlam Central Station @ Bay 6,53864,Coquitlam Central Station,26250,27030,in_service_layover,60.14718615978367,69.25765662866633,51.3830534444981,780,13.0,07:17:30,07:30:30,True,1,,1
2160657,heavy,151.0,2.0,40-ft,PCT,1,MF,14849908,14849961,151,151,53864,53021,Coquitlam Central Station @ Bay 10,Coquitlam Central Station @ Bay 3,53864,Coquitlam Central Station,26850,27150,in_service_layover,69.37494536586509,72.59735524321103,18.1743917082311,300,5.0,07:27:30,07:32:30,False,,busy,1
2161036,heavy,183.0,2.0,40-ft,PCT,1,MF,14855025,14855239,188,189,53161,53035,Coquitlam Central Station @ Bay 6,Coquitlam Central Station @ Bay 4,53161,Coquitlam Central Station,27090,27330,in_service_layover,68.40237896023447,71.07049030826829,15.04814800291075,240,4.0,07:31:30,07:35:30,True,1,,1
2160924,heavy,183.0,1.0,40-ft,PCT,1,MF,14853747,14854986,183,188,53161,53495,Coquitlam Central Station @ Bay 6,Coquitlam Central Station @ Bay 8,53161,Coquitlam Central Station,27450,27690,in_service_layover,67.82606223764645,70.5255585712884,15.225159321740534,240,4.0,07:37:30,07:41:30,True,1,,1
2160826,heavy,152.0,3.0,40-ft,PCT,1,MF,14850153,14850231,152,152,53864,53864,Coquitlam Central Station @ Bay 10,Coquitlam Central Station @ Bay 10,53864,Coquitlam Central Station,28110,28830,in_service_layover,61.900517013581535,70.13525350161137,46.443913792488274,720,12.0,07:48:30,08:00:30,True,1,,1
2160811,heavy,151.0,3.0,40-ft,PCT,1,MF,14849910,14849987,151,151,53864,53021,Coquitlam Central Station @ Bay 10,Coquitlam Central Station @ Bay 3,53864,Coquitlam Central Station,28650,28950,in_service_layover,65.86677999808006,69.32780937865782,19.520205706458626,300,5.0,07:57:30,08:02:30,False,,busy,1
2161036,heavy,183.0,2.0,40-ft,PCT,1,MF,14855272,14855408,189,191,53864,53887,Coquitlam Central Station @ Bay 10,Coquitlam Central Station @ Bay 11,53864,Coquitlam Central Station,29130,29910,in_service_layover,68.17997388554335,75.86295572981625,43.33201760169925,780,13.0,08:05:30,08:18:30,True,1,,1
2160855,heavy,701.0,8.0,40-ft,PCT,1,MF,14850407,14850429,153,153,53864,53730,Coquitlam Central Station @ Bay 10,Coquitlam Central Station @ Bay 12,53864,Coquitlam Central Station,29370,29610,in_service_layover,66.26332365029253,69.04380738509622,15.681928264292821,240,4.0,08:09:30,08:13:30,False,,busy,1
2160840,heavy,151.0,1.0,40-ft,PCT,1,MF,14850408,14850430,153,153,53864,53730,Coquitlam Central Station @ Bay 10,Coquitlam Central Station @ Bay 12,53864,Coquitlam Central Station,30270,30510,in_service_layover,69.01881782896908,71.65245393364859,14.853707630392421,240,4.0,08:24:30,08:28:30,True,1,,1
2160869,heavy,701.0,6.0,40-ft,PCT,1,MF,14851247,14878607,159,701,53864,53161,Coquitlam Central Station @ Bay 10,Coquitlam Central Station @ Bay 6,53864,Coquitlam Central Station,30330,30630,in_service_layover,65.0731262726598,68.58393463473894,19.800959162126333,300,5.0,08:25:30,08:30:30,False,,busy,1
2160657,heavy,151.0,2.0,40-ft,PCT,1,MF,14849911,14849988,151,151,53864,53021,Coquitlam Central Station @ Bay 10,Coquitlam Central Station @ Bay 3,53864,Coquitlam Central Station,30390,30750,in_service_layover,68.44151912874003,72.33555684254685,21.962372705870507,360,6.0,08:26:30,08:32:30,False,,busy,1
2160546,heavy,183.0,52.0,40-ft,PCT,1,MF,14855442,14853809,191,183,53864,53866,Coquitlam Central Station @ Bay 10,Coquitlam Central Station @ Bay 5,53864,Coquitlam Central Station,30390,31110,in_service_layover,69.35344292862933,76.34699821855997,39.44365183520881,720,12.0,08:26:30,08:38:30,False,,busy,1
2165261,heavy,151.0,53.0,40-ft,PCT,1,MF,14854768,14854735,187,187,53864,53357,Coquitlam Central Station @ Bay 10,Coquitlam Central Station @ Bay 9,53864,Coquitlam Central Station,30870,31530,in_service_layover,68.93913922828378,75.51383900039791,37.08130671472372,660,11.0,08:34:30,08:45:30,True,1,,1
2165260,heavy,151.0,52.0,40-ft,PCT,1,MF,14850409,14850431,153,153,53864,53730,Coquitlam Central Station @ Bay 10,Coquitlam Central Station @ Bay 12,53864,Coquitlam Central Station,31290,31470,in_service_layover,69.51202593513938,71.49258264736011,11.170339856924954,180,3.0,08:41:30,08:44:30,False,,busy,1
2160925,heavy,160.0,4.0,40-ft,PCT,1,MF,14853717,14854952,183,188,53161,53495,Coquitlam Central Station @ Bay 6,Coquitlam Central Station @ Bay 8,53161,Coquitlam Central Station,31410,31650,in_service_layover,68.02484193204748,70.71360557399765,15.164626940598907,240,4.0,08:43:30,08:47:30,False,,busy,1
2161034,heavy,183.0,5.0,40-ft,PCT,1,MF,14855030,14855409,188,191,53161,53887,Coquitlam Central Station @ Bay 6,Coquitlam Central Station @ Bay 11,53161,Coquitlam Central Station,31410,31830,in_service_layover,67.13450412744007,71.74405200631482,25.997850036853663,420,7.0,08:43:30,08:50:30,False,,busy,1
2160832,heavy,183.0,4.0,40-ft,PCT,1,MF,14878681,14878609,701,701,53864,53161,Coquitlam Central Station @ Bay 10,Coquitlam Central Station @ Bay 6,53864,Coquitlam Central Station,32070,32430,in_service_layover,60.12470688554848,64.64777731919752,25.510117245780634,360,6.0,08:54:30,09:00:30,True,1,,1
2160811,heavy,151.0,3.0,40-ft,PCT,1,MF,14849912,14849989,151,151,53864,53021,Coquitlam Central Station @ Bay 10,Coquitlam Central Station @ Bay 3,53864,Coquitlam Central Station,32250,32550,in_service_layover,63.16029072205325,66.78556904817303,20.446569759315594,300,5.0,08:57:30,09:02:30,False,,busy,1
2160900,heavy,183.0,7.0,40-ft,PCT,1,MF,14855274,14854953,189,188,53864,53495,Coquitlam Central Station @ Bay 10,Coquitlam Central Station @ Bay 8,53864,Coquitlam Central Station,32730,33210,in_service_layover,67.34476195682636,72.5199152170813,29.18786438783792,480,8.0,09:05:30,09:13:30,True,1,,1
2160924,heavy,183.0,1.0,40-ft,PCT,1,MF,14855031,14855410,188,191,53161,53887,Coquitlam Central Station @ Bay 6,Coquitlam Central Station @ Bay 11,53161,Coquitlam Central Station,32850,33630,in_service_layover,68.4485578180687,76.08106494844375,43.04734021531533,780,13.0,09:07:30,09:20:30,False,,busy,1
2162571,heavy,701.0,4.0,40-ft,PCT,1,MF,14878682,14878611,701,701,53864,53161,Coquitlam Central Station @ Bay 10,Coquitlam Central Station @ Bay 6,53864,Coquitlam Central Station,32970,33450,in_service_layover,58.723176854706495,64.7794564024321,34.15741664917243,480,8.0,09:09:30,09:17:30,False,,busy,1
2160803,heavy,152.0,13.0,40-ft,PCT,1,MF,14851246,14851283,159,159,53864,53299,Coquitlam Central Station @ Bay 10,Coquitlam Central Station @ Bay 1,53864,Coquitlam Central Station,33210,33510,in_service_layover,65.04327146986913,68.55592210059115,19.81134955727225,300,5.0,09:13:30,09:18:30,True,1,,1
2160854,heavy,151.0,9.0,40-ft,PCT,1,MF,14850411,14850433,153,153,53864,53730,Coquitlam Central Station @ Bay 10,Coquitlam Central Station @ Bay 12,53864,Coquitlam Central Station,33210,33510,in_service_layover,64.72893670948805,68.26085105782516,19.91999692462133,300,5.0,09:13:30,09:18:30,False,,busy,1
2160826,heavy,152.0,3.0,40-ft,PCT,1,MF,14850144,14850217,152,152,53864,53864,Coquitlam Central Station @ Bay 10,Coquitlam Central Station @ Bay 10,53864,Coquitlam Central Station,33330,33690,in_service_layover,60.763323855072336,65.24110230506722,25.254670457971088,360,6.0,09:15:30,09:21:30,False,,busy,1
2160549,heavy,701.0,3.0,40-ft,PCT,1,MF,14878683,14878612,701,701,53864,53161,Coquitlam Central Station @ Bay 10,Coquitlam Central Station @ Bay 6,53864,Coquitlam Central Station,33870,34110,in_service_layover,54.57032783037068,57.71811949931327,17.753545012836184,240,4.0,09:24:30,09:28:30,True,1,,1
2160657,heavy,151.0,2.0,40-ft,PCT,1,MF,14849913,14849962,151,151,53864,53021,Coquitlam Central Station @ Bay 10,Coquitlam Central Station @ Bay 3,53864,Coquitlam Central Station,33990,34350,in_service_layover,68.19045096937818,72.10570540758773,22.082035031501846,360,6.0,09:26:30,09:32:30,False,,busy,1
2160855,heavy,701.0,8.0,40-ft,PCT,1,MF,14850412,14850434,153,153,53864,53730,Coquitlam Central Station @ Bay 10,Coquitlam Central Station @ Bay 12,53864,Coquitlam Central Station,34110,34710,in_service_layover,63.491733129892616,70.31136749524376,38.46273782058046,600,10.0,09:28:30,09:38:30,True,1,,1
2161037,heavy,701.0,1.0,40-ft,PCT,1,MF,14853756,14854954,183,188,53161,53495,Coquitlam Central Station @ Bay 6,Coquitlam Central Station @ Bay 8,53161,Coquitlam Central Station,34770,35010,in_service_layover,60.305543937159634,63.36911159970528,17.278521616757416,240,4.0,09:39:30,09:43:30,True,1,,1
2160805,heavy,152.0,10.0,40-ft,PCT,1,MF,14851245,14851282,159,159,53864,53299,Coquitlam Central Station @ Bay 10,Coquitlam Central Station @ Bay 1,53864,Coquitlam Central Station,34830,35190,in_service_layover,62.96350672560488,67.28521051718677,24.37440938452187,360,6.0,09:40:30,09:46:30,False,,busy,1
2161040,heavy,183.0,10.0,40-ft,PCT,1,MF,14850189,14850216,152,152,53864,53864,Coquitlam Central Station @ Bay 10,Coquitlam Central Station @ Bay 10,53864,Coquitlam Central Station,35070,35490,in_service_layover,67.93641205686153,72.46788715285419,25.557519541398563,420,7.0,09:44:30,09:51:30,True,1,,1
2160811,heavy,151.0,3.0,40-ft,PCT,1,MF,14849914,14849965,151,151,53864,53021,Coquitlam Central Station @ Bay 10,Coquitlam Central Station @ Bay 3,53864,Coquitlam Central Station,35670,36150,in_service_layover,64.25499176179828,69.76340818476427,31.06746862552825,480,8.0,09:54:30,10:02:30,True,1,,1
2160647,heavy,151.0,12.0,40-ft,PCT,1,MF,14850413,14850435,153,153,53864,53730,Coquitlam Central Station @ Bay 10,Coquitlam Central Station @ Bay 12,53864,Coquitlam Central Station,35670,36510,in_service_layover,66.34702491495301,74.86400947635447,48.03579292630417,840,14.0,09:54:30,10:08:30,False,,busy,1
2160884,heavy,152.0,16.0,40-ft,PCT,1,MF,14878638,14851281,701,159,53864,53299,Coquitlam Central Station @ Bay 10,Coquitlam Central Station @ Bay 1,53864,Coquitlam Central Station,36270,36990,in_service_layover,60.14718615978367,68.65404016293614,47.97865657777993,720,12.0,10:04:30,10:16:30,True,1,,1
2160913,heavy,183.0,3.0,40-ft,PCT,1,MF,14855033,14855412,188,191,53161,53887,Coquitlam Central Station @ Bay 6,Coquitlam Central Station @ Bay 11,53161,Coquitlam Central Station,36510,36870,in_service_layover,65.58793561893744,69.71397267417281,23.27084899152743,360,6.0,10:08:30,10:14:30,False,,busy,1
2160858,heavy,152.0,51.0,40-ft,PCT,1,MF,14851244,14878561,159,701,53864,53161,Coquitlam Central Station @ Bay 10,Coquitlam Central Station @ Bay 6,53864,Coquitlam Central Station,36630,36810,in_service_layover,68.29611120639768,70.3272832781031,11.455810484418521,180,3.0,10:10:30,10:13:30,False,,busy,1
2160825,heavy,151.0,10.0,40-ft,PCT,1,MF,14850188,14850215,152,152,53864,53864,Coquitlam Central Station @ Bay 10,Coquitlam Central Station @ Bay 10,53864,Coquitlam Central Station,36750,37230,in_service_layover,63.28780545243799,68.89571133766943,31.628589192705306,480,8.0,10:12:30,10:20:30,False,,busy,1
2162572,heavy,701.0,12.0,40-ft,PCT,1,MF,14878686,14878586,701,701,53864,53161,Coquitlam Central Station @ Bay 10,Coquitlam Central Station @ Bay 6,53864,Coquitlam Central Station,37230,37710,in_service_layover,63.77768908474597,69.33549131160753,31.346004559499193,480,8.0,10:20:30,10:28:30,True,1,,1
2160854,heavy,151.0,9.0,40-ft,PCT,1,MF,14850414,14850436,153,153,53864,53730,Coquitlam Central Station @ Bay 10,Coquitlam Central Station @ Bay 12,53864,Coquitlam Central Station,37410,38310,in_service_layover,63.43205807555845,73.0349562027215,54.160345437199624,900,15.0,10:23:30,10:38:30,False,,busy,1
2160657,heavy,151.0,2.0,40-ft,PCT,1,MF,14849909,14849966,151,151,53864,53021,Coquitlam Central Station @ Bay 10,Coquitlam Central Station @ Bay 3,53864,Coquitlam Central Station,37470,37950,in_service_layover,69.84563051455896,74.73382405816957,27.569411585963792,480,8.0,10:24:30,10:32:30,False,,busy,1
2161035,heavy,183.0,6.0,40-ft,PCT,1,MF,14855446,14853813,191,183,53864,53866,Coquitlam Central Station @ Bay 10,Coquitlam Central Station @ Bay 5,53864,Coquitlam Central Station,37530,38310,in_service_layover,67.45100799534818,75.27008780441517,44.09961012313789,780,13.0,10:25:30,10:38:30,False,,busy,1
2161036,heavy,183.0,2.0,40-ft,PCT,1,MF,14853758,14855413,183,191,53161,53887,Coquitlam Central Station @ Bay 6,Coquitlam Central Station @ Bay 11,53161,Coquitlam Central Station,38070,38670,in_service_layover,66.71175904013641,73.09446131650722,35.99844083873131,600,10.0,10:34:30,10:44:30,True,1,,1
2160869,heavy,701.0,6.0,40-ft,PCT,1,MF,14878687,14878587,701,701,53864,53161,Coquitlam Central Station @ Bay 10,Coquitlam Central Station @ Bay 6,53864,Coquitlam Central Station,38130,38610,in_service_layover,51.82625551997923,58.104057193273285,35.40680143737853,480,8.0,10:35:30,10:43:30,False,,busy,1
2160859,heavy,152.0,1.0,40-ft,PCT,1,MF,14851243,14851280,159,159,53864,53299,Coquitlam Central Station @ Bay 10,Coquitlam Central Station @ Bay 1,53864,Coquitlam Central Station,38370,38790,in_service_layover,64.01130145889614,68.90982634625297,27.62768036469248,420,7.0,10:39:30,10:46:30,False,,busy,1
2160826,heavy,152.0,3.0,40-ft,PCT,1,MF,14850187,14850214,152,152,53864,53864,Coquitlam Central Station @ Bay 10,Coquitlam Central Station @ Bay 10,53864,Coquitlam Central Station,38370,39030,in_service_layover,59.88301522721235,67.80750380418604,44.69411557413167,660,11.0,10:39:30,10:50:30,False,,busy,1
2162571,heavy,701.0,4.0,40-ft,PCT,1,MF,14878688,14878588,701,701,53864,53161,Coquitlam Central Station @ Bay 10,Coquitlam Central Station @ Bay 6,53864,Coquitlam Central Station,39030,39510,in_service_layover,54.38879230220006,60.67601848756053,35.4599556854331,480,8.0,10:50:30,10:58:30,True,1,,1
2160421,heavy,152.0,7.0,40-ft,PCT,1,MF,14850415,14850437,153,153,53864,53730,Coquitlam Central Station @ Bay 10,Coquitlam Central Station @ Bay 12,53864,Coquitlam Central Station,39210,40110,in_service_layover,64.7966871643981,74.11691939187335,52.56610976296042,900,15.0,10:53:30,11:08:30,False,,busy,1
2160811,heavy,151.0,3.0,40-ft,PCT,1,MF,14849915,14849967,151,151,53864,53021,Coquitlam Central Station @ Bay 10,Coquitlam Central Station @ Bay 3,53864,Coquitlam Central Station,39270,39750,in_service_layover,68.31872261738182,73.38395070148944,28.56788639436695,480,8.0,10:54:30,11:02:30,False,,busy,1
2160913,heavy,183.0,3.0,40-ft,PCT,1,MF,14855447,14854957,191,188,53864,53495,Coquitlam Central Station @ Bay 10,Coquitlam Central Station @ Bay 8,53864,Coquitlam Central Station,39330,40410,in_service_layover,64.60152738367225,75.36310673865422,60.695307562098264,1080,18.0,10:55:30,11:13:30,False,,busy,1
2161034,heavy,183.0,5.0,40-ft,PCT,1,MF,14853759,14855414,183,191,53161,53887,Coquitlam Central Station @ Bay 6,Coquitlam Central Station @ Bay 11,53161,Coquitlam Central Station,39870,40590,in_service_layover,64.91710072178222,72.66594413711948,43.703476862502214,720,12.0,11:04:30,11:16:30,True,1,,1
2160832,heavy,183.0,4.0,40-ft,PCT,1,MF,14878689,14853814,701,183,53864,53866,Coquitlam Central Station @ Bay 10,Coquitlam Central Station @ Bay 5,53864,Coquitlam Central Station,39930,40170,in_service_layover,47.8900982044378,50.9566674618473,17.295450611789647,240,4.0,11:05:30,11:09:30,False,,busy,1
2161037,heavy,701.0,1.0,40-ft,PCT,1,MF,14855035,14878589,188,701,53161,53161,Coquitlam Central Station @ Bay 6,Coquitlam Central Station @ Bay 6,53161,Coquitlam Central Station,39990,40410,in_service_layover,63.5199830066783,68.46178063540466,27.87173862601668,420,7.0,11:06:30,11:13:30,False,,busy,1
2160828,heavy,152.0,15.0,40-ft,PCT,1,MF,14851228,14851271,159,159,53864,53299,Coquitlam Central Station @ Bay 10,Coquitlam Central Station @ Bay 1,53864,Coquitlam Central Station,40110,40590,in_service_layover,66.03901910688568,71.3578781644771,29.998365084815703,480,8.0,11:08:30,11:16:30,False,,busy,1
2161040,heavy,183.0,10.0,40-ft,PCT,1,MF,14850186,14850213,152,152,53864,53864,Coquitlam Central Station @ Bay 10,Coquitlam Central Station @ Bay 10,53864,Coquitlam Central Station,40230,40830,in_service_layover,66.66687341544028,73.05584200956365,36.03378287085587,600,10.0,11:10:30,11:20:30,False,,busy,1
2160840,heavy,151.0,1.0,40-ft,PCT,1,MF,14850416,14850438,153,153,53864,53730,Coquitlam Central Station @ Bay 10,Coquitlam Central Station @ Bay 12,53864,Coquitlam Central Station,41010,41910,in_service_layover,68.78428606612766,77.25225854863653,47.75936480134999,900,15.0,11:23:30,11:38:30,True,1,,1
2161036,heavy,183.0,2.0,40-ft,PCT,1,MF,14855448,14853815,191,183,53864,53866,Coquitlam Central Station @ Bay 10,Coquitlam Central Station @ Bay 5,53864,Coquitlam Central Station,41130,41910,in_service_layover,67.98201602600668,75.70208604285178,43.541194895006356,780,13.0,11:25:30,11:38:30,False,,busy,1
2160657,heavy,151.0,2.0,40-ft,PCT,1,MF,14849916,14849968,151,151,53864,53021,Coquitlam Central Station @ Bay 10,Coquitlam Central Station @ Bay 3,53864,Coquitlam Central Station,41190,41550,in_service_layover,68.56630540156499,72.44973997641907,21.902571002177012,360,6.0,11:26:30,11:32:30,False,,busy,1
2160549,heavy,701.0,3.0,40-ft,PCT,1,MF,14878691,14878591,701,701,53864,53161,Coquitlam Central Station @ Bay 10,Coquitlam Central Station @ Bay 6,53864,Coquitlam Central Station,41790,42210,in_service_layover,40.96044038455354,46.283198098765666,30.020353508156376,420,7.0,11:36:30,11:43:30,False,,busy,1
2160924,heavy,183.0,1.0,40-ft,PCT,1,MF,14855036,14854958,188,188,53161,53495,Coquitlam Central Station @ Bay 6,Coquitlam Central Station @ Bay 8,53161,Coquitlam Central Station,41790,42210,in_service_layover,69.88730456750706,74.22223034814496,24.448981402797813,420,7.0,11:36:30,11:43:30,False,,busy,1
2160808,heavy,183.0,9.0,40-ft,PCT,1,MF,14851227,14851270,159,159,53864,53299,Coquitlam Central Station @ Bay 10,Coquitlam Central Station @ Bay 1,53864,Coquitlam Central Station,41910,42270,in_service_layover,65.75669366454527,69.8695681516333,23.196612107176463,360,6.0,11:38:30,11:44:30,True,1,,1
2160825,heavy,151.0,10.0,40-ft,PCT,1,MF,14850185,14850212,152,152,53864,53864,Coquitlam Central Station @ Bay 10,Coquitlam Central Station @ Bay 10,53864,Coquitlam Central Station,42270,42930,in_service_layover,66.49750646270694,73.45532387459302,39.24209020303749,660,11.0,11:44:30,11:55:30,True,1,,1
2160810,heavy,151.0,6.0,40-ft,PCT,1,MF,14850417,14850439,153,153,53864,53730,Coquitlam Central Station @ Bay 10,Coquitlam Central Station @ Bay 12,53864,Coquitlam Central Station,42930,43650,in_service_layover,67.2807329302519,74.63319890748605,41.46790811160059,720,12.0,11:55:30,12:07:30,True,1,,1
2161034,heavy,183.0,5.0,40-ft,PCT,1,MF,14855449,14855416,191,191,53864,53887,Coquitlam Central Station @ Bay 10,Coquitlam Central Station @ Bay 11,53864,Coquitlam Central Station,43230,44010,in_service_layover,67.55349884661894,75.353523223133,43.99213748353924,780,13.0,12:00:30,12:13:30,False,,busy,1
2161035,heavy,183.0,6.0,40-ft,PCT,1,MF,14853761,14853816,183,183,53161,53866,Coquitlam Central Station @ Bay 6,Coquitlam Central Station @ Bay 5,53161,Coquitlam Central Station,43530,43770,in_service_layover,65.89156822049786,68.69043221939444,15.785592953776757,240,4.0,12:05:30,12:09:30,False,,busy,1
2160803,heavy,152.0,13.0,40-ft,PCT,1,MF,14851226,14851269,159,159,53864,53299,Coquitlam Central Station @ Bay 10,Coquitlam Central Station @ Bay 1,53864,Coquitlam Central Station,43710,44190,in_service_layover,60.011533916802705,65.93952125327527,33.43384857770525,480,8.0,12:08:30,12:16:30,True,1,,1
2160826,heavy,152.0,3.0,40-ft,PCT,1,MF,14850184,14850211,152,152,53864,53864,Coquitlam Central Station @ Bay 10,Coquitlam Central Station @ Bay 10,53864,Coquitlam Central Station,43830,44730,in_service_layover,62.98302495297359,72.6779318336425,54.67927480697267,900,15.0,12:10:30,12:25:30,False,,busy,1
2160869,heavy,701.0,6.0,40-ft,PCT,1,MF,14878694,14878594,701,701,53864,53161,Coquitlam Central Station @ Bay 10,Coquitlam Central Station @ Bay 6,53864,Coquitlam Central Station,44370,44910,in_service_layover,47.66336122886252,54.62955562939271,39.289336418990274,540,9.0,12:19:30,12:28:30,True,1,,1
2160855,heavy,701.0,8.0,40-ft,PCT,1,MF,14850370,14850440,153,153,53864,53730,Coquitlam Central Station @ Bay 10,Coquitlam Central Station @ Bay 12,53864,Coquitlam Central Station,44670,45450,in_service_layover,64.93051008331214,73.21008472024056,46.696800952276305,780,13.0,12:24:30,12:37:30,False,,busy,1
2160657,heavy,151.0,2.0,40-ft,PCT,1,MF,14849918,14849970,151,151,53864,53021,Coquitlam Central Station @ Bay 10,Coquitlam Central Station @ Bay 3,53864,Coquitlam Central Station,44790,45150,in_service_layover,69.55803840723617,73.35584386853586,21.41962280173027,360,6.0,12:26:30,12:32:30,False,,busy,1
2161016,heavy,183.0,11.0,40-ft,PCT,1,MF,14855450,14855417,191,191,53864,53887,Coquitlam Central Station @ Bay 10,Coquitlam Central Station @ Bay 11,53864,Coquitlam Central Station,44970,45690,in_service_layover,64.9703037528781,72.71037603727089,43.65400768397541,720,12.0,12:29:30,12:41:30,True,1,,1
2162572,heavy,701.0,12.0,40-ft,PCT,1,MF,14878695,14878595,701,701,53864,53161,Coquitlam Central Station @ Bay 10,Coquitlam Central Station @ Bay 6,53864,Coquitlam Central Station,45330,45810,in_service_layover,52.57781219684781,58.86961948800942,35.48579312215145,480,8.0,12:35:30,12:43:30,False,,busy,1
2160913,heavy,183.0,3.0,40-ft,PCT,1,MF,14855038,14853817,188,183,53161,53866,Coquitlam Central Station @ Bay 6,Coquitlam Central Station @ Bay 5,53161,Coquitlam Central Station,45390,45570,in_service_layover,66.88309969858048,68.96851793545018,11.761758855945061,180,3.0,12:36:30,12:39:30,False,,busy,1
2160832,heavy,183.0,4.0,40-ft,PCT,1,MF,14853762,14854960,183,188,53161,53495,Coquitlam Central Station @ Bay 6,Coquitlam Central Station @ Bay 8,53161,Coquitlam Central Station,45390,45810,in_service_layover,49.29608458818047,54.72122384841062,30.597785427698,420,7.0,12:36:30,12:43:30,False,,busy,1
2160805,heavy,152.0,10.0,40-ft,PCT,1,MF,14851242,14851279,159,159,53864,53299,Coquitlam Central Station @ Bay 10,Coquitlam Central Station @ Bay 1,53864,Coquitlam Central Station,45510,45870,in_service_layover,60.85227888631821,65.32374846884885,25.21908844547272,360,6.0,12:38:30,12:44:30,False,,busy,1
2161040,heavy,183.0,10.0,40-ft,PCT,1,MF,14850183,14850210,152,152,53864,53864,Coquitlam Central Station @ Bay 10,Coquitlam Central Station @ Bay 10,53864,Coquitlam Central Station,45630,46530,in_service_layover,67.21446492058092,76.02262560111285,49.67802623820006,900,15.0,12:40:30,12:55:30,False,,busy,1
2161037,heavy,701.0,1.0,40-ft,PCT,1,MF,14878696,14878596,701,701,53864,53161,Coquitlam Central Station @ Bay 10,Coquitlam Central Station @ Bay 6,53864,Coquitlam Central Station,46290,46710,in_service_layover,55.69435858174637,61.1938972979696,31.017398359499055,420,7.0,12:51:30,12:58:30,True,1,,1
2160647,heavy,151.0,12.0,40-ft,PCT,1,MF,14850371,14850441,153,153,53864,53730,Coquitlam Central Station @ Bay 10,Coquitlam Central Station @ Bay 12,53864,Coquitlam Central Station,46470,47250,in_service_layover,66.2347182383703,74.27796885488937,45.36393347716745,780,13.0,12:54:30,13:07:30,False,,busy,1
2160811,heavy,151.0,3.0,40-ft,PCT,1,MF,14849919,14849971,151,151,53864,53021,Coquitlam Central Station @ Bay 10,Coquitlam Central Station @ Bay 3,53864,Coquitlam Central Station,46590,46950,in_service_layover,68.2209272158436,72.13361431494373,22.067555238924683,360,6.0,12:56:30,13:02:30,False,,busy,1
2161036,heavy,183.0,2.0,40-ft,PCT,1,MF,14853763,14855418,183,191,53161,53887,Coquitlam Central Station @ Bay 6,Coquitlam Central Station @ Bay 11,53161,Coquitlam Central Station,47130,47670,in_service_layover,66.32356645893445,72.19474713092366,33.113458990019126,540,9.0,13:05:30,13:14:30,True,1,,1
2162571,heavy,701.0,4.0,40-ft,PCT,1,MF,14878697,14878597,701,701,53864,53161,Coquitlam Central Station @ Bay 10,Coquitlam Central Station @ Bay 6,53864,Coquitlam Central Station,47190,47610,in_service_layover,43.91833937280081,49.26375095862808,30.1481213440658,420,7.0,13:06:30,13:13:30,False,,busy,1
2160924,heavy,183.0,1.0,40-ft,PCT,1,MF,14855039,14854961,188,188,53161,53495,Coquitlam Central Station @ Bay 6,Coquitlam Central Station @ Bay 8,53161,Coquitlam Central Station,47190,47670,in_service_layover,65.74222330807123,71.09316087225712,30.17928786200838,480,8.0,13:06:30,13:14:30,False,,busy,1
2162641,heavy,701.0,10.0,40-ft,PCT,1,MF,14851225,14851268,159,159,53864,53299,Coquitlam Central Station @ Bay 10,Coquitlam Central Station @ Bay 1,53864,Coquitlam Central Station,47430,47910,in_service_layover,66.62751747375209,71.88212800758026,29.636003410790806,480,8.0,13:10:30,13:18:30,False,,busy,1
2160825,heavy,151.0,10.0,40-ft,PCT,1,MF,14850182,14850209,152,152,53864,53864,Coquitlam Central Station @ Bay 10,Coquitlam Central Station @ Bay 10,53864,Coquitlam Central Station,47550,48270,in_service_layover,64.3062629841987,72.15530548547284,44.26859970718618,720,12.0,13:12:30,13:24:30,False,,busy,1
2160549,heavy,701.0,3.0,40-ft,PCT,1,MF,14878698,14878598,701,701,53864,53161,Coquitlam Central Station @ Bay 10,Coquitlam Central Station @ Bay 6,53864,Coquitlam Central Station,48030,48390,in_service_layover,33.515776045107366,38.03626918095423,25.495581286176332,360,6.0,13:20:30,13:26:30,True,1,,1
2160854,heavy,151.0,9.0,40-ft,PCT,1,MF,14850372,14850442,153,153,53864,53730,Coquitlam Central Station @ Bay 10,Coquitlam Central Station @ Bay 12,53864,Coquitlam Central Station,48390,49050,in_service_layover,65.84007688881684,72.89854319089514,39.80974994372167,660,11.0,13:26:30,13:37:30,True,1,,1
2161016,heavy,183.0,11.0,40-ft,PCT,1,MF,14855452,14855419,191,191,53864,53887,Coquitlam Central Station @ Bay 10,Coquitlam Central Station @ Bay 11,53864,Coquitlam Central Station,48450,49530,in_service_layover,67.59793074677034,77.59579362940947,56.387946658084616,1080,18.0,13:27:30,13:45:30,False,,busy,1
2160900,heavy,183.0,7.0,40-ft,PCT,1,MF,14855040,14854962,188,188,53161,53495,Coquitlam Central Station @ Bay 6,Coquitlam Central Station @ Bay 8,53161,Coquitlam Central Station,48990,49590,in_service_layover,68.04420480664511,74.23863619371997,34.93659302310215,600,10.0,13:36:30,13:46:30,False,,busy,1
2160859,heavy,152.0,1.0,40-ft,PCT,1,MF,14851241,14851278,159,159,53864,53299,Coquitlam Central Station @ Bay 10,Coquitlam Central Station @ Bay 1,53864,Coquitlam Central Station,49230,49830,in_service_layover,58.88418210746643,66.29645526098486,41.80522058584393,600,10.0,13:40:30,13:50:30,True,1,,1
2160826,heavy,152.0,3.0,40-ft,PCT,1,MF,14850181,14850208,152,152,53864,53864,Coquitlam Central Station @ Bay 10,Coquitlam Central Station @ Bay 10,53864,Coquitlam Central Station,49410,50070,in_service_layover,65.57989990963216,72.67790388539571,40.03274242330639,660,11.0,13:43:30,13:54:30,False,,busy,1
2160811,heavy,151.0,3.0,40-ft,PCT,1,MF,14849921,14849973,151,151,53864,53021,Coquitlam Central Station @ Bay 10,Coquitlam Central Station @ Bay 3,53864,Coquitlam Central Station,50130,50550,in_service_layover,67.9966700425241,72.52221420000508,25.524069048192757,420,7.0,13:55:30,14:02:30,True,1,,1
2160421,heavy,152.0,7.0,40-ft,PCT,1,MF,14850373,14850443,153,153,53864,53730,Coquitlam Central Station @ Bay 10,Coquitlam Central Station @ Bay 12,53864,Coquitlam Central Station,50190,50730,in_service_layover,66.13660495103282,72.03091198028291,33.24389164497052,540,9.0,13:56:30,14:05:30,False,,busy,1
2161036,heavy,183.0,2.0,40-ft,PCT,1,MF,14855453,14855420,191,191,53864,53887,Coquitlam Central Station @ Bay 10,Coquitlam Central Station @ Bay 11,53864,Coquitlam Central Station,50430,51510,in_service_layover,67.08230184042311,77.21094454128301,57.12554483284987,1080,18.0,14:00:30,14:18:30,False,,busy,1
2160832,heavy,183.0,4.0,40-ft,PCT,1,MF,14855041,14853820,188,183,53161,53866,Coquitlam Central Station @ Bay 6,Coquitlam Central Station @ Bay 5,53161,Coquitlam Central Station,50790,51030,in_service_layover,52.49145207113417,55.61228501245004,17.601497789021437,240,4.0,14:06:30,14:10:30,True,1,,1
2160913,heavy,183.0,3.0,40-ft,PCT,1,MF,14853765,14854963,183,188,53161,53495,Coquitlam Central Station @ Bay 6,Coquitlam Central Station @ Bay 8,53161,Coquitlam Central Station,50850,51210,in_service_layover,64.48386386884431,68.69428265143524,23.746761933812877,360,6.0,14:07:30,14:13:30,False,,busy,1
2160828,heavy,152.0,15.0,40-ft,PCT,1,MF,14851240,14851277,159,159,53864,53299,Coquitlam Central Station @ Bay 10,Coquitlam Central Station @ Bay 1,53864,Coquitlam Central Station,51150,51510,in_service_layover,60.947162066306284,65.41190234529164,25.181135173477458,360,6.0,14:12:30,14:18:30,True,1,,1
2161040,heavy,183.0,10.0,40-ft,PCT,1,MF,14850180,14850207,152,152,53864,53864,Coquitlam Central Station @ Bay 10,Coquitlam Central Station @ Bay 10,53864,Coquitlam Central Station,51270,51570,in_service_layover,66.87356471071853,70.26921498466363,19.151467545050423,300,5.0,14:14:30,14:19:30,False,,busy,1
2160657,heavy,151.0,2.0,40-ft,PCT,1,MF,14849922,14849974,151,151,53864,53021,Coquitlam Central Station @ Bay 10,Coquitlam Central Station @ Bay 3,53864,Coquitlam Central Station,51930,52710,in_service_layover,64.23173578811279,72.63620639782098,47.401214238754164,780,13.0,14:25:30,14:38:30,True,1,,1
2162572,heavy,701.0,12.0,40-ft,PCT,1,MF,14878702,14878602,701,701,53864,53161,Coquitlam Central Station @ Bay 10,Coquitlam Central Station @ Bay 6,53864,Coquitlam Central Station,51990,52410,in_service_layover,49.22110513645796,54.6447850551083,30.589554741187953,420,7.0,14:26:30,14:33:30,False,,busy,1
2160840,heavy,151.0,1.0,40-ft,PCT,1,MF,14850374,14850444,153,153,53864,53730,Coquitlam Central Station @ Bay 10,Coquitlam Central Station @ Bay 12,53864,Coquitlam Central Station,51990,52530,in_service_layover,67.09531110034054,72.87011957229969,32.56991978184959,540,9.0,14:26:30,14:35:30,False,,busy,1
2160869,heavy,701.0,6.0,40-ft,PCT,1,MF,14878703,14878603,701,701,53864,53161,Coquitlam Central Station @ Bay 10,Coquitlam Central Station @ Bay 6,53864,Coquitlam Central Station,52890,53310,in_service_layover,37.87187651463299,43.17582715606459,29.914281617674277,420,7.0,14:41:30,14:48:30,True,1,,1
2160808,heavy,183.0,9.0,40-ft,PCT,1,MF,14851239,14851275,159,159,53864,53299,Coquitlam Central Station @ Bay 10,Coquitlam Central Station @ Bay 1,53864,Coquitlam Central Station,53010,53610,in_service_layover,60.955108103805834,68.10096229274191,40.30261762559951,600,10.0,14:43:30,14:53:30,False,,busy,1
2160825,heavy,151.0,10.0,40-ft,PCT,1,MF,14850179,14850237,152,152,53864,53864,Coquitlam Central Station @ Bay 10,Coquitlam Central Station @ Bay 10,53864,Coquitlam Central Station,53070,53610,in_service_layover,65.07726357004886,71.10098006568141,33.973761035367545,540,9.0,14:44:30,14:53:30,False,,busy,1
2162571,heavy,701.0,4.0,40-ft,PCT,1,MF,14878659,14878604,701,701,53864,53161,Coquitlam Central Station @ Bay 10,Coquitlam Central Station @ Bay 6,53864,Coquitlam Central Station,53970,54210,in_service_layover,39.53805847518498,42.56865665435831,17.092573730537538,240,4.0,14:59:30,15:03:30,True,1,,1
2161035,heavy,183.0,6.0,40-ft,PCT,1,MF,14853767,14855422,183,191,53161,53887,Coquitlam Central Station @ Bay 6,Coquitlam Central Station @ Bay 11,53161,Coquitlam Central Station,54750,54990,in_service_layover,58.42019132641727,61.56461616351678,17.734556081241237,240,4.0,15:12:30,15:16:30,True,1,,1
2161037,heavy,701.0,1.0,40-ft,PCT,1,MF,14878660,14878605,701,701,53864,53161,Coquitlam Central Station @ Bay 10,Coquitlam Central Station @ Bay 6,53864,Coquitlam Central Station,54810,55230,in_service_layover,44.436218183209874,49.78710545127021,30.179004191860287,420,7.0,15:13:30,15:20:30,False,,busy,1
2160826,heavy,152.0,3.0,40-ft,PCT,1,MF,14850178,14850234,152,152,53864,53864,Coquitlam Central Station @ Bay 10,Coquitlam Central Station @ Bay 10,53864,Coquitlam Central Station,54930,55470,in_service_layover,66.23008676128694,72.11284096168549,33.17873369024784,540,9.0,15:15:30,15:24:30,False,,busy,1
2160803,heavy,152.0,13.0,40-ft,PCT,1,MF,14851238,14849975,159,151,53864,53021,Coquitlam Central Station @ Bay 10,Coquitlam Central Station @ Bay 3,53864,Coquitlam Central Station,54990,55650,in_service_layover,54.058360567954345,62.585293512923954,48.09190180962861,660,11.0,15:16:30,15:27:30,True,1,,1
2160900,heavy,183.0,7.0,40-ft,PCT,1,MF,14855043,14854749,188,187,53161,53357,Coquitlam Central Station @ Bay 6,Coquitlam Central Station @ Bay 9,53161,Coquitlam Central Station,55470,56250,in_service_layover,65.75862915364623,73.8886331546926,45.85322256590149,780,13.0,15:24:30,15:37:30,False,,busy,1
2160857,heavy,701.0,13.0,40-ft,PCT,1,MF,14850376,14878552,153,701,53864,53161,Coquitlam Central Station @ Bay 10,Coquitlam Central Station @ Bay 6,53864,Coquitlam Central Station,55830,56070,in_service_layover,63.67744124282032,66.58158113677682,16.37934900191459,240,4.0,15:30:30,15:34:30,True,1,,1
2161016,heavy,183.0,11.0,40-ft,PCT,1,MF,14855456,14855423,191,191,53864,53887,Coquitlam Central Station @ Bay 10,Coquitlam Central Station @ Bay 11,53864,Coquitlam Central Station,55950,56730,in_service_layover,67.37090304840837,75.20485872972918,44.1835100426494,780,13.0,15:32:30,15:45:30,False,,busy,1
2160657,heavy,151.0,2.0,40-ft,PCT,1,MF,14849925,14851297,151,159,53864,53299,Coquitlam Central Station @ Bay 10,Coquitlam Central Station @ Bay 1,53864,Coquitlam Central Station,56070,56310,in_service_layover,66.4686877412164,69.23887179639372,15.623838071200225,240,4.0,15:34:30,15:38:30,True,1,,1
2160913,heavy,183.0,3.0,40-ft,PCT,1,MF,14855044,14855236,188,189,53161,53035,Coquitlam Central Station @ Bay 6,Coquitlam Central Station @ Bay 4,53161,Coquitlam Central Station,56670,56910,in_service_layover,60.214275611361515,63.28215856117894,17.302859836970242,240,4.0,15:44:30,15:48:30,True,1,,1
2160805,heavy,152.0,10.0,40-ft,PCT,1,MF,14851224,14851267,159,159,53864,53299,Coquitlam Central Station @ Bay 10,Coquitlam Central Station @ Bay 1,53864,Coquitlam Central Station,57090,57510,in_service_layover,59.18272197100774,64.4935761346807,29.953217483115452,420,7.0,15:51:30,15:58:30,True,1,,1
2160549,heavy,701.0,3.0,40-ft,PCT,1,MF,14878661,14878562,701,701,53864,53161,Coquitlam Central Station @ Bay 10,Coquitlam Central Station @ Bay 6,53864,Coquitlam Central Station,57390,58710,in_service_layover,21.278590066194504,37.801621685741225,93.18989833424348,1320,22.0,15:56:30,16:18:30,False,,busy,1
2160810,heavy,151.0,6.0,40-ft,PCT,1,MF,14849926,14849976,151,151,53864,53021,Coquitlam Central Station @ Bay 10,Coquitlam Central Station @ Bay 3,53864,Coquitlam Central Station,57570,57810,in_service_layover,58.76033087351554,61.893939856040326,17.673554661439766,240,4.0,15:59:30,16:03:30,True,1,,1
2161035,heavy,183.0,6.0,40-ft,PCT,1,MF,14855457,14854969,191,188,53864,53495,Coquitlam Central Station @ Bay 10,Coquitlam Central Station @ Bay 8,53864,Coquitlam Central Station,58050,58350,in_service_layover,56.452170873016236,60.40456255310042,22.291489075674747,300,5.0,16:07:30,16:12:30,True,1,,1
2161034,heavy,183.0,5.0,40-ft,PCT,1,MF,14853769,14855424,183,191,53161,53887,Coquitlam Central Station @ Bay 6,Coquitlam Central Station @ Bay 11,53161,Coquitlam Central Station,58650,59010,in_service_layover,59.65235104662418,64.21199191207168,25.716374481123808,360,6.0,16:17:30,16:23:30,True,1,,1
2160913,heavy,183.0,3.0,40-ft,PCT,1,MF,14855269,14854970,189,188,53864,53495,Coquitlam Central Station @ Bay 10,Coquitlam Central Station @ Bay 8,53864,Coquitlam Central Station,58710,59070,in_service_layover,60.391642138453996,64.8957809938828,25.403343144618418,360,6.0,16:18:30,16:24:30,False,,busy,1
2160900,heavy,183.0,7.0,40-ft,PCT,1,MF,14854784,14854752,187,187,53864,53357,Coquitlam Central Station @ Bay 10,Coquitlam Central Station @ Bay 9,53864,Coquitlam Central Station,58770,59130,in_service_layover,68.82045904762455,72.68218003592146,21.780106373994613,360,6.0,16:19:30,16:25:30,False,,busy,1
2160828,heavy,152.0,15.0,40-ft,PCT,1,MF,14851223,14850204,159,152,53864,53864,Coquitlam Central Station @ Bay 10,Coquitlam Central Station @ Bay 10,53864,Coquitlam Central Station,58890,59250,in_service_layover,59.077243176860925,63.67836933118117,25.950351510366204,360,6.0,16:21:30,16:27:30,False,,busy,1
2160803,heavy,152.0,13.0,40-ft,PCT,1,MF,14849945,14851298,151,159,53864,53299,Coquitlam Central Station @ Bay 10,Coquitlam Central Station @ Bay 1,53864,Coquitlam Central Station,59250,59490,in_service_layover,60.302384205619354,63.36610126445531,17.27936421183483,240,4.0,16:27:30,16:31:30,True,1,,1
2161036,heavy,183.0,2.0,40-ft,PCT,1,MF,14855047,14854975,188,188,53161,53495,Coquitlam Central Station @ Bay 6,Coquitlam Central Station @ Bay 8,53161,Coquitlam Central Station,60090,60810,in_service_layover,63.61849221070873,71.57925447151874,44.89869915096847,720,12.0,16:41:30,16:53:30,True,1,,1
2160854,heavy,151.0,9.0,40-ft,PCT,1,MF,14850381,14851273,153,159,53864,53299,Coquitlam Central Station @ Bay 10,Coquitlam Central Station @ Bay 1,53864,Coquitlam Central Station,60150,60450,in_service_layover,68.69764243161153,71.96848213837428,18.447535946141954,300,5.0,16:42:30,16:47:30,False,,busy,1
2160826,heavy,152.0,3.0,40-ft,PCT,1,MF,14850176,14853801,152,183,53864,53866,Coquitlam Central Station @ Bay 10,Coquitlam Central Station @ Bay 5,53864,Coquitlam Central Station,60450,61110,in_service_layover,65.6622206322873,72.74773271727734,39.96228815934387,660,11.0,16:47:30,16:58:30,False,,busy,1
2160808,heavy,183.0,9.0,40-ft,PCT,1,MF,14851214,14849978,159,151,53864,53021,Coquitlam Central Station @ Bay 10,Coquitlam Central Station @ Bay 3,53864,Coquitlam Central Station,61110,61410,in_service_layover,60.811116314211944,64.57523473535781,21.229627895262695,300,5.0,16:58:30,17:03:30,True,1,,1
2160810,heavy,151.0,6.0,40-ft,PCT,1,MF,14849927,14854705,151,187,53864,53357,Coquitlam Central Station @ Bay 10,Coquitlam Central Station @ Bay 9,53864,Coquitlam Central Station,61230,62190,in_service_layover,55.72642119943574,67.44562733368107,66.09632259714363,960,16.0,17:00:30,17:16:30,False,,busy,1
2160900,heavy,183.0,7.0,40-ft,PCT,1,MF,14854787,14851289,187,159,53864,53299,Coquitlam Central Station @ Bay 10,Coquitlam Central Station @ Bay 1,53864,Coquitlam Central Station,61650,62250,in_service_layover,67.61400592885342,73.86970114709295,35.282121030871,600,10.0,17:07:30,17:17:30,True,1,,1
2162572,heavy,701.0,12.0,40-ft,PCT,1,MF,14878666,14878583,701,701,53864,53161,Coquitlam Central Station @ Bay 10,Coquitlam Central Station @ Bay 6,53864,Coquitlam Central Station,61830,62550,in_service_layover,37.887105940348576,47.013561353605546,51.47320853076931,720,12.0,17:10:30,17:22:30,False,,busy,1
2160832,heavy,183.0,4.0,40-ft,PCT,1,MF,14855049,14850200,188,152,53161,53864,Coquitlam Central Station @ Bay 6,Coquitlam Central Station @ Bay 10,53161,Coquitlam Central Station,61890,62610,in_service_layover,40.851458040805326,50.02716504963025,51.7509875297726,720,12.0,17:11:30,17:23:30,False,,busy,1
2161034,heavy,183.0,5.0,40-ft,PCT,1,MF,14855459,14855403,191,191,53864,53887,Coquitlam Central Station @ Bay 10,Coquitlam Central Station @ Bay 11,53864,Coquitlam Central Station,62130,62610,in_service_layover,59.09954662157113,65.12112855665306,33.96172211386215,480,8.0,17:15:30,17:23:30,False,,busy,1
2160865,heavy,152.0,31.0,40-ft,PCT,1,MF,14850383,14850457,153,153,53864,53730,Coquitlam Central Station @ Bay 10,Coquitlam Central Station @ Bay 12,53864,Coquitlam Central Station,62250,62850,in_service_layover,67.69012220661583,73.93501117962171,35.221173807753246,600,10.0,17:17:30,17:27:30,True,1,,1
2160869,heavy,701.0,6.0,40-ft,PCT,1,MF,14878667,14878584,701,701,53864,53161,Coquitlam Central Station @ Bay 10,Coquitlam Central Station @ Bay 6,53864,Coquitlam Central Station,62790,63450,in_service_layover,26.41814804130486,34.66545930104294,46.51483550492273,660,11.0,17:26:30,17:37:30,False,,busy,1
2161035,heavy,183.0,6.0,40-ft,PCT,1,MF,14855051,14854974,188,188,53161,53495,Coquitlam Central Station @ Bay 6,Coquitlam Central Station @ Bay 8,53161,Coquitlam Central Station,63630,64050,in_service_layover,54.29862528942545,59.817357533130775,31.12564985449808,420,7.0,17:40:30,17:47:30,True,1,,1
2162571,heavy,701.0,4.0,40-ft,PCT,1,MF,14878668,14878585,701,701,53864,53161,Coquitlam Central Station @ Bay 10,Coquitlam Central Station @ Bay 6,53864,Coquitlam Central Station,63690,64470,in_service_layover,25.81097753959858,35.56405889826666,55.007378862887975,780,13.0,17:41:30,17:54:30,False,,busy,1
2160861,heavy,152.0,38.0,40-ft,PCT,1,MF,14850385,14850459,153,153,53864,53730,Coquitlam Central Station @ Bay 10,Coquitlam Central Station @ Bay 12,53864,Coquitlam Central Station,63930,64590,in_service_layover,68.50290824813963,75.14713321488459,37.47342881244151,660,11.0,17:45:30,17:56:30,False,,busy,1
2160828,heavy,152.0,15.0,40-ft,PCT,1,MF,14850172,14850198,152,152,53864,53864,Coquitlam Central Station @ Bay 10,Coquitlam Central Station @ Bay 10,53864,Coquitlam Central Station,64050,64410,in_service_layover,56.87008649603001,61.579710436133475,26.562279022183475,360,6.0,17:47:30,17:53:30,True,1,,1
2160913,heavy,183.0,3.0,40-ft,PCT,1,MF,14855052,14855244,188,189,53161,53035,Coquitlam Central Station @ Bay 6,Coquitlam Central Station @ Bay 4,53161,Coquitlam Central Station,64410,64950,in_service_layover,60.17248697399783,66.75935554080003,37.14993871676438,540,9.0,17:53:30,18:02:30,True,1,,1
2160810,heavy,151.0,6.0,40-ft,PCT,1,MF,14854790,14854708,187,187,53864,53357,Coquitlam Central Station @ Bay 10,Coquitlam Central Station @ Bay 9,53864,Coquitlam Central Station,64530,65250,in_service_layover,62.37745322661302,70.53685819868338,46.019044042476764,720,12.0,17:55:30,18:07:30,False,,busy,1
2161037,heavy,701.0,1.0,40-ft,PCT,1,MF,14878669,14854996,701,188,53864,53495,Coquitlam Central Station @ Bay 10,Coquitlam Central Station @ Bay 8,53864,Coquitlam Central Station,64710,65370,in_service_layover,33.02942633651048,41.33997330697129,46.87148491339897,660,11.0,17:58:30,18:09:30,False,,busy,1
2160833,heavy,701.0,32.0,40-ft,PCT,1,MF,14850386,14850197,153,152,53864,53864,Coquitlam Central Station @ Bay 10,Coquitlam Central Station @ Bay 10,53864,Coquitlam Central Station,64770,65310,in_service_layover,68.7520921535111,74.31505604664389,31.37511635726895,540,9.0,17:59:30,18:08:30,False,,busy,1
2160808,heavy,183.0,9.0,40-ft,PCT,1,MF,14849929,14849980,151,151,53864,53021,Coquitlam Central Station @ Bay 10,Coquitlam Central Station @ Bay 3,53864,Coquitlam Central Station,64830,65010,in_service_layover,61.450145501784135,63.72850913647263,12.849970899643154,180,3.0,18:00:30,18:03:30,False,,busy,1
2165174,heavy,152.0,36.0,40-ft,PCT,1,MF,14851213,14878559,159,701,53864,53161,Coquitlam Central Station @ Bay 10,Coquitlam Central Station @ Bay 6,53864,Coquitlam Central Station,64830,65010,in_service_layover,68.22355292514095,70.2576302972199,11.472196378525325,180,3.0,18:00:30,18:03:30,False,,busy,1
2160806,heavy,183.0,33.0,40-ft,PCT,1,MF,14853737,14853805,183,183,53161,53866,Coquitlam Central Station @ Bay 6,Coquitlam Central Station @ Bay 5,53161,Coquitlam Central Station,64950,65130,in_service_layover,69.59833444851677,71.57515991597995,11.149295636492354,180,3.0,18:02:30,18:05:30,True,1,,1
2160857,heavy,701.0,13.0,40-ft,PCT,1,MF,14878631,14878553,701,701,53864,53161,Coquitlam Central Station @ Bay 10,Coquitlam Central Station @ Bay 6,53864,Coquitlam Central Station,65310,66150,in_service_layover,49.82390202201709,60.71073173777036,61.401719596848466,840,14.0,18:08:30,18:22:30,True,1,,1
2161057,heavy,151.0,33.0,40-ft,PCT,1,MF,14854791,14854709,187,187,53864,53357,Coquitlam Central Station @ Bay 10,Coquitlam Central Station @ Bay 9,53864,Coquitlam Central Station,65430,66150,in_service_layover,65.08969661210975,72.81006201951438,43.54286089776207,720,12.0,18:10:30,18:22:30,False,,busy,1
2161034,heavy,183.0,5.0,40-ft,PCT,1,MF,14855438,14853774,191,183,53864,53866,Coquitlam Central Station @ Bay 10,Coquitlam Central Station @ Bay 5,53864,Coquitlam Central Station,65550,66390,in_service_layover,60.00868326615252,69.73030607546676,54.82995264453234,840,14.0,18:12:30,18:26:30,False,,busy,1
2161016,heavy,183.0,11.0,40-ft,PCT,1,MF,14853738,14855402,183,191,53161,53887,Coquitlam Central Station @ Bay 6,Coquitlam Central Station @ Bay 11,53161,Coquitlam Central Station,65730,66690,in_service_layover,64.21761197893021,74.14863776104588,56.01098541113237,960,16.0,18:15:30,18:31:30,False,,busy,1
2161036,heavy,183.0,2.0,40-ft,PCT,1,MF,14855007,14855245,188,189,53161,53035,Coquitlam Central Station @ Bay 6,Coquitlam Central Station @ Bay 4,53161,Coquitlam Central Station,66270,66750,in_service_layover,69.8827743759106,74.76658956955339,27.54471769214524,480,8.0,18:24:30,18:32:30,True,1,,1
2160803,heavy,152.0,13.0,40-ft,PCT,1,MF,14851234,14850242,159,152,53864,53864,Coquitlam Central Station @ Bay 10,Coquitlam Central Station @ Bay 10,53864,Coquitlam Central Station,66330,66570,in_service_layover,53.19234758086937,56.322269690240525,17.65276069685325,240,4.0,18:25:30,18:29:30,False,,busy,1
2161056,heavy,151.0,40.0,40-ft,PCT,1,MF,14854802,14854710,187,187,53864,53357,Coquitlam Central Station @ Bay 10,Coquitlam Central Station @ Bay 9,53864,Coquitlam Central Station,66390,67230,in_service_layover,68.93913922828378,76.93497432664319,45.09650995474709,840,14.0,18:26:30,18:40:30,False,,busy,1
2160826,heavy,152.0,3.0,40-ft,PCT,1,MF,14853739,14878563,183,701,53161,53161,Coquitlam Central Station @ Bay 6,Coquitlam Central Station @ Bay 6,53161,Coquitlam Central Station,66510,66690,in_service_layover,65.41831525827543,67.55596365337203,12.056336948344892,180,3.0,18:28:30,18:31:30,False,,busy,1
2160837,heavy,152.0,33.0,40-ft,PCT,1,MF,14850388,14850461,153,153,53864,53730,Coquitlam Central Station @ Bay 10,Coquitlam Central Station @ Bay 12,53864,Coquitlam Central Station,66510,67170,in_service_layover,67.85117034629098,74.59839625464483,38.05435412311567,660,11.0,18:28:30,18:39:30,False,,busy,1
2160913,heavy,183.0,3.0,40-ft,PCT,1,MF,14855277,14853823,189,183,53864,53866,Coquitlam Central Station @ Bay 10,Coquitlam Central Station @ Bay 5,53864,Coquitlam Central Station,66750,67890,in_service_layover,63.86883911807507,75.2571250073969,64.22993241577507,1140,19.0,18:32:30,18:51:30,True,1,,1
2160836,heavy,701.0,36.0,40-ft,PCT,1,MF,14878657,14854995,701,188,53864,53495,Coquitlam Central Station @ Bay 10,Coquitlam Central Station @ Bay 8,53864,Coquitlam Central Station,66750,67950,in_service_layover,68.6047139256222,79.12718748819259,59.346750892897035,1200,20.0,18:32:30,18:52:30,False,,busy,1
2160862,heavy,152.0,46.0,40-ft,PCT,1,MF,14850389,14851266,153,159,53864,53299,Coquitlam Central Station @ Bay 10,Coquitlam Central Station @ Bay 1,53864,Coquitlam Central Station,66990,67410,in_service_layover,69.87167175078896,74.2082101620826,24.45807663969606,420,7.0,18:36:30,18:43:30,False,,busy,1
2160810,heavy,151.0,6.0,40-ft,PCT,1,MF,14854792,14854711,187,187,53864,53357,Coquitlam Central Station @ Bay 10,Coquitlam Central Station @ Bay 9,53864,Coquitlam Central Station,67530,68310,in_service_layover,65.46868409161533,73.65124847169479,46.14966310364815,780,13.0,18:45:30,18:58:30,False,,busy,1
2160832,heavy,183.0,4.0,40-ft,PCT,1,MF,14850168,14850236,152,152,53864,53864,Coquitlam Central Station @ Bay 10,Coquitlam Central Station @ Bay 10,53864,Coquitlam Central Station,67650,68010,in_service_layover,47.77471669077414,52.391548710457904,26.038932591016476,360,6.0,18:47:30,18:53:30,False,,busy,1
2160805,heavy,152.0,10.0,40-ft,PCT,1,MF,14850390,14849982,153,151,53864,53021,Coquitlam Central Station @ Bay 10,Coquitlam Central Station @ Bay 3,53864,Coquitlam Central Station,68070,68610,in_service_layover,61.33325222871131,67.7921958057993,36.42844177477622,540,9.0,18:54:30,19:03:30,True,1,,1
2160808,heavy,183.0,9.0,40-ft,PCT,1,MF,14849931,14850462,151,153,53864,53730,Coquitlam Central Station @ Bay 10,Coquitlam Central Station @ Bay 12,53864,Coquitlam Central Station,68310,68610,in_service_layover,62.80757527176496,66.45369966468664,20.564141576078327,300,5.0,18:58:30,19:03:30,False,,busy,1
2161035,heavy,183.0,6.0,40-ft,PCT,1,MF,14855006,14854989,188,188,53161,53495,Coquitlam Central Station @ Bay 6,Coquitlam Central Station @ Bay 8,53161,Coquitlam Central Station,68670,69510,in_service_layover,54.50184051151684,65.09215311721046,59.729363096112024,840,14.0,19:04:30,19:18:30,True,1,,1
2160828,heavy,152.0,15.0,40-ft,PCT,1,MF,14850167,14851294,152,159,53864,53299,Coquitlam Central Station @ Bay 10,Coquitlam Central Station @ Bay 1,53864,Coquitlam Central Station,69090,69450,in_service_layover,59.319973584221486,63.90425747300007,25.85536113271121,360,6.0,19:11:30,19:17:30,False,,busy,1
2162572,heavy,701.0,12.0,40-ft,PCT,1,MF,14878647,14878577,701,701,53864,53161,Coquitlam Central Station @ Bay 10,Coquitlam Central Station @ Bay 6,53864,Coquitlam Central Station,69930,70410,in_service_layover,30.255882238845818,36.26855813583409,33.91149205901385,480,8.0,19:25:30,19:33:30,True,1,,1
2160806,heavy,183.0,33.0,40-ft,PCT,1,MF,14853742,14849983,183,151,53161,53021,Coquitlam Central Station @ Bay 6,Coquitlam Central Station @ Bay 3,53161,Coquitlam Central Station,69990,70410,in_service_layover,64.95660481186789,69.77019932036163,27.148673027904636,420,7.0,19:26:30,19:33:30,False,,busy,1
2160840,heavy,151.0,1.0,40-ft,PCT,1,MF,14850392,14850240,153,152,53864,53864,Coquitlam Central Station @ Bay 10,Coquitlam Central Station @ Bay 10,53864,Coquitlam Central Station,70470,70830,in_service_layover,68.16839422701769,72.08550480703194,22.09250367128044,360,6.0,19:34:30,19:40:30,True,1,,1
2161034,heavy,183.0,5.0,40-ft,PCT,1,MF,14853716,14855397,183,191,53161,53887,Coquitlam Central Station @ Bay 6,Coquitlam Central Station @ Bay 11,53161,Coquitlam Central Station,71190,71850,in_service_layover,63.201640417055586,70.65333056722444,42.02753244695242,660,11.0,19:46:30,19:57:30,True,1,,1
2160805,heavy,152.0,10.0,40-ft,PCT,1,MF,14849933,14849984,151,151,53864,53021,Coquitlam Central Station @ Bay 10,Coquitlam Central Station @ Bay 3,53864,Coquitlam Central Station,71850,72210,in_service_layover,66.5268998552138,70.57881176448163,22.85278316827049,360,6.0,19:57:30,20:03:30,True,1,,1
2165174,heavy,152.0,36.0,40-ft,PCT,1,MF,14878639,14878557,701,701,53864,53161,Coquitlam Central Station @ Bay 10,Coquitlam Central Station @ Bay 6,53864,Coquitlam Central Station,72630,73110,in_service_layover,53.49995118246018,59.79619786879758,35.510831310942876,480,8.0,20:10:30,20:18:30,True,1,,1
2160913,heavy,183.0,3.0,40-ft,PCT,1,MF,14853735,14855400,183,191,53161,53887,Coquitlam Central Station @ Bay 6,Coquitlam Central Station @ Bay 11,53161,Coquitlam Central Station,72690,73770,in_service_layover,65.87860542347957,76.31550824467504,58.86413191154247,1080,18.0,20:11:30,20:29:30,False,,busy,1
2160834,heavy,151.0,36.0,40-ft,PCT,1,MF,14850164,14850465,152,153,53864,53730,Coquitlam Central Station @ Bay 10,Coquitlam Central Station @ Bay 12,53864,Coquitlam Central Station,72810,73950,in_service_layover,67.02888228302028,77.57575688352057,59.48437274682169,1140,19.0,20:13:30,20:32:30,False,,busy,1
2160806,heavy,183.0,33.0,40-ft,PCT,1,MF,14849934,14849985,151,151,53864,53021,Coquitlam Central Station @ Bay 10,Coquitlam Central Station @ Bay 3,53864,Coquitlam Central Station,73530,74010,in_service_layover,68.93144593602794,73.92632266629137,28.171104758685715,480,8.0,20:25:30,20:33:30,True,1,,1
2160857,heavy,701.0,13.0,40-ft,PCT,1,MF,14878630,14878554,701,701,53864,53161,Coquitlam Central Station @ Bay 10,Coquitlam Central Station @ Bay 6,53864,Coquitlam Central Station,73710,74010,in_service_layover,43.95305262301063,47.76301577497308,21.488192177068214,300,5.0,20:28:30,20:33:30,False,,busy,1
2161035,heavy,183.0,6.0,40-ft,PCT,1,MF,14855015,14853822,188,183,53161,53866,Coquitlam Central Station @ Bay 6,Coquitlam Central Station @ Bay 5,53161,Coquitlam Central Station,73950,74310,in_service_layover,63.093419182156815,67.40583647968324,24.3220335580491,360,6.0,20:32:30,20:38:30,False,,busy,1
2160828,heavy,152.0,15.0,40-ft,PCT,1,MF,14851215,14851296,159,159,53864,53299,Coquitlam Central Station @ Bay 10,Coquitlam Central Station @ Bay 1,53864,Coquitlam Central Station,75210,75390,in_service_layover,54.00738959617439,56.35774937242307,13.25602913804255,180,3.0,20:53:30,20:56:30,True,1,,1
2160805,heavy,152.0,10.0,40-ft,PCT,1,MF,14849935,14849986,151,151,53864,53021,Coquitlam Central Station @ Bay 10,Coquitlam Central Station @ Bay 3,53864,Coquitlam Central Station,75450,75810,in_service_layover,69.65174155025302,73.44133106190071,21.373284845693036,360,6.0,20:57:30,21:03:30,True,1,,1
2160830,heavy,152.0,47.0,40-ft,PCT,1,MF,14850395,14850466,153,153,53864,53730,Coquitlam Central Station @ Bay 10,Coquitlam Central Station @ Bay 12,53864,Coquitlam Central Station,75690,75930,in_service_layover,65.88056506077494,68.6799679304552,15.788632184996686,240,4.0,21:01:30,21:05:30,False,,busy,1
2160836,heavy,701.0,36.0,40-ft,PCT,1,MF,14850156,14850467,152,153,53864,53730,Coquitlam Central Station @ Bay 10,Coquitlam Central Station @ Bay 12,53864,Coquitlam Central Station,76530,77310,in_service_layover,64.96575874987992,73.23900170631461,46.661090274291666,780,13.0,21:15:30,21:28:30,True,1,,1
2160912,heavy,160.0,1.0,40-ft,PCT,1,MF,14855008,14855399,188,191,53161,53887,Coquitlam Central Station @ Bay 6,Coquitlam Central Station @ Bay 11,53161,Coquitlam Central Station,77010,77310,in_service_layover,54.90027235331818,58.84868725039042,22.269060019487426,300,5.0,21:23:30,21:28:30,False,,busy,1
2160804,heavy,151.0,8.0,40-ft,PCT,1,MF,14849936,14849952,151,151,53864,53021,Coquitlam Central Station @ Bay 10,Coquitlam Central Station @ Bay 3,53864,Coquitlam Central Station,77130,77610,in_service_layover,69.52202593749331,74.4482188753352,27.783728169428286,480,8.0,21:25:30,21:33:30,False,,busy,1
2160834,heavy,151.0,36.0,40-ft,PCT,1,MF,14850396,14850239,153,152,53864,53864,Coquitlam Central Station @ Bay 10,Coquitlam Central Station @ Bay 10,53864,Coquitlam Central Station,77490,77910,in_service_layover,69.17379985711682,73.58169703180818,24.860540065259272,420,7.0,21:31:30,21:38:30,True,1,,1
2160891,heavy,151.0,31.0,40-ft,PCT,1,MF,14851216,14851260,159,159,53864,53299,Coquitlam Central Station @ Bay 10,Coquitlam Central Station @ Bay 1,53864,Coquitlam Central Station,77670,77910,in_service_layover,67.14949640907714,69.88479329250211,15.427074422516796,240,4.0,21:34:30,21:38:30,False,,busy,1
2160912,heavy,160.0,1.0,40-ft,PCT,1,MF,14855434,14854993,191,188,53864,53495,Coquitlam Central Station @ Bay 10,Coquitlam Central Station @ Bay 8,53864,Coquitlam Central Station,79470,79830,in_service_layover,53.736241959889874,58.46174036611923,26.651811011133532,360,6.0,22:04:30,22:10:30,True,1,,1
2160913,heavy,183.0,3.0,40-ft,PCT,1,MF,14855010,14854994,188,188,53161,53495,Coquitlam Central Station @ Bay 6,Coquitlam Central Station @ Bay 8,53161,Coquitlam Central Station,80550,81630,in_service_layover,67.90948167868476,77.82880576650146,55.94498785528617,1080,18.0,22:22:30,22:40:30,True,1,,1
2160804,heavy,151.0,8.0,40-ft,PCT,1,MF,14849938,14849954,151,151,53864,53021,Coquitlam Central Station @ Bay 10,Coquitlam Central Station @ Bay 3,53864,Coquitlam Central Station,80670,81210,in_service_layover,68.28070021873062,73.90462622271569,31.718942662475797,540,9.0,22:24:30,22:33:30,False,,busy,1
2160828,heavy,152.0,15.0,40-ft,PCT,1,MF,14851217,14851261,159,159,53864,53299,Coquitlam Central Station @ Bay 10,Coquitlam Central Station @ Bay 1,53864,Coquitlam Central Station,80730,81030,in_service_layover,43.29605077211981,47.10315560032232,21.472071231062102,300,5.0,22:25:30,22:30:30,False,,busy,1
2160857,heavy,701.0,13.0,40-ft,PCT,1,MF,14878632,14878555,701,701,53864,53161,Coquitlam Central Station @ Bay 10,Coquitlam Central Station @ Bay 6,53864,Coquitlam Central Station,80850,81210,in_service_layover,31.005336660213352,35.51272689177628,25.421680906014927,360,6.0,22:27:30,22:33:30,False,,busy,1
2160836,heavy,701.0,36.0,40-ft,PCT,1,MF,14850398,14850238,153,152,53864,53864,Coquitlam Central Station @ Bay 10,Coquitlam Central Station @ Bay 10,53864,Coquitlam Central Station,80850,81450,in_service_layover,66.83851439315072,73.20349468198295,35.89848882901373,600,10.0,22:27:30,22:37:30,False,,busy,1
2160834,heavy,151.0,36.0,40-ft,PCT,1,MF,14850162,14905809,152,153,53864,53730,Coquitlam Central Station @ Bay 10,Coquitlam Central Station @ Bay 12,53864,Coquitlam Central Station,81810,82950,in_service_layover,68.30489792491554,78.5202639706827,57.614664498126785,1140,19.0,22:43:30,23:02:30,True,1,,1
2160891,heavy,151.0,31.0,40-ft,PCT,1,MF,14851218,14851262,159,159,53864,53299,Coquitlam Central Station @ Bay 10,Coquitlam Central Station @ Bay 1,53864,Coquitlam Central Station,83130,83490,in_service_layover,59.739105061055795,64.29201300405212,25.678400798499297,360,6.0,23:05:30,23:11:30,True,1,,1
2160804,heavy,151.0,8.0,40-ft,PCT,1,MF,14849940,14849956,151,151,53864,53021,Coquitlam Central Station @ Bay 10,Coquitlam Central Station @ Bay 3,53864,Coquitlam Central Station,84150,84810,in_service_layover,67.73710756611109,74.50225319249614,38.15542133281161,660,11.0,23:22:30,23:33:30,True,1,,1
2160913,heavy,183.0,3.0,40-ft,PCT,1,MF,14855014,14854992,188,188,53161,53495,Coquitlam Central Station @ Bay 6,Coquitlam Central Station @ Bay 8,53161,Coquitlam Central Station,85230,85410,in_service_layover,69.34879872642773,71.33636174573155,11.209855428873652,180,3.0,23:40:30,23:43:30,True,1,,1
2160806,heavy,183.0,33.0,40-ft,PCT,1,MF,14850159,14850235,152,152,53864,53864,Coquitlam Central Station @ Bay 10,Coquitlam Central Station @ Bay 10,53864,Coquitlam Central Station,85290,85530,in_service_layover,66.07562380490948,68.86543025465352,15.734508376556391,240,4.0,23:41:30,23:45:30,False,,busy,1
2160828,heavy,152.0,15.0,40-ft,PCT,1,MF,14851219,14851263,159,159,53864,53299,Coquitlam Central Station @ Bay 10,Coquitlam Central Station @ Bay 1,53864,Coquitlam Central Station,86130,86370,in_service_layover,37.075905974282556,40.09793690190995,17.04425443181853,240,4.0,23:55:30,23:59:30,True,1,,1
2160804,heavy,151.0,8.0,40-ft,PCT,1,MF,14849942,14849958,151,151,53864,53021,Coquitlam Central Station @ Bay 10,Coquitlam Central Station @ Bay 3,53864,Coquitlam Central Station,87750,88410,in_service_layover,68.33473453589156,75.00563869053559,37.62389943219233,660,11.0,24:22:30,24:33:30,True,1,,1
2160891,heavy,151.0,31.0,40-ft,PCT,1,MF,14851220,14851264,159,159,53864,53299,Coquitlam Central Station @ Bay 10,Coquitlam Central Station @ Bay 1,53864,Coquitlam Central Station,88530,88830,in_service_layover,55.90247096337707,59.85800307105635,22.30920108731118,300,5.0,24:35:30,24:40:30,True,1,,1
2160913,heavy,183.0,3.0,40-ft,PCT,1,MF,14855012,14854991,188,188,53161,53495,Coquitlam Central Station @ Bay 6,Coquitlam Central Station @ Bay 8,53161,Coquitlam Central Station,88650,89010,in_service_layover,65.57973915248986,69.70641356320351,23.274443676424994,360,6.0,24:37:30,24:43:30,False,,busy,1
2160806,heavy,183.0,33.0,40-ft,PCT,1,MF,14850151,14886298,152,N9,53864,53161,Coquitlam Central Station @ Bay 10,Coquitlam Central Station @ Bay 6,53864,Coquitlam Central Station,89190,89370,in_service_layover,62.6061541849959,64.84352460396767,12.61876916300082,180,3.0,24:46:30,24:49:30,True,1,,1
2160805,heavy,152.0,10.0,40-ft,PCT,1,MF,14849943,14849948,151,151,53864,53021,Coquitlam Central Station @ Bay 10,Coquitlam Central Station @ Bay 3,53864,Coquitlam Central Station,89550,90210,in_service_layover,67.74584181783658,74.50961690896847,38.14769151398394,660,11.0,24:52:30,25:03:30,True,1,,1
2160828,heavy,152.0,15.0,40-ft,PCT,1,MF,14851221,14886297,159,N9,53864,53161,Coquitlam Central Station @ Bay 10,Coquitlam Central Station @ Bay 6,53864,Coquitlam Central Station,91170,91470,in_service_layover,29.292286536729566,33.0384823784099,21.12854454707707,300,5.0,25:19:30,25:24:30,True,1,,1
2160804,heavy,151.0,8.0,40-ft,PCT,1,MF,14849944,14849949,151,151,53864,53021,Coquitlam Central Station @ Bay 10,Coquitlam Central Station @ Bay 3,53864,Coquitlam Central Station,91230,92010,in_service_layover,68.838120033931,76.39710152549972,42.63265561244759,780,13.0,25:20:30,25:33:30,False,,busy,1
2160913,heavy,183.0,3.0,40-ft,PCT,1,MF,14855011,14854990,188,188,53161,53495,Coquitlam Central Station @ Bay 6,Coquitlam Central Station @ Bay 8,53161,Coquitlam Central Station,92190,92610,in_service_layover,64.69504503925319,69.53235945991881,27.2824533325541,420,7.0,25:36:30,25:43:30,True,1,,1
2160885,heavy,152.0,40.0,40-ft,PCT,1,MF,14886294,14886303,N9,N9,53161,53161,Coquitlam Central Station @ Bay 6,Coquitlam Central Station @ Bay 6,53161,Coquitlam Central Station,96030,97170,in_service_layover,62.844734191014375,74.50376630856259,65.75694114297193,1140,19.0,26:40:30,26:59:30,True,1,,1
2159342,heavy,22.0,72.0,40-ft,VTC,1,MF,14827658,14827565,002,002,50640,50640,Dunbar Loop @ Bay 2,Dunbar Loop @ Bay 2,50640,Dunbar Loop,63510,64410,in_service_layover,68.15832111750979,76.76267066797958,48.52853146464963,900,15.0,17:38:30,17:53:30,False,,no_dispenser,0
2159342,heavy,22.0,72.0,40-ft,VTC,1,MF,14827668,14827572,002,002,50640,50640,Dunbar Loop @ Bay 2,Dunbar Loop @ Bay 2,50640,Dunbar Loop,69090,69450,in_service_layover,67.22706355523475,71.22228856781095,22.533069070929685,360,6.0,19:11:30,19:17:30,False,,no_dispenser,0
2159342,heavy,22.0,72.0,40-ft,VTC,1,MF,14827675,14827577,002,002,50640,50640,Dunbar Loop @ Bay 2,Dunbar Loop @ Bay 2,50640,Dunbar Loop,73770,74130,in_service_layover,61.686681455066136,66.09897355045152,24.885327417973542,360,6.0,20:29:30,20:35:30,False,,no_dispenser,0
2159342,heavy,22.0,72.0,40-ft,VTC,1,MF,14827680,14827582,002,002,50640,50640,Dunbar Loop @ Bay 2,Dunbar Loop @ Bay 2,50640,Dunbar Loop,78090,78570,in_service_layover,56.56336643770672,62.77351777030229,35.02525351583904,480,8.0,21:41:30,21:49:30,False,,no_dispenser,0
2159342,heavy,22.0,72.0,40-ft,VTC,1,MF,14827685,14827587,002,002,50640,50640,Dunbar Loop @ Bay 2,Dunbar Loop @ Bay 2,50640,Dunbar Loop,82650,83070,in_service_layover,53.237910657557485,58.749710979055145,31.086553813246837,420,7.0,22:57:30,23:04:30,False,,no_dispenser,0
2160598,heavy,123.0,4.0,40-ft,HTC,1,MF,14845506,14845350,119,116,52453,52667,Edmonds Station @ Bay 3,Edmonds Station @ Bay 6,52453,Edmonds Station,26970,27210,in_service_layover,68.18908028523181,70.86890282561234,15.11419912774619,240,4.0,07:29:30,07:33:30,False,,no_dispenser,0
2160492,heavy,106.0,1.0,40-ft,HTC,1,MF,14844189,14844012,106,106,52992,52771,Edmonds Station @ Bay 2,Edmonds Station @ Bay 4,52992,Edmonds Station,28230,28590,in_service_layover,68.1367500920101,72.05652201613297,22.107513652053,360,6.0,07:50:30,07:56:30,False,,no_dispenser,0
2160499,heavy,123.0,3.0,40-ft,HTC,1,MF,14845003,14844945,112,112,52605,52605,Edmonds Station @ Bay 5,Edmonds Station @ Bay 5,52605,Edmonds Station,28350,28530,in_service_layover,69.61179595897592,71.58803778550258,11.146003901610356,180,3.0,07:52:30,07:55:30,False,,no_dispenser,0
2160670,heavy,123.0,11.0,40-ft,HTC,1,MF,14847736,14847768,133,133,52992,52992,Edmonds Station @ Bay 2,Edmonds Station @ Bay 2,52992,Edmonds Station,28350,29010,in_service_layover,68.99501460076934,75.56077444272373,37.03088550862276,660,11.0,07:52:30,08:03:30,False,,no_dispenser,0
2160504,heavy,123.0,10.0,40-ft,HTC,1,MF,14845572,14845648,119,119,52453,52453,Edmonds Station @ Bay 3,Edmonds Station @ Bay 3,52453,Edmonds Station,28530,28890,in_service_layover,68.18908028523181,72.10445007067186,22.082685589881862,360,6.0,07:55:30,08:01:30,False,,no_dispenser,0
2160500,heavy,123.0,6.0,40-ft,HTC,1,MF,14845267,14845322,116,116,52667,52667,Edmonds Station @ Bay 6,Edmonds Station @ Bay 6,52667,Edmonds Station,28830,29010,in_service_layover,67.45966122136646,69.52353877625801,11.640269409588313,180,3.0,08:00:30,08:03:30,False,,no_dispenser,0
2160506,heavy,123.0,2.0,40-ft,HTC,1,MF,14844155,14844062,106,106,52992,52771,Edmonds Station @ Bay 2,Edmonds Station @ Bay 4,52992,Edmonds Station,28890,29130,in_service_layover,64.21876869593575,67.09731391125794,16.23499501441711,240,4.0,08:01:30,08:05:30,False,,no_dispenser,0
2160674,heavy,123.0,13.0,40-ft,HTC,1,MF,14847735,14847754,133,133,52992,52992,Edmonds Station @ Bay 2,Edmonds Station @ Bay 2,52992,Edmonds Station,29430,29910,in_service_layover,68.99501460076934,73.98253956896927,28.129640820647637,480,8.0,08:10:30,08:18:30,False,,no_dispenser,0
2160623,heavy,123.0,14.0,40-ft,HTC,1,MF,14845504,14845661,119,119,52453,52453,Edmonds Station @ Bay 3,Edmonds Station @ Bay 3,52453,Edmonds Station,29970,30330,in_service_layover,68.18908028523181,72.10445007067186,22.082685589881862,360,6.0,08:19:30,08:25:30,False,,no_dispenser,0
2160602,heavy,410.0,14.0,40-ft,HTC,1,MF,14845248,14845318,116,116,52667,52667,Edmonds Station @ Bay 6,Edmonds Station @ Bay 6,52667,Edmonds Station,30090,30330,in_service_layover,65.19872080221299,68.03093258461426,15.973674452743182,240,4.0,08:21:30,08:25:30,False,,no_dispenser,0
2160671,heavy,123.0,20.0,40-ft,HTC,1,MF,14847734,14847753,133,133,52992,52992,Edmonds Station @ Bay 2,Edmonds Station @ Bay 2,52992,Edmonds Station,30510,30810,in_service_layover,68.99501460076934,72.24473008378612,18.328395324214682,300,5.0,08:28:30,08:33:30,False,,no_dispenser,0
2160605,heavy,106.0,4.0,40-ft,HTC,1,MF,14845503,14845655,119,119,52453,52453,Edmonds Station @ Bay 3,Edmonds Station @ Bay 3,52453,Edmonds Station,30750,31050,in_service_layover,69.26114447983085,72.4917704605363,18.22073053117873,300,5.0,08:32:30,08:37:30,False,,no_dispenser,0
2160509,heavy,410.0,27.0,40-ft,HTC,1,MF,14845367,14845370,116,116,60063,52667,Byrne Rd @ North Fraser Way,Edmonds Station @ Bay 6,52667,Edmonds Station,31410,31710,interline_end,67.70813191539872,71.04769482608349,18.835134816262098,300,5.0,08:43:30,08:48:30,False,,no_dispenser,0
2160675,heavy,123.0,22.0,40-ft,HTC,1,MF,14847732,14847752,133,133,52992,52992,Edmonds Station @ Bay 2,Edmonds Station @ Bay 2,52992,Edmonds Station,31590,31770,in_service_layover,68.99501460076934,70.99753799250905,11.294231929411978,180,3.0,08:46:30,08:49:30,False,,no_dispenser,0
2160504,heavy,123.0,10.0,40-ft,HTC,1,MF,14845515,14845651,119,119,52453,52453,Edmonds Station @ Bay 3,Edmonds Station @ Bay 3,52453,Edmonds Station,32190,32490,in_service_layover,68.95189480146806,72.20468688999004,18.34574737926397,300,5.0,08:56:30,09:01:30,False,,no_dispenser,0
2160492,heavy,106.0,1.0,40-ft,HTC,1,MF,14844162,14844044,106,106,52992,52771,Edmonds Station @ Bay 2,Edmonds Station @ Bay 4,52992,Edmonds Station,32670,32850,in_service_layover,69.50408692659722,71.48498584002392,11.172269871726598,180,3.0,09:04:30,09:07:30,False,,no_dispenser,0
2160666,heavy,123.0,8.0,40-ft,HTC,1,MF,14847731,14847751,133,133,52992,52992,Edmonds Station @ Bay 2,Edmonds Station @ Bay 2,52992,Edmonds Station,32670,33150,in_service_layover,58.05574033899382,64.16779729661906,34.472001241006296,480,8.0,09:04:30,09:12:30,False,,no_dispenser,0
2160598,heavy,123.0,4.0,40-ft,HTC,1,MF,14845294,14845312,116,116,52667,52667,Edmonds Station @ Bay 6,Edmonds Station @ Bay 6,52667,Edmonds Station,32730,32910,in_service_layover,61.36084892288156,63.64237910292122,12.86783021542368,180,3.0,09:05:30,09:08:30,False,,no_dispenser,0
2160506,heavy,123.0,2.0,40-ft,HTC,1,MF,14844133,14844034,106,106,52992,52771,Edmonds Station @ Bay 2,Edmonds Station @ Bay 4,52992,Edmonds Station,33270,33510,in_service_layover,65.59282499165005,68.40621285866207,15.867507569947861,240,4.0,09:14:30,09:18:30,False,,no_dispenser,0
2160593,heavy,410.0,22.0,40-ft,HTC,1,MF,14845250,14845650,116,119,52667,52453,Edmonds Station @ Bay 6,Edmonds Station @ Bay 3,52667,Edmonds Station,33510,33930,in_service_layover,65.14795433431105,69.94408982458498,27.05020416514492,420,7.0,09:18:30,09:25:30,False,,no_dispenser,0
2160596,heavy,123.0,12.0,40-ft,HTC,1,MF,14845295,14845339,116,116,52667,52667,Edmonds Station @ Bay 6,Edmonds Station @ Bay 6,52667,Edmonds Station,34170,34590,in_service_layover,69.00039391748768,73.42583633232368,24.959495219674977,420,7.0,09:29:30,09:36:30,False,,no_dispenser,0
2160605,heavy,106.0,4.0,40-ft,HTC,1,MF,14845500,14845645,119,119,52453,52453,Edmonds Station @ Bay 3,Edmonds Station @ Bay 3,52453,Edmonds Station,34350,34650,in_service_layover,68.68695561367356,71.95855031491729,18.45179411501465,300,5.0,09:32:30,09:37:30,False,,no_dispenser,0
2160662,heavy,123.0,28.0,40-ft,HTC,1,MF,14847729,14847750,133,133,52992,52992,Edmonds Station @ Bay 2,Edmonds Station @ Bay 2,52992,Edmonds Station,34410,35010,in_service_layover,68.99501460076934,75.05242624797884,34.16380169026161,600,10.0,09:33:30,09:43:30,False,,no_dispenser,0
2160500,heavy,123.0,6.0,40-ft,HTC,1,MF,14845265,14844047,116,106,52667,52771,Edmonds Station @ Bay 6,Edmonds Station @ Bay 4,52667,Edmonds Station,34650,34950,in_service_layover,62.819425002675914,66.46484905689128,20.56019166577471,300,5.0,09:37:30,09:42:30,False,,no_dispenser,0
2160569,heavy,410.0,8.0,40-ft,HTC,1,MF,14845037,14845662,112,119,52605,52453,Edmonds Station @ Bay 5,Edmonds Station @ Bay 3,52605,Edmonds Station,34830,35370,in_service_layover,64.51409523168262,70.60548404667318,34.355432916546874,540,9.0,09:40:30,09:49:30,False,,no_dispenser,0
2160498,heavy,106.0,3.0,40-ft,HTC,1,MF,14844130,14844079,106,106,52992,52771,Edmonds Station @ Bay 2,Edmonds Station @ Bay 4,52992,Edmonds Station,35250,35670,in_service_layover,67.15232511858163,71.76015485020439,25.988159686352276,420,7.0,09:47:30,09:54:30,False,,no_dispenser,0
2160504,heavy,123.0,10.0,40-ft,HTC,1,MF,14845574,14845644,119,119,52453,52453,Edmonds Station @ Bay 3,Edmonds Station @ Bay 3,52453,Edmonds Station,35790,36030,in_service_layover,68.41188512239749,71.07947196156964,15.04518977293094,240,4.0,09:56:30,10:00:30,False,,no_dispenser,0
2160502,heavy,106.0,7.0,40-ft,HTC,1,MF,14844146,14844066,106,106,52992,52771,Edmonds Station @ Bay 2,Edmonds Station @ Bay 4,52992,Edmonds Station,35970,36390,in_service_layover,67.55008420316855,72.11936953073983,25.770769247502017,420,7.0,09:59:30,10:06:30,False,,no_dispenser,0
2160664,heavy,123.0,23.0,40-ft,HTC,1,MF,14847727,14847749,133,133,52992,52992,Edmonds Station @ Bay 2,Edmonds Station @ Bay 2,52992,Edmonds Station,36150,36870,in_service_layover,58.05574033899382,66.89339100919932,49.844349779958975,720,12.0,10:02:30,10:14:30,False,,no_dispenser,0
2160490,heavy,106.0,2.0,40-ft,HTC,1,MF,14845264,14845349,116,116,52667,52667,Edmonds Station @ Bay 6,Edmonds Station @ Bay 6,52667,Edmonds Station,36210,36510,in_service_layover,51.55128974066694,55.4454390699916,21.96300221739108,300,5.0,10:03:30,10:08:30,False,,no_dispenser,0
2160492,heavy,106.0,1.0,40-ft,HTC,1,MF,14844126,14844050,106,106,52992,52771,Edmonds Station @ Bay 2,Edmonds Station @ Bay 4,52992,Edmonds Station,36690,37110,in_service_layover,67.77318208124112,72.320677226266,25.647872617940322,420,7.0,10:11:30,10:18:30,False,,no_dispenser,0
2160603,heavy,123.0,25.0,40-ft,HTC,1,MF,14845499,14845642,119,119,52453,52453,Edmonds Station @ Bay 3,Edmonds Station @ Bay 3,52453,Edmonds Station,37230,37470,in_service_layover,65.36836153198932,68.19251756055067,15.928240001086067,240,4.0,10:20:30,10:24:30,False,,no_dispenser,0
2160506,heavy,123.0,2.0,40-ft,HTC,1,MF,14844206,14844091,106,106,52992,52771,Edmonds Station @ Bay 2,Edmonds Station @ Bay 4,52992,Edmonds Station,37410,37830,in_service_layover,65.51667092935756,70.27890879445384,26.859021559143002,420,7.0,10:23:30,10:30:30,False,,no_dispenser,0
2160605,heavy,106.0,4.0,40-ft,HTC,1,MF,14845497,14845641,119,119,52453,52453,Edmonds Station @ Bay 3,Edmonds Station @ Bay 3,52453,Edmonds Station,37950,38190,in_service_layover,68.17588663019333,70.85642976918203,15.118263303896242,240,4.0,10:32:30,10:36:30,False,,no_dispenser,0
2160598,heavy,123.0,4.0,40-ft,HTC,1,MF,14845263,14845348,116,116,52667,52667,Edmonds Station @ Bay 6,Edmonds Station @ Bay 6,52667,Edmonds Station,38070,38310,in_service_layover,54.344714081544424,57.48958000585007,17.737043813083858,240,4.0,10:34:30,10:38:30,False,,no_dispenser,0
2160560,heavy,123.0,26.0,40-ft,HTC,1,MF,14844170,14844106,106,106,52992,52771,Edmonds Station @ Bay 2,Edmonds Station @ Bay 4,52992,Edmonds Station,38130,38490,in_service_layover,68.78209761992568,72.64710622909553,21.798648555717932,360,6.0,10:35:30,10:41:30,False,,no_dispenser,0
2160670,heavy,123.0,11.0,40-ft,HTC,1,MF,14847725,14847748,133,133,52992,52992,Edmonds Station @ Bay 2,Edmonds Station @ Bay 2,52992,Edmonds Station,38130,38730,in_service_layover,56.685639293637514,64.3208478827002,43.06257644231357,600,10.0,10:35:30,10:45:30,False,,no_dispenser,0
2160569,heavy,410.0,8.0,40-ft,HTC,1,MF,14845575,14845663,119,119,52453,52453,Edmonds Station @ Bay 3,Edmonds Station @ Bay 3,52453,Edmonds Station,38670,38910,in_service_layover,66.87588725598249,69.6253420260639,15.506924903259176,240,4.0,10:44:30,10:48:30,False,,no_dispenser,0
2160500,heavy,123.0,6.0,40-ft,HTC,1,MF,14844151,14844080,106,106,52992,52771,Edmonds Station @ Bay 2,Edmonds Station @ Bay 4,52992,Edmonds Station,38850,39210,in_service_layover,63.6949835585188,67.96385631428274,24.076442342508585,360,6.0,10:47:30,10:53:30,False,,no_dispenser,0
2160498,heavy,106.0,3.0,40-ft,HTC,1,MF,14844194,14844063,106,106,52992,52771,Edmonds Station @ Bay 2,Edmonds Station @ Bay 4,52992,Edmonds Station,39630,39870,in_service_layover,68.64198994125452,71.29681185950682,14.973195618942952,240,4.0,11:00:30,11:04:30,False,,no_dispenser,0
2160596,heavy,123.0,12.0,40-ft,HTC,1,MF,14845261,14845331,116,116,52667,52667,Edmonds Station @ Bay 6,Edmonds Station @ Bay 6,52667,Edmonds Station,39750,39990,in_service_layover,63.826597231278015,66.72368483263602,16.33957407165917,240,4.0,11:02:30,11:06:30,False,,no_dispenser,0
2160671,heavy,123.0,20.0,40-ft,HTC,1,MF,14847724,14847775,133,133,52992,52992,Edmonds Station @ Bay 2,Edmonds Station @ Bay 2,52992,Edmonds Station,39930,40470,in_service_layover,53.369594934699904,60.43467710095401,39.847063417673155,540,9.0,11:05:30,11:14:30,False,,no_dispenser,0
2160502,heavy,106.0,7.0,40-ft,HTC,1,MF,14844188,14844048,106,106,52992,52771,Edmonds Station @ Bay 2,Edmonds Station @ Bay 4,52992,Edmonds Station,40350,40590,in_service_layover,67.74921407307278,70.45283351002728,15.248413624423392,240,4.0,11:12:30,11:16:30,False,,no_dispenser,0
2160603,heavy,123.0,25.0,40-ft,HTC,1,MF,14845494,14845638,119,119,52453,52453,Edmonds Station @ Bay 3,Edmonds Station @ Bay 3,52453,Edmonds Station,40890,41070,in_service_layover,65.24043016378754,67.38438654095819,12.091913967242476,180,3.0,11:21:30,11:24:30,False,,no_dispenser,0
2160492,heavy,106.0,1.0,40-ft,HTC,1,MF,14844207,14844092,106,106,52992,52771,Edmonds Station @ Bay 2,Edmonds Station @ Bay 4,52992,Edmonds Station,41070,41310,in_service_layover,67.94168903123267,70.63495409354864,15.19001495146199,240,4.0,11:24:30,11:28:30,False,,no_dispenser,0
2160605,heavy,106.0,4.0,40-ft,HTC,1,MF,14845493,14845637,119,119,52453,52453,Edmonds Station @ Bay 3,Edmonds Station @ Bay 3,52453,Edmonds Station,41610,41790,in_service_layover,67.11733146326738,69.1940973902072,11.712959827940665,180,3.0,11:33:30,11:36:30,False,,no_dispenser,0
2160490,heavy,106.0,2.0,40-ft,HTC,1,MF,14845260,14845332,116,116,52667,52667,Edmonds Station @ Bay 6,Edmonds Station @ Bay 6,52667,Edmonds Station,41610,41850,in_service_layover,47.62210268566125,50.68648447625469,17.283113298947,240,4.0,11:33:30,11:37:30,False,,no_dispenser,0
2160506,heavy,123.0,2.0,40-ft,HTC,1,MF,14844145,14844107,106,106,52992,52771,Edmonds Station @ Bay 2,Edmonds Station @ Bay 4,52992,Edmonds Station,41790,42030,in_service_layover,65.98487985985867,68.77916230723139,15.759753003182254,240,4.0,11:36:30,11:40:30,False,,no_dispenser,0
2160666,heavy,123.0,8.0,40-ft,HTC,1,MF,14847733,14847760,133,133,52992,52992,Edmonds Station @ Bay 2,Edmonds Station @ Bay 2,52992,Edmonds Station,41790,42270,in_service_layover,45.292662147532845,51.43041652605709,34.61693469487676,480,8.0,11:36:30,11:44:30,False,,no_dispenser,0
2160569,heavy,410.0,8.0,40-ft,HTC,1,MF,14845576,14845664,119,119,52453,52453,Edmonds Station @ Bay 3,Edmonds Station @ Bay 3,52453,Edmonds Station,42330,42510,in_service_layover,65.93139123145617,68.05084544310665,11.953721753708749,180,3.0,11:45:30,11:48:30,False,,no_dispenser,0
2160497,heavy,123.0,7.0,40-ft,HTC,1,MF,14844121,14844081,106,106,52992,52771,Edmonds Station @ Bay 2,Edmonds Station @ Bay 4,52992,Edmonds Station,42510,42750,in_service_layover,61.77403427690802,64.76816977208966,16.88692419282455,240,4.0,11:48:30,11:52:30,False,,no_dispenser,0
2160560,heavy,123.0,26.0,40-ft,HTC,1,MF,14844979,14844962,112,112,52605,52605,Edmonds Station @ Bay 5,Edmonds Station @ Bay 5,52605,Edmonds Station,42510,42750,in_service_layover,66.94229834090486,69.6883336495787,15.487639140920521,240,4.0,11:48:30,11:52:30,False,,no_dispenser,0
2160504,heavy,123.0,10.0,40-ft,HTC,1,MF,14845556,14845636,119,119,52453,52453,Edmonds Station @ Bay 3,Edmonds Station @ Bay 3,52453,Edmonds Station,43110,43290,in_service_layover,62.1816328628938,64.43405722945784,12.703673427421222,180,3.0,11:58:30,12:01:30,False,,no_dispenser,0
2160500,heavy,123.0,6.0,40-ft,HTC,1,MF,14844195,14844052,106,106,52992,52771,Edmonds Station @ Bay 2,Edmonds Station @ Bay 4,52992,Edmonds Station,43290,43470,in_service_layover,64.43693501824698,66.60938413107512,12.252612996350592,180,3.0,12:01:30,12:04:30,False,,no_dispenser,0
2160559,heavy,123.0,9.0,40-ft,HTC,1,MF,14844980,14844963,112,112,52605,52605,Edmonds Station @ Bay 5,Edmonds Station @ Bay 5,52605,Edmonds Station,43410,43710,in_service_layover,66.02249248367032,69.47357332800993,19.46409596207542,300,5.0,12:03:30,12:08:30,False,,no_dispenser,0
2160598,heavy,123.0,4.0,40-ft,HTC,1,MF,14845273,14845342,116,116,52667,52667,Edmonds Station @ Bay 6,Edmonds Station @ Bay 6,52667,Edmonds Station,43470,43650,in_service_layover,49.697913593121775,52.00636184080828,13.019648116951885,180,3.0,12:04:30,12:07:30,False,,no_dispenser,0
2160662,heavy,123.0,28.0,40-ft,HTC,1,MF,14847723,14847747,133,133,52992,52992,Edmonds Station @ Bay 2,Edmonds Station @ Bay 2,52992,Edmonds Station,43590,44190,in_service_layover,56.177291098892624,63.852539563170154,43.28840133852526,600,10.0,12:06:30,12:16:30,False,,no_dispenser,0
2160597,heavy,123.0,31.0,40-ft,HTC,1,MF,14845560,14845635,119,119,52453,52453,Edmonds Station @ Bay 3,Edmonds Station @ Bay 3,52453,Edmonds Station,43830,44010,in_service_layover,61.52705752375136,63.80269378177436,12.834588495249704,180,3.0,12:10:30,12:13:30,False,,no_dispenser,0
2160498,heavy,106.0,3.0,40-ft,HTC,1,MF,14844140,14844036,106,106,52992,52771,Edmonds Station @ Bay 2,Edmonds Station @ Bay 4,52992,Edmonds Station,44010,44250,in_service_layover,66.96171063638052,69.7067444550252,15.481990737156082,240,4.0,12:13:30,12:17:30,False,,no_dispenser,0
2160603,heavy,123.0,25.0,40-ft,HTC,1,MF,14845559,14845634,119,119,52453,52453,Edmonds Station @ Bay 3,Edmonds Station @ Bay 3,52453,Edmonds Station,44610,44790,in_service_layover,61.582976682676694,63.856629991801626,12.823404663464657,180,3.0,12:23:30,12:26:30,False,,no_dispenser,0
2160502,heavy,106.0,7.0,40-ft,HTC,1,MF,14844208,14844093,106,106,52992,52771,Edmonds Station @ Bay 2,Edmonds Station @ Bay 4,52992,Edmonds Station,44730,45030,in_service_layover,66.15196748580144,69.59473046831896,19.41718322139883,300,5.0,12:25:30,12:30:30,False,,no_dispenser,0
2160596,heavy,123.0,12.0,40-ft,HTC,1,MF,14845286,14845341,116,116,52667,52667,Edmonds Station @ Bay 6,Edmonds Station @ Bay 6,52667,Edmonds Station,45210,45390,in_service_layover,59.552561625933066,61.899180498183505,13.234930439492473,180,3.0,12:33:30,12:36:30,False,,no_dispenser,0
2160605,heavy,106.0,4.0,40-ft,HTC,1,MF,14845558,14845633,119,119,52453,52453,Edmonds Station @ Bay 3,Edmonds Station @ Bay 3,52453,Edmonds Station,45390,45570,in_service_layover,65.5154389585731,67.6496432508223,12.0369122082854,180,3.0,12:36:30,12:39:30,False,,no_dispenser,0
2160492,heavy,106.0,1.0,40-ft,HTC,1,MF,14844143,14844108,106,106,52992,52771,Edmonds Station @ Bay 2,Edmonds Station @ Bay 4,52992,Edmonds Station,45450,45750,in_service_layover,66.3268489143758,69.75831179815498,19.35345066451447,300,5.0,12:37:30,12:42:30,False,,no_dispenser,0
2160664,heavy,123.0,23.0,40-ft,HTC,1,MF,14847722,14847746,133,133,52992,52992,Edmonds Station @ Bay 2,Edmonds Station @ Bay 2,52992,Edmonds Station,45450,45990,in_service_layover,48.0182558601131,54.992530330151,39.33490801101374,540,9.0,12:37:30,12:46:30,False,,no_dispenser,0
2160569,heavy,410.0,8.0,40-ft,HTC,1,MF,14845577,14845665,119,119,52453,52453,Edmonds Station @ Bay 3,Edmonds Station @ Bay 3,52453,Edmonds Station,46110,46290,in_service_layover,64.41272786066052,66.58603538333213,12.257454427867913,180,3.0,12:48:30,12:51:30,False,,no_dispenser,0
2160506,heavy,123.0,2.0,40-ft,HTC,1,MF,14844141,14844082,106,106,52992,52771,Edmonds Station @ Bay 2,Edmonds Station @ Bay 4,52992,Edmonds Station,46170,46470,in_service_layover,64.54099971427254,68.08431542089117,19.984300585329095,300,5.0,12:49:30,12:54:30,False,,no_dispenser,0
2160504,heavy,123.0,10.0,40-ft,HTC,1,MF,14845557,14845632,119,119,52453,52453,Edmonds Station @ Bay 3,Edmonds Station @ Bay 3,52453,Edmonds Station,46890,47070,in_service_layover,60.92419454820494,63.22120892592816,12.955161090359013,180,3.0,13:01:30,13:04:30,False,,no_dispenser,0
2160497,heavy,123.0,7.0,40-ft,HTC,1,MF,14844196,14844051,106,106,52992,52771,Edmonds Station @ Bay 2,Edmonds Station @ Bay 4,52992,Edmonds Station,47010,47190,in_service_layover,60.67224095697272,62.97818985920773,13.005551808605446,180,3.0,13:03:30,13:06:30,False,,no_dispenser,0
2160490,heavy,106.0,2.0,40-ft,HTC,1,MF,14845283,14845340,116,116,52667,52667,Edmonds Station @ Bay 6,Edmonds Station @ Bay 6,52667,Edmonds Station,47130,47310,in_service_layover,43.586707665902686,45.86871490091548,12.870520805472182,180,3.0,13:05:30,13:08:30,False,,no_dispenser,0
2160670,heavy,123.0,11.0,40-ft,HTC,1,MF,14847721,14847745,133,133,52992,52992,Edmonds Station @ Bay 2,Edmonds Station @ Bay 2,52992,Edmonds Station,47310,47790,in_service_layover,45.44571273361399,51.58584737236084,34.63035936253226,480,8.0,13:08:30,13:16:30,False,,no_dispenser,0
2160597,heavy,123.0,31.0,40-ft,HTC,1,MF,14845555,14845631,119,119,52453,52453,Edmonds Station @ Bay 3,Edmonds Station @ Bay 3,52453,Edmonds Station,47610,47790,in_service_layover,60.315219875261995,62.63382909954349,13.076956024947606,180,3.0,13:13:30,13:16:30,False,,no_dispenser,0
2160500,heavy,123.0,6.0,40-ft,HTC,1,MF,14844113,14844023,106,106,52992,52771,Edmonds Station @ Bay 2,Edmonds Station @ Bay 4,52992,Edmonds Station,47730,47910,in_service_layover,62.448164026632426,64.69113693348943,12.650367194673493,180,3.0,13:15:30,13:18:30,False,,no_dispenser,0
2164977,heavy,410.0,33.0,40-ft,HTC,1,MF,14845554,14845630,119,119,52453,52453,Edmonds Station @ Bay 3,Edmonds Station @ Bay 3,52453,Edmonds Station,48210,48450,in_service_layover,58.256143733136746,61.405102211077825,17.760125815587685,240,4.0,13:23:30,13:27:30,False,,no_dispenser,0
2160458,heavy,123.0,21.0,40-ft,HTC,1,MF,14844985,14844969,112,112,52605,52605,Edmonds Station @ Bay 5,Edmonds Station @ Bay 5,52605,Edmonds Station,48870,49110,in_service_layover,66.91011551418141,69.65780933823396,15.496993167656342,240,4.0,13:34:30,13:38:30,False,,no_dispenser,0
2160598,heavy,123.0,4.0,40-ft,HTC,1,MF,14845282,14845338,116,116,52667,52667,Edmonds Station @ Bay 6,Edmonds Station @ Bay 6,52667,Edmonds Station,48930,49110,in_service_layover,43.3797493642741,45.66121650363006,12.867474665967649,180,3.0,13:35:30,13:38:30,False,,no_dispenser,0
2160620,heavy,123.0,16.0,40-ft,HTC,1,MF,14845578,14845666,119,119,52453,52453,Edmonds Station @ Bay 3,Edmonds Station @ Bay 3,52453,Edmonds Station,48990,49170,in_service_layover,55.70040510795686,58.06723107170394,13.348898435533556,180,3.0,13:36:30,13:39:30,False,,no_dispenser,0
2160671,heavy,123.0,20.0,40-ft,HTC,1,MF,14847720,14847744,133,133,52992,52992,Edmonds Station @ Bay 2,Edmonds Station @ Bay 2,52992,Edmonds Station,49110,49830,in_service_layover,41.5595419518678,50.74928928436173,51.83017495526576,720,12.0,13:38:30,13:50:30,False,,no_dispenser,0
2160560,heavy,123.0,26.0,40-ft,HTC,1,MF,14844986,14844970,112,112,52605,52605,Edmonds Station @ Bay 5,Edmonds Station @ Bay 5,52605,Edmonds Station,49830,50070,in_service_layover,69.81486767415915,72.40259909418197,14.594805208928733,240,4.0,13:50:30,13:54:30,False,,no_dispenser,0
2160569,heavy,410.0,8.0,40-ft,HTC,1,MF,14845553,14845628,119,119,52453,52453,Edmonds Station @ Bay 3,Edmonds Station @ Bay 3,52453,Edmonds Station,49890,50550,in_service_layover,62.99986142002694,70.48091842488067,42.19316150737501,660,11.0,13:51:30,14:02:30,False,,no_dispenser,0
2160504,heavy,123.0,10.0,40-ft,HTC,1,MF,14845552,14845627,119,119,52453,52453,Edmonds Station @ Bay 3,Edmonds Station @ Bay 3,52453,Edmonds Station,50670,51210,in_service_layover,59.754992320789626,66.3909157570301,37.42660818039627,540,9.0,14:04:30,14:13:30,False,,no_dispenser,0
2160559,heavy,123.0,9.0,40-ft,HTC,1,MF,14844987,14844971,112,112,52605,52605,Edmonds Station @ Bay 5,Edmonds Station @ Bay 5,52605,Edmonds Station,50730,50970,in_service_layover,69.23672885642708,71.85795410595652,14.783710407346064,240,4.0,14:05:30,14:09:30,False,,no_dispenser,0
2160596,heavy,123.0,12.0,40-ft,HTC,1,MF,14845281,14845353,116,116,52667,52667,Edmonds Station @ Bay 6,Edmonds Station @ Bay 6,52667,Edmonds Station,50790,50970,in_service_layover,53.3806208813054,55.724884735156834,13.221648135722091,180,3.0,14:06:30,14:09:30,False,,no_dispenser,0
2160666,heavy,123.0,8.0,40-ft,HTC,1,MF,14847719,14847743,133,133,52992,52992,Edmonds Station @ Bay 2,Edmonds Station @ Bay 2,52992,Edmonds Station,51030,51390,in_service_layover,32.55528137697088,37.0707613387186,25.467306984257164,360,6.0,14:10:30,14:16:30,False,,no_dispenser,0
2160597,heavy,123.0,31.0,40-ft,HTC,1,MF,14845551,14845354,119,116,52453,52667,Edmonds Station @ Bay 3,Edmonds Station @ Bay 6,52453,Edmonds Station,51390,51870,in_service_layover,59.18772515815762,65.20083909181453,33.91396258582495,480,8.0,14:16:30,14:24:30,False,,no_dispenser,0
2164557,heavy,106.0,6.0,40-ft,HTC,1,MF,14844988,14844972,112,112,52605,52605,Edmonds Station @ Bay 5,Edmonds Station @ Bay 5,52605,Edmonds Station,51690,51930,in_service_layover,69.40279311272963,72.01448190331378,14.729924778894599,240,4.0,14:21:30,14:25:30,False,,no_dispenser,0
2164977,heavy,410.0,33.0,40-ft,HTC,1,MF,14845579,14845667,119,119,52453,52453,Edmonds Station @ Bay 3,Edmonds Station @ Bay 3,52453,Edmonds Station,52050,52590,in_service_layover,57.982642012131635,64.80544387944742,38.48060253166108,540,9.0,14:27:30,14:36:30,False,,no_dispenser,0
2160490,heavy,106.0,2.0,40-ft,HTC,1,MF,14845280,14844104,116,106,52667,52771,Edmonds Station @ Bay 6,Edmonds Station @ Bay 4,52667,Edmonds Station,52710,52950,in_service_layover,37.220484608325336,40.24301860857945,17.047091761433222,240,4.0,14:38:30,14:42:30,False,,no_dispenser,0
2160498,heavy,106.0,3.0,40-ft,HTC,1,MF,14844150,14844045,106,106,52992,52771,Edmonds Station @ Bay 2,Edmonds Station @ Bay 4,52992,Edmonds Station,52890,53490,in_service_layover,61.31511820743366,68.41563849552766,40.04693442485018,600,10.0,14:41:30,14:51:30,False,,no_dispenser,0
2160662,heavy,123.0,28.0,40-ft,HTC,1,MF,14847718,14847789,133,133,52992,52992,Edmonds Station @ Bay 2,Edmonds Station @ Bay 2,52992,Edmonds Station,53010,54090,in_service_layover,44.97740441408394,58.91870686964529,78.628945849366,1080,18.0,14:43:30,15:01:30,False,,no_dispenser,0
2160599,heavy,123.0,18.0,40-ft,HTC,1,MF,14845291,14845355,116,116,52667,52667,Edmonds Station @ Bay 6,Edmonds Station @ Bay 6,52667,Edmonds Station,53610,53790,in_service_layover,46.89298024594192,49.183994666170875,12.921321330091303,180,3.0,14:53:30,14:56:30,False,,no_dispenser,0
2160560,heavy,123.0,26.0,40-ft,HTC,1,MF,14844990,14844952,112,112,52605,52605,Edmonds Station @ Bay 5,Edmonds Station @ Bay 5,52605,Edmonds Station,53610,53850,in_service_layover,67.76346651599204,70.46632236788838,15.244107004695366,240,4.0,14:53:30,14:57:30,False,,no_dispenser,0
2160502,heavy,106.0,7.0,40-ft,HTC,1,MF,14844131,14844053,106,106,52992,52771,Edmonds Station @ Bay 2,Edmonds Station @ Bay 4,52992,Edmonds Station,53610,54090,in_service_layover,59.210705696294575,65.22159435411963,33.90141203013326,480,8.0,14:53:30,15:01:30,False,,no_dispenser,0
2160569,heavy,410.0,8.0,40-ft,HTC,1,MF,14845548,14845623,119,119,52453,52453,Edmonds Station @ Bay 3,Edmonds Station @ Bay 3,52453,Edmonds Station,54150,54750,in_service_layover,64.67950856659918,71.34094313125095,37.57049094463605,600,10.0,15:02:30,15:12:30,False,,no_dispenser,0
2160598,heavy,123.0,4.0,40-ft,HTC,1,MF,14845258,14845335,116,116,52667,52667,Edmonds Station @ Bay 6,Edmonds Station @ Bay 6,52667,Edmonds Station,54630,54810,in_service_layover,37.772202220045685,40.039035436364,12.784939340035294,180,3.0,15:10:30,15:13:30,False,,no_dispenser,0
2160504,heavy,123.0,10.0,40-ft,HTC,1,MF,14845547,14844037,119,106,52453,52771,Edmonds Station @ Bay 3,Edmonds Station @ Bay 4,52453,Edmonds Station,54810,55230,in_service_layover,60.589505898748605,65.77831746741008,29.264897247250644,420,7.0,15:13:30,15:20:30,False,,no_dispenser,0
2160664,heavy,123.0,23.0,40-ft,HTC,1,MF,14847717,14847788,133,133,52992,52992,Edmonds Station @ Bay 2,Edmonds Station @ Bay 2,52992,Edmonds Station,54930,55770,in_service_layover,36.117395181064786,46.75901963432275,60.0187619163749,840,14.0,15:15:30,15:29:30,False,,no_dispenser,0
2160506,heavy,123.0,2.0,40-ft,HTC,1,MF,14844112,14844101,106,106,52992,52771,Edmonds Station @ Bay 2,Edmonds Station @ Bay 4,52992,Edmonds Station,55110,55770,in_service_layover,55.400657679085285,63.8411115154177,47.6041596369148,660,11.0,15:18:30,15:29:30,False,,no_dispenser,0
2164557,heavy,106.0,6.0,40-ft,HTC,1,MF,14845021,14844918,112,112,52605,52605,Edmonds Station @ Bay 5,Edmonds Station @ Bay 5,52605,Edmonds Station,55290,55530,in_service_layover,67.37534932512385,70.09882050446168,15.360377451465467,240,4.0,15:21:30,15:25:30,False,,no_dispenser,0
2160497,heavy,123.0,7.0,40-ft,HTC,1,MF,14844211,14844102,106,106,52992,52771,Edmonds Station @ Bay 2,Edmonds Station @ Bay 4,52992,Edmonds Station,55830,56310,in_service_layover,50.29453211740184,56.53264686166185,35.18296715762642,480,8.0,15:30:30,15:38:30,False,,no_dispenser,0
2160458,heavy,123.0,21.0,40-ft,HTC,1,MF,14845022,14847793,112,133,52605,52992,Edmonds Station @ Bay 5,Edmonds Station @ Bay 2,52605,Edmonds Station,56130,56670,in_service_layover,68.50117444747403,74.09665561594045,31.55851379015064,540,9.0,15:35:30,15:44:30,False,,no_dispenser,0
2160500,heavy,123.0,6.0,40-ft,HTC,1,MF,14844184,14844096,106,106,52992,52771,Edmonds Station @ Bay 2,Edmonds Station @ Bay 4,52992,Edmonds Station,56610,56910,in_service_layover,52.00747919168355,55.909023315467124,22.004708858139338,300,5.0,15:43:30,15:48:30,False,,no_dispenser,0
2160596,heavy,123.0,12.0,40-ft,HTC,1,MF,14845262,14845302,116,116,52667,61987,Edmonds Station @ Bay 6,Eastbound North Fraser Way @ Byrne Rd,52667,Edmonds Station,56670,56970,interline_start,47.905346005607946,51.74636152601564,21.66332753509937,300,5.0,15:44:30,15:49:30,False,,no_dispenser,0
2160670,heavy,123.0,11.0,40-ft,HTC,1,MF,14847716,14847787,133,133,52992,52992,Edmonds Station @ Bay 2,Edmonds Station @ Bay 2,52992,Edmonds Station,57150,57630,in_service_layover,32.710712223274626,38.740471664821065,34.00784325032188,480,8.0,15:52:30,16:00:30,False,,no_dispenser,0
2160490,heavy,106.0,2.0,40-ft,HTC,1,MF,14844125,14844054,106,106,52992,52771,Edmonds Station @ Bay 2,Edmonds Station @ Bay 4,52992,Edmonds Station,57330,57510,in_service_layover,33.9011897376765,36.15792083674324,12.727963398736364,180,3.0,15:55:30,15:58:30,False,,no_dispenser,0
2160597,heavy,123.0,31.0,40-ft,HTC,1,MF,14845300,14845334,116,116,52667,52667,Edmonds Station @ Bay 6,Edmonds Station @ Bay 6,52667,Edmonds Station,57570,58110,in_service_layover,57.403942434164094,64.27642003513745,38.76077366948971,540,9.0,15:59:30,16:08:30,False,,no_dispenser,0
2160496,heavy,123.0,1.0,40-ft,HTC,1,MF,14844204,14844103,106,106,52992,52771,Edmonds Station @ Bay 2,Edmonds Station @ Bay 4,52992,Edmonds Station,57870,58050,in_service_layover,31.08195237639078,33.33132615834384,12.686468130215275,180,3.0,16:04:30,16:07:30,False,,no_dispenser,0
2160502,heavy,106.0,7.0,40-ft,HTC,1,MF,14844165,14844086,106,106,52992,52771,Edmonds Station @ Bay 2,Edmonds Station @ Bay 4,52992,Edmonds Station,58470,58650,in_service_layover,58.87976548321669,61.245469343376655,13.342569771302294,180,3.0,16:14:30,16:17:30,False,,no_dispenser,0
2160569,heavy,410.0,8.0,40-ft,HTC,1,MF,14845570,14845621,119,119,52453,52453,Edmonds Station @ Bay 3,Edmonds Station @ Bay 3,52453,Edmonds Station,58470,58650,in_service_layover,68.23044195498011,70.26424404455044,11.47064378517672,180,3.0,16:14:30,16:17:30,False,,no_dispenser,0
2160596,heavy,123.0,12.0,40-ft,HTC,1,MF,14845302,14845298,116,116,52667,61987,Edmonds Station @ Bay 6,Eastbound North Fraser Way @ Byrne Rd,52667,Edmonds Station,58830,59130,interline_start,47.747910869278485,51.587166745502145,21.653403141901435,300,5.0,16:20:30,16:25:30,False,,no_dispenser,0
2160558,heavy,106.0,8.0,40-ft,HTC,1,MF,14845025,14844935,112,112,52605,52605,Edmonds Station @ Bay 5,Edmonds Station @ Bay 5,52605,Edmonds Station,58890,59130,in_service_layover,42.056821046245425,45.09618345611641,17.14200399167234,240,4.0,16:21:30,16:25:30,False,,no_dispenser,0
2160566,heavy,410.0,1.0,40-ft,HTC,1,MF,14845256,14845358,116,116,52667,52667,Edmonds Station @ Bay 6,Edmonds Station @ Bay 6,52667,Edmonds Station,59430,59670,in_service_layover,48.470975269785924,51.542717508254846,17.324626224964675,240,4.0,16:30:30,16:34:30,False,,no_dispenser,0
2164557,heavy,106.0,6.0,40-ft,HTC,1,MF,14844205,14844056,106,106,52992,52771,Edmonds Station @ Bay 2,Edmonds Station @ Bay 4,52992,Edmonds Station,59550,59790,in_service_layover,69.27211469900598,71.89131361635934,14.772281893872957,240,4.0,16:32:30,16:36:30,False,,no_dispenser,0
2160599,heavy,123.0,18.0,40-ft,HTC,1,MF,14845247,14845252,116,116,52667,61987,Edmonds Station @ Bay 6,Eastbound North Fraser Way @ Byrne Rd,52667,Edmonds Station,59790,60090,interline_start,42.84055916064882,46.64568284064304,21.460897555167406,300,5.0,16:36:30,16:41:30,False,,no_dispenser,0
2160671,heavy,123.0,20.0,40-ft,HTC,1,MF,14847714,14847785,133,133,52992,52992,Edmonds Station @ Bay 2,Edmonds Station @ Bay 2,52992,Edmonds Station,59790,60150,in_service_layover,31.874154135275518,36.386079044028605,25.447256485367404,360,6.0,16:36:30,16:42:30,False,,no_dispenser,0
2164977,heavy,410.0,33.0,40-ft,HTC,1,MF,14845562,14845619,119,119,52453,52453,Edmonds Station @ Bay 3,Edmonds Station @ Bay 3,52453,Edmonds Station,60030,60210,in_service_layover,56.364395507549666,58.73767941001069,13.385321209880146,180,3.0,16:40:30,16:43:30,False,,no_dispenser,0
2160506,heavy,123.0,2.0,40-ft,HTC,1,MF,14844202,14844058,106,106,52992,52771,Edmonds Station @ Bay 2,Edmonds Station @ Bay 4,52992,Edmonds Station,60150,60330,in_service_layover,57.49928264451476,59.88073639008158,13.431399124996858,180,3.0,16:42:30,16:45:30,False,,no_dispenser,0
2160595,heavy,106.0,10.0,40-ft,HTC,1,MF,14845303,14845317,116,116,52667,52667,Edmonds Station @ Bay 6,Edmonds Station @ Bay 6,52667,Edmonds Station,60150,60390,in_service_layover,50.98602807610199,54.087338775521246,17.491392344724602,240,4.0,16:42:30,16:46:30,False,,no_dispenser,0
2163954,heavy,123.0,32.0,40-ft,HTC,1,MF,14844199,14844068,106,106,52992,52771,Edmonds Station @ Bay 2,Edmonds Station @ Bay 4,52992,Edmonds Station,60690,60870,in_service_layover,42.69482510962851,44.97450481348527,12.857393529752102,180,3.0,16:51:30,16:54:30,False,,no_dispenser,0
2160596,heavy,123.0,12.0,40-ft,HTC,1,MF,14845298,14845359,116,116,52667,52667,Edmonds Station @ Bay 6,Edmonds Station @ Bay 6,52667,Edmonds Station,60690,60930,in_service_layover,47.588716088765,50.65283406739917,17.281625399496704,240,4.0,16:51:30,16:55:30,False,,no_dispenser,0
2160560,heavy,123.0,26.0,40-ft,HTC,1,MF,14844166,14844072,106,106,52992,52771,Edmonds Station @ Bay 2,Edmonds Station @ Bay 4,52992,Edmonds Station,61230,61410,in_service_layover,69.39872250513514,71.38414950961815,11.197808305284184,180,3.0,17:00:30,17:03:30,False,,no_dispenser,0
2160499,heavy,123.0,3.0,40-ft,HTC,1,MF,14845028,14844926,112,112,52605,52605,Edmonds Station @ Bay 5,Edmonds Station @ Bay 5,52605,Edmonds Station,61650,61890,in_service_layover,46.53368347338447,49.59047261036108,17.24029073254809,240,4.0,17:07:30,17:11:30,False,,no_dispenser,0
2160500,heavy,123.0,6.0,40-ft,HTC,1,MF,14844154,14844029,106,106,52992,52771,Edmonds Station @ Bay 2,Edmonds Station @ Bay 4,52992,Edmonds Station,61770,61950,in_service_layover,57.3826909393035,59.76403291136487,13.430768722426137,180,3.0,17:09:30,17:12:30,False,,no_dispenser,0
2160550,heavy,106.0,12.0,40-ft,HTC,1,MF,14845304,14845346,116,116,52667,52667,Edmonds Station @ Bay 6,Edmonds Station @ Bay 6,52667,Edmonds Station,62130,62610,in_service_layover,67.12682602728115,72.32625594117117,29.324784714339614,480,8.0,17:15:30,17:23:30,False,,no_dispenser,0
2160490,heavy,106.0,2.0,40-ft,HTC,1,MF,14844185,14844087,106,106,52992,52771,Edmonds Station @ Bay 2,Edmonds Station @ Bay 4,52992,Edmonds Station,62310,62550,in_service_layover,36.612271288560805,39.63268896315999,17.035155684739436,240,4.0,17:18:30,17:22:30,False,,no_dispenser,0
2160672,heavy,123.0,38.0,40-ft,HTC,1,MF,14847710,14847782,133,133,52992,52992,Edmonds Station @ Bay 2,Edmonds Station @ Bay 2,52992,Edmonds Station,62430,62850,in_service_layover,68.99501460076934,73.42100024658504,24.962559042400528,420,7.0,17:20:30,17:27:30,False,,no_dispenser,0
2160558,heavy,106.0,8.0,40-ft,HTC,1,MF,14845029,14844946,112,112,52605,52605,Edmonds Station @ Bay 5,Edmonds Station @ Bay 5,52605,Edmonds Station,62610,62910,in_service_layover,46.573223951432226,50.40071927319261,21.587073614728524,300,5.0,17:23:30,17:28:30,False,,no_dispenser,0
2160505,heavy,106.0,5.0,40-ft,HTC,1,MF,14844174,14844009,106,106,52992,52771,Edmonds Station @ Bay 2,Edmonds Station @ Bay 4,52992,Edmonds Station,62850,63090,in_service_layover,60.30007101170804,63.363897441414515,17.27998106354454,240,4.0,17:27:30,17:31:30,False,,no_dispenser,0
2160606,heavy,410.0,34.0,40-ft,HTC,1,MF,14845259,14845345,116,116,52667,52667,Edmonds Station @ Bay 6,Edmonds Station @ Bay 6,52667,Edmonds Station,62910,63510,in_service_layover,44.863757993865164,52.556163648222956,43.38516789057795,600,10.0,17:28:30,17:38:30,False,,no_dispenser,0
2160502,heavy,106.0,7.0,40-ft,HTC,1,MF,14844111,14844030,106,106,52992,52771,Edmonds Station @ Bay 2,Edmonds Station @ Bay 4,52992,Edmonds Station,63330,63570,in_service_layover,60.949136273723504,63.982274038559275,17.10689699367373,240,4.0,17:35:30,17:39:30,False,,no_dispenser,0
2160661,heavy,123.0,40.0,40-ft,HTC,1,MF,14847709,14847781,133,133,52992,52992,Edmonds Station @ Bay 2,Edmonds Station @ Bay 2,52992,Edmonds Station,63390,63750,in_service_layover,68.99501460076934,72.84173042774688,21.695477264153396,360,6.0,17:36:30,17:42:30,False,,no_dispenser,0
2160608,heavy,410.0,37.0,40-ft,HTC,1,MF,14845246,14845344,116,116,52667,52667,Edmonds Station @ Bay 6,Edmonds Station @ Bay 6,52667,Edmonds Station,63870,64410,in_service_layover,46.247557352227474,53.18371254636987,39.11991529496311,540,9.0,17:44:30,17:53:30,False,,no_dispenser,0
2160662,heavy,123.0,28.0,40-ft,HTC,1,MF,14847708,14847780,133,133,52992,52992,Edmonds Station @ Bay 2,Edmonds Station @ Bay 2,52992,Edmonds Station,64290,64770,in_service_layover,40.04357172055908,46.12436167450563,34.29565534025858,480,8.0,17:51:30,17:59:30,False,,no_dispenser,0
2164557,heavy,106.0,6.0,40-ft,HTC,1,MF,14844120,14844059,106,106,52992,52771,Edmonds Station @ Bay 2,Edmonds Station @ Bay 4,52992,Edmonds Station,64410,64770,in_service_layover,69.92532500937435,73.6908034183438,21.23729822658771,360,6.0,17:53:30,17:59:30,False,,no_dispenser,0
2160474,heavy,410.0,29.0,40-ft,HTC,1,MF,14845031,14844950,112,112,52605,52605,Edmonds Station @ Bay 5,Edmonds Station @ Bay 5,52605,Edmonds Station,64470,64710,in_service_layover,30.357098461449777,33.35575077462093,16.912399046285316,240,4.0,17:54:30,17:58:30,False,,no_dispenser,0
2160565,heavy,123.0,39.0,40-ft,HTC,1,MF,14845251,14845611,116,119,52667,52453,Edmonds Station @ Bay 6,Edmonds Station @ Bay 3,52667,Edmonds Station,64650,65610,in_service_layover,68.31360855806406,77.31397907341567,50.76208970658308,960,16.0,17:57:30,18:13:30,False,,no_dispenser,0
2165305,heavy,123.0,35.0,40-ft,HTC,1,MF,14845541,14845613,119,119,52453,52453,Edmonds Station @ Bay 3,Edmonds Station @ Bay 3,52453,Edmonds Station,64710,64890,in_service_layover,68.70950598582887,70.72387795284779,11.361057893986697,180,3.0,17:58:30,18:01:30,False,,no_dispenser,0
2160506,heavy,123.0,2.0,40-ft,HTC,1,MF,14844176,14844073,106,106,52992,52771,Edmonds Station @ Bay 2,Edmonds Station @ Bay 4,52992,Edmonds Station,65010,65370,in_service_layover,59.69329022337806,64.24977001473533,25.698546023255005,360,6.0,18:03:30,18:09:30,False,,no_dispenser,0
2163954,heavy,123.0,32.0,40-ft,HTC,1,MF,14844129,14844031,106,106,52992,52771,Edmonds Station @ Bay 2,Edmonds Station @ Bay 4,52992,Edmonds Station,65370,65910,in_service_layover,44.73496452701016,51.64290240204412,38.960769615191566,540,9.0,18:09:30,18:18:30,False,,no_dispenser,0
2160605,heavy,106.0,4.0,40-ft,HTC,1,MF,14845255,14845316,116,116,52667,52667,Edmonds Station @ Bay 6,Edmonds Station @ Bay 6,52667,Edmonds Station,65430,65670,in_service_layover,44.56946802875381,47.61757338965539,17.191314235484896,240,4.0,18:10:30,18:14:30,False,,no_dispenser,0
2160604,heavy,123.0,34.0,40-ft,HTC,1,MF,14845565,14845612,119,119,52453,52453,Edmonds Station @ Bay 3,Edmonds Station @ Bay 3,52453,Edmonds Station,65490,66270,in_service_layover,66.66701397643311,74.63100566437782,44.91691312000819,780,13.0,18:11:30,18:24:30,False,,no_dispenser,0
2160664,heavy,123.0,23.0,40-ft,HTC,1,MF,14847706,14847779,133,133,52992,52992,Edmonds Station @ Bay 2,Edmonds Station @ Bay 2,52992,Edmonds Station,65790,65970,in_service_layover,27.88388448523654,30.124912322307708,12.639397001081392,180,3.0,18:16:30,18:19:30,False,,no_dispenser,0
2160569,heavy,410.0,8.0,40-ft,HTC,1,MF,14845540,14845610,119,119,52453,52453,Edmonds Station @ Bay 3,Edmonds Station @ Bay 3,52453,Edmonds Station,66270,66990,in_service_layover,63.67301844844575,71.62496555330704,44.848981671417675,720,12.0,18:24:30,18:36:30,False,,no_dispenser,0
2160558,heavy,106.0,8.0,40-ft,HTC,1,MF,14845034,14844944,112,112,52605,52605,Edmonds Station @ Bay 5,Edmonds Station @ Bay 5,52605,Edmonds Station,66450,66810,in_service_layover,55.135652427046466,59.87407459034528,26.724701001005315,360,6.0,18:27:30,18:33:30,False,,no_dispenser,0
2160500,heavy,123.0,6.0,40-ft,HTC,1,MF,14844136,14844085,106,106,52992,52771,Edmonds Station @ Bay 2,Edmonds Station @ Bay 4,52992,Edmonds Station,66510,66990,in_service_layover,60.99756797637584,66.83187296528854,32.905480137467634,480,8.0,18:28:30,18:36:30,False,,no_dispenser,0
2160497,heavy,123.0,7.0,40-ft,HTC,1,MF,14844175,14844022,106,106,52992,52771,Edmonds Station @ Bay 2,Edmonds Station @ Bay 4,52992,Edmonds Station,66990,67530,in_service_layover,39.297842813411805,46.13741443901188,38.57518396838441,540,9.0,18:36:30,18:45:30,False,,no_dispenser,0
2160599,heavy,123.0,18.0,40-ft,HTC,1,MF,14845566,14845658,119,119,52453,52453,Edmonds Station @ Bay 3,Edmonds Station @ Bay 3,52453,Edmonds Station,66990,67710,in_service_layover,43.69502147042769,52.93242514939413,52.09895674937067,720,12.0,18:36:30,18:48:30,False,,no_dispenser,0
2160502,heavy,106.0,7.0,40-ft,HTC,1,MF,14844135,14844071,106,106,52992,52771,Edmonds Station @ Bay 2,Edmonds Station @ Bay 4,52992,Edmonds Station,67530,68070,in_service_layover,57.64044516765633,64.49328928643028,38.650040829885086,540,9.0,18:45:30,18:54:30,False,,no_dispenser,0
2160550,heavy,106.0,12.0,40-ft,HTC,1,MF,14845254,14845609,116,119,52667,52453,Edmonds Station @ Bay 6,Edmonds Station @ Bay 3,52667,Edmonds Station,67890,68430,in_service_layover,62.766522849945396,69.06293210701178,35.51174820985443,540,9.0,18:51:30,19:00:30,False,,no_dispenser,0
2160491,heavy,106.0,13.0,40-ft,HTC,1,MF,14844169,14844032,106,106,52992,52771,Edmonds Station @ Bay 2,Edmonds Station @ Bay 4,52992,Edmonds Station,68130,68610,in_service_layover,65.56938239083763,70.938901463544,30.284087570063946,480,8.0,18:55:30,19:03:30,False,,no_dispenser,0
2165305,heavy,123.0,35.0,40-ft,HTC,1,MF,14845539,14845608,119,119,52453,52453,Edmonds Station @ Bay 3,Edmonds Station @ Bay 3,52453,Edmonds Station,68370,69150,in_service_layover,67.64631608610863,75.42906174631439,43.89468552356044,780,13.0,18:59:30,19:12:30,False,,no_dispenser,0
2164557,heavy,106.0,6.0,40-ft,HTC,1,MF,14844124,14844067,106,106,52992,52771,Edmonds Station @ Bay 2,Edmonds Station @ Bay 4,52992,Edmonds Station,68610,69150,in_service_layover,67.34897454744086,73.09178684114677,32.38946133650137,540,9.0,19:03:30,19:12:30,False,,no_dispenser,0
2160606,heavy,410.0,34.0,40-ft,HTC,1,MF,14845253,14845329,116,116,52667,52667,Edmonds Station @ Bay 6,Edmonds Station @ Bay 6,52667,Edmonds Station,68790,69210,in_service_layover,43.93225446864447,49.277806788007446,30.14891508120715,420,7.0,19:06:30,19:13:30,False,,no_dispenser,0
2160506,heavy,123.0,2.0,40-ft,HTC,1,MF,14844193,14844049,106,106,52992,52771,Edmonds Station @ Bay 2,Edmonds Station @ Bay 4,52992,Edmonds Station,69150,69690,in_service_layover,57.907941143832396,64.73746860772881,38.518534896375854,540,9.0,19:12:30,19:21:30,False,,no_dispenser,0
2163954,heavy,123.0,32.0,40-ft,HTC,1,MF,14844157,14844013,106,106,52992,52771,Edmonds Station @ Bay 2,Edmonds Station @ Bay 4,52992,Edmonds Station,69690,70230,in_service_layover,45.301073531141185,52.219103554770804,39.01768933327111,540,9.0,19:21:30,19:30:30,False,,no_dispenser,0
2160558,heavy,106.0,8.0,40-ft,HTC,1,MF,14844992,14844931,112,112,52605,52605,Edmonds Station @ Bay 5,Edmonds Station @ Bay 5,52605,Edmonds Station,69750,70410,in_service_layover,59.130048259134504,67.16812928345092,45.33477697714454,660,11.0,19:22:30,19:33:30,False,,no_dispenser,0
2160604,heavy,123.0,34.0,40-ft,HTC,1,MF,14845537,14845606,119,119,52453,52453,Edmonds Station @ Bay 3,Edmonds Station @ Bay 3,52453,Edmonds Station,69750,70590,in_service_layover,68.82959580609634,76.84779076726855,45.22261958101126,840,14.0,19:22:30,19:36:30,False,,no_dispenser,0
2160560,heavy,123.0,26.0,40-ft,HTC,1,MF,14844134,14844033,106,106,52992,52771,Edmonds Station @ Bay 2,Edmonds Station @ Bay 4,52992,Edmonds Station,70230,70770,in_service_layover,66.7746517049353,72.5896807907287,32.796764043874816,540,9.0,19:30:30,19:39:30,False,,no_dispenser,0
2160569,heavy,410.0,8.0,40-ft,HTC,1,MF,14845536,14845668,119,119,52453,52453,Edmonds Station @ Bay 3,Edmonds Station @ Bay 3,52453,Edmonds Station,70470,71310,in_service_layover,69.7321653407782,77.56525668939398,44.17863520619301,840,14.0,19:34:30,19:48:30,False,,no_dispenser,0
2160567,heavy,410.0,58.0,40-ft,HTC,1,MF,14845279,14845328,116,116,52667,52667,Edmonds Station @ Bay 6,Edmonds Station @ Bay 6,52667,Edmonds Station,70530,71010,in_service_layover,69.14874946719193,74.11845357880703,28.0291311895092,480,8.0,19:35:30,19:43:30,False,,no_dispenser,0
2160500,heavy,123.0,6.0,40-ft,HTC,1,MF,14844128,14844010,106,106,52992,52771,Edmonds Station @ Bay 2,Edmonds Station @ Bay 4,52992,Edmonds Station,70830,71310,in_service_layover,64.7045539747201,70.16594170361708,30.802226790978978,480,8.0,19:40:30,19:48:30,False,,no_dispenser,0
2160599,heavy,123.0,18.0,40-ft,HTC,1,MF,14845535,14845604,119,119,52453,52453,Edmonds Station @ Bay 3,Edmonds Station @ Bay 3,52453,Edmonds Station,71190,71970,in_service_layover,51.77587646507561,61.863366095540314,56.89344151582094,780,13.0,19:46:30,19:59:30,False,,no_dispenser,0
2160497,heavy,123.0,7.0,40-ft,HTC,1,MF,14844122,14844110,106,106,52992,52771,Edmonds Station @ Bay 2,Edmonds Station @ Bay 4,52992,Edmonds Station,71430,71850,in_service_layover,45.13916972233199,50.49824025684375,30.225157814646366,420,7.0,19:50:30,19:57:30,False,,no_dispenser,0
2160499,heavy,123.0,3.0,40-ft,HTC,1,MF,14844999,14844913,112,112,52605,52605,Edmonds Station @ Bay 5,Edmonds Station @ Bay 5,52605,Edmonds Station,71430,72210,in_service_layover,53.617390290356525,63.59735318789173,56.28699074209857,780,13.0,19:50:30,20:03:30,False,,no_dispenser,0
2160550,heavy,106.0,12.0,40-ft,HTC,1,MF,14845534,14845584,119,119,52453,52453,Edmonds Station @ Bay 3,Edmonds Station @ Bay 3,52453,Edmonds Station,71910,72630,in_service_layover,68.0061087062319,75.23417146515769,40.76627396034144,720,12.0,19:58:30,20:10:30,False,,no_dispenser,0
2160502,heavy,106.0,7.0,40-ft,HTC,1,MF,14844149,14844060,106,106,52992,52771,Edmonds Station @ Bay 2,Edmonds Station @ Bay 4,52992,Edmonds Station,72030,72450,in_service_layover,63.879312840977455,68.78952130546048,27.69357573968432,420,7.0,20:00:30,20:07:30,False,,no_dispenser,0
2160603,heavy,123.0,25.0,40-ft,HTC,1,MF,14845278,14845327,116,116,52667,52667,Edmonds Station @ Bay 6,Edmonds Station @ Bay 6,52667,Edmonds Station,72330,72810,in_service_layover,45.03202808778467,51.16582424515425,34.594610327564425,480,8.0,20:05:30,20:13:30,False,,no_dispenser,0
2160661,heavy,123.0,40.0,40-ft,HTC,1,MF,14847704,14847763,133,133,52992,52992,Edmonds Station @ Bay 2,Edmonds Station @ Bay 2,52992,Edmonds Station,72510,73110,in_service_layover,53.76150249535978,61.568695016132914,44.032565817160446,600,10.0,20:08:30,20:18:30,False,,no_dispenser,0
2165305,heavy,123.0,35.0,40-ft,HTC,1,MF,14845581,14845605,119,119,52453,52453,Edmonds Station @ Bay 3,Edmonds Station @ Bay 3,52453,Edmonds Station,72630,73290,in_service_layover,69.62765188803289,76.09166176823064,36.45701572431523,660,11.0,20:10:30,20:21:30,False,,no_dispenser,0
2164557,heavy,106.0,6.0,40-ft,HTC,1,MF,14844159,14844021,106,106,52992,52771,Edmonds Station @ Bay 2,Edmonds Station @ Bay 4,52992,Edmonds Station,72930,73170,in_service_layover,66.74995797024383,69.50586706779283,15.54332731017638,240,4.0,20:15:30,20:19:30,False,,no_dispenser,0
2160558,heavy,106.0,8.0,40-ft,HTC,1,MF,14845010,14844974,112,112,52605,52605,Edmonds Station @ Bay 5,Edmonds Station @ Bay 5,52605,Edmonds Station,73290,74010,in_service_layover,68.46088913034927,75.61029573954676,40.32265327587379,720,12.0,20:21:30,20:33:30,False,,no_dispenser,0
2163954,heavy,123.0,32.0,40-ft,HTC,1,MF,14844123,14844040,106,106,52992,52771,Edmonds Station @ Bay 2,Edmonds Station @ Bay 4,52992,Edmonds Station,73770,74010,in_service_layover,48.18687457711266,51.2560130376302,17.309940917318897,240,4.0,20:29:30,20:33:30,False,,no_dispenser,0
2160596,heavy,123.0,12.0,40-ft,HTC,1,MF,14845277,14845315,116,116,52667,52667,Edmonds Station @ Bay 6,Edmonds Station @ Bay 6,52667,Edmonds Station,74130,74610,in_service_layover,48.52361003670469,54.72030770920625,34.949374872908834,480,8.0,20:35:30,20:43:30,False,,no_dispenser,0
2160500,heavy,123.0,6.0,40-ft,HTC,1,MF,14844192,14844028,106,106,52992,52771,Edmonds Station @ Bay 2,Edmonds Station @ Bay 4,52992,Edmonds Station,74790,74970,in_service_layover,63.82411283271414,66.01829322871718,12.375177433457168,180,3.0,20:46:30,20:49:30,False,,no_dispenser,0
2160499,heavy,123.0,3.0,40-ft,HTC,1,MF,14845008,14844912,112,112,52605,52605,Edmonds Station @ Bay 5,Edmonds Station @ Bay 5,52605,Edmonds Station,74970,75570,in_service_layover,64.6692792777218,71.3320908293129,37.578257150973855,600,10.0,20:49:30,20:59:30,False,,no_dispenser,0
2160550,heavy,106.0,12.0,40-ft,HTC,1,MF,14845530,14845601,119,119,52453,52453,Edmonds Station @ Bay 3,Edmonds Station @ Bay 3,52453,Edmonds Station,75810,75990,in_service_layover,69.4327616068762,71.41672874113331,11.189574637210171,180,3.0,21:03:30,21:06:30,False,,no_dispenser,0
2160567,heavy,410.0,58.0,40-ft,HTC,1,MF,14845276,14845325,116,116,52667,52667,Edmonds Station @ Bay 6,Edmonds Station @ Bay 6,52667,Edmonds Station,75930,76530,in_service_layover,68.13316075055478,74.3148681434731,34.86482969605942,600,10.0,21:05:30,21:15:30,False,,no_dispenser,0
2160504,heavy,123.0,10.0,40-ft,HTC,1,MF,14844163,14844074,106,106,52992,52771,Edmonds Station @ Bay 2,Edmonds Station @ Bay 4,52992,Edmonds Station,77310,77610,in_service_layover,59.30106776831586,63.15721584827622,21.748675170976412,300,5.0,21:28:30,21:33:30,False,,no_dispenser,0
2160492,heavy,106.0,1.0,40-ft,HTC,1,MF,14846020,14844914,123,112,61678,52605,New Westminster Station @ Unloading Only,Edmonds Station @ Bay 5,52605,Edmonds Station,77430,77730,interline_end,39.182560706947896,42.971774023502014,21.37116310536524,300,5.0,21:30:30,21:35:30,False,,no_dispenser,0
2160603,heavy,123.0,25.0,40-ft,HTC,1,MF,14845275,14845324,116,116,52667,52667,Edmonds Station @ Bay 6,Edmonds Station @ Bay 6,52667,Edmonds Station,77730,78210,in_service_layover,46.395990347191706,52.55181913223221,34.71887434762846,480,8.0,21:35:30,21:43:30,False,,no_dispenser,0
2160497,heavy,123.0,7.0,40-ft,HTC,1,MF,14844178,14844025,106,106,52992,52771,Edmonds Station @ Bay 2,Edmonds Station @ Bay 4,52992,Edmonds Station,79050,79350,in_service_layover,47.091525247206604,50.92391187715659,21.614660592917915,300,5.0,21:57:30,22:02:30,False,,no_dispenser,0
2160564,heavy,410.0,20.0,40-ft,HTC,1,MF,14846003,14844942,123,112,61678,52605,New Westminster Station @ Unloading Only,Edmonds Station @ Bay 5,52605,Edmonds Station,79230,79530,interline_end,53.928335107032396,57.86101615133779,22.180321089882455,300,5.0,22:00:30,22:05:30,False,,no_dispenser,0
2160596,heavy,123.0,12.0,40-ft,HTC,1,MF,14845274,14845323,116,116,52667,52667,Edmonds Station @ Bay 6,Edmonds Station @ Bay 6,52667,Edmonds Station,79530,80010,in_service_layover,50.02344961964463,56.254533602985966,35.14331366604512,480,8.0,22:05:30,22:13:30,False,,no_dispenser,0
2164557,heavy,106.0,6.0,40-ft,HTC,1,MF,14844191,14844026,106,106,52992,52771,Edmonds Station @ Bay 2,Edmonds Station @ Bay 4,52992,Edmonds Station,79890,80250,in_service_layover,56.82220932598696,61.53329469678434,26.5705214912972,360,6.0,22:11:30,22:17:30,False,,no_dispenser,0
2160504,heavy,123.0,10.0,40-ft,HTC,1,MF,14844177,14844075,106,106,52992,52771,Edmonds Station @ Bay 2,Edmonds Station @ Bay 4,52992,Edmonds Station,80670,81210,in_service_layover,56.81538697737329,63.73271165665347,39.01371119114026,540,9.0,22:24:30,22:33:30,False,,no_dispenser,0
2160661,heavy,123.0,40.0,40-ft,HTC,1,MF,14847696,14847757,133,133,52992,52992,Edmonds Station @ Bay 2,Edmonds Station @ Bay 2,52992,Edmonds Station,81030,82170,in_service_layover,42.19763636935463,56.90765255957211,82.96449131282654,1140,19.0,22:30:30,22:49:30,False,,no_dispenser,0
2160567,heavy,410.0,58.0,40-ft,HTC,1,MF,14845272,14844910,116,112,52667,52605,Edmonds Station @ Bay 6,Edmonds Station @ Bay 5,52667,Edmonds Station,81210,81450,in_service_layover,65.96023345187272,68.75572810229214,15.766589828365397,240,4.0,22:33:30,22:37:30,False,,no_dispenser,0
2163954,heavy,123.0,32.0,40-ft,HTC,1,MF,14844179,14844077,106,106,52992,52771,Edmonds Station @ Bay 2,Edmonds Station @ Bay 4,52992,Edmonds Station,81990,82170,in_service_layover,37.82879427602199,40.0957751796928,12.785772296703357,180,3.0,22:46:30,22:49:30,False,,no_dispenser,0
2160564,heavy,410.0,20.0,40-ft,HTC,1,MF,14845005,14844911,112,112,52605,52605,Edmonds Station @ Bay 5,Edmonds Station @ Bay 5,52605,Edmonds Station,81990,82890,in_service_layover,57.94121951136432,68.66518835061,60.483184253345655,900,15.0,22:46:30,23:01:30,False,,no_dispenser,0
2160562,heavy,410.0,55.0,40-ft,HTC,1,MF,14873212,14845361,410,116,58322,52667,22nd Street Station @ Unloading Only,Edmonds Station @ Bay 6,52667,Edmonds Station,83310,83610,interline_end,47.874719426817194,51.715389198281215,21.661377511057083,300,5.0,23:08:30,23:13:30,False,,no_dispenser,0
2160596,heavy,123.0,12.0,40-ft,HTC,1,MF,14845524,14845594,119,119,52453,52453,Edmonds Station @ Bay 3,Edmonds Station @ Bay 3,52453,Edmonds Station,84630,84870,in_service_layover,62.50741225541623,65.46687266887173,16.691356731889016,240,4.0,23:30:30,23:34:30,False,,no_dispenser,0
2160565,heavy,123.0,39.0,40-ft,HTC,1,MF,14845297,14844940,116,112,52667,52605,Edmonds Station @ Bay 6,Edmonds Station @ Bay 5,52667,Edmonds Station,84810,85050,in_service_layover,62.607346448043955,65.56208184057142,16.664707613854944,240,4.0,23:33:30,23:37:30,False,,no_dispenser,0
2163954,heavy,123.0,32.0,40-ft,HTC,1,MF,14844190,14844069,106,106,52992,52771,Edmonds Station @ Bay 2,Edmonds Station @ Bay 4,52992,Edmonds Station,85230,85710,in_service_layover,36.77812524203016,42.83619044486479,34.16748774398732,480,8.0,23:40:30,23:48:30,False,,no_dispenser,0
2160500,heavy,123.0,6.0,40-ft,HTC,1,MF,14845012,14844920,112,112,52605,52605,Edmonds Station @ Bay 5,Edmonds Station @ Bay 5,52605,Edmonds Station,85650,86490,in_service_layover,47.58011734164381,58.487149464066626,61.515661170464625,840,14.0,23:47:30,24:01:30,False,,no_dispenser,0
2160565,heavy,123.0,39.0,40-ft,HTC,1,MF,14845007,14847755,112,133,52605,52992,Edmonds Station @ Bay 5,Edmonds Station @ Bay 2,52605,Edmonds Station,87330,87630,in_service_layover,63.80119012265016,67.38859023360465,20.23293662578328,300,5.0,24:15:30,24:20:30,False,,no_dispenser,0
2160562,heavy,410.0,55.0,40-ft,HTC,1,MF,14845522,14845592,119,119,52453,52453,Edmonds Station @ Bay 3,Edmonds Station @ Bay 3,52453,Edmonds Station,88290,88470,in_service_layover,60.358699226620594,62.67576662993193,13.068260154675897,180,3.0,24:31:30,24:34:30,False,,no_dispenser,0
2160500,heavy,123.0,6.0,40-ft,HTC,1,MF,14845000,14844057,112,106,52605,52771,Edmonds Station @ Bay 5,Edmonds Station @ Bay 4,52605,Edmonds Station,88770,89250,in_service_layover,57.789224989961895,63.9214955056016,34.58600570820789,480,8.0,24:39:30,24:47:30,False,,no_dispenser,0
2160562,heavy,410.0,55.0,40-ft,HTC,1,MF,14845520,14845590,119,119,52453,52453,Edmonds Station @ Bay 3,Edmonds Station @ Bay 3,52453,Edmonds Station,91770,92010,in_service_layover,69.47018744056712,72.07798674357771,14.707988068979716,240,4.0,25:29:30,25:33:30,False,,no_dispenser,0
2164557,heavy,106.0,6.0,40-ft,HTC,1,MF,14844142,14844061,106,106,52992,52771,Edmonds Station @ Bay 2,Edmonds Station @ Bay 4,52992,Edmonds Station,92310,92730,in_service_layover,52.1432909073952,57.63190948102983,30.9558087552993,420,7.0,25:38:30,25:45:30,False,,no_dispenser,0
2162328,heavy,410.0,44.0,40-ft,HTC,1,MF,14845517,14844949,119,112,52453,52605,Edmonds Station @ Bay 3,Edmonds Station @ Bay 5,52453,Edmonds Station,95370,95850,in_service_layover,22.963172911217065,28.924325328055133,33.620899630966704,480,8.0,26:29:30,26:37:30,False,,no_dispenser,0
2162643,heavy,701.0,2.0,40-ft,PCT,1,MF,14880002,14880033,791,791,61058,61062,Haney Place @ Bay 7,Haney Place @ Bay 3,61058,Haney Place,21870,22110,in_service_layover,69.00314935988756,71.63767333463976,14.858715217602423,240,4.0,06:04:30,06:08:30,False,,no_dispenser,0
2160854,heavy,151.0,9.0,40-ft,PCT,1,MF,14880003,14880040,791,791,61058,61062,Haney Place @ Bay 7,Haney Place @ Bay 3,61058,Haney Place,26370,26550,in_service_layover,69.00314935988756,71.00533228127055,11.292311676600036,180,3.0,07:19:30,07:22:30,False,,no_dispenser,0
2162641,heavy,701.0,10.0,40-ft,PCT,1,MF,14880007,14880049,791,791,61058,61062,Haney Place @ Bay 7,Haney Place @ Bay 3,61058,Haney Place,26910,27450,in_service_layover,69.00314935988756,74.53342107111389,31.190732451316478,540,9.0,07:28:30,07:37:30,False,,no_dispenser,0
2162643,heavy,701.0,2.0,40-ft,PCT,1,MF,14879998,14880029,791,791,61058,61062,Haney Place @ Bay 7,Haney Place @ Bay 3,61058,Haney Place,29550,29790,in_service_layover,62.332610029678136,65.30033532378319,16.737970658752488,240,4.0,08:12:30,08:16:30,False,,no_dispenser,0
2162571,heavy,701.0,4.0,40-ft,PCT,1,MF,14878624,14878682,701,701,61058,61063,Haney Place @ Bay 7,Haney Place @ Bay 2,61058,Haney Place,29730,29910,in_service_layover,62.73102771250302,64.96396999220148,12.59379445749937,180,3.0,08:15:30,08:18:30,False,,no_dispenser,0
2162642,heavy,701.0,7.0,40-ft,PCT,1,MF,14880004,14880041,791,791,61058,61062,Haney Place @ Bay 7,Haney Place @ Bay 3,61058,Haney Place,30210,30870,in_service_layover,61.37001107545485,69.08460108299596,43.51028764253192,660,11.0,08:23:30,08:34:30,False,,no_dispenser,0
2160883,heavy,701.0,5.0,40-ft,PCT,1,MF,14879997,14880028,791,791,61058,61062,Haney Place @ Bay 7,Haney Place @ Bay 3,61058,Haney Place,31770,32610,in_service_layover,65.37078444870319,74.07975508263996,49.11859437540346,840,14.0,08:49:30,09:03:30,False,,no_dispenser,0
2162572,heavy,701.0,12.0,40-ft,PCT,1,MF,14878608,14878686,701,701,61058,61063,Haney Place @ Bay 7,Haney Place @ Bay 2,61058,Haney Place,34050,34410,in_service_layover,65.918276035018,70.01848222224096,23.125162895937535,360,6.0,09:27:30,09:33:30,False,,no_dispenser,0
2162641,heavy,701.0,10.0,40-ft,PCT,1,MF,14879993,14880026,791,791,61058,61062,Haney Place @ Bay 7,Haney Place @ Bay 3,61058,Haney Place,35190,36210,in_service_layover,63.100593044529965,73.76730278528325,60.16024293784852,1020,17.0,09:46:30,10:03:30,False,,no_dispenser,0
2162571,heavy,701.0,4.0,40-ft,PCT,1,MF,14878611,14878688,701,701,61058,61063,Haney Place @ Bay 7,Haney Place @ Bay 2,61058,Haney Place,36030,36210,in_service_layover,58.2528274862688,60.629585439695056,13.404914857324059,180,3.0,10:00:30,10:03:30,False,,no_dispenser,0
2162643,heavy,701.0,2.0,40-ft,PCT,1,MF,14879992,14880025,791,791,61058,61062,Haney Place @ Bay 7,Haney Place @ Bay 3,61058,Haney Place,37170,38010,in_service_layover,54.88354238704185,65.43304594163153,59.499200047885836,840,14.0,10:19:30,10:33:30,False,,no_dispenser,0
2162642,heavy,701.0,7.0,40-ft,PCT,1,MF,14879990,14880024,791,791,61058,61062,Haney Place @ Bay 7,Haney Place @ Bay 3,61058,Haney Place,38730,39810,in_service_layover,63.9799637108368,74.89811293369667,61.57836161692961,1080,18.0,10:45:30,11:03:30,False,,no_dispenser,0
2160883,heavy,701.0,5.0,40-ft,PCT,1,MF,14879989,14880023,791,791,61058,61062,Haney Place @ Bay 7,Haney Place @ Bay 3,61058,Haney Place,40590,41610,in_service_layover,69.22749571800205,78.42127059635096,51.85289031388794,1020,17.0,11:16:30,11:33:30,False,,no_dispenser,0
2160869,heavy,701.0,6.0,40-ft,PCT,1,MF,14878587,14878694,701,701,61058,61063,Haney Place @ Bay 7,Haney Place @ Bay 2,61058,Haney Place,41250,41430,in_service_layover,51.57742827710998,53.90415436635752,13.122735143356067,180,3.0,11:27:30,11:30:30,False,,no_dispenser,0
2160857,heavy,701.0,13.0,40-ft,PCT,1,MF,14879988,14880022,791,791,61058,61062,Haney Place @ Bay 7,Haney Place @ Bay 3,61058,Haney Place,42390,43410,in_service_layover,66.1868641266865,76.1190672049628,56.01762536147834,1020,17.0,11:46:30,12:03:30,False,,no_dispenser,0
2160884,heavy,152.0,16.0,40-ft,PCT,1,MF,14879987,14880021,791,791,61058,61062,Haney Place @ Bay 7,Haney Place @ Bay 3,61058,Haney Place,44250,45210,in_service_layover,64.15386459556765,74.09904590388521,56.09082257891106,960,16.0,12:17:30,12:33:30,False,,no_dispenser,0
2162643,heavy,701.0,2.0,40-ft,PCT,1,MF,14879986,14880020,791,791,61058,61062,Haney Place @ Bay 7,Haney Place @ Bay 3,61058,Haney Place,46050,47010,in_service_layover,63.32726912707314,73.45512292277017,57.12109540773122,960,16.0,12:47:30,13:03:30,False,,no_dispenser,0
2162642,heavy,701.0,7.0,40-ft,PCT,1,MF,14879985,14880019,791,791,61058,61062,Haney Place @ Bay 7,Haney Place @ Bay 3,61058,Haney Place,48030,48810,in_service_layover,69.80426696752869,77.1792848277799,41.59510073181684,780,13.0,13:20:30,13:33:30,False,,no_dispenser,0
2162572,heavy,701.0,12.0,40-ft,PCT,1,MF,14878595,14878702,701,701,61058,61063,Haney Place @ Bay 7,Haney Place @ Bay 2,61058,Haney Place,48570,48810,in_service_layover,52.342990571846116,55.46189827395295,17.59063943988258,240,4.0,13:29:30,13:33:30,False,,no_dispenser,0
2160883,heavy,701.0,5.0,40-ft,PCT,1,MF,14879991,14880018,791,791,61058,61062,Haney Place @ Bay 7,Haney Place @ Bay 3,61058,Haney Place,49830,50610,in_service_layover,61.092598292699265,70.04331172740622,50.482023771747265,780,13.0,13:50:30,14:03:30,False,,no_dispenser,0
2162571,heavy,701.0,4.0,40-ft,PCT,1,MF,14878597,14878659,701,701,61058,61063,Haney Place @ Bay 7,Haney Place @ Bay 2,61058,Haney Place,50370,50610,in_service_layover,42.737122042464776,45.77885161267998,17.155354776013752,240,4.0,13:59:30,14:03:30,False,,no_dispenser,0
2160855,heavy,701.0,8.0,40-ft,PCT,1,MF,14879984,14880016,791,791,61058,61062,Haney Place @ Bay 7,Haney Place @ Bay 3,61058,Haney Place,51810,52890,in_service_layover,68.49452504923892,78.26733894807147,55.11867038941557,1080,18.0,14:23:30,14:41:30,False,,no_dispenser,0
2160884,heavy,152.0,16.0,40-ft,PCT,1,MF,14879999,14880050,791,791,61058,61062,Haney Place @ Bay 7,Haney Place @ Bay 3,61058,Haney Place,53730,54030,in_service_layover,68.86200449779226,72.121195449096,18.381836965353216,300,5.0,14:55:30,15:00:30,False,,no_dispenser,0
2162643,heavy,701.0,2.0,40-ft,PCT,1,MF,14879995,14880015,791,791,61058,61062,Haney Place @ Bay 7,Haney Place @ Bay 3,61058,Haney Place,55650,56310,in_service_layover,68.40510683391253,75.06485617855134,37.56098630376289,660,11.0,15:27:30,15:38:30,False,,no_dispenser,0
2162642,heavy,701.0,7.0,40-ft,PCT,1,MF,14880005,14880038,791,791,61058,61062,Haney Place @ Bay 7,Haney Place @ Bay 3,61058,Haney Place,57570,58410,in_service_layover,69.55486791507131,77.4244781324664,44.38460162610829,840,14.0,15:59:30,16:13:30,False,,no_dispenser,0
2160883,heavy,701.0,5.0,40-ft,PCT,1,MF,14879994,14880046,791,791,61058,61062,Haney Place @ Bay 7,Haney Place @ Bay 3,61058,Haney Place,58830,59610,in_service_layover,56.430121664440414,66.13517160120531,54.73648164335401,780,13.0,16:20:30,16:33:30,False,,no_dispenser,0
2162645,heavy,701.0,31.0,40-ft,PCT,1,MF,14879983,14880051,791,791,61058,61062,Haney Place @ Bay 7,Haney Place @ Bay 3,61058,Haney Place,59970,60810,in_service_layover,69.00314935988756,76.98590656336742,45.02275062762641,840,14.0,16:39:30,16:53:30,False,,no_dispenser,0
2160811,heavy,151.0,3.0,40-ft,PCT,1,MF,14880006,14880043,791,791,61058,61062,Haney Place @ Bay 7,Haney Place @ Bay 3,61058,Haney Place,61470,62010,in_service_layover,63.09662213584324,69.35488123520918,35.296581320423854,540,9.0,17:04:30,17:13:30,False,,no_dispenser,0
2160884,heavy,152.0,16.0,40-ft,PCT,1,MF,14879982,14880045,791,791,61058,61062,Haney Place @ Bay 7,Haney Place @ Bay 3,61058,Haney Place,62310,63210,in_service_layover,59.06015679739579,69.56063047436405,59.22267153810094,900,15.0,17:18:30,17:33:30,False,,no_dispenser,0
2160883,heavy,701.0,5.0,40-ft,PCT,1,MF,14879980,14880054,791,791,61058,61062,Haney Place @ Bay 7,Haney Place @ Bay 3,61058,Haney Place,67410,68010,in_service_layover,55.65202364101406,63.364165354493494,43.496479264024,600,10.0,18:43:30,18:53:30,False,,no_dispenser,0
2160883,heavy,701.0,5.0,40-ft,PCT,1,MF,14880014,14880056,791,791,61058,61062,Haney Place @ Bay 7,Haney Place @ Bay 3,61058,Haney Place,74730,75210,in_service_layover,55.90224473649222,62.14409285661796,35.20402339750916,480,8.0,20:45:30,20:53:30,False,,no_dispenser,0
2160017,heavy,106.0,62.0,40-ft,HTC,1,MF,14903704,14903822,026,027,51722,59664,Joyce Station @ Bay 1 Unload Only,Joyce Station @ Bay 7,51722,Joyce Station,27630,27810,in_service_layover,66.90657307042636,68.99113039726674,11.756903323379788,180,3.0,07:40:30,07:43:30,False,,no_dispenser,0
2160030,heavy,106.0,63.0,40-ft,HTC,1,MF,14903707,14903825,026,027,51722,59664,Joyce Station @ Bay 1 Unload Only,Joyce Station @ Bay 7,51722,Joyce Station,30450,30690,in_service_layover,65.92870506117569,68.72574827650413,15.775323734452343,240,4.0,08:27:30,08:31:30,False,,no_dispenser,0
2160026,heavy,106.0,64.0,40-ft,HTC,1,MF,14903885,14903771,027,026,51722,58249,Joyce Station @ Bay 1 Unload Only,Joyce Station @ Bay 6,51722,Joyce Station,33510,33930,in_service_layover,66.41945029640898,71.09727927295832,26.38295542773818,420,7.0,09:18:30,09:25:30,False,,no_dispenser,0
2164870,heavy,106.0,60.0,40-ft,HTC,1,MF,14903712,14903772,026,026,51722,58249,Joyce Station @ Bay 1 Unload Only,Joyce Station @ Bay 6,51722,Joyce Station,34950,35130,in_service_layover,53.670966970318275,56.018054716276936,13.23757488720679,180,3.0,09:42:30,09:45:30,False,,no_dispenser,0
2160017,heavy,106.0,62.0,40-ft,HTC,1,MF,14903714,14903774,026,026,51722,58249,Joyce Station @ Bay 1 Unload Only,Joyce Station @ Bay 6,51722,Joyce Station,37230,37530,in_service_layover,60.9068346035088,64.66529591535817,21.1977217988304,300,5.0,10:20:30,10:25:30,False,,no_dispenser,0
2160030,heavy,106.0,63.0,40-ft,HTC,1,MF,14903889,14903832,027,027,51722,59664,Joyce Station @ Bay 1 Unload Only,Joyce Station @ Bay 7,51722,Joyce Station,37830,38010,in_service_layover,65.05656619458577,67.20704257066429,12.12868676108286,180,3.0,10:30:30,10:33:30,False,,no_dispenser,0
2164875,heavy,106.0,70.0,40-ft,HTC,1,MF,14903715,14903775,026,026,51722,58249,Joyce Station @ Bay 1 Unload Only,Joyce Station @ Bay 6,51722,Joyce Station,38430,38730,in_service_layover,49.82844888948822,53.694671106619694,21.805493304621507,300,5.0,10:40:30,10:45:30,False,,no_dispenser,0
2164871,heavy,106.0,68.0,40-ft,HTC,1,MF,14903890,14903833,027,027,51722,59664,Joyce Station @ Bay 1 Unload Only,Joyce Station @ Bay 7,51722,Joyce Station,39030,39210,in_service_layover,65.80690564145122,67.930774235726,11.978618871709784,180,3.0,10:50:30,10:53:30,False,,no_dispenser,0
2160034,heavy,27.0,6.0,40-ft,BTC,1,MF,14904019,14903947,028,028,51722,51671,Joyce Station @ Bay 1 Unload Only,Joyce Station @ Bay 2,51722,Joyce Station,39630,39810,in_service_layover,64.66390965141643,66.82831001838747,12.207218069716703,180,3.0,11:00:30,11:03:30,False,,no_dispenser,0
2164873,heavy,106.0,67.0,40-ft,HTC,1,MF,14903716,14903776,026,026,51722,58249,Joyce Station @ Bay 1 Unload Only,Joyce Station @ Bay 6,51722,Joyce Station,39630,39930,in_service_layover,52.63795238739182,56.549716431175135,22.062349206937938,300,5.0,11:00:30,11:05:30,False,,no_dispenser,0
2164872,heavy,106.0,65.0,40-ft,HTC,1,MF,14903891,14903834,027,027,51722,59664,Joyce Station @ Bay 1 Unload Only,Joyce Station @ Bay 7,51722,Joyce Station,40230,40410,in_service_layover,57.79931193845786,60.1800196453783,13.42719146703132,180,3.0,11:10:30,11:13:30,False,,no_dispenser,0
2160026,heavy,106.0,64.0,40-ft,HTC,1,MF,14903717,14903777,026,026,51722,58249,Joyce Station @ Bay 1 Unload Only,Joyce Station @ Bay 6,51722,Joyce Station,40830,41130,in_service_layover,57.387780757495236,61.32334905012422,22.19660517042746,300,5.0,11:20:30,11:25:30,False,,no_dispenser,0
2160030,heavy,106.0,63.0,40-ft,HTC,1,MF,14903892,14903835,027,027,51722,59664,Joyce Station @ Bay 1 Unload Only,Joyce Station @ Bay 7,51722,Joyce Station,41430,41610,in_service_layover,65.41646403373178,67.55417807508883,12.056707193253658,180,3.0,11:30:30,11:33:30,False,,no_dispenser,0
2164870,heavy,106.0,60.0,40-ft,HTC,1,MF,14903718,14903778,026,026,51722,58249,Joyce Station @ Bay 1 Unload Only,Joyce Station @ Bay 6,51722,Joyce Station,42030,42330,in_service_layover,42.308556200813854,46.11136594859916,21.44784697750916,300,5.0,11:40:30,11:45:30,False,,no_dispenser,0
2164871,heavy,106.0,68.0,40-ft,HTC,1,MF,14903893,14903836,027,027,51722,59664,Joyce Station @ Bay 1 Unload Only,Joyce Station @ Bay 7,51722,Joyce Station,42630,42810,in_service_layover,66.0850984048531,68.19910200751788,11.922980319029364,180,3.0,11:50:30,11:53:30,False,,no_dispenser,0
2160021,heavy,106.0,71.0,40-ft,HTC,1,MF,14903719,14903779,026,026,51722,58249,Joyce Station @ Bay 1 Unload Only,Joyce Station @ Bay 6,51722,Joyce Station,43230,43530,in_service_layover,58.25206936886562,62.15924779891762,22.036486345493245,300,5.0,12:00:30,12:05:30,False,,no_dispenser,0
2164872,heavy,106.0,65.0,40-ft,HTC,1,MF,14903894,14903837,027,027,51722,59664,Joyce Station @ Bay 1 Unload Only,Joyce Station @ Bay 7,51722,Joyce Station,43830,44010,in_service_layover,58.11606457618414,60.49437142509107,13.413650627835125,180,3.0,12:10:30,12:13:30,False,,no_dispenser,0
2160017,heavy,106.0,62.0,40-ft,HTC,1,MF,14903720,14903780,026,026,51722,58249,Joyce Station @ Bay 1 Unload Only,Joyce Station @ Bay 6,51722,Joyce Station,44490,44670,in_service_layover,50.95579739989509,53.276477537107446,13.088635973877729,180,3.0,12:21:30,12:24:30,False,,no_dispenser,0
2160030,heavy,106.0,63.0,40-ft,HTC,1,MF,14903895,14903838,027,027,51722,59664,Joyce Station @ Bay 1 Unload Only,Joyce Station @ Bay 7,51722,Joyce Station,45030,45210,in_service_layover,64.40469976318455,66.57829197016383,12.259060047363107,180,3.0,12:30:30,12:33:30,False,,no_dispenser,0
2164875,heavy,106.0,70.0,40-ft,HTC,1,MF,14903721,14903781,026,026,51722,58249,Joyce Station @ Bay 1 Unload Only,Joyce Station @ Bay 6,51722,Joyce Station,45690,45870,in_service_layover,39.98517259115662,42.25778095965155,12.817511198311394,180,3.0,12:41:30,12:44:30,False,,no_dispenser,0
2164871,heavy,106.0,68.0,40-ft,HTC,1,MF,14903896,14903839,027,027,51722,59664,Joyce Station @ Bay 1 Unload Only,Joyce Station @ Bay 7,51722,Joyce Station,46230,46410,in_service_layover,65.0189842706659,67.170793339082,12.13620314586683,180,3.0,12:50:30,12:53:30,False,,no_dispenser,0
2160021,heavy,106.0,71.0,40-ft,HTC,1,MF,14903725,14903785,026,026,51722,58249,Joyce Station @ Bay 1 Unload Only,Joyce Station @ Bay 6,51722,Joyce Station,50550,50730,in_service_layover,48.44974928345453,50.74873948250216,12.966304722628593,180,3.0,14:02:30,14:05:30,False,,no_dispenser,0
2160017,heavy,106.0,62.0,40-ft,HTC,1,MF,14903726,14903786,026,026,51722,58249,Joyce Station @ Bay 1 Unload Only,Joyce Station @ Bay 6,51722,Joyce Station,51750,51930,in_service_layover,39.566979021644364,41.83849603729755,12.811355968283948,180,3.0,14:22:30,14:25:30,False,,no_dispenser,0
2164875,heavy,106.0,70.0,40-ft,HTC,1,MF,14903727,14903845,026,027,51722,59664,Joyce Station @ Bay 1 Unload Only,Joyce Station @ Bay 7,51722,Joyce Station,53130,53490,in_service_layover,28.548282444188466,33.04284840825196,25.349352037318113,360,6.0,14:45:30,14:51:30,False,,no_dispenser,0
2164871,heavy,106.0,68.0,40-ft,HTC,1,MF,14903902,14903788,027,026,51722,58249,Joyce Station @ Bay 1 Unload Only,Joyce Station @ Bay 6,51722,Joyce Station,53550,54210,in_service_layover,57.55198642550765,65.791617089098,46.471516942649544,660,11.0,14:52:30,15:03:30,False,,no_dispenser,0
2164873,heavy,106.0,67.0,40-ft,HTC,1,MF,14903728,14903847,026,027,51722,59664,Joyce Station @ Bay 1 Unload Only,Joyce Station @ Bay 7,51722,Joyce Station,54330,55230,in_service_layover,29.13071940024897,40.44255333979967,63.79874341906594,900,15.0,15:05:30,15:20:30,False,,no_dispenser,0
2164872,heavy,106.0,65.0,40-ft,HTC,1,MF,14903903,14903789,027,026,51722,58249,Joyce Station @ Bay 1 Unload Only,Joyce Station @ Bay 6,51722,Joyce Station,54810,55650,in_service_layover,42.50691756883815,53.2910109851761,60.82228686814605,840,14.0,15:13:30,15:27:30,False,,no_dispenser,0
2160030,heavy,106.0,63.0,40-ft,HTC,1,MF,14903904,14903790,027,026,51722,58249,Joyce Station @ Bay 1 Unload Only,Joyce Station @ Bay 6,51722,Joyce Station,56070,56850,in_service_layover,48.59083811391091,58.73417462435816,57.208417918922464,780,13.0,15:34:30,15:47:30,False,,no_dispenser,0
2160021,heavy,106.0,71.0,40-ft,HTC,1,MF,14903730,14903849,026,027,51722,59664,Joyce Station @ Bay 1 Unload Only,Joyce Station @ Bay 7,51722,Joyce Station,56730,57090,in_service_layover,41.14786123455793,45.70818902338464,25.720248728982682,360,6.0,15:45:30,15:51:30,False,,no_dispenser,0
2164875,heavy,106.0,70.0,40-ft,HTC,1,MF,14903905,14903850,027,027,51722,59664,Joyce Station @ Bay 1 Unload Only,Joyce Station @ Bay 7,51722,Joyce Station,57210,58290,in_service_layover,27.047030456167658,40.61573223175469,76.52747801431087,1080,18.0,15:53:30,16:11:30,False,,no_dispenser,0
2160026,heavy,106.0,64.0,40-ft,HTC,1,MF,14903732,14903851,026,027,51722,59664,Joyce Station @ Bay 1 Unload Only,Joyce Station @ Bay 7,51722,Joyce Station,58290,59190,in_service_layover,29.795731751679195,41.116243049903495,63.84768372198505,900,15.0,16:11:30,16:26:30,False,,no_dispenser,0
2164873,heavy,106.0,67.0,40-ft,HTC,1,MF,14903907,14903795,027,026,51722,58249,Joyce Station @ Bay 1 Unload Only,Joyce Station @ Bay 6,51722,Joyce Station,59070,60150,in_service_layover,36.71361059293986,50.48695832519743,77.68168120993269,1080,18.0,16:24:30,16:42:30,False,,no_dispenser,0
2164871,heavy,106.0,68.0,40-ft,HTC,1,MF,14903734,14903852,026,027,51722,59664,Joyce Station @ Bay 1 Unload Only,Joyce Station @ Bay 7,51722,Joyce Station,60030,60210,in_service_layover,56.190738841153774,58.56233376722366,13.375795383034188,180,3.0,16:40:30,16:43:30,False,,no_dispenser,0
2164872,heavy,106.0,65.0,40-ft,HTC,1,MF,14903735,14903853,026,027,51722,59664,Joyce Station @ Bay 1 Unload Only,Joyce Station @ Bay 7,51722,Joyce Station,60990,61230,in_service_layover,43.69013273723187,46.73517838244448,17.174057438999085,240,4.0,16:56:30,17:00:30,False,,no_dispenser,0
2160021,heavy,106.0,71.0,40-ft,HTC,1,MF,14903909,14903797,027,026,51722,58249,Joyce Station @ Bay 1 Unload Only,Joyce Station @ Bay 6,51722,Joyce Station,61050,61830,in_service_layover,43.518422791259376,53.53993112542176,56.52130700467583,780,13.0,16:57:30,17:10:30,False,,no_dispenser,0
2160030,heavy,106.0,63.0,40-ft,HTC,1,MF,14903736,14903854,026,027,51722,59664,Joyce Station @ Bay 1 Unload Only,Joyce Station @ Bay 7,51722,Joyce Station,62010,62250,in_service_layover,49.133296376413924,52.21165743316594,17.361956360081365,240,4.0,17:13:30,17:17:30,False,,no_dispenser,0
2164875,heavy,106.0,70.0,40-ft,HTC,1,MF,14903910,14903798,027,026,51722,58249,Joyce Station @ Bay 1 Unload Only,Joyce Station @ Bay 6,51722,Joyce Station,62130,62790,in_service_layover,34.6199142796704,42.945680373757064,46.95732077064886,660,11.0,17:15:30,17:26:30,False,,no_dispenser,0
2160026,heavy,106.0,64.0,40-ft,HTC,1,MF,14903911,14903799,027,026,51722,58249,Joyce Station @ Bay 1 Unload Only,Joyce Station @ Bay 6,51722,Joyce Station,63090,63690,in_service_layover,38.14727898357546,45.741817961357725,42.83319983469198,600,10.0,17:31:30,17:41:30,False,,no_dispenser,0
2164871,heavy,106.0,68.0,40-ft,HTC,1,MF,14903912,14903800,027,026,51722,58249,Joyce Station @ Bay 1 Unload Only,Joyce Station @ Bay 6,51722,Joyce Station,64050,64650,in_service_layover,55.731647948721175,63.43848513392123,43.46656172452833,600,10.0,17:47:30,17:57:30,False,,no_dispenser,0
2164872,heavy,106.0,65.0,40-ft,HTC,1,MF,14903913,14903801,027,026,51722,58249,Joyce Station @ Bay 1 Unload Only,Joyce Station @ Bay 6,51722,Joyce Station,64950,65550,in_service_layover,43.785765839588905,51.45714525811589,43.266579920492205,600,10.0,18:02:30,18:12:30,False,,no_dispenser,0
2160030,heavy,106.0,63.0,40-ft,HTC,1,MF,14903914,14903802,027,026,51722,58249,Joyce Station @ Bay 1 Unload Only,Joyce Station @ Bay 6,51722,Joyce Station,65970,66450,in_service_layover,49.298841760720165,55.512399668632575,35.04446660062598,480,8.0,18:19:30,18:27:30,False,,no_dispenser,0
2160037,heavy,106.0,73.0,40-ft,HTC,1,MF,14903741,14903859,026,027,51722,59664,Joyce Station @ Bay 1 Unload Only,Joyce Station @ Bay 7,51722,Joyce Station,66270,66870,in_service_layover,65.01937538586091,71.6349036760341,37.31157955657676,600,10.0,18:24:30,18:34:30,False,,no_dispenser,0
2160035,heavy,106.0,74.0,40-ft,HTC,1,MF,14903742,14903860,026,027,51722,59664,Joyce Station @ Bay 1 Unload Only,Joyce Station @ Bay 7,51722,Joyce Station,67050,67770,in_service_layover,64.15735387918065,72.03068367332794,44.40558003899076,720,12.0,18:37:30,18:49:30,False,,no_dispenser,0
2164878,heavy,106.0,75.0,40-ft,HTC,1,MF,14903916,14903804,027,026,51722,58249,Joyce Station @ Bay 1 Unload Only,Joyce Station @ Bay 6,51722,Joyce Station,67650,68190,in_service_layover,66.570979996343,72.41142466498981,32.94010793116803,540,9.0,18:47:30,18:56:30,False,,no_dispenser,0
2164875,heavy,106.0,70.0,40-ft,HTC,1,MF,14903743,14903861,026,027,51722,59664,Joyce Station @ Bay 1 Unload Only,Joyce Station @ Bay 7,51722,Joyce Station,67890,69330,in_service_layover,33.34480212581285,51.753243071263896,103.82360693234395,1440,24.0,18:51:30,19:15:30,False,,no_dispenser,0
2160027,heavy,27.0,4.0,40-ft,BTC,1,MF,14904050,14903978,028,028,51722,51671,Joyce Station @ Bay 1 Unload Only,Joyce Station @ Bay 2,51722,Joyce Station,68010,68190,in_service_layover,43.748799698998766,46.031229942909455,12.872906575656287,180,3.0,18:53:30,18:56:30,False,,no_dispenser,0
2164877,heavy,106.0,76.0,40-ft,HTC,1,MF,14903917,14903805,027,026,51722,58249,Joyce Station @ Bay 1 Unload Only,Joyce Station @ Bay 6,51722,Joyce Station,68550,69930,in_service_layover,68.92023985205013,80.45216857616076,65.04007800398387,1380,23.0,19:02:30,19:25:30,False,,no_dispenser,0
2164881,heavy,27.0,1.0,40-ft,BTC,1,MF,14904051,14903979,028,028,51722,51671,Joyce Station @ Bay 1 Unload Only,Joyce Station @ Bay 2,51722,Joyce Station,68790,68970,in_service_layover,36.54849049989176,38.81213021597327,12.766927998699714,180,3.0,19:06:30,19:09:30,False,,no_dispenser,0
2164882,heavy,27.0,2.0,40-ft,BTC,1,MF,14904053,14903984,028,028,51722,51671,Joyce Station @ Bay 1 Unload Only,Joyce Station @ Bay 2,51722,Joyce Station,71010,71190,in_service_layover,39.99765006651821,42.27029099727422,12.81769484946389,180,3.0,19:43:30,19:46:30,False,,no_dispenser,0
2160035,heavy,106.0,74.0,40-ft,HTC,1,MF,14903919,14903806,027,026,51722,58249,Joyce Station @ Bay 1 Unload Only,Joyce Station @ Bay 6,51722,Joyce Station,71010,71730,in_service_layover,68.02124755451894,75.24670030672358,40.751553522434165,720,12.0,19:43:30,19:55:30,False,,no_dispenser,0
2160034,heavy,27.0,6.0,40-ft,BTC,1,MF,14904054,14903985,028,028,51722,51671,Joyce Station @ Bay 1 Unload Only,Joyce Station @ Bay 2,51722,Joyce Station,72150,72510,in_service_layover,38.37243429163451,42.9182761088823,25.638547849277558,360,6.0,20:02:30,20:08:30,False,,no_dispenser,0
2164875,heavy,106.0,70.0,40-ft,HTC,1,MF,14903920,14903863,027,027,51722,59664,Joyce Station @ Bay 1 Unload Only,Joyce Station @ Bay 7,51722,Joyce Station,72690,72870,in_service_layover,49.61319332684746,51.920913330601714,13.015540821174,180,3.0,20:11:30,20:14:30,False,,no_dispenser,0
2164878,heavy,106.0,75.0,40-ft,HTC,1,MF,14903747,14903807,026,026,51722,58249,Joyce Station @ Bay 1 Unload Only,Joyce Station @ Bay 6,51722,Joyce Station,72690,73530,in_service_layover,62.81054641704558,72.01186019439484,51.89540970424986,840,14.0,20:11:30,20:25:30,False,,no_dispenser,0
2164882,heavy,27.0,2.0,40-ft,BTC,1,MF,14904057,14903987,028,028,51722,51671,Joyce Station @ Bay 1 Unload Only,Joyce Station @ Bay 2,51722,Joyce Station,75510,76170,in_service_layover,32.85061227804159,41.15944820550231,46.861834630878434,660,11.0,20:58:30,21:09:30,False,,no_dispenser,0
2160035,heavy,106.0,74.0,40-ft,HTC,1,MF,14903749,14903865,026,027,51722,59664,Joyce Station @ Bay 1 Unload Only,Joyce Station @ Bay 7,51722,Joyce Station,76230,76470,in_service_layover,65.64582205877934,68.45664939618979,15.853066182994894,240,4.0,21:10:30,21:14:30,False,,no_dispenser,0
2164875,heavy,106.0,70.0,40-ft,HTC,1,MF,14903922,14903809,027,026,51722,58249,Joyce Station @ Bay 1 Unload Only,Joyce Station @ Bay 6,51722,Joyce Station,76290,77130,in_service_layover,52.92954294861645,63.65997009484449,60.51960910472616,840,14.0,21:11:30,21:25:30,False,,no_dispenser,0
2160034,heavy,27.0,6.0,40-ft,BTC,1,MF,14904058,14903988,028,028,51722,51671,Joyce Station @ Bay 1 Unload Only,Joyce Station @ Bay 2,51722,Joyce Station,77310,77670,in_service_layover,42.642426539491076,47.210555013032376,25.764244590772904,360,6.0,21:28:30,21:34:30,False,,no_dispenser,0
2164878,heavy,106.0,75.0,40-ft,HTC,1,MF,14903750,14903866,026,027,51722,59664,Joyce Station @ Bay 1 Unload Only,Joyce Station @ Bay 7,51722,Joyce Station,77970,78570,in_service_layover,62.41098194645062,69.37154207116113,39.25755910336727,600,10.0,21:39:30,21:49:30,False,,no_dispenser,0
2164881,heavy,27.0,1.0,40-ft,BTC,1,MF,14904059,14903989,028,028,51722,51671,Joyce Station @ Bay 1 Unload Only,Joyce Station @ Bay 2,51722,Joyce Station,79110,79650,in_service_layover,41.263308480561996,48.121623992304016,38.680899486225,540,9.0,21:58:30,22:07:30,False,,no_dispenser,0
2160035,heavy,106.0,74.0,40-ft,HTC,1,MF,14903924,14903811,027,026,51722,58249,Joyce Station @ Bay 1 Unload Only,Joyce Station @ Bay 6,51722,Joyce Station,79890,80730,in_service_layover,68.9695152458405,76.95914582691056,45.06151647723516,840,14.0,22:11:30,22:25:30,False,,no_dispenser,0
2164882,heavy,27.0,2.0,40-ft,BTC,1,MF,14904060,14903990,028,028,51722,51671,Joyce Station @ Bay 1 Unload Only,Joyce Station @ Bay 2,51722,Joyce Station,80790,81210,in_service_layover,39.32679963602056,44.639609684667434,29.964248674368378,420,7.0,22:26:30,22:33:30,False,,no_dispenser,0
2164878,heavy,106.0,75.0,40-ft,HTC,1,MF,14903925,14903867,027,027,51722,59664,Joyce Station @ Bay 1 Unload Only,Joyce Station @ Bay 7,51722,Joyce Station,81690,82410,in_service_layover,66.78168700674433,74.21898781772197,41.94637657391388,720,12.0,22:41:30,22:53:30,False,,no_dispenser,0
2160030,heavy,106.0,63.0,40-ft,HTC,1,MF,14903752,14903812,026,026,51722,58249,Joyce Station @ Bay 1 Unload Only,Joyce Station @ Bay 6,51722,Joyce Station,82230,84090,in_service_layover,25.368420083094072,49.00995984817514,133.33828427505725,1860,31.0,22:50:30,23:21:30,False,,no_dispenser,0
2160034,heavy,27.0,6.0,40-ft,BTC,1,MF,14904061,14903991,028,028,51722,51671,Joyce Station @ Bay 1 Unload Only,Joyce Station @ Bay 2,51722,Joyce Station,82590,83070,in_service_layover,50.18890115933308,56.42427627260275,35.16751563884094,480,8.0,22:56:30,23:04:30,False,,no_dispenser,0
2164881,heavy,27.0,1.0,40-ft,BTC,1,MF,14904062,14903992,028,028,51722,51671,Joyce Station @ Bay 1 Unload Only,Joyce Station @ Bay 2,51722,Joyce Station,84330,84990,in_service_layover,47.95294678707738,56.511361098977176,48.26945671911483,660,11.0,23:25:30,23:36:30,False,,no_dispenser,0
2164878,heavy,106.0,75.0,40-ft,HTC,1,MF,14903926,14903868,027,027,51722,59664,Joyce Station @ Bay 1 Unload Only,Joyce Station @ Bay 7,51722,Joyce Station,85290,86250,in_service_layover,68.22316986563767,77.24453511235996,50.880499991513716,960,16.0,23:41:30,23:57:30,False,,no_dispenser,0
2164882,heavy,27.0,2.0,40-ft,BTC,1,MF,14904063,14903993,028,028,51722,51671,Joyce Station @ Bay 1 Unload Only,Joyce Station @ Bay 2,51722,Joyce Station,86070,86850,in_service_layover,46.745146983014806,56.86041921919382,57.050135412049656,780,13.0,23:54:30,24:07:30,False,,no_dispenser,0
2164875,heavy,106.0,70.0,40-ft,HTC,1,MF,14903753,14903813,026,026,51722,58249,Joyce Station @ Bay 1 Unload Only,Joyce Station @ Bay 6,51722,Joyce Station,86130,87810,in_service_layover,45.84185131186254,66.3030381963377,115.40109402843984,1680,28.0,23:55:30,24:23:30,False,,no_dispenser,0
2164881,heavy,27.0,1.0,40-ft,BTC,1,MF,14904065,14903994,028,028,51722,51671,Joyce Station @ Bay 1 Unload Only,Joyce Station @ Bay 2,51722,Joyce Station,89670,89910,in_service_layover,58.53732413815678,61.67823990322711,17.714764914996636,240,4.0,24:54:30,24:58:30,False,,no_dispenser,0
2160030,heavy,106.0,63.0,40-ft,HTC,1,MF,14903754,14903814,026,026,51722,58249,Joyce Station @ Bay 1 Unload Only,Joyce Station @ Bay 6,51722,Joyce Station,90150,92010,in_service_layover,35.30046133271207,58.85665449099221,132.85692941270003,1860,31.0,25:02:30,25:33:30,False,,no_dispenser,0
2162005,heavy,321.0,10.0,40-ft,STC,1,MF,14867925,14867952,345,345,54990,54990,King George Station @ Bay 2,King George Station @ Bay 2,54990,King George Station,28770,29250,in_service_layover,61.15681209755019,66.97579304573811,32.81905254777996,480,8.0,07:59:30,08:07:30,False,,no_dispenser,0
2162016,heavy,321.0,16.0,40-ft,STC,1,MF,14867898,14867974,345,345,54990,54990,King George Station @ Bay 2,King George Station @ Bay 2,54990,King George Station,30810,31170,in_service_layover,60.274717435185146,64.78714882276067,25.45011302592593,360,6.0,08:33:30,08:39:30,False,,no_dispenser,0
2162012,heavy,321.0,24.0,40-ft,STC,1,MF,14867920,14867954,345,345,54990,54990,King George Station @ Bay 2,King George Station @ Bay 2,54990,King George Station,31710,32070,in_service_layover,61.15681209755019,65.60668357999343,25.097275160979905,360,6.0,08:48:30,08:54:30,False,,no_dispenser,0
2162018,heavy,320.0,17.0,40-ft,STC,1,MF,14867890,14867955,345,345,54990,54990,King George Station @ Bay 2,King George Station @ Bay 2,54990,King George Station,32610,32970,in_service_layover,56.9809986800369,61.68709067546758,26.542358854229064,360,6.0,09:03:30,09:09:30,False,,no_dispenser,0
2162009,heavy,321.0,20.0,40-ft,STC,1,MF,14867926,14867956,345,345,54990,54990,King George Station @ Bay 2,King George Station @ Bay 2,54990,King George Station,33390,33870,in_service_layover,56.195747201446686,62.42441351171883,35.12967798993492,480,8.0,09:16:30,09:24:30,False,,no_dispenser,0
2162011,heavy,801.0,44.0,40-ft,STC,1,MF,14867891,14867957,345,345,54990,54990,King George Station @ Bay 2,King George Station @ Bay 2,54990,King George Station,34290,34770,in_service_layover,61.15681209755019,66.97579304573811,32.81905254777996,480,8.0,09:31:30,09:39:30,False,,no_dispenser,0
2162015,heavy,321.0,22.0,40-ft,STC,1,MF,14866162,14867984,335,345,55714,54990,Surrey Central Station @ Bay 6,King George Station @ Bay 2,54990,King George Station,35370,35670,interline_end,61.01806486513573,64.76995228445395,21.160645044954776,300,5.0,09:49:30,09:54:30,False,,no_dispenser,0
2162014,heavy,321.0,23.0,40-ft,STC,1,MF,14867900,14867958,345,345,54990,54990,King George Station @ Bay 2,King George Station @ Bay 2,54990,King George Station,36690,37110,in_service_layover,49.80852004739125,55.24415359295938,30.656973197004277,420,7.0,10:11:30,10:18:30,False,,no_dispenser,0
2162003,heavy,321.0,15.0,40-ft,STC,1,MF,14867915,14867959,345,345,54990,54990,King George Station @ Bay 2,King George Station @ Bay 2,54990,King George Station,37890,38910,in_service_layover,44.93274705509053,58.124696273112434,74.40259358964354,1020,17.0,10:31:30,10:48:30,False,,no_dispenser,0
2162018,heavy,320.0,17.0,40-ft,STC,1,MF,14867902,14867960,345,345,54990,54990,King George Station @ Bay 2,King George Station @ Bay 2,54990,King George Station,40290,40710,in_service_layover,45.463025633007916,50.826157292257946,30.248062558170147,420,7.0,11:11:30,11:18:30,False,,no_dispenser,0
2162008,heavy,321.0,29.0,40-ft,STC,1,MF,14867927,14867961,345,345,54990,54990,King George Station @ Bay 2,King George Station @ Bay 2,54990,King George Station,41490,42510,in_service_layover,41.750846020401404,54.893987442373984,74.12731761992532,1020,17.0,11:31:30,11:48:30,False,,no_dispenser,0
2162002,heavy,321.0,14.0,40-ft,STC,1,MF,14867936,14867962,345,345,54990,54990,King George Station @ Bay 2,King George Station @ Bay 2,54990,King George Station,43950,44310,in_service_layover,31.942756015321134,36.45503898245768,25.44927593465016,360,6.0,12:12:30,12:18:30,False,,no_dispenser,0
2162005,heavy,321.0,10.0,40-ft,STC,1,MF,14867883,14867963,345,345,54990,54990,King George Station @ Bay 2,King George Station @ Bay 2,54990,King George Station,45150,46110,in_service_layover,32.91602313489222,45.0452205660148,68.40867351153136,960,16.0,12:32:30,12:48:30,False,,no_dispenser,0
2162016,heavy,321.0,16.0,40-ft,STC,1,MF,14867904,14867965,345,345,54990,54990,King George Station @ Bay 2,King George Station @ Bay 2,54990,King George Station,47010,47910,in_service_layover,30.727378911914766,42.06004673106566,63.916246500011056,900,15.0,13:03:30,13:18:30,False,,no_dispenser,0
2162012,heavy,321.0,24.0,40-ft,STC,1,MF,14867905,14867947,345,345,54990,54990,King George Station @ Bay 2,King George Station @ Bay 2,54990,King George Station,48810,49710,in_service_layover,31.546913669147532,42.890275119805715,63.97655858171217,900,15.0,13:33:30,13:48:30,False,,no_dispenser,0
2162009,heavy,321.0,20.0,40-ft,STC,1,MF,14867906,14867948,345,345,54990,54990,King George Station @ Bay 2,King George Station @ Bay 2,54990,King George Station,50670,51510,in_service_layover,28.36464360087293,38.905992509258084,59.45320784329229,840,14.0,14:04:30,14:18:30,False,,no_dispenser,0
2162015,heavy,321.0,22.0,40-ft,STC,1,MF,14867907,14867946,345,345,54990,54990,King George Station @ Bay 2,King George Station @ Bay 2,54990,King George Station,52530,52950,in_service_layover,30.710182373608045,35.97052358728787,29.668324445154212,420,7.0,14:35:30,14:42:30,False,,no_dispenser,0
2162014,heavy,321.0,23.0,40-ft,STC,1,MF,14867908,14867942,345,345,54990,54990,King George Station @ Bay 2,King George Station @ Bay 2,54990,King George Station,54450,55350,in_service_layover,21.184383682113477,32.39598026834615,63.23340474635228,900,15.0,15:07:30,15:22:30,False,,no_dispenser,0
2162003,heavy,321.0,15.0,40-ft,STC,1,MF,14867909,14867979,345,345,54990,54990,King George Station @ Bay 2,King George Station @ Bay 2,54990,King George Station,56370,57150,in_service_layover,24.06492636226653,33.798070488808314,54.894932873695666,780,13.0,15:39:30,15:52:30,False,,no_dispenser,0
2162013,heavy,320.0,43.0,40-ft,STC,1,MF,14867917,14867966,345,345,54990,54990,King George Station @ Bay 2,King George Station @ Bay 2,54990,King George Station,59190,59850,in_service_layover,67.67428407946136,74.44928566949315,38.21100896777932,660,11.0,16:26:30,16:37:30,False,,no_dispenser,0
2162008,heavy,321.0,29.0,40-ft,STC,1,MF,14867896,14867980,345,345,54990,54990,King George Station @ Bay 2,King George Station @ Bay 2,54990,King George Station,60450,60750,in_service_layover,20.83421753152808,24.543921935049923,20.9227328358632,300,5.0,16:47:30,16:52:30,False,,no_dispenser,0
2161716,heavy,321.0,12.0,40-ft,STC,1,MF,14874465,14870731,501,395,61035,54990,Surrey Central Station @ Bay 12,King George Station @ Bay 2,54990,King George Station,60990,61290,interline_end,34.65041531203081,38.419916187120236,21.259984935504377,300,5.0,16:56:30,17:01:30,False,,no_dispenser,0
2162192,heavy,350.0,62.0,40-ft,RTC,1,MF,14870697,14870712,394,394,54990,54990,King George Station @ Bay 2,King George Station @ Bay 2,54990,King George Station,62310,62490,in_service_layover,67.69946352689345,69.7541409292599,11.58838054934671,180,3.0,17:18:30,17:21:30,False,,no_dispenser,0
2162006,heavy,502.0,59.0,40-ft,STC,1,MF,14867918,14867964,345,345,54990,54990,King George Station @ Bay 2,King George Station @ Bay 2,54990,King George Station,62730,63090,in_service_layover,67.67428407946136,71.63266953024971,22.325293942446365,360,6.0,17:25:30,17:31:30,False,,no_dispenser,0
2161575,heavy,320.0,5.0,40-ft,STC,1,MF,14866683,14870732,337,395,61035,54990,Surrey Central Station @ Bay 12,King George Station @ Bay 2,54990,King George Station,63330,63630,interline_end,44.93114911674286,48.74625170612628,21.517178604122506,300,5.0,17:35:30,17:40:30,False,,no_dispenser,0
2162020,heavy,620.0,45.0,40-ft,RTC,1,MF,14878298,14867990,640,345,53104,54990,Scott Road Station @ Bay 1,King George Station @ Bay 2,54990,King George Station,63330,63630,interline_end,57.47409820420395,61.407384874536405,22.18373682067505,300,5.0,17:35:30,17:40:30,False,,no_dispenser,0
2162191,heavy,350.0,61.0,40-ft,RTC,1,MF,14870698,14870713,394,394,54990,54990,King George Station @ Bay 2,King George Station @ Bay 2,54990,King George Station,64050,64290,in_service_layover,61.06679526650183,64.094369958393,17.075521262266193,240,4.0,17:47:30,17:51:30,False,,no_dispenser,0
2161538,heavy,319.0,4.0,40-ft,STC,1,MF,14862486,14870734,314,395,56395,54990,Surrey Central Station @ Bay 1 Unloading Only,King George Station @ Bay 2,54990,King George Station,64530,64830,interline_end,49.953534294429744,53.82178413595563,21.816929106205976,300,5.0,17:55:30,18:00:30,False,,no_dispenser,0
2161659,heavy,502.0,18.0,40-ft,STC,1,MF,14863406,14867968,320,345,61035,54990,Surrey Central Station @ Bay 12,King George Station @ Bay 2,54990,King George Station,66030,66330,interline_end,42.584192406266666,46.38820102612956,21.454608616026718,300,5.0,18:20:30,18:25:30,False,,no_dispenser,0
2164208,heavy,320.0,36.0,40-ft,STC,1,MF,14865688,14870735,325,395,56395,54990,Surrey Central Station @ Bay 1 Unloading Only,King George Station @ Bay 2,54990,King George Station,66870,67170,interline_end,67.20572917736214,70.57926161066146,19.02672292380811,300,5.0,18:34:30,18:39:30,False,,no_dispenser,0
2161729,heavy,502.0,61.0,40-ft,STC,1,MF,14867929,14867988,345,345,54990,54990,King George Station @ Bay 2,King George Station @ Bay 2,54990,King George Station,66930,67170,in_service_layover,61.15681209755019,64.18013067449817,17.051516773986634,240,4.0,18:35:30,18:39:30,False,,no_dispenser,0
2162189,heavy,350.0,64.0,40-ft,RTC,1,MF,14870700,14870701,394,394,54990,54990,King George Station @ Bay 2,King George Station @ Bay 2,54990,King George Station,67410,67710,in_service_layover,61.06679526650183,64.815802638458,21.144401577832753,300,5.0,18:43:30,18:48:30,False,,no_dispenser,0
2162013,heavy,320.0,43.0,40-ft,STC,1,MF,14867911,14867983,345,345,54990,54990,King George Station @ Bay 2,King George Station @ Bay 2,54990,King George Station,67830,68010,in_service_layover,58.225220627033494,60.60231619567104,13.406819007115757,180,3.0,18:50:30,18:53:30,False,,no_dispenser,0
2165204,heavy,502.0,40.0,40-ft,STC,1,MF,14874474,14870733,501,395,61035,54990,Surrey Central Station @ Bay 12,King George Station @ Bay 2,54990,King George Station,68130,68430,interline_end,61.24078347240427,64.97950785346785,21.086405509198585,300,5.0,18:55:30,19:00:30,False,,no_dispenser,0
2162408,heavy,502.0,8.0,40-ft,STC,1,MF,14863442,14870727,320,395,61035,54990,Surrey Central Station @ Bay 12,King George Station @ Bay 2,54990,King George Station,69270,69570,interline_end,59.207882945876534,63.06929859777214,21.778384276691213,300,5.0,19:14:30,19:19:30,False,,no_dispenser,0
2162006,heavy,502.0,59.0,40-ft,STC,1,MF,14867930,14867941,345,345,54990,54990,King George Station @ Bay 2,King George Station @ Bay 2,54990,King George Station,70590,71610,in_service_layover,55.40860448779006,67.79215991269957,69.84325259648966,1020,17.0,19:36:30,19:53:30,False,,no_dispenser,0
2161659,heavy,502.0,18.0,40-ft,STC,1,MF,14867884,14867938,345,345,54990,54990,King George Station @ Bay 2,King George Station @ Bay 2,54990,King George Station,73410,74010,in_service_layover,30.164135983669905,37.68923004061339,42.441530481161294,600,10.0,20:23:30,20:33:30,False,,no_dispenser,0
2162013,heavy,320.0,43.0,40-ft,STC,1,MF,14867885,14867940,345,345,54990,54990,King George Station @ Bay 2,King George Station @ Bay 2,54990,King George Station,74910,75210,in_service_layover,44.37825115321137,48.19024291085631,21.49963351311746,300,5.0,20:48:30,20:53:30,False,,no_dispenser,0
2160687,heavy,130.0,6.0,40-ft,BTC,1,MF,14846967,14886021,130,N17,58043,60277,Kootenay Loop @ Bay 4,Northbound Seymour St @ Robson St,58043,Kootenay Loop,6930,7230,interline_start,53.265000478057246,57.18692892116193,22.11967641911042,300,5.0,01:55:30,02:00:30,False,,no_dispenser,0
2160915,heavy,183.0,32.0,40-ft,PCT,1,MF,14851545,14886289,160,N9,58042,58065,Kootenay Loop @ Bay 2,Northbound Seymour St @ W Georgia St,58042,Kootenay Loop,7050,7350,interline_start,61.6772903904029,65.39021649026088,20.940903203199014,300,5.0,01:57:30,02:02:30,False,,no_dispenser,0
2160913,heavy,183.0,3.0,40-ft,PCT,1,MF,14851558,14851485,160,160,58042,58042,Kootenay Loop @ Bay 2,Kootenay Loop @ Bay 2,58042,Kootenay Loop,28470,29130,in_service_layover,62.61365241488588,70.15063865330713,42.50860238469585,660,11.0,07:54:30,08:05:30,False,,no_dispenser,0
2160017,heavy,106.0,62.0,40-ft,HTC,1,MF,14903822,14903883,027,027,51695,51695,Kootenay Loop @ Bay 3,Kootenay Loop @ Bay 3,51695,Kootenay Loop,29370,30090,in_service_layover,66.33686893236994,73.84926933864054,42.36993829136611,720,12.0,08:09:30,08:21:30,False,,no_dispenser,0
2160912,heavy,160.0,1.0,40-ft,PCT,1,MF,14851559,14851486,160,160,58042,58042,Kootenay Loop @ Bay 2,Kootenay Loop @ Bay 2,58042,Kootenay Loop,29490,29970,in_service_layover,62.61365241488588,68.28954263918881,32.01202086506851,480,8.0,08:11:30,08:19:30,False,,no_dispenser,0
2159731,heavy,106.0,66.0,40-ft,HTC,1,MF,14903823,14903884,027,027,51695,51695,Kootenay Loop @ Bay 3,Kootenay Loop @ Bay 3,51695,Kootenay Loop,30390,31050,in_service_layover,69.72033294932156,76.16935419076934,36.372479801765394,660,11.0,08:26:30,08:37:30,False,,no_dispenser,0
2160026,heavy,106.0,64.0,40-ft,HTC,1,MF,14903824,14903885,027,027,51695,51695,Kootenay Loop @ Bay 3,Kootenay Loop @ Bay 3,51695,Kootenay Loop,31410,31890,in_service_layover,64.25231160552956,69.7610067835965,31.069040804297572,480,8.0,08:43:30,08:51:30,False,,no_dispenser,0
2160922,heavy,160.0,2.0,40-ft,PCT,1,MF,14851495,14851423,160,160,58042,58042,Kootenay Loop @ Bay 2,Kootenay Loop @ Bay 2,58042,Kootenay Loop,31470,31950,in_service_layover,62.61365241488588,68.28954263918881,32.01202086506851,480,8.0,08:44:30,08:52:30,False,,no_dispenser,0
2160068,heavy,130.0,4.0,40-ft,BTC,1,MF,14847019,14847099,130,130,58043,58043,Kootenay Loop @ Bay 4,Kootenay Loop @ Bay 4,58043,Kootenay Loop,32190,32490,in_service_layover,66.1537802914975,69.59642651045867,19.416524674941,300,5.0,08:56:30,09:01:30,False,,no_dispenser,0
2160030,heavy,106.0,63.0,40-ft,HTC,1,MF,14903825,14903886,027,027,51695,51695,Kootenay Loop @ Bay 3,Kootenay Loop @ Bay 3,51695,Kootenay Loop,32370,32730,in_service_layover,66.07148681160733,70.15962143379008,23.05707926911066,360,6.0,08:59:30,09:05:30,False,,no_dispenser,0
2160921,heavy,160.0,5.0,40-ft,PCT,1,MF,14851496,14851424,160,160,58042,58042,Kootenay Loop @ Bay 2,Kootenay Loop @ Bay 2,58042,Kootenay Loop,32730,32910,in_service_layover,62.61365241488588,64.8507569391807,12.617269517022805,180,3.0,09:05:30,09:08:30,False,,no_dispenser,0
2164871,heavy,106.0,68.0,40-ft,HTC,1,MF,14903826,14903887,027,027,51695,51695,Kootenay Loop @ Bay 3,Kootenay Loop @ Bay 3,51695,Kootenay Loop,33330,33930,in_service_layover,64.25231160552956,70.97104424407661,37.89365208140538,600,10.0,09:15:30,09:25:30,False,,no_dispenser,0
2160919,heavy,160.0,6.0,40-ft,PCT,1,MF,14851497,14851426,160,160,58042,58042,Kootenay Loop @ Bay 2,Kootenay Loop @ Bay 2,58042,Kootenay Loop,34470,34710,in_service_layover,62.61365241488588,65.56808965295275,16.663026022697125,240,4.0,09:34:30,09:38:30,False,,no_dispenser,0
2164872,heavy,106.0,65.0,40-ft,HTC,1,MF,14903828,14903888,027,027,51695,51695,Kootenay Loop @ Bay 3,Kootenay Loop @ Bay 3,51695,Kootenay Loop,34950,35130,in_service_layover,60.08812914209817,62.414791229257816,13.122374171580361,180,3.0,09:42:30,09:45:30,False,,no_dispenser,0
2160069,heavy,130.0,1.0,40-ft,BTC,1,MF,14847038,14847081,130,130,58043,58043,Kootenay Loop @ Bay 4,Kootenay Loop @ Bay 4,58043,Kootenay Loop,35070,35490,in_service_layover,67.04502063359848,71.66318251683559,26.04643302145729,420,7.0,09:44:30,09:51:30,False,,no_dispenser,0
2160923,heavy,160.0,7.0,40-ft,PCT,1,MF,14851498,14851427,160,160,58042,58042,Kootenay Loop @ Bay 2,Kootenay Loop @ Bay 2,58042,Kootenay Loop,35310,35610,in_service_layover,62.61365241488588,66.27123796956165,20.628782528371403,300,5.0,09:48:30,09:53:30,False,,no_dispenser,0
2160691,heavy,130.0,3.0,40-ft,BTC,1,MF,14847003,14847169,130,130,58043,58043,Kootenay Loop @ Bay 4,Kootenay Loop @ Bay 4,58043,Kootenay Loop,35790,35970,in_service_layover,64.22176915493071,66.40184826291188,12.295646169013878,180,3.0,09:56:30,09:59:30,False,,no_dispenser,0
2160030,heavy,106.0,63.0,40-ft,HTC,1,MF,14903829,14903889,027,027,51695,51695,Kootenay Loop @ Bay 3,Kootenay Loop @ Bay 3,51695,Kootenay Loop,35910,36270,in_service_layover,64.16380348170576,68.39812268177326,23.88156028838074,360,6.0,09:58:30,10:04:30,False,,no_dispenser,0
2160917,heavy,160.0,8.0,40-ft,PCT,1,MF,14851499,14851428,160,160,58042,58042,Kootenay Loop @ Bay 2,Kootenay Loop @ Bay 2,58042,Kootenay Loop,36030,36450,in_service_layover,62.61365241488588,67.63371624721512,28.313160014336972,420,7.0,10:00:30,10:07:30,False,,no_dispenser,0
2160687,heavy,130.0,6.0,40-ft,BTC,1,MF,14846933,14847100,130,130,58043,58043,Kootenay Loop @ Bay 4,Kootenay Loop @ Bay 4,58043,Kootenay Loop,36450,36870,in_service_layover,67.45190947719806,72.03074422084835,25.824627954187577,420,7.0,10:07:30,10:14:30,False,,no_dispenser,0
2160914,heavy,183.0,8.0,40-ft,PCT,1,MF,14851557,14851484,160,160,58042,58042,Kootenay Loop @ Bay 2,Kootenay Loop @ Bay 2,58042,Kootenay Loop,36870,37350,in_service_layover,60.96487925274482,66.80232225059537,32.92317850787708,480,8.0,10:14:30,10:22:30,False,,no_dispenser,0
2164871,heavy,106.0,68.0,40-ft,HTC,1,MF,14903830,14903890,027,027,51695,51695,Kootenay Loop @ Bay 3,Kootenay Loop @ Bay 3,51695,Kootenay Loop,37110,37470,in_service_layover,64.9752262919923,69.14846212863873,23.537050118685897,360,6.0,10:18:30,10:24:30,False,,no_dispenser,0
2160916,heavy,151.0,14.0,40-ft,PCT,1,MF,14851515,14851444,160,160,58042,58042,Kootenay Loop @ Bay 2,Kootenay Loop @ Bay 2,58042,Kootenay Loop,37770,38310,in_service_layover,63.89949377186706,70.06384289675425,34.76692906436381,540,9.0,10:29:30,10:38:30,False,,no_dispenser,0
2164872,heavy,106.0,65.0,40-ft,HTC,1,MF,14903831,14903891,027,027,51695,51695,Kootenay Loop @ Bay 3,Kootenay Loop @ Bay 3,51695,Kootenay Loop,38310,38670,in_service_layover,56.4189732771735,61.140868425645365,26.631488637381324,360,6.0,10:38:30,10:44:30,False,,no_dispenser,0
2160925,heavy,160.0,4.0,40-ft,PCT,1,MF,14851516,14851445,160,160,58042,58042,Kootenay Loop @ Bay 2,Kootenay Loop @ Bay 2,58042,Kootenay Loop,38670,39210,in_service_layover,64.7073448200016,70.77559962899905,34.22495712274565,540,9.0,10:44:30,10:53:30,False,,no_dispenser,0
2160030,heavy,106.0,63.0,40-ft,HTC,1,MF,14903832,14903892,027,027,51695,51695,Kootenay Loop @ Bay 3,Kootenay Loop @ Bay 3,51695,Kootenay Loop,39510,39870,in_service_layover,64.5527811057675,68.7580205209193,23.717550301456242,360,6.0,10:58:30,11:04:30,False,,no_dispenser,0
2160912,heavy,160.0,1.0,40-ft,PCT,1,MF,14851553,14851480,160,160,58042,58042,Kootenay Loop @ Bay 2,Kootenay Loop @ Bay 2,58042,Kootenay Loop,39630,40110,in_service_layover,63.396050518362465,68.99293633103845,31.566435983492624,480,8.0,11:00:30,11:08:30,False,,no_dispenser,0
2160922,heavy,160.0,2.0,40-ft,PCT,1,MF,14851500,14851429,160,160,58042,58042,Kootenay Loop @ Bay 2,Kootenay Loop @ Bay 2,58042,Kootenay Loop,40530,41010,in_service_layover,54.330518648069514,60.61873825108387,35.46555856100093,480,8.0,11:15:30,11:23:30,False,,no_dispenser,0
2164871,heavy,106.0,68.0,40-ft,HTC,1,MF,14903833,14903893,027,027,51695,51695,Kootenay Loop @ Bay 3,Kootenay Loop @ Bay 3,51695,Kootenay Loop,40710,41070,in_service_layover,65.27651277082921,69.4266548920406,23.406801563632257,360,6.0,11:18:30,11:24:30,False,,no_dispenser,0
2160921,heavy,160.0,5.0,40-ft,PCT,1,MF,14851501,14851430,160,160,58042,58042,Kootenay Loop @ Bay 2,Kootenay Loop @ Bay 2,58042,Kootenay Loop,41490,41850,in_service_layover,49.45540887529939,54.098204207819556,26.18536567541372,360,6.0,11:31:30,11:37:30,False,,no_dispenser,0
2164872,heavy,106.0,65.0,40-ft,HTC,1,MF,14903834,14903894,027,027,51695,51695,Kootenay Loop @ Bay 3,Kootenay Loop @ Bay 3,51695,Kootenay Loop,41910,42210,in_service_layover,57.52575818048151,61.45762106337164,22.17570665950035,300,5.0,11:38:30,11:43:30,False,,no_dispenser,0
2160030,heavy,106.0,63.0,40-ft,HTC,1,MF,14903835,14903895,027,027,51695,51695,Kootenay Loop @ Bay 3,Kootenay Loop @ Bay 3,51695,Kootenay Loop,43170,43410,in_service_layover,64.89991661019202,67.74625625037207,16.05335557061545,240,4.0,11:59:30,12:03:30,False,,no_dispenser,0
2160919,heavy,160.0,6.0,40-ft,PCT,1,MF,14851503,14851432,160,160,58042,58042,Kootenay Loop @ Bay 2,Kootenay Loop @ Bay 2,58042,Kootenay Loop,43350,43710,in_service_layover,50.17854842595235,54.83484291953711,26.261500943818078,360,6.0,12:02:30,12:08:30,False,,no_dispenser,0
2160918,heavy,160.0,3.0,40-ft,PCT,1,MF,14851504,14851433,160,160,58042,58042,Kootenay Loop @ Bay 2,Kootenay Loop @ Bay 2,58042,Kootenay Loop,44190,44610,in_service_layover,61.45713820195665,66.5741598637333,28.860002172420252,420,7.0,12:16:30,12:23:30,False,,no_dispenser,0
2164871,heavy,106.0,68.0,40-ft,HTC,1,MF,14903836,14903896,027,027,51695,51695,Kootenay Loop @ Bay 3,Kootenay Loop @ Bay 3,51695,Kootenay Loop,44370,44610,in_service_layover,65.54484054262107,68.3605407578534,15.880549213910285,240,4.0,12:19:30,12:23:30,False,,no_dispenser,0
2160923,heavy,160.0,7.0,40-ft,PCT,1,MF,14851505,14851434,160,160,58042,58042,Kootenay Loop @ Bay 2,Kootenay Loop @ Bay 2,58042,Kootenay Loop,45210,45450,in_service_layover,60.3721533725359,63.432571652794245,17.260759100657083,240,4.0,12:33:30,12:37:30,False,,no_dispenser,0
2160917,heavy,160.0,8.0,40-ft,PCT,1,MF,14851506,14851435,160,160,58042,58042,Kootenay Loop @ Bay 2,Kootenay Loop @ Bay 2,58042,Kootenay Loop,46110,46350,in_service_layover,61.93927877226088,64.92560128893885,16.84285899406376,240,4.0,12:48:30,12:52:30,False,,no_dispenser,0
2160914,heavy,183.0,8.0,40-ft,PCT,1,MF,14851556,14851483,160,160,58042,58042,Kootenay Loop @ Bay 2,Kootenay Loop @ Bay 2,58042,Kootenay Loop,47070,47250,in_service_layover,62.35608300023543,64.60232119171646,12.668783399952929,180,3.0,13:04:30,13:07:30,False,,no_dispenser,0
2160916,heavy,151.0,14.0,40-ft,PCT,1,MF,14851517,14851446,160,160,58042,58042,Kootenay Loop @ Bay 2,Kootenay Loop @ Bay 2,58042,Kootenay Loop,47970,48150,in_service_layover,63.75738688434156,65.95393344872662,12.388522623131678,180,3.0,13:19:30,13:22:30,False,,no_dispenser,0
2160925,heavy,160.0,4.0,40-ft,PCT,1,MF,14851518,14851447,160,160,58042,58042,Kootenay Loop @ Bay 2,Kootenay Loop @ Bay 2,58042,Kootenay Loop,48870,49050,in_service_layover,64.29362791751032,66.47115884242129,12.281274416497922,180,3.0,13:34:30,13:37:30,False,,no_dispenser,0
2160912,heavy,160.0,1.0,40-ft,PCT,1,MF,14851552,14851479,160,160,58042,58042,Kootenay Loop @ Bay 2,Kootenay Loop @ Bay 2,58042,Kootenay Loop,49770,50010,in_service_layover,61.917218218656366,64.90458378751421,16.848741808358284,240,4.0,13:49:30,13:53:30,False,,no_dispenser,0
2160922,heavy,160.0,2.0,40-ft,PCT,1,MF,14851507,14851436,160,160,58042,58042,Kootenay Loop @ Bay 2,Kootenay Loop @ Bay 2,58042,Kootenay Loop,50550,50910,in_service_layover,55.001861301126894,59.74044204897883,26.725595417884904,360,6.0,14:02:30,14:08:30,False,,no_dispenser,0
2160069,heavy,130.0,1.0,40-ft,BTC,1,MF,14847000,14847143,130,130,58043,58043,Kootenay Loop @ Bay 4,Kootenay Loop @ Bay 4,58043,Kootenay Loop,50610,51030,in_service_layover,59.94935480691803,65.19180181541401,29.567401127917265,420,7.0,14:03:30,14:10:30,False,,no_dispenser,0
2160921,heavy,160.0,5.0,40-ft,PCT,1,MF,14851508,14851437,160,160,58042,58042,Kootenay Loop @ Bay 2,Kootenay Loop @ Bay 2,58042,Kootenay Loop,51450,51810,in_service_layover,46.41522289697211,51.014669764083735,25.940880330509515,360,6.0,14:17:30,14:23:30,False,,no_dispenser,0
2164871,heavy,106.0,68.0,40-ft,HTC,1,MF,14903842,14903902,027,027,51695,51695,Kootenay Loop @ Bay 3,Kootenay Loop @ Bay 3,51695,Kootenay Loop,51630,51810,in_service_layover,58.52071392210089,60.89354291269515,13.382755506951696,180,3.0,14:20:30,14:23:30,False,,no_dispenser,0
2160690,heavy,130.0,10.0,40-ft,BTC,1,MF,14847001,14847068,130,130,58043,58043,Kootenay Loop @ Bay 4,Kootenay Loop @ Bay 4,58043,Kootenay Loop,51990,52410,in_service_layover,63.49611600511162,68.44000097513,27.883511230903764,420,7.0,14:26:30,14:33:30,False,,no_dispenser,0
2160687,heavy,130.0,6.0,40-ft,BTC,1,MF,14846964,14847117,130,130,58043,58043,Kootenay Loop @ Bay 4,Kootenay Loop @ Bay 4,58043,Kootenay Loop,52830,53190,in_service_layover,66.36592384018543,70.4306975930627,22.92532396622778,360,6.0,14:40:30,14:46:30,False,,no_dispenser,0
2160919,heavy,160.0,6.0,40-ft,PCT,1,MF,14851510,14851439,160,160,58042,58042,Kootenay Loop @ Bay 2,Kootenay Loop @ Bay 2,58042,Kootenay Loop,53250,53670,in_service_layover,46.377893437553084,51.753488964768046,30.318358773492378,420,7.0,14:47:30,14:54:30,False,,no_dispenser,0
2160682,heavy,130.0,8.0,40-ft,BTC,1,MF,14847026,14847144,130,130,58043,58043,Kootenay Loop @ Bay 4,Kootenay Loop @ Bay 4,58043,Kootenay Loop,53670,54270,in_service_layover,64.4126855665951,71.1099605237381,37.77263075828654,600,10.0,14:54:30,15:04:30,False,,no_dispenser,0
2160918,heavy,160.0,3.0,40-ft,PCT,1,MF,14851511,14851440,160,160,58042,58042,Kootenay Loop @ Bay 2,Kootenay Loop @ Bay 2,58042,Kootenay Loop,54390,54570,in_service_layover,58.242862711354725,60.61974417764444,13.405611469873975,180,3.0,15:06:30,15:09:30,False,,no_dispenser,0
2160923,heavy,160.0,7.0,40-ft,PCT,1,MF,14851512,14851441,160,160,58042,58042,Kootenay Loop @ Bay 2,Kootenay Loop @ Bay 2,58042,Kootenay Loop,55350,55530,in_service_layover,56.18116688088619,58.552668710530554,13.375270319194215,180,3.0,15:22:30,15:25:30,False,,no_dispenser,0
2160069,heavy,130.0,1.0,40-ft,BTC,1,MF,14846977,14847060,130,130,58043,58043,Kootenay Loop @ Bay 4,Kootenay Loop @ Bay 4,58043,Kootenay Loop,55590,55770,in_service_layover,59.339133832028715,61.69261644725711,13.273641949888201,180,3.0,15:26:30,15:29:30,False,,no_dispenser,0
2160917,heavy,160.0,8.0,40-ft,PCT,1,MF,14851513,14851442,160,160,58042,58042,Kootenay Loop @ Bay 2,Kootenay Loop @ Bay 2,58042,Kootenay Loop,56310,56610,in_service_layover,56.833033201792645,60.780320578322524,22.26270080362849,300,5.0,15:38:30,15:43:30,False,,no_dispenser,0
2160699,heavy,130.0,2.0,40-ft,BTC,1,MF,14847005,14847078,130,130,58043,58043,Kootenay Loop @ Bay 4,Kootenay Loop @ Bay 4,58043,Kootenay Loop,56610,56850,in_service_layover,59.59127504379508,62.69042348754027,17.47919722272286,240,4.0,15:43:30,15:47:30,False,,no_dispenser,0
2164873,heavy,106.0,67.0,40-ft,HTC,1,MF,14903847,14903907,027,027,51695,51695,Kootenay Loop @ Bay 3,Kootenay Loop @ Bay 3,51695,Kootenay Loop,57090,57270,in_service_layover,37.788291874902875,40.05516708012736,12.785176157466111,180,3.0,15:51:30,15:54:30,False,,no_dispenser,0
2160690,heavy,130.0,10.0,40-ft,BTC,1,MF,14847029,14847145,130,130,58043,58043,Kootenay Loop @ Bay 4,Kootenay Loop @ Bay 4,58043,Kootenay Loop,57150,57930,in_service_layover,63.17687131984322,71.7676080723348,48.451755284052524,780,13.0,15:52:30,16:05:30,False,,no_dispenser,0
2160914,heavy,183.0,8.0,40-ft,PCT,1,MF,14851555,14851482,160,160,58042,58042,Kootenay Loop @ Bay 2,Kootenay Loop @ Bay 2,58042,Kootenay Loop,57210,57450,in_service_layover,57.201633547561634,60.36912146591582,17.8646318595176,240,4.0,15:53:30,15:57:30,False,,no_dispenser,0
2160916,heavy,151.0,14.0,40-ft,PCT,1,MF,14851519,14851448,160,160,58042,58042,Kootenay Loop @ Bay 2,Kootenay Loop @ Bay 2,58042,Kootenay Loop,58110,58410,in_service_layover,57.71878311400519,61.644936623705796,22.143505794711416,300,5.0,16:08:30,16:13:30,False,,no_dispenser,0
2160687,heavy,130.0,6.0,40-ft,BTC,1,MF,14846961,14847083,130,130,58043,58043,Kootenay Loop @ Bay 4,Kootenay Loop @ Bay 4,58043,Kootenay Loop,58470,59070,in_service_layover,68.21507746022418,74.38504875106557,34.79863808034543,600,10.0,16:14:30,16:24:30,False,,no_dispenser,0
2160925,heavy,160.0,4.0,40-ft,PCT,1,MF,14851520,14851449,160,160,58042,58042,Kootenay Loop @ Bay 2,Kootenay Loop @ Bay 2,58042,Kootenay Loop,58830,59190,in_service_layover,55.50425310768181,60.24071330167501,26.71363549412166,360,6.0,16:20:30,16:26:30,False,,no_dispenser,0
2160021,heavy,106.0,71.0,40-ft,HTC,1,MF,14903849,14903909,027,027,51695,51695,Kootenay Loop @ Bay 3,Kootenay Loop @ Bay 3,51695,Kootenay Loop,58950,59250,in_service_layover,43.05392755848785,46.85997927844688,21.46613170056895,300,5.0,16:22:30,16:27:30,False,,no_dispenser,0
2160682,heavy,130.0,8.0,40-ft,BTC,1,MF,14846950,14847054,130,130,58043,58043,Kootenay Loop @ Bay 4,Kootenay Loop @ Bay 4,58043,Kootenay Loop,59190,59490,in_service_layover,67.62718762475592,70.97226533409705,18.86623828068383,300,5.0,16:26:30,16:31:30,False,,no_dispenser,0
2160064,heavy,130.0,7.0,40-ft,BTC,1,MF,14847008,14847084,130,130,58043,58043,Kootenay Loop @ Bay 4,Kootenay Loop @ Bay 4,58043,Kootenay Loop,59670,60450,in_service_layover,63.47831685601621,72.01610406702406,48.15311987008431,780,13.0,16:34:30,16:47:30,False,,no_dispenser,0
2160912,heavy,160.0,1.0,40-ft,PCT,1,MF,14851551,14851478,160,160,58042,58042,Kootenay Loop @ Bay 2,Kootenay Loop @ Bay 2,58042,Kootenay Loop,59730,60270,in_service_layover,53.340906341709946,60.40639863099875,39.849376511588844,540,9.0,16:35:30,16:44:30,False,,no_dispenser,0
2160069,heavy,130.0,1.0,40-ft,BTC,1,MF,14847030,14847119,130,130,58043,58043,Kootenay Loop @ Bay 4,Kootenay Loop @ Bay 4,58043,Kootenay Loop,60510,60930,in_service_layover,58.23313252084491,63.61526049800392,30.355201791176853,420,7.0,16:48:30,16:55:30,False,,no_dispenser,0
2160924,heavy,183.0,1.0,40-ft,PCT,1,MF,14851521,14851450,160,160,58042,58042,Kootenay Loop @ Bay 2,Kootenay Loop @ Bay 2,58042,Kootenay Loop,60630,61110,in_service_layover,60.62420625410715,66.49419512347141,33.10673722321445,480,8.0,16:50:30,16:58:30,False,,no_dispenser,0
2160026,heavy,106.0,64.0,40-ft,HTC,1,MF,14903851,14903911,027,027,51695,51695,Kootenay Loop @ Bay 3,Kootenay Loop @ Bay 3,51695,Kootenay Loop,61050,61290,in_service_layover,38.4619815850067,41.488835470762965,17.071455915665354,240,4.0,16:57:30,17:01:30,False,,no_dispenser,0
2160922,heavy,160.0,2.0,40-ft,PCT,1,MF,14851522,14851451,160,160,58042,58042,Kootenay Loop @ Bay 2,Kootenay Loop @ Bay 2,58042,Kootenay Loop,61530,61830,in_service_layover,56.19145951580254,60.14596293959208,22.303399310173006,300,5.0,17:05:30,17:10:30,False,,no_dispenser,0
2164871,heavy,106.0,68.0,40-ft,HTC,1,MF,14903852,14903912,027,027,51695,51695,Kootenay Loop @ Bay 3,Kootenay Loop @ Bay 3,51695,Kootenay Loop,62070,62310,in_service_layover,55.90807230232686,59.07320443590868,17.851345233401446,240,4.0,17:14:30,17:18:30,False,,no_dispenser,0
2160921,heavy,160.0,5.0,40-ft,PCT,1,MF,14851523,14851452,160,160,58042,58042,Kootenay Loop @ Bay 2,Kootenay Loop @ Bay 2,58042,Kootenay Loop,62430,62910,in_service_layover,47.95447897990359,54.13946834181509,34.88334000118084,480,8.0,17:20:30,17:28:30,False,,no_dispenser,0
2164872,heavy,106.0,65.0,40-ft,HTC,1,MF,14903853,14903913,027,027,51695,51695,Kootenay Loop @ Bay 3,Kootenay Loop @ Bay 3,51695,Kootenay Loop,63030,63270,in_service_layover,44.08091691754768,47.12732232677641,17.18172650805002,240,4.0,17:30:30,17:34:30,False,,no_dispenser,0
2160030,heavy,106.0,63.0,40-ft,HTC,1,MF,14903854,14903914,027,027,51695,51695,Kootenay Loop @ Bay 3,Kootenay Loop @ Bay 3,51695,Kootenay Loop,64050,64290,in_service_layover,49.55739596826914,52.64039824790767,17.388132857161338,240,4.0,17:47:30,17:51:30,False,,no_dispenser,0
2160919,heavy,160.0,6.0,40-ft,PCT,1,MF,14851525,14851454,160,160,58042,58042,Kootenay Loop @ Bay 2,Kootenay Loop @ Bay 2,58042,Kootenay Loop,64170,64830,in_service_layover,47.16672329128386,55.70307842224674,48.145042938630695,660,11.0,17:49:30,18:00:30,False,,no_dispenser,0
2160692,heavy,130.0,22.0,40-ft,BTC,1,MF,14846981,14847122,130,130,58043,58043,Kootenay Loop @ Bay 4,Kootenay Loop @ Bay 4,58043,Kootenay Loop,64710,65370,in_service_layover,63.10551268988775,70.5712067896198,42.106514722488726,660,11.0,17:58:30,18:09:30,False,,no_dispenser,0
2160918,heavy,160.0,3.0,40-ft,PCT,1,MF,14851526,14851455,160,160,58042,58042,Kootenay Loop @ Bay 2,Kootenay Loop @ Bay 2,58042,Kootenay Loop,65010,65850,in_service_layover,51.443379285181514,62.26853560519972,61.05388164490273,840,14.0,18:03:30,18:17:30,False,,no_dispenser,0
2160923,heavy,160.0,7.0,40-ft,PCT,1,MF,14851527,14851456,160,160,58042,58042,Kootenay Loop @ Bay 2,Kootenay Loop @ Bay 2,58042,Kootenay Loop,65670,66210,in_service_layover,45.440137715212025,52.360732792973316,39.03215623857369,540,9.0,18:14:30,18:23:30,False,,no_dispenser,0
2164878,heavy,106.0,75.0,40-ft,HTC,1,MF,14903856,14903916,027,027,51695,51695,Kootenay Loop @ Bay 3,Kootenay Loop @ Bay 3,51695,Kootenay Loop,65910,66090,in_service_layover,67.86426383417225,69.9125364835305,11.552257742380561,180,3.0,18:18:30,18:21:30,False,,no_dispenser,0
2164877,heavy,106.0,76.0,40-ft,HTC,1,MF,14903857,14903917,027,027,51695,51695,Kootenay Loop @ Bay 3,Kootenay Loop @ Bay 3,51695,Kootenay Loop,66690,67050,in_service_layover,68.36093187304841,72.26179633923765,22.00087558930727,360,6.0,18:31:30,18:37:30,False,,no_dispenser,0
2160917,heavy,160.0,8.0,40-ft,PCT,1,MF,14851528,14851457,160,160,58042,58042,Kootenay Loop @ Bay 2,Kootenay Loop @ Bay 2,58042,Kootenay Loop,66750,67110,in_service_layover,49.3004698333026,53.94066504528796,26.17070099559743,360,6.0,18:32:30,18:38:30,False,,no_dispenser,0
2160914,heavy,183.0,8.0,40-ft,PCT,1,MF,14851550,14851477,160,160,58042,58042,Kootenay Loop @ Bay 2,Kootenay Loop @ Bay 2,58042,Kootenay Loop,67650,68010,in_service_layover,49.66849770422348,54.31493801823678,26.205923371035055,360,6.0,18:47:30,18:53:30,False,,no_dispenser,0
2160916,heavy,151.0,14.0,40-ft,PCT,1,MF,14851535,14851473,160,160,58042,58042,Kootenay Loop @ Bay 2,Kootenay Loop @ Bay 2,58042,Kootenay Loop,68430,68910,in_service_layover,52.43433896819284,58.72419300474198,35.4747767661371,480,8.0,19:00:30,19:08:30,False,,no_dispenser,0
2160035,heavy,106.0,74.0,40-ft,HTC,1,MF,14903860,14903919,027,027,51695,51695,Kootenay Loop @ Bay 3,Kootenay Loop @ Bay 3,51695,Kootenay Loop,69330,69510,in_service_layover,69.37642220843114,71.36280404170645,11.203193539672725,180,3.0,19:15:30,19:18:30,False,,no_dispenser,0
2160915,heavy,183.0,32.0,40-ft,PCT,1,MF,14851547,14851474,160,160,58042,58042,Kootenay Loop @ Bay 2,Kootenay Loop @ Bay 2,58042,Kootenay Loop,69330,69810,in_service_layover,66.71440708709235,71.95945926323972,29.582094273471114,480,8.0,19:15:30,19:23:30,False,,no_dispenser,0
2160912,heavy,160.0,1.0,40-ft,PCT,1,MF,14851548,14851475,160,160,58042,58042,Kootenay Loop @ Bay 2,Kootenay Loop @ Bay 2,58042,Kootenay Loop,70050,70710,in_service_layover,50.47758897104811,59.089632559876414,48.57192584099164,660,11.0,19:27:30,19:38:30,False,,no_dispenser,0
2164875,heavy,106.0,70.0,40-ft,HTC,1,MF,14903861,14903920,027,027,51695,51695,Kootenay Loop @ Bay 3,Kootenay Loop @ Bay 3,51695,Kootenay Loop,70890,71190,in_service_layover,49.0989816063671,52.95474981403496,21.746532691246784,300,5.0,19:41:30,19:46:30,False,,no_dispenser,0
2160922,heavy,160.0,2.0,40-ft,PCT,1,MF,14851529,14851467,160,160,58042,58042,Kootenay Loop @ Bay 2,Kootenay Loop @ Bay 2,58042,Kootenay Loop,70950,71490,in_service_layover,42.37534119180723,49.247255639917064,38.75759748733947,540,9.0,19:42:30,19:51:30,False,,no_dispenser,0
2160921,heavy,160.0,5.0,40-ft,PCT,1,MF,14851530,14851468,160,160,58042,58042,Kootenay Loop @ Bay 2,Kootenay Loop @ Bay 2,58042,Kootenay Loop,71730,72510,in_service_layover,40.96209896065295,50.9209006648682,56.167641611774,780,13.0,19:55:30,20:08:30,False,,no_dispenser,0
2160919,heavy,160.0,6.0,40-ft,PCT,1,MF,14851532,14851470,160,160,58042,58042,Kootenay Loop @ Bay 2,Kootenay Loop @ Bay 2,58042,Kootenay Loop,73470,74310,in_service_layover,44.89326718894763,55.748893061751495,61.225729922613766,840,14.0,20:24:30,20:38:30,False,,no_dispenser,0
2164875,heavy,106.0,70.0,40-ft,HTC,1,MF,14903863,14903922,027,027,51695,51695,Kootenay Loop @ Bay 3,Kootenay Loop @ Bay 3,51695,Kootenay Loop,74370,74910,in_service_layover,49.266651865704915,56.27109943580395,39.505084295358586,540,9.0,20:39:30,20:48:30,False,,no_dispenser,0
2160918,heavy,160.0,3.0,40-ft,PCT,1,MF,14851533,14851471,160,160,58042,58042,Kootenay Loop @ Bay 2,Kootenay Loop @ Bay 2,58042,Kootenay Loop,74370,75210,in_service_layover,50.01653896247634,60.898304873104294,61.37315973594161,840,14.0,20:39:30,20:53:30,False,,no_dispenser,0
2160917,heavy,160.0,8.0,40-ft,PCT,1,MF,14851534,14851472,160,160,58042,58042,Kootenay Loop @ Bay 2,Kootenay Loop @ Bay 2,58042,Kootenay Loop,75270,76110,in_service_layover,41.53572017904885,52.293554214253476,60.674183958554124,840,14.0,20:54:30,21:08:30,False,,no_dispenser,0
2160914,heavy,183.0,8.0,40-ft,PCT,1,MF,14851549,14851476,160,160,58042,58042,Kootenay Loop @ Bay 2,Kootenay Loop @ Bay 2,58042,Kootenay Loop,76170,77010,in_service_layover,41.91504330525765,52.68293654820197,60.730917890206,840,14.0,21:09:30,21:23:30,False,,no_dispenser,0
2160916,heavy,151.0,14.0,40-ft,PCT,1,MF,14851536,14851458,160,160,58042,58042,Kootenay Loop @ Bay 2,Kootenay Loop @ Bay 2,58042,Kootenay Loop,77130,77910,in_service_layover,51.08396303523735,61.197374641327464,57.03964145834817,780,13.0,21:25:30,21:38:30,False,,no_dispenser,0
2160035,heavy,106.0,74.0,40-ft,HTC,1,MF,14903865,14903924,027,027,51695,51695,Kootenay Loop @ Bay 3,Kootenay Loop @ Bay 3,51695,Kootenay Loop,77910,78510,in_service_layover,65.802387931293,72.311071733028,36.708976641785455,600,10.0,21:38:30,21:48:30,False,,no_dispenser,0
2160915,heavy,183.0,32.0,40-ft,PCT,1,MF,14851546,14851459,160,160,58042,58042,Kootenay Loop @ Bay 2,Kootenay Loop @ Bay 2,58042,Kootenay Loop,78210,79590,in_service_layover,65.18278781096315,77.80436597725786,71.18570085790213,1380,23.0,21:43:30,22:06:30,False,,no_dispenser,0
2160687,heavy,130.0,6.0,40-ft,BTC,1,MF,14847016,14847127,130,130,58043,58043,Kootenay Loop @ Bay 4,Kootenay Loop @ Bay 4,58043,Kootenay Loop,79290,79590,in_service_layover,61.14414947695093,64.8885850870602,21.118616841016376,300,5.0,22:01:30,22:06:30,False,,no_dispenser,0
2164878,heavy,106.0,75.0,40-ft,HTC,1,MF,14903866,14903925,027,027,51695,51695,Kootenay Loop @ Bay 3,Kootenay Loop @ Bay 3,51695,Kootenay Loop,80010,80310,in_service_layover,66.71728060626432,70.12324349393184,19.20963068644477,300,5.0,22:13:30,22:18:30,False,,no_dispenser,0
2160690,heavy,130.0,10.0,40-ft,BTC,1,MF,14847017,14847128,130,130,58043,58043,Kootenay Loop @ Bay 4,Kootenay Loop @ Bay 4,58043,Kootenay Loop,81030,81510,in_service_layover,62.65507686732496,68.32682170059263,31.988640859629697,480,8.0,22:30:30,22:38:30,False,,no_dispenser,0
2160918,heavy,160.0,3.0,40-ft,PCT,1,MF,14851539,14851461,160,160,58042,58042,Kootenay Loop @ Bay 2,Kootenay Loop @ Bay 2,58042,Kootenay Loop,82710,83310,in_service_layover,53.17303387259229,60.99777027988515,44.131513337131764,600,10.0,22:58:30,23:08:30,False,,no_dispenser,0
2160687,heavy,130.0,6.0,40-ft,BTC,1,MF,14846952,14847129,130,130,58043,58043,Kootenay Loop @ Bay 4,Kootenay Loop @ Bay 4,58043,Kootenay Loop,83130,83370,in_service_layover,59.046669469928595,62.16969177321031,17.61384579050889,240,4.0,23:05:30,23:09:30,False,,no_dispenser,0
2160914,heavy,183.0,8.0,40-ft,PCT,1,MF,14851540,14851462,160,160,58042,58042,Kootenay Loop @ Bay 2,Kootenay Loop @ Bay 2,58042,Kootenay Loop,84630,85110,in_service_layover,48.86069498117648,55.06459426870273,34.989991981648075,480,8.0,23:30:30,23:38:30,False,,no_dispenser,0
2160690,heavy,130.0,10.0,40-ft,BTC,1,MF,14846927,14847130,130,130,58043,58043,Kootenay Loop @ Bay 4,Kootenay Loop @ Bay 4,58043,Kootenay Loop,84690,84990,in_service_layover,62.3629827992932,66.03538334307018,20.712339066902246,300,5.0,23:31:30,23:36:30,False,,no_dispenser,0
2160687,heavy,130.0,6.0,40-ft,BTC,1,MF,14846928,14847131,130,130,58043,58043,Kootenay Loop @ Bay 4,Kootenay Loop @ Bay 4,58043,Kootenay Loop,86490,86790,in_service_layover,54.00256495308749,57.93644925725142,22.187107475484538,300,5.0,24:01:30,24:06:30,False,,no_dispenser,0
2160915,heavy,183.0,32.0,40-ft,PCT,1,MF,14851541,14851463,160,160,58042,58042,Kootenay Loop @ Bay 2,Kootenay Loop @ Bay 2,58042,Kootenay Loop,86490,86910,in_service_layover,66.01416814472219,70.73013862407532,26.59807350355169,420,7.0,24:01:30,24:08:30,False,,no_dispenser,0
2160690,heavy,130.0,10.0,40-ft,BTC,1,MF,14846929,14847132,130,130,58043,58043,Kootenay Loop @ Bay 4,Kootenay Loop @ Bay 4,58043,Kootenay Loop,88230,88410,in_service_layover,63.00027902505604,65.22367338586965,12.539944194988777,180,3.0,24:30:30,24:33:30,False,,no_dispenser,0
2160687,heavy,130.0,6.0,40-ft,BTC,1,MF,14846930,14847133,130,130,58043,58043,Kootenay Loop @ Bay 4,Kootenay Loop @ Bay 4,58043,Kootenay Loop,89730,90090,in_service_layover,49.76932243712861,54.41765670611496,26.216605277083033,360,6.0,24:55:30,25:01:30,False,,no_dispenser,0
2160918,heavy,160.0,3.0,40-ft,PCT,1,MF,14851543,14851465,160,160,58042,58042,Kootenay Loop @ Bay 2,Kootenay Loop @ Bay 2,58042,Kootenay Loop,89850,90510,in_service_layover,51.810807954091366,60.415911789248845,48.532785630288174,660,11.0,24:57:30,25:08:30,False,,no_dispenser,0
2160914,heavy,183.0,8.0,40-ft,PCT,1,MF,14851544,14851466,160,160,58042,58042,Kootenay Loop @ Bay 2,Kootenay Loop @ Bay 2,58042,Kootenay Loop,91650,92370,in_service_layover,45.81994942505278,55.11269518301254,52.411086074893035,720,12.0,25:27:30,25:39:30,False,,no_dispenser,0
2162067,heavy,601.0,5.0,40-ft,RTC,1,MF,14868708,14877010,352,601,61321,57396,Bridgeport Station @ Bay 1 Unloading Only,Ladner Exchange @ Bay 5,57396,Ladner Exchange,23010,23310,interline_end,69.80739227096817,72.99828956966445,17.996660764647004,300,5.0,06:23:30,06:28:30,False,,no_dispenser,0
2162068,heavy,601.0,3.0,40-ft,RTC,1,MF,14877012,14877438,601,608,61321,57518,Bridgeport Station @ Bay 1 Unloading Only,Ladner Exchange @ Bay 7,57518,Ladner Exchange,26730,27030,interline_end,53.449058542739756,57.37397055232938,22.136503734085466,300,5.0,07:25:30,07:30:30,False,,no_dispenser,0
2161732,heavy,620.0,21.0,40-ft,RTC,1,MF,14878335,14878249,640,640,56673,56673,Ladner Exchange @ Bay 4,Ladner Exchange @ Bay 4,56673,Ladner Exchange,27330,27630,in_service_layover,63.37460319798791,66.98721530212575,20.375132267337392,300,5.0,07:35:30,07:40:30,False,,no_dispenser,0
2162559,heavy,620.0,23.0,40-ft,RTC,1,MF,14878339,14878252,640,640,56673,56673,Ladner Exchange @ Bay 4,Ladner Exchange @ Bay 4,56673,Ladner Exchange,28530,29430,in_service_layover,61.47551789933048,71.47568840576037,56.40096165626454,900,15.0,07:55:30,08:10:30,False,,no_dispenser,0
2162068,heavy,601.0,3.0,40-ft,RTC,1,MF,14877432,14877020,608,601,57518,57396,Ladner Exchange @ Bay 7,Ladner Exchange @ Bay 5,57518,Ladner Exchange,28590,28770,in_service_layover,53.43610265139064,55.78090611827137,13.224691553207322,180,3.0,07:56:30,07:59:30,False,,no_dispenser,0
2161730,heavy,620.0,22.0,40-ft,RTC,1,MF,14878344,14878254,640,640,56673,56673,Ladner Exchange @ Bay 4,Ladner Exchange @ Bay 4,56673,Ladner Exchange,30990,31230,in_service_layover,57.3965519806729,60.56199848794114,17.853118300992833,240,4.0,08:36:30,08:40:30,False,,no_dispenser,0
2162561,heavy,620.0,27.0,40-ft,RTC,1,MF,14878345,14878255,640,640,56673,56673,Ladner Exchange @ Bay 4,Ladner Exchange @ Bay 4,56673,Ladner Exchange,31650,32130,in_service_layover,66.6940512109805,71.9413438707775,29.59473060125515,480,8.0,08:47:30,08:55:30,False,,no_dispenser,0
2162560,heavy,620.0,24.0,40-ft,RTC,1,MF,14878346,14878256,640,640,56673,56673,Ladner Exchange @ Bay 4,Ladner Exchange @ Bay 4,56673,Ladner Exchange,32490,32970,in_service_layover,63.539057163821276,69.12133969233888,31.484073460839284,480,8.0,09:01:30,09:09:30,False,,no_dispenser,0
2162557,heavy,620.0,28.0,40-ft,RTC,1,MF,14878347,14878257,640,640,56673,56673,Ladner Exchange @ Bay 4,Ladner Exchange @ Bay 4,56673,Ladner Exchange,33390,33930,in_service_layover,52.159487781862715,59.22992858036433,39.87728610354918,540,9.0,09:16:30,09:25:30,False,,no_dispenser,0
2161732,heavy,620.0,21.0,40-ft,RTC,1,MF,14878348,14878258,640,640,56673,56673,Ladner Exchange @ Bay 4,Ladner Exchange @ Bay 4,56673,Ladner Exchange,34110,34830,in_service_layover,60.538105009260946,68.98494363920393,47.6401698728784,720,12.0,09:28:30,09:40:30,False,,no_dispenser,0
2161736,heavy,620.0,30.0,40-ft,RTC,1,MF,14878349,14878259,640,640,56673,56673,Ladner Exchange @ Bay 4,Ladner Exchange @ Bay 4,56673,Ladner Exchange,35010,35730,in_service_layover,63.539057163821276,71.51264723891056,44.9710480235035,720,12.0,09:43:30,09:55:30,False,,no_dispenser,0
2162559,heavy,620.0,23.0,40-ft,RTC,1,MF,14878350,14878260,640,640,56673,56673,Ladner Exchange @ Bay 4,Ladner Exchange @ Bay 4,56673,Ladner Exchange,36150,36630,in_service_layover,66.27731770820859,71.57026344688153,29.852213966115357,480,8.0,10:02:30,10:10:30,False,,no_dispenser,0
2161730,heavy,620.0,22.0,40-ft,RTC,1,MF,14878351,14878261,640,640,56673,56673,Ladner Exchange @ Bay 4,Ladner Exchange @ Bay 4,56673,Ladner Exchange,37290,37830,in_service_layover,51.099097303191186,58.154352079077555,39.791636935999065,540,9.0,10:21:30,10:30:30,False,,no_dispenser,0
2162560,heavy,620.0,24.0,40-ft,RTC,1,MF,14878352,14878262,640,640,56673,56673,Ladner Exchange @ Bay 4,Ladner Exchange @ Bay 4,56673,Ladner Exchange,38550,39030,in_service_layover,53.317630113766754,59.61411046374875,35.51214917389842,480,8.0,10:42:30,10:50:30,False,,no_dispenser,0
2162557,heavy,620.0,28.0,40-ft,RTC,1,MF,14878353,14878263,640,640,56673,56673,Ladner Exchange @ Bay 4,Ladner Exchange @ Bay 4,56673,Ladner Exchange,39690,40230,in_service_layover,47.31585840520115,54.27435546599628,39.24592342288457,540,9.0,11:01:30,11:10:30,False,,no_dispenser,0
2161732,heavy,620.0,21.0,40-ft,RTC,1,MF,14878354,14878264,640,640,56673,56673,Ladner Exchange @ Bay 4,Ladner Exchange @ Bay 4,56673,Ladner Exchange,40890,41430,in_service_layover,60.31792382503771,66.88894544668068,37.06056194606634,540,9.0,11:21:30,11:30:30,False,,no_dispenser,0
2161736,heavy,620.0,30.0,40-ft,RTC,1,MF,14878355,14878265,640,640,56673,56673,Ladner Exchange @ Bay 4,Ladner Exchange @ Bay 4,56673,Ladner Exchange,42090,42630,in_service_layover,65.28639620912827,71.2847841848761,33.83090818321779,540,9.0,11:41:30,11:50:30,False,,no_dispenser,0
2162559,heavy,620.0,23.0,40-ft,RTC,1,MF,14878356,14878266,640,640,56673,56673,Ladner Exchange @ Bay 4,Ladner Exchange @ Bay 4,56673,Ladner Exchange,43290,43830,in_service_layover,67.65090387748717,73.35542457460153,32.17349673172504,540,9.0,12:01:30,12:10:30,False,,no_dispenser,0
2161730,heavy,620.0,22.0,40-ft,RTC,1,MF,14878357,14878267,640,640,56673,56673,Ladner Exchange @ Bay 4,Ladner Exchange @ Bay 4,56673,Ladner Exchange,44550,45030,in_service_layover,56.050702350784874,62.286058476025254,35.167408546355716,480,8.0,12:22:30,12:30:30,False,,no_dispenser,0
2162560,heavy,620.0,24.0,40-ft,RTC,1,MF,14878358,14878269,640,640,56673,56673,Ladner Exchange @ Bay 4,Ladner Exchange @ Bay 4,56673,Ladner Exchange,45750,46230,in_service_layover,57.36305092029055,63.52521079087667,34.75458167010578,480,8.0,12:42:30,12:50:30,False,,no_dispenser,0
2162557,heavy,620.0,28.0,40-ft,RTC,1,MF,14878359,14878271,640,640,56673,56673,Ladner Exchange @ Bay 4,Ladner Exchange @ Bay 4,56673,Ladner Exchange,46950,47430,in_service_layover,52.38087600618579,58.66991813834712,35.47019762538997,480,8.0,13:02:30,13:10:30,False,,no_dispenser,0
2161732,heavy,620.0,21.0,40-ft,RTC,1,MF,14878360,14878274,640,640,56673,56673,Ladner Exchange @ Bay 4,Ladner Exchange @ Bay 4,56673,Ladner Exchange,48150,48630,in_service_layover,63.272295981993395,68.881778111563,31.63747921077254,480,8.0,13:22:30,13:30:30,False,,no_dispenser,0
2161736,heavy,620.0,30.0,40-ft,RTC,1,MF,14878361,14878277,640,640,56673,56673,Ladner Exchange @ Bay 4,Ladner Exchange @ Bay 4,56673,Ladner Exchange,49350,49830,in_service_layover,66.56244851759459,71.82420449804226,29.676303729724907,480,8.0,13:42:30,13:50:30,False,,no_dispenser,0
2162559,heavy,620.0,23.0,40-ft,RTC,1,MF,14878362,14878279,640,640,56673,56673,Ladner Exchange @ Bay 4,Ladner Exchange @ Bay 4,56673,Ladner Exchange,50610,50910,in_service_layover,68.11112917476619,71.42299408936884,18.678918118358922,300,5.0,14:03:30,14:08:30,False,,no_dispenser,0
2161730,heavy,620.0,22.0,40-ft,RTC,1,MF,14878363,14878281,640,640,56673,56673,Ladner Exchange @ Bay 4,Ladner Exchange @ Bay 4,56673,Ladner Exchange,51510,51750,in_service_layover,57.758117704265835,60.918116028083126,17.82239054632953,240,4.0,14:18:30,14:22:30,False,,no_dispenser,0
2162560,heavy,620.0,24.0,40-ft,RTC,1,MF,14878366,14878285,640,640,56673,56673,Ladner Exchange @ Bay 4,Ladner Exchange @ Bay 4,56673,Ladner Exchange,53070,53610,in_service_layover,62.34451769606224,68.6893087656622,35.78462163254375,540,9.0,14:44:30,14:53:30,False,,no_dispenser,0
2161732,heavy,620.0,21.0,40-ft,RTC,1,MF,14878370,14878289,640,640,56673,56673,Ladner Exchange @ Bay 4,Ladner Exchange @ Bay 4,56673,Ladner Exchange,54870,55410,in_service_layover,58.91934417517051,65.6500173946078,37.96099695762632,540,9.0,15:14:30,15:23:30,False,,no_dispenser,0
2161734,heavy,620.0,42.0,40-ft,RTC,1,MF,14878376,14878295,640,640,56673,56673,Ladner Exchange @ Bay 4,Ladner Exchange @ Bay 4,56673,Ladner Exchange,57450,57690,in_service_layover,63.253907789001694,66.17807290536095,16.492291256266185,240,4.0,15:57:30,16:01:30,False,,no_dispenser,0
2162557,heavy,620.0,28.0,40-ft,RTC,1,MF,14878378,14878297,640,640,56673,56673,Ladner Exchange @ Bay 4,Ladner Exchange @ Bay 4,56673,Ladner Exchange,58350,58710,in_service_layover,42.5445195423046,47.11213700330339,25.7613624800332,360,6.0,16:12:30,16:18:30,False,,no_dispenser,0
2161733,heavy,620.0,44.0,40-ft,RTC,1,MF,14878380,14878299,640,640,56673,56673,Ladner Exchange @ Bay 4,Ladner Exchange @ Bay 4,56673,Ladner Exchange,59130,59550,in_service_layover,63.253907789001694,68.21889217692583,28.002511947892174,420,7.0,16:25:30,16:32:30,False,,no_dispenser,0
2162560,heavy,620.0,24.0,40-ft,RTC,1,MF,14878382,14878301,640,640,56673,56673,Ladner Exchange @ Bay 4,Ladner Exchange @ Bay 4,56673,Ladner Exchange,59910,60450,in_service_layover,55.189413023882125,62.20089868842184,39.544779148003954,540,9.0,16:38:30,16:47:30,False,,no_dispenser,0
2161731,heavy,620.0,43.0,40-ft,RTC,1,MF,14878384,14878302,640,640,56673,56673,Ladner Exchange @ Bay 4,Ladner Exchange @ Bay 4,56673,Ladner Exchange,60690,61170,in_service_layover,58.613485818782095,64.67943566456591,34.21195713022075,480,8.0,16:51:30,16:59:30,False,,no_dispenser,0
2162076,heavy,601.0,37.0,40-ft,RTC,1,MF,14877111,14877422,601,606,57562,57518,Ladner Exchange @ Bay 3,Ladner Exchange @ Bay 7,57562,Ladner Exchange,62190,62370,in_service_layover,68.55046657084839,70.57135164276319,11.397791805599468,180,3.0,17:16:30,17:19:30,False,,no_dispenser,0
2162559,heavy,620.0,23.0,40-ft,RTC,1,MF,14878386,14878303,640,640,56673,56673,Ladner Exchange @ Bay 4,Ladner Exchange @ Bay 4,56673,Ladner Exchange,62250,62430,in_service_layover,54.842761271010524,57.20124583201929,13.301852924089417,180,3.0,17:17:30,17:20:30,False,,no_dispenser,0
2162558,heavy,620.0,47.0,40-ft,RTC,1,MF,14878387,14878304,640,640,56673,56673,Ladner Exchange @ Bay 4,Ladner Exchange @ Bay 4,56673,Ladner Exchange,63090,63630,in_service_layover,58.613485818782095,65.37583498520064,38.1396492986006,540,9.0,17:31:30,17:40:30,False,,no_dispenser,0
2161730,heavy,620.0,22.0,40-ft,RTC,1,MF,14878388,14878305,640,640,56673,56673,Ladner Exchange @ Bay 4,Ladner Exchange @ Bay 4,56673,Ladner Exchange,63930,64110,in_service_layover,56.82861725965489,59.2064161605656,13.410785801136399,180,3.0,17:45:30,17:48:30,False,,no_dispenser,0
2162487,heavy,601.0,33.0,40-ft,RTC,1,MF,14877113,14877423,601,606,57562,57518,Ladner Exchange @ Bay 3,Ladner Exchange @ Bay 7,57562,Ladner Exchange,63930,64110,in_service_layover,61.93697646342577,64.19807658883622,12.752604707314845,180,3.0,17:45:30,17:48:30,False,,no_dispenser,0
2162557,heavy,620.0,28.0,40-ft,RTC,1,MF,14878389,14878306,640,640,56673,56673,Ladner Exchange @ Bay 4,Ladner Exchange @ Bay 4,56673,Ladner Exchange,65010,65190,in_service_layover,35.85835519074453,38.120193872124084,12.756770162980644,180,3.0,18:03:30,18:06:30,False,,no_dispenser,0
2162494,heavy,601.0,49.0,40-ft,RTC,1,MF,14877115,14877424,601,606,57562,57518,Ladner Exchange @ Bay 3,Ladner Exchange @ Bay 7,57562,Ladner Exchange,65850,66090,in_service_layover,69.99944881564043,72.57631352647864,14.533516969127504,240,4.0,18:17:30,18:21:30,False,,no_dispenser,0
2161733,heavy,620.0,44.0,40-ft,RTC,1,MF,14878390,14878307,640,640,56673,56673,Ladner Exchange @ Bay 4,Ladner Exchange @ Bay 4,56673,Ladner Exchange,65970,66330,in_service_layover,58.992300030192965,63.599090208018794,25.98229660293771,360,6.0,18:19:30,18:25:30,False,,no_dispenser,0
2162560,heavy,620.0,24.0,40-ft,RTC,1,MF,14878391,14878308,640,640,56673,56673,Ladner Exchange @ Bay 4,Ladner Exchange @ Bay 4,56673,Ladner Exchange,67170,67590,in_service_layover,58.33451364001985,63.70974408792978,30.31629972621198,420,7.0,18:39:30,18:46:30,False,,no_dispenser,0
2162494,heavy,601.0,49.0,40-ft,RTC,1,MF,14877418,14877425,606,606,57518,57518,Ladner Exchange @ Bay 7,Ladner Exchange @ Bay 7,57518,Ladner Exchange,67770,68310,in_service_layover,68.2412101630338,73.8702183013934,31.747605900348162,540,9.0,18:49:30,18:58:30,False,,no_dispenser,0
2162559,heavy,620.0,23.0,40-ft,RTC,1,MF,14878392,14878309,640,640,56673,56673,Ladner Exchange @ Bay 4,Ladner Exchange @ Bay 4,56673,Ladner Exchange,68430,68790,in_service_layover,45.255271951361955,49.84244250903468,25.871641945274177,360,6.0,19:00:30,19:06:30,False,,no_dispenser,0
2162558,heavy,620.0,47.0,40-ft,RTC,1,MF,14878393,14878310,640,640,56673,56673,Ladner Exchange @ Bay 4,Ladner Exchange @ Bay 4,56673,Ladner Exchange,69510,69990,in_service_layover,55.00350185412538,61.27685901477283,35.38173438605162,480,8.0,19:18:30,19:26:30,False,,no_dispenser,0
2162557,heavy,620.0,28.0,40-ft,RTC,1,MF,14878394,14878311,640,640,56673,56673,Ladner Exchange @ Bay 4,Ladner Exchange @ Bay 4,56673,Ladner Exchange,70710,71190,in_service_layover,24.56346077469343,30.536386154425117,33.68729914168674,480,8.0,19:38:30,19:46:30,False,,no_dispenser,0
2161733,heavy,620.0,44.0,40-ft,RTC,1,MF,14878395,14878312,640,640,56673,56673,Ladner Exchange @ Bay 4,Ladner Exchange @ Bay 4,56673,Ladner Exchange,71910,72390,in_service_layover,50.95707267317786,57.21237098437828,35.27988247517038,480,8.0,19:58:30,20:06:30,False,,no_dispenser,0
2162560,heavy,620.0,24.0,40-ft,RTC,1,MF,14878396,14878313,640,640,56673,56673,Ladner Exchange @ Bay 4,Ladner Exchange @ Bay 4,56673,Ladner Exchange,73110,73590,in_service_layover,51.861558181759435,58.14022642248376,35.41168887768515,480,8.0,20:18:30,20:26:30,False,,no_dispenser,0
2162559,heavy,620.0,23.0,40-ft,RTC,1,MF,14878397,14878314,640,640,56673,56673,Ladner Exchange @ Bay 4,Ladner Exchange @ Bay 4,56673,Ladner Exchange,74310,74790,in_service_layover,38.602911162718016,44.67367533525031,34.23910993308215,480,8.0,20:38:30,20:46:30,False,,no_dispenser,0
2162558,heavy,620.0,47.0,40-ft,RTC,1,MF,14878398,14878315,640,640,56673,56673,Ladner Exchange @ Bay 4,Ladner Exchange @ Bay 4,56673,Ladner Exchange,75510,75990,in_service_layover,50.1905511448401,56.42596905192242,35.16775699594427,480,8.0,20:58:30,21:06:30,False,,no_dispenser,0
2161733,heavy,620.0,44.0,40-ft,RTC,1,MF,14878400,14878317,640,640,56673,56673,Ladner Exchange @ Bay 4,Ladner Exchange @ Bay 4,56673,Ladner Exchange,78030,78390,in_service_layover,46.83300968548394,51.43745494998595,25.96907129179135,360,6.0,21:40:30,21:46:30,False,,no_dispenser,0
2162560,heavy,620.0,24.0,40-ft,RTC,1,MF,14878401,14878318,640,640,56673,56673,Ladner Exchange @ Bay 4,Ladner Exchange @ Bay 4,56673,Ladner Exchange,79230,79590,in_service_layover,47.780657134608425,52.397572109429326,26.03940045798987,360,6.0,22:00:30,22:06:30,False,,no_dispenser,0
2162559,heavy,620.0,23.0,40-ft,RTC,1,MF,14878402,14878319,640,640,56673,56673,Ladner Exchange @ Bay 4,Ladner Exchange @ Bay 4,56673,Ladner Exchange,80430,80790,in_service_layover,34.16688293495918,38.6907744365693,25.514748069081037,360,6.0,22:20:30,22:26:30,False,,no_dispenser,0
2162558,heavy,620.0,47.0,40-ft,RTC,1,MF,14878403,14878320,640,640,56673,56673,Ladner Exchange @ Bay 4,Ladner Exchange @ Bay 4,56673,Ladner Exchange,81630,81990,in_service_layover,46.03184571366932,50.62697461506232,25.916527003856515,360,6.0,22:40:30,22:46:30,False,,no_dispenser,0
2161733,heavy,620.0,44.0,40-ft,RTC,1,MF,14878405,14878322,640,640,56673,56673,Ladner Exchange @ Bay 4,Ladner Exchange @ Bay 4,56673,Ladner Exchange,83910,85110,in_service_layover,40.97489443492798,56.44201482886052,87.23455902177949,1200,20.0,23:18:30,23:38:30,False,,no_dispenser,0
2161601,heavy,502.0,2.0,40-ft,STC,1,MF,14874519,14867688,501,342,57027,57136,Langley Centre @ Bay 3,Langley Centre @ Bay 2,57027,Langley Centre,24390,24750,in_service_layover,68.69058051618558,72.56341766804844,21.842801536506613,360,6.0,06:46:30,06:52:30,False,,no_dispenser,0
2162399,heavy,502.0,5.0,40-ft,STC,1,MF,14874543,14875427,501,503,57027,55299,Langley Centre @ Bay 3,Langley Centre @ Bay 1,57027,Langley Centre,25710,26610,in_service_layover,66.35826121785652,75.34940722311046,50.7100634696323,900,15.0,07:08:30,07:23:30,False,,no_dispenser,0
2161649,heavy,503.0,2.0,40-ft,STC,1,MF,14863307,14869423,320,364,57136,57097,Langley Centre @ Bay 2,Langley Centre @ Bay 4,57136,Langley Centre,25950,26130,in_service_layover,66.6446435248387,68.73873130851769,11.810655099949486,180,3.0,07:12:30,07:15:30,False,,no_dispenser,0
2161984,heavy,503.0,7.0,40-ft,STC,1,MF,14867655,14867687,342,342,57143,57136,Langley Centre @ Bay 5,Langley Centre @ Bay 2,57143,Langley Centre,25950,26250,in_service_layover,69.81628448141865,73.00652914117923,17.992979881049735,300,5.0,07:12:30,07:17:30,False,,no_dispenser,0
2161654,heavy,320.0,23.0,40-ft,STC,1,MF,14874796,14874847,502,502,57143,57027,Langley Centre @ Bay 5,Langley Centre @ Bay 3,57143,Langley Centre,26070,26370,in_service_layover,69.93065637131207,73.11248706762268,17.945525127191843,300,5.0,07:14:30,07:19:30,False,,no_dispenser,0
2161657,heavy,320.0,20.0,40-ft,STC,1,MF,14876838,14876802,595,595,57097,57097,Langley Centre @ Bay 4,Langley Centre @ Bay 4,57097,Langley Centre,27090,27270,in_service_layover,69.21978127675807,71.21283571931679,11.24082705603115,180,3.0,07:31:30,07:34:30,False,,no_dispenser,0
2162112,heavy,502.0,19.0,40-ft,STC,1,MF,14874766,14874894,502,502,57143,57027,Langley Centre @ Bay 5,Langley Centre @ Bay 3,57143,Langley Centre,27750,27990,in_service_layover,69.54423353973596,72.1477464097339,14.683812586788406,240,4.0,07:42:30,07:46:30,False,,no_dispenser,0
2161986,heavy,503.0,8.0,40-ft,STC,1,MF,14867615,14867686,342,342,57143,57136,Langley Centre @ Bay 5,Langley Centre @ Bay 2,57143,Langley Centre,27810,28170,in_service_layover,65.73807325752482,69.85240355265665,23.20482286454353,360,6.0,07:43:30,07:49:30,False,,no_dispenser,0
2161663,heavy,502.0,17.0,40-ft,STC,1,MF,14869358,14874452,364,501,57097,57027,Langley Centre @ Bay 4,Langley Centre @ Bay 3,57097,Langley Centre,28470,28830,in_service_layover,68.6222094243951,72.50088175197425,21.875711927546433,360,6.0,07:54:30,08:00:30,False,,no_dispenser,0
2161917,heavy,502.0,1.0,40-ft,STC,1,MF,14874828,14874846,502,502,57143,57027,Langley Centre @ Bay 5,Langley Centre @ Bay 3,57143,Langley Centre,28650,28890,in_service_layover,60.33510138003534,63.39727152755139,17.270639631990548,240,4.0,07:57:30,08:01:30,False,,no_dispenser,0
2165313,heavy,320.0,29.0,40-ft,STC,1,MF,14863375,14863421,320,320,57136,57136,Langley Centre @ Bay 2,Langley Centre @ Bay 2,57136,Langley Centre,28710,29550,in_service_layover,68.02775516574752,76.20871179620839,46.14059539579932,840,14.0,07:58:30,08:12:30,False,,no_dispenser,0
2163904,heavy,502.0,16.0,40-ft,STC,1,MF,14874553,14867685,501,342,57027,57136,Langley Centre @ Bay 3,Langley Centre @ Bay 2,57027,Langley Centre,28830,29130,in_service_layover,66.1866392365369,69.62716782540117,19.40458124119442,300,5.0,08:00:30,08:05:30,False,,no_dispenser,0
2163903,heavy,502.0,13.0,40-ft,STC,1,MF,14867620,14869431,342,364,57143,57097,Langley Centre @ Bay 5,Langley Centre @ Bay 4,57143,Langley Centre,28890,29130,in_service_layover,63.090702662604855,66.02258433340369,16.53581262330539,240,4.0,08:01:30,08:05:30,False,,no_dispenser,0
2163935,heavy,503.0,3.0,40-ft,STC,1,MF,14875250,14875356,503,503,55299,55299,Langley Centre @ Bay 1,Langley Centre @ Bay 1,55299,Langley Centre,28950,29490,in_service_layover,58.30428989835633,65.09708935672226,38.311388945183865,540,9.0,08:02:30,08:11:30,False,,no_dispenser,0
2161728,heavy,502.0,3.0,40-ft,STC,1,MF,14874792,14874901,502,502,57143,57027,Langley Centre @ Bay 5,Langley Centre @ Bay 3,57143,Langley Centre,29370,29790,in_service_layover,58.3925686604121,63.76376974921971,30.293574140874966,420,7.0,08:09:30,08:16:30,False,,no_dispenser,0
2161846,heavy,320.0,26.0,40-ft,STC,1,MF,14867639,14867684,342,342,57143,57136,Langley Centre @ Bay 5,Langley Centre @ Bay 2,57143,Langley Centre,29850,30090,in_service_layover,67.1363738083464,69.87235389261843,15.430927675294186,240,4.0,08:17:30,08:21:30,False,,no_dispenser,0
2161638,heavy,320.0,8.0,40-ft,STC,1,MF,14874748,14874463,502,501,57143,57027,Langley Centre @ Bay 5,Langley Centre @ Bay 3,57143,Langley Centre,30030,30270,in_service_layover,62.99462791773844,65.9310521296657,16.561432555269732,240,4.0,08:20:30,08:24:30,False,,no_dispenser,0
2165188,heavy,801.0,7.0,40-ft,STC,1,MF,14874506,14867703,501,342,57027,57136,Langley Centre @ Bay 3,Langley Centre @ Bay 2,57027,Langley Centre,30030,31050,in_service_layover,66.35826121785652,76.24898451063056,55.78367937124557,1020,17.0,08:20:30,08:37:30,False,,no_dispenser,0
2161577,heavy,320.0,28.0,40-ft,STC,1,MF,14869357,14874897,364,502,57097,57027,Langley Centre @ Bay 4,Langley Centre @ Bay 3,57097,Langley Centre,30390,30690,in_service_layover,65.5757425384391,69.05520621281184,19.624175123462237,300,5.0,08:26:30,08:31:30,False,,no_dispenser,0
2161548,heavy,320.0,3.0,40-ft,STC,1,MF,14863361,14876804,320,595,57136,57097,Langley Centre @ Bay 2,Langley Centre @ Bay 4,57136,Langley Centre,30510,31170,in_service_layover,67.64666734280227,74.42599732489883,38.23542109902456,660,11.0,08:28:30,08:39:30,False,,no_dispenser,0
2161659,heavy,502.0,18.0,40-ft,STC,1,MF,14874563,14874464,501,501,57027,57027,Langley Centre @ Bay 3,Langley Centre @ Bay 3,57027,Langley Centre,30570,31350,in_service_layover,67.87671859122777,75.61647811593888,43.65224371937063,780,13.0,08:29:30,08:42:30,False,,no_dispenser,0
2161645,heavy,320.0,11.0,40-ft,STC,1,MF,14867614,14869432,342,364,57143,57097,Langley Centre @ Bay 5,Langley Centre @ Bay 4,57143,Langley Centre,30810,31830,in_service_layover,62.452905962793935,73.2707818520895,61.012820015626914,1020,17.0,08:33:30,08:50:30,False,,no_dispenser,0
2161629,heavy,320.0,19.0,40-ft,STC,1,MF,14876840,14863420,595,320,57097,57136,Langley Centre @ Bay 4,Langley Centre @ Bay 2,57097,Langley Centre,31050,31410,in_service_layover,61.33829807911246,65.77529821534563,25.02468076835504,360,6.0,08:37:30,08:43:30,False,,no_dispenser,0
2161631,heavy,502.0,15.0,40-ft,STC,1,MF,14874554,14874886,501,502,57027,57027,Langley Centre @ Bay 3,Langley Centre @ Bay 3,57027,Langley Centre,31230,31590,in_service_layover,61.82524968455715,66.22771424593608,24.829900126177165,360,6.0,08:40:30,08:46:30,False,,no_dispenser,0
2161518,heavy,320.0,33.0,40-ft,STC,1,MF,14869380,14867683,364,342,57097,57136,Langley Centre @ Bay 4,Langley Centre @ Bay 2,57097,Langley Centre,31290,31950,in_service_layover,66.4861367029124,73.44570453333131,39.251962563562586,660,11.0,08:41:30,08:52:30,False,,no_dispenser,0
2161660,heavy,502.0,9.0,40-ft,STC,1,MF,14874518,14874440,501,501,57027,57027,Langley Centre @ Bay 3,Langley Centre @ Bay 3,57027,Langley Centre,31770,32610,in_service_layover,61.06990765903101,70.59673456179621,53.73130373159569,840,14.0,08:49:30,09:03:30,False,,no_dispenser,0
2162408,heavy,502.0,8.0,40-ft,STC,1,MF,14874750,14874874,502,502,57143,57027,Langley Centre @ Bay 5,Langley Centre @ Bay 3,57143,Langley Centre,31830,32490,in_service_layover,56.772327221144955,65.09366182758241,46.9323271803072,660,11.0,08:50:30,09:01:30,False,,no_dispenser,0
2161990,heavy,502.0,4.0,40-ft,STC,1,MF,14874557,14874871,501,502,57027,57027,Langley Centre @ Bay 3,Langley Centre @ Bay 3,57027,Langley Centre,32370,33390,in_service_layover,62.63274927573078,73.40875591390186,60.77667743928487,1020,17.0,08:59:30,09:16:30,False,,no_dispenser,0
2161872,heavy,503.0,11.0,40-ft,STC,1,MF,14867612,14867682,342,342,57143,57136,Langley Centre @ Bay 5,Langley Centre @ Bay 2,57143,Langley Centre,32610,32850,in_service_layover,64.17735434781488,67.05785768834373,16.246038840582685,240,4.0,09:03:30,09:07:30,False,,no_dispenser,0
2161573,heavy,502.0,7.0,40-ft,STC,1,MF,14874743,14876805,502,595,57143,57097,Langley Centre @ Bay 5,Langley Centre @ Bay 4,57143,Langley Centre,32790,32970,in_service_layover,60.67090021439752,62.976896660695466,13.00581995712048,180,3.0,09:06:30,09:09:30,False,,no_dispenser,0
2161727,heavy,503.0,13.0,40-ft,STC,1,MF,14875253,14875359,503,503,55299,55299,Langley Centre @ Bay 1,Langley Centre @ Bay 1,55299,Langley Centre,32850,33150,in_service_layover,65.28420244585635,68.78192319943236,19.727145050168645,300,5.0,09:07:30,09:12:30,False,,no_dispenser,0
2161657,heavy,320.0,20.0,40-ft,STC,1,MF,14876841,14863418,595,320,57097,57136,Langley Centre @ Bay 4,Langley Centre @ Bay 2,57097,Langley Centre,32970,33270,in_service_layover,59.14358219386474,63.00855075521811,21.798422686033007,300,5.0,09:09:30,09:14:30,False,,no_dispenser,0
2161992,heavy,801.0,31.0,40-ft,STC,1,MF,14869356,14867694,364,342,57097,57136,Langley Centre @ Bay 4,Langley Centre @ Bay 2,57097,Langley Centre,33030,33750,in_service_layover,65.5757425384391,73.21551596608649,43.08832213193125,720,12.0,09:10:30,09:22:30,False,,no_dispenser,0
2161984,heavy,503.0,7.0,40-ft,STC,1,MF,14867640,14869419,342,364,57143,57097,Langley Centre @ Bay 5,Langley Centre @ Bay 4,57143,Langley Centre,33510,33810,in_service_layover,63.46059304205271,67.06812300410633,20.346468985982426,300,5.0,09:18:30,09:23:30,False,,no_dispenser,0
2161632,heavy,502.0,10.0,40-ft,STC,1,MF,14863345,14874885,320,502,57136,57027,Langley Centre @ Bay 2,Langley Centre @ Bay 3,57136,Langley Centre,33870,34290,in_service_layover,58.310861371032665,63.68771435603075,30.325450835389233,420,7.0,09:24:30,09:31:30,False,,no_dispenser,0
2161649,heavy,503.0,2.0,40-ft,STC,1,MF,14869355,14867704,364,342,57097,57136,Langley Centre @ Bay 4,Langley Centre @ Bay 2,57097,Langley Centre,33930,34650,in_service_layover,56.46365456337128,65.4978629622094,50.952935369447005,720,12.0,09:25:30,09:37:30,False,,no_dispenser,0
2161905,heavy,502.0,11.0,40-ft,STC,1,MF,14874534,14874472,501,501,57027,57027,Langley Centre @ Bay 3,Langley Centre @ Bay 3,57027,Langley Centre,33990,34350,in_service_layover,63.8832633927222,68.13832458189279,23.998545106922165,360,6.0,09:26:30,09:32:30,False,,no_dispenser,0
2161654,heavy,320.0,23.0,40-ft,STC,1,MF,14874791,14876806,502,595,57143,57097,Langley Centre @ Bay 5,Langley Centre @ Bay 4,57143,Langley Centre,33990,34770,in_service_layover,60.533528548753104,69.57898060007547,51.0163495694581,780,13.0,09:26:30,09:39:30,False,,no_dispenser,0
2161877,heavy,503.0,15.0,40-ft,STC,1,MF,14875254,14875360,503,503,55299,55299,Langley Centre @ Bay 1,Langley Centre @ Bay 1,55299,Langley Centre,34170,34350,in_service_layover,64.42879290200835,66.60153074236266,12.254241419598316,180,3.0,09:29:30,09:32:30,False,,no_dispenser,0
2161547,heavy,503.0,17.0,40-ft,STC,1,MF,14867611,14869434,342,364,57143,57097,Langley Centre @ Bay 5,Langley Centre @ Bay 4,57143,Langley Centre,34230,35010,in_service_layover,63.11366572370007,71.71547539427644,48.514206542050715,780,13.0,09:30:30,09:43:30,False,,no_dispenser,0
2161644,heavy,320.0,4.0,40-ft,STC,1,MF,14876842,14863416,595,320,57097,57136,Langley Centre @ Bay 4,Langley Centre @ Bay 2,57097,Langley Centre,34650,35070,in_service_layover,50.33471667370316,55.78229166649905,30.724322959368806,420,7.0,09:37:30,09:44:30,False,,no_dispenser,0
2161858,heavy,502.0,20.0,40-ft,STC,1,MF,14874814,14874829,502,502,57143,57027,Langley Centre @ Bay 5,Langley Centre @ Bay 3,57143,Langley Centre,34890,35190,in_service_layover,64.86373310340096,68.38741632909475,19.87357339291293,300,5.0,09:41:30,09:46:30,False,,no_dispenser,0
2161648,heavy,502.0,14.0,40-ft,STC,1,MF,14874502,14874445,501,501,57027,57027,Langley Centre @ Bay 3,Langley Centre @ Bay 3,57027,Langley Centre,34890,36150,in_service_layover,65.35903759910094,77.15616948647146,66.53582384476965,1260,21.0,09:41:30,10:02:30,False,,no_dispenser,0
2161508,heavy,503.0,10.0,40-ft,STC,1,MF,14867610,14867681,342,342,57143,57136,Langley Centre @ Bay 5,Langley Centre @ Bay 2,57143,Langley Centre,35010,35550,in_service_layover,68.75037739997883,74.31356397786733,31.376372299291177,540,9.0,09:43:30,09:52:30,False,,no_dispenser,0
2161991,heavy,503.0,18.0,40-ft,STC,1,MF,14875255,14875361,503,503,55299,55299,Langley Centre @ Bay 1,Langley Centre @ Bay 1,55299,Langley Centre,35010,35610,in_service_layover,61.86591619864868,68.89645991111485,39.65226653830922,600,10.0,09:43:30,09:53:30,False,,no_dispenser,0
2165319,heavy,801.0,43.0,40-ft,STC,1,MF,14874538,14876807,501,595,57027,57097,Langley Centre @ Bay 3,Langley Centre @ Bay 4,57027,Langley Centre,35790,36570,in_service_layover,61.70135585468307,70.54803662713324,49.89527955661896,780,13.0,09:56:30,10:09:30,False,,no_dispenser,0
2162112,heavy,502.0,19.0,40-ft,STC,1,MF,14874813,14874870,502,502,57143,57027,Langley Centre @ Bay 5,Langley Centre @ Bay 3,57143,Langley Centre,35850,36090,in_service_layover,61.655733329033794,64.65546224964686,16.918471112257635,240,4.0,09:57:30,10:01:30,False,,no_dispenser,0
2161986,heavy,503.0,8.0,40-ft,STC,1,MF,14867609,14869418,342,364,57143,57097,Langley Centre @ Bay 5,Langley Centre @ Bay 4,57143,Langley Centre,35850,36210,in_service_layover,67.71698585461836,71.67182818505962,22.30531074368872,360,6.0,09:57:30,10:03:30,False,,no_dispenser,0
2161916,heavy,320.0,42.0,40-ft,STC,1,MF,14869354,14867695,364,342,57097,57136,Langley Centre @ Bay 4,Langley Centre @ Bay 2,57097,Langley Centre,36150,37410,in_service_layover,62.31756210699678,74.9920978322254,71.48438149028942,1260,21.0,10:02:30,10:23:30,False,,no_dispenser,0
2161548,heavy,320.0,3.0,40-ft,STC,1,MF,14876843,14863414,595,320,57097,57136,Langley Centre @ Bay 4,Langley Centre @ Bay 2,57097,Langley Centre,36390,36870,in_service_layover,63.42241591948953,69.01661279137794,31.551270357450676,480,8.0,10:06:30,10:14:30,False,,no_dispenser,0
2161917,heavy,502.0,1.0,40-ft,STC,1,MF,14874815,14874902,502,502,57143,57027,Langley Centre @ Bay 5,Langley Centre @ Bay 3,57143,Langley Centre,36690,36990,in_service_layover,54.176169248737374,58.112867664627586,22.20297906562081,300,5.0,10:11:30,10:16:30,False,,no_dispenser,0
2163904,heavy,502.0,16.0,40-ft,STC,1,MF,14867641,14869417,342,364,57143,57097,Langley Centre @ Bay 5,Langley Centre @ Bay 4,57143,Langley Centre,36750,37410,in_service_layover,67.56005321062429,74.35294979612902,38.31193674224676,660,11.0,10:12:30,10:23:30,False,,no_dispenser,0
2161651,heavy,502.0,12.0,40-ft,STC,1,MF,14874516,14874442,501,501,57027,57027,Langley Centre @ Bay 3,Langley Centre @ Bay 3,57027,Langley Centre,36750,37950,in_service_layover,67.21887412418262,78.1103799647079,61.42809294056258,1200,20.0,10:12:30,10:32:30,False,,no_dispenser,0
2163935,heavy,503.0,3.0,40-ft,STC,1,MF,14875256,14875362,503,503,55299,55299,Langley Centre @ Bay 1,Langley Centre @ Bay 1,55299,Langley Centre,36810,37410,in_service_layover,61.31364689557176,68.41435300502114,40.04798245729455,600,10.0,10:13:30,10:23:30,False,,no_dispenser,0
2161540,heavy,320.0,21.0,40-ft,STC,1,MF,14863330,14876808,320,595,57136,57097,Langley Centre @ Bay 2,Langley Centre @ Bay 4,57136,Langley Centre,37230,38370,in_service_layover,63.006245695762395,74.62275334718917,65.51710315404705,1140,19.0,10:20:30,10:39:30,False,,no_dispenser,0
2163903,heavy,502.0,13.0,40-ft,STC,1,MF,14869382,14867679,364,342,57097,57136,Langley Centre @ Bay 4,Langley Centre @ Bay 2,57097,Langley Centre,37350,38310,in_service_layover,58.84266325747206,69.96105274142207,62.707716689477934,960,16.0,10:22:30,10:38:30,False,,no_dispenser,0
2161728,heavy,502.0,3.0,40-ft,STC,1,MF,14874790,14874837,502,502,57143,57027,Langley Centre @ Bay 5,Langley Centre @ Bay 3,57143,Langley Centre,37590,37890,in_service_layover,54.53407929362355,58.47657940267177,22.23570061503193,300,5.0,10:26:30,10:31:30,False,,no_dispenser,0
2161846,heavy,320.0,26.0,40-ft,STC,1,MF,14867608,14869433,342,364,57143,57097,Langley Centre @ Bay 5,Langley Centre @ Bay 4,57143,Langley Centre,37650,38610,in_service_layover,67.303604750996,76.53729869475026,52.07803384277406,960,16.0,10:27:30,10:43:30,False,,no_dispenser,0
2161573,heavy,502.0,7.0,40-ft,STC,1,MF,14876844,14863412,595,320,57097,57136,Langley Centre @ Bay 4,Langley Centre @ Bay 2,57097,Langley Centre,38070,38670,in_service_layover,51.97331525528617,59.816093941346416,44.233271789379785,600,10.0,10:34:30,10:44:30,False,,no_dispenser,0
2161577,heavy,320.0,28.0,40-ft,STC,1,MF,14874770,14874873,502,502,57143,57027,Langley Centre @ Bay 5,Langley Centre @ Bay 3,57143,Langley Centre,38370,38790,in_service_layover,60.15640600267753,65.3810532601392,29.467010532083805,420,7.0,10:39:30,10:46:30,False,,no_dispenser,0
2164208,heavy,320.0,36.0,40-ft,STC,1,MF,14867632,14867678,342,342,57143,57136,Langley Centre @ Bay 5,Langley Centre @ Bay 2,57143,Langley Centre,38550,39510,in_service_layover,66.62941735293641,76.01745723738952,52.94854494831549,960,16.0,10:42:30,10:58:30,False,,no_dispenser,0
2161663,heavy,502.0,17.0,40-ft,STC,1,MF,14874539,14874446,501,501,57027,57027,Langley Centre @ Bay 3,Langley Centre @ Bay 3,57027,Langley Centre,38550,39750,in_service_layover,65.1169711621458,76.5817138246304,64.66114861641313,1200,20.0,10:42:30,11:02:30,False,,no_dispenser,0
2165212,heavy,320.0,38.0,40-ft,STC,1,MF,14869353,14869416,364,364,57097,57097,Langley Centre @ Bay 4,Langley Centre @ Bay 4,57097,Langley Centre,38550,39810,in_service_layover,65.24212164908786,77.07237932899463,66.72265331467412,1260,21.0,10:42:30,11:03:30,False,,no_dispenser,0
2163786,heavy,503.0,9.0,40-ft,STC,1,MF,14875257,14875363,503,503,55299,55299,Langley Centre @ Bay 1,Langley Centre @ Bay 1,55299,Langley Centre,38610,39210,in_service_layover,53.44628030736062,61.263580259800186,44.08957173175918,600,10.0,10:43:30,10:53:30,False,,no_dispenser,0
2165313,heavy,320.0,29.0,40-ft,STC,1,MF,14863323,14863403,320,320,57136,57136,Langley Centre @ Bay 2,Langley Centre @ Bay 2,57136,Langley Centre,38910,40410,in_service_layover,66.64436476526423,79.55142872759168,72.79584074752682,1500,25.0,10:48:30,11:13:30,False,,no_dispenser,0
2161631,heavy,502.0,15.0,40-ft,STC,1,MF,14874801,14874839,502,502,57143,57027,Langley Centre @ Bay 5,Langley Centre @ Bay 3,57143,Langley Centre,39270,39690,in_service_layover,57.59856425328166,63.02001833328483,30.57700101121793,420,7.0,10:54:30,11:01:30,False,,no_dispenser,0
2161600,heavy,503.0,1.0,40-ft,STC,1,MF,14867650,14869435,342,364,57143,57097,Langley Centre @ Bay 5,Langley Centre @ Bay 4,57143,Langley Centre,39450,41010,in_service_layover,53.7766353078054,71.39579341293457,99.37205171292851,1560,26.0,10:57:30,11:23:30,False,,no_dispenser,0
2161645,heavy,320.0,11.0,40-ft,STC,1,MF,14869352,14867696,364,342,57097,57136,Langley Centre @ Bay 4,Langley Centre @ Bay 2,57097,Langley Centre,39750,40710,in_service_layover,63.76277141395246,73.79459117859189,56.579463472566374,960,16.0,11:02:30,11:18:30,False,,no_dispenser,0
2161654,heavy,320.0,23.0,40-ft,STC,1,MF,14876845,14876809,595,595,57097,57097,Langley Centre @ Bay 4,Langley Centre @ Bay 4,57097,Langley Centre,39870,40170,in_service_layover,58.57539919466617,62.46878717247445,21.95870819483872,300,5.0,11:04:30,11:09:30,False,,no_dispenser,0
2162408,heavy,502.0,8.0,40-ft,STC,1,MF,14874795,14874907,502,502,57143,57027,Langley Centre @ Bay 5,Langley Centre @ Bay 3,57143,Langley Centre,40170,40590,in_service_layover,57.96608781589669,63.365576686130275,30.453117228117435,420,7.0,11:09:30,11:16:30,False,,no_dispenser,0
2161872,heavy,503.0,11.0,40-ft,STC,1,MF,14867607,14867677,342,342,57143,57136,Langley Centre @ Bay 5,Langley Centre @ Bay 2,57143,Langley Centre,40350,41910,in_service_layover,65.81661792810753,79.33198364967929,76.22666266966468,1560,26.0,11:12:30,11:38:30,False,,no_dispenser,0
2161727,heavy,503.0,13.0,40-ft,STC,1,MF,14875258,14875364,503,503,55299,55299,Langley Centre @ Bay 1,Langley Centre @ Bay 1,55299,Langley Centre,40410,41010,in_service_layover,63.17978799600873,70.04039405401278,38.693818167142865,600,10.0,11:13:30,11:23:30,False,,no_dispenser,0
2161659,heavy,502.0,18.0,40-ft,STC,1,MF,14874540,14874444,501,501,57027,57027,Langley Centre @ Bay 3,Langley Centre @ Bay 3,57027,Langley Centre,40410,41370,in_service_layover,63.66592695428951,73.7191423622649,56.700134900981254,960,16.0,11:13:30,11:29:30,False,,no_dispenser,0
2161629,heavy,320.0,19.0,40-ft,STC,1,MF,14863321,14876810,320,595,57136,57097,Langley Centre @ Bay 2,Langley Centre @ Bay 4,57136,Langley Centre,40710,41970,in_service_layover,58.72437172305409,72.47590971254046,77.55867426070307,1260,21.0,11:18:30,11:39:30,False,,no_dispenser,0
2161625,heavy,320.0,12.0,40-ft,STC,1,MF,14869383,14863401,364,320,57097,57136,Langley Centre @ Bay 4,Langley Centre @ Bay 2,57097,Langley Centre,40950,42210,in_service_layover,64.75916794024545,76.72679180107593,67.49739857508399,1260,21.0,11:22:30,11:43:30,False,,no_dispenser,0
2161990,heavy,502.0,4.0,40-ft,STC,1,MF,14874800,14874857,502,502,57143,57027,Langley Centre @ Bay 5,Langley Centre @ Bay 3,57143,Langley Centre,41070,41490,in_service_layover,65.2436999153008,70.03106500133606,27.000739085238877,420,7.0,11:24:30,11:31:30,False,,no_dispenser,0
2161649,heavy,503.0,2.0,40-ft,STC,1,MF,14867633,14869415,342,364,57143,57097,Langley Centre @ Bay 5,Langley Centre @ Bay 4,57143,Langley Centre,41370,42210,in_service_layover,56.864856778091124,67.15606195158495,58.042397178505155,840,14.0,11:29:30,11:43:30,False,,no_dispenser,0
2161632,heavy,502.0,10.0,40-ft,STC,1,MF,14874774,14874872,502,502,57143,57027,Langley Centre @ Bay 5,Langley Centre @ Bay 3,57143,Langley Centre,42090,42390,in_service_layover,56.669979245113936,60.61974489637512,22.276678273113077,300,5.0,11:41:30,11:46:30,False,,no_dispenser,0
2161721,heavy,503.0,6.0,40-ft,STC,1,MF,14875259,14875365,503,503,55299,55299,Langley Centre @ Bay 1,Langley Centre @ Bay 1,55299,Langley Centre,42090,42810,in_service_layover,46.8368983747564,56.158924934303265,52.57622979584431,720,12.0,11:41:30,11:53:30,False,,no_dispenser,0
2161984,heavy,503.0,7.0,40-ft,STC,1,MF,14869346,14867676,364,342,57097,57136,Langley Centre @ Bay 4,Langley Centre @ Bay 2,57097,Langley Centre,42150,43110,in_service_layover,62.70212601527918,72.96701309923861,57.89396315353122,960,16.0,11:42:30,11:58:30,False,,no_dispenser,0
2161660,heavy,502.0,9.0,40-ft,STC,1,MF,14874541,14874441,501,501,57027,57027,Langley Centre @ Bay 3,Langley Centre @ Bay 3,57027,Langley Centre,42210,43110,in_service_layover,64.31073252220197,73.7321514941402,53.13680300173155,900,15.0,11:43:30,11:58:30,False,,no_dispenser,0
2161624,heavy,320.0,25.0,40-ft,STC,1,MF,14863319,14876811,320,595,57136,57097,Langley Centre @ Bay 2,Langley Centre @ Bay 4,57136,Langley Centre,42510,43770,in_service_layover,68.95721850025973,79.75962004047753,60.9255446868284,1260,21.0,11:48:30,12:09:30,False,,no_dispenser,0
2161508,heavy,503.0,10.0,40-ft,STC,1,MF,14867606,14869414,342,364,57143,57097,Langley Centre @ Bay 5,Langley Centre @ Bay 4,57143,Langley Centre,42630,43410,in_service_layover,67.40980603438621,75.23654080213755,44.14278409011757,780,13.0,11:50:30,12:03:30,False,,no_dispenser,0
2161858,heavy,502.0,20.0,40-ft,STC,1,MF,14874799,14874858,502,502,57143,57027,Langley Centre @ Bay 5,Langley Centre @ Bay 3,57143,Langley Centre,42990,43290,in_service_layover,60.87648864746667,64.63674345553602,21.207837117511133,300,5.0,11:56:30,12:01:30,False,,no_dispenser,0
2161547,heavy,503.0,17.0,40-ft,STC,1,MF,14869372,14867697,364,342,57097,57136,Langley Centre @ Bay 4,Langley Centre @ Bay 2,57097,Langley Centre,43350,44310,in_service_layover,66.18189695768935,75.67177037639871,53.52288608152077,960,16.0,12:02:30,12:18:30,False,,no_dispenser,0
2161540,heavy,320.0,21.0,40-ft,STC,1,MF,14876847,14863400,595,320,57097,57136,Langley Centre @ Bay 4,Langley Centre @ Bay 2,57097,Langley Centre,43530,44010,in_service_layover,63.619171941779875,69.19325102594152,31.437806034671723,480,8.0,12:05:30,12:13:30,False,,no_dispenser,0
2162193,heavy,503.0,5.0,40-ft,STC,1,MF,14875260,14875366,503,503,55299,55299,Langley Centre @ Bay 1,Langley Centre @ Bay 1,55299,Langley Centre,43770,44610,in_service_layover,43.62993047514207,54.44644567074112,61.00514570317864,840,14.0,12:09:30,12:23:30,False,,no_dispenser,0
2162112,heavy,502.0,19.0,40-ft,STC,1,MF,14874769,14874909,502,502,57143,57027,Langley Centre @ Bay 5,Langley Centre @ Bay 3,57143,Langley Centre,43950,44190,in_service_layover,57.56562220931921,60.728789731919264,17.840264827464296,240,4.0,12:12:30,12:16:30,False,,no_dispenser,0
2161905,heavy,502.0,11.0,40-ft,STC,1,MF,14874542,14874447,501,501,57027,57027,Langley Centre @ Bay 3,Langley Centre @ Bay 3,57027,Langley Centre,44070,44850,in_service_layover,62.44340349887503,71.16203706229057,49.17309329766363,780,13.0,12:14:30,12:27:30,False,,no_dispenser,0
2161644,heavy,320.0,4.0,40-ft,STC,1,MF,14863317,14876812,320,595,57136,57097,Langley Centre @ Bay 2,Langley Centre @ Bay 4,57136,Langley Centre,44370,45570,in_service_layover,48.88796723956268,64.04005312317321,85.45776438356347,1200,20.0,12:19:30,12:39:30,False,,no_dispenser,0
2161986,heavy,503.0,8.0,40-ft,STC,1,MF,14869384,14867675,364,342,57097,57136,Langley Centre @ Bay 4,Langley Centre @ Bay 2,57097,Langley Centre,44550,45510,in_service_layover,66.14903555113504,75.64636922002262,53.56496189252596,960,16.0,12:22:30,12:38:30,False,,no_dispenser,0
2161917,heavy,502.0,1.0,40-ft,STC,1,MF,14874798,14874911,502,502,57143,57027,Langley Centre @ Bay 5,Langley Centre @ Bay 3,57143,Langley Centre,44850,45090,in_service_layover,51.20926862821793,54.31347429681127,17.507719970866447,240,4.0,12:27:30,12:31:30,False,,no_dispenser,0
2163903,heavy,502.0,13.0,40-ft,STC,1,MF,14867605,14869413,342,364,57143,57097,Langley Centre @ Bay 5,Langley Centre @ Bay 4,57143,Langley Centre,45150,45810,in_service_layover,60.21566409039334,68.09169592042333,44.42081952136914,660,11.0,12:32:30,12:43:30,False,,no_dispenser,0
2161654,heavy,320.0,23.0,40-ft,STC,1,MF,14876848,14863398,595,320,57097,57136,Langley Centre @ Bay 4,Langley Centre @ Bay 2,57097,Langley Centre,45330,45750,in_service_layover,51.46520576706515,56.93843595256827,30.8690182462376,420,7.0,12:35:30,12:42:30,False,,no_dispenser,0
2162399,heavy,502.0,5.0,40-ft,STC,1,MF,14875261,14875367,503,503,55299,55299,Langley Centre @ Bay 1,Langley Centre @ Bay 1,55299,Langley Centre,45510,46290,in_service_layover,46.728769267944784,56.84361688549395,57.04774056297731,780,13.0,12:38:30,12:51:30,False,,no_dispenser,0
2161728,heavy,502.0,3.0,40-ft,STC,1,MF,14874818,14874908,502,502,57143,57027,Langley Centre @ Bay 5,Langley Centre @ Bay 3,57143,Langley Centre,45630,45990,in_service_layover,49.992079078791605,54.64474638855946,26.241043627090733,360,6.0,12:40:30,12:46:30,False,,no_dispenser,0
2163904,heavy,502.0,16.0,40-ft,STC,1,MF,14869364,14867674,364,342,57097,57136,Langley Centre @ Bay 4,Langley Centre @ Bay 2,57097,Langley Centre,45750,46710,in_service_layover,68.1589551773175,77.19521707375434,50.96451709590383,960,16.0,12:42:30,12:58:30,False,,no_dispenser,0
2161648,heavy,502.0,14.0,40-ft,STC,1,MF,14874496,14874448,501,501,57027,57027,Langley Centre @ Bay 3,Langley Centre @ Bay 3,57027,Langley Centre,45930,46590,in_service_layover,69.44904450584923,75.94188044799289,36.61959471369016,660,11.0,12:45:30,12:56:30,False,,no_dispenser,0
2161638,heavy,320.0,8.0,40-ft,STC,1,MF,14863339,14863396,320,320,57136,57136,Langley Centre @ Bay 2,Langley Centre @ Bay 2,57136,Langley Centre,46170,47430,in_service_layover,59.677419643711595,73.12692221618492,75.8551945087496,1260,21.0,12:49:30,13:10:30,False,,no_dispenser,0
2164208,heavy,320.0,36.0,40-ft,STC,1,MF,14867604,14869412,342,364,57143,57097,Langley Centre @ Bay 5,Langley Centre @ Bay 4,57143,Langley Centre,46350,47010,in_service_layover,65.63971745899151,72.72864620909439,39.98155815058027,660,11.0,12:52:30,13:03:30,False,,no_dispenser,0
2161577,heavy,320.0,28.0,40-ft,STC,1,MF,14874805,14874849,502,502,57143,57027,Langley Centre @ Bay 5,Langley Centre @ Bay 3,57143,Langley Centre,46530,46890,in_service_layover,56.814501062589706,61.525818058530426,26.57182785710569,360,6.0,12:55:30,13:01:30,False,,no_dispenser,0
2161846,heavy,320.0,26.0,40-ft,STC,1,MF,14869363,14867698,364,342,57097,57136,Langley Centre @ Bay 4,Langley Centre @ Bay 2,57097,Langley Centre,47010,47910,in_service_layover,69.78528073285692,78.03316470712173,46.518065614853526,900,15.0,13:03:30,13:18:30,False,,no_dispenser,0
2161629,heavy,320.0,19.0,40-ft,STC,1,MF,14876849,14876813,595,595,57097,57097,Langley Centre @ Bay 4,Langley Centre @ Bay 4,57097,Langley Centre,47130,47310,in_service_layover,61.47232830713115,63.74990531751658,12.84553433857377,180,3.0,13:05:30,13:08:30,False,,no_dispenser,0
2161651,heavy,502.0,12.0,40-ft,STC,1,MF,14874548,14874480,501,501,57027,57027,Langley Centre @ Bay 3,Langley Centre @ Bay 3,57027,Langley Centre,47130,47790,in_service_layover,65.77578737467445,72.84403887923729,39.864938485734456,660,11.0,13:05:30,13:16:30,False,,no_dispenser,0
2162188,heavy,503.0,12.0,40-ft,STC,1,MF,14875262,14875368,503,503,55299,55299,Langley Centre @ Bay 1,Langley Centre @ Bay 1,55299,Langley Centre,47310,48210,in_service_layover,44.554232846293495,56.19450104550534,65.65111264355482,900,15.0,13:08:30,13:23:30,False,,no_dispenser,0
2161631,heavy,502.0,15.0,40-ft,STC,1,MF,14874778,14874844,502,502,57143,57027,Langley Centre @ Bay 5,Langley Centre @ Bay 3,57143,Langley Centre,47430,47790,in_service_layover,54.56547967587026,59.302518519185455,26.71689907629775,360,6.0,13:10:30,13:16:30,False,,no_dispenser,0
2161645,heavy,320.0,11.0,40-ft,STC,1,MF,14867635,14869437,342,364,57143,57097,Langley Centre @ Bay 5,Langley Centre @ Bay 4,57143,Langley Centre,47550,48210,in_service_layover,63.65943369699838,71.04412502100834,41.64965906741617,660,11.0,13:12:30,13:23:30,False,,no_dispenser,0
2161573,heavy,502.0,7.0,40-ft,STC,1,MF,14863337,14876814,320,595,57136,57097,Langley Centre @ Bay 2,Langley Centre @ Bay 4,57136,Langley Centre,47970,48990,in_service_layover,51.370359074879815,64.2896431304213,72.86476207325404,1020,17.0,13:19:30,13:36:30,False,,no_dispenser,0
2165212,heavy,320.0,38.0,40-ft,STC,1,MF,14869385,14867673,364,342,57097,57136,Langley Centre @ Bay 4,Langley Centre @ Bay 2,57097,Langley Centre,48210,49110,in_service_layover,69.77647922290744,78.0263089852048,46.52903985935717,900,15.0,13:23:30,13:38:30,False,,no_dispenser,0
2162017,heavy,502.0,6.0,40-ft,STC,1,MF,14874497,14874476,501,501,57027,57027,Langley Centre @ Bay 3,Langley Centre @ Bay 3,57027,Langley Centre,48330,48630,in_service_layover,21.406844557613034,25.11796368456183,20.930711875991193,300,5.0,13:25:30,13:30:30,False,,no_dispenser,0
2162408,heavy,502.0,8.0,40-ft,STC,1,MF,14874757,14874842,502,502,57143,57027,Langley Centre @ Bay 5,Langley Centre @ Bay 3,57143,Langley Centre,48330,48690,in_service_layover,54.90039677853515,59.63889867944253,26.725150721117586,360,6.0,13:25:30,13:31:30,False,,no_dispenser,0
2161872,heavy,503.0,11.0,40-ft,STC,1,MF,14867603,14869411,342,364,57143,57097,Langley Centre @ Bay 5,Langley Centre @ Bay 4,57143,Langley Centre,48870,49410,in_service_layover,63.788296257691066,69.96574652616397,34.84081951418716,540,9.0,13:34:30,13:43:30,False,,no_dispenser,0
2161990,heavy,502.0,4.0,40-ft,STC,1,MF,14874777,14874905,502,502,57143,57027,Langley Centre @ Bay 5,Langley Centre @ Bay 3,57143,Langley Centre,49230,49590,in_service_layover,60.37282677292638,64.87830005144225,25.410869290829453,360,6.0,13:40:30,13:46:30,False,,no_dispenser,0
2161663,heavy,502.0,17.0,40-ft,STC,1,MF,14874503,14874462,501,501,57027,57027,Langley Centre @ Bay 3,Langley Centre @ Bay 3,57027,Langley Centre,49290,49650,in_service_layover,67.40532477504179,71.38592466832102,22.450583398094807,360,6.0,13:41:30,13:47:30,False,,no_dispenser,0
2161600,heavy,503.0,1.0,40-ft,STC,1,MF,14869351,14867669,364,342,57097,57136,Langley Centre @ Bay 4,Langley Centre @ Bay 2,57097,Langley Centre,49410,50310,in_service_layover,65.45414955720689,74.63656036487643,51.7887969552562,900,15.0,13:43:30,13:58:30,False,,no_dispenser,0
2165313,heavy,320.0,29.0,40-ft,STC,1,MF,14863335,14863384,320,320,57136,57136,Langley Centre @ Bay 2,Langley Centre @ Bay 2,57136,Langley Centre,49950,50730,in_service_layover,67.910451307458,75.64390529913643,43.6166805130664,780,13.0,13:52:30,14:05:30,False,,no_dispenser,0
2161984,heavy,503.0,7.0,40-ft,STC,1,MF,14867602,14869410,342,364,57143,57097,Langley Centre @ Bay 5,Langley Centre @ Bay 4,57143,Langley Centre,50070,50610,in_service_layover,62.289284334017026,68.6403751859733,35.82015240503341,540,9.0,13:54:30,14:03:30,False,,no_dispenser,0
2161632,heavy,502.0,10.0,40-ft,STC,1,MF,14874756,14874841,502,502,57143,57027,Langley Centre @ Bay 5,Langley Centre @ Bay 3,57143,Langley Centre,50130,50490,in_service_layover,51.39183335393728,56.07172854931615,26.394608901936806,360,6.0,13:55:30,14:01:30,False,,no_dispenser,0
2161659,heavy,502.0,18.0,40-ft,STC,1,MF,14874549,14874471,501,501,57027,57027,Langley Centre @ Bay 3,Langley Centre @ Bay 3,57027,Langley Centre,50250,50550,in_service_layover,56.83575029315933,60.78299286100868,22.262448082670346,300,5.0,13:57:30,14:02:30,False,,no_dispenser,0
2161649,heavy,503.0,2.0,40-ft,STC,1,MF,14869350,14867672,364,342,57097,57136,Langley Centre @ Bay 4,Langley Centre @ Bay 2,57097,Langley Centre,50670,51390,in_service_layover,62.2143186231634,70.3995530852978,46.16472236643801,720,12.0,14:04:30,14:16:30,False,,no_dispenser,0
2161858,heavy,502.0,20.0,40-ft,STC,1,MF,14874775,14874904,502,502,57143,57027,Langley Centre @ Bay 5,Langley Centre @ Bay 3,57143,Langley Centre,51030,51330,in_service_layover,54.6256983970076,58.56968364438273,22.244076795195667,300,5.0,14:10:30,14:15:30,False,,no_dispenser,0
2161547,heavy,503.0,17.0,40-ft,STC,1,MF,14867636,14869438,342,364,57143,57097,Langley Centre @ Bay 5,Langley Centre @ Bay 4,57143,Langley Centre,51270,51810,in_service_layover,64.74274162600068,70.80674970980057,34.20100559263142,540,9.0,14:14:30,14:23:30,False,,no_dispenser,0
2161625,heavy,320.0,12.0,40-ft,STC,1,MF,14863303,14863450,320,320,57136,57136,Langley Centre @ Bay 2,Langley Centre @ Bay 2,57136,Langley Centre,51810,52530,in_service_layover,64.71518884679087,72.49725569235082,43.890857008958164,720,12.0,14:23:30,14:35:30,False,,no_dispenser,0
2161508,heavy,503.0,10.0,40-ft,STC,1,MF,14869386,14867716,364,342,57097,57136,Langley Centre @ Bay 4,Langley Centre @ Bay 2,57097,Langley Centre,51870,52350,in_service_layover,68.38726420421465,73.44466810126853,28.52375797938396,480,8.0,14:24:30,14:32:30,False,,no_dispenser,0
2162112,heavy,502.0,19.0,40-ft,STC,1,MF,14874755,14874899,502,502,57143,57027,Langley Centre @ Bay 5,Langley Centre @ Bay 3,57143,Langley Centre,51930,52290,in_service_layover,50.70734247851488,55.373923023180616,26.319514271914727,360,6.0,14:25:30,14:31:30,False,,no_dispenser,0
2161660,heavy,502.0,9.0,40-ft,STC,1,MF,14874498,14874466,501,501,57027,57027,Langley Centre @ Bay 3,Langley Centre @ Bay 3,57027,Langley Centre,52230,52770,in_service_layover,58.25014894697675,65.04811795260886,38.3405451917651,540,9.0,14:30:30,14:39:30,False,,no_dispenser,0
2161986,heavy,503.0,8.0,40-ft,STC,1,MF,14867601,14869409,342,364,57143,57097,Langley Centre @ Bay 5,Langley Centre @ Bay 4,57143,Langley Centre,52530,53010,in_service_layover,64.71978415067142,70.17956974112144,30.79319073013818,480,8.0,14:35:30,14:43:30,False,,no_dispenser,0
2161877,heavy,503.0,15.0,40-ft,STC,1,MF,14875270,14875317,503,503,55299,57143,Langley Centre @ Bay 1,Langley Centre @ Bay 5,55299,Langley Centre,52590,53910,in_service_layover,34.51159376905908,51.37404549449772,95.10422773147394,1320,22.0,14:36:30,14:58:30,False,,no_dispenser,0
2161917,heavy,502.0,1.0,40-ft,STC,1,MF,14874754,14874903,502,502,57143,57027,Langley Centre @ Bay 5,Langley Centre @ Bay 3,57143,Langley Centre,52890,53190,in_service_layover,44.18438616040273,47.99541369196036,21.494195277985057,300,5.0,14:41:30,14:46:30,False,,no_dispenser,0
2161629,heavy,320.0,19.0,40-ft,STC,1,MF,14876852,14867699,595,342,57097,57136,Langley Centre @ Bay 4,Langley Centre @ Bay 2,57097,Langley Centre,53010,53310,in_service_layover,52.74632391210727,56.65984464962537,22.072256959602043,300,5.0,14:43:30,14:48:30,False,,no_dispenser,0
2161540,heavy,320.0,21.0,40-ft,STC,1,MF,14863301,14863380,320,320,57136,57136,Langley Centre @ Bay 2,Langley Centre @ Bay 2,57136,Langley Centre,53730,54990,in_service_layover,58.50765939726577,72.32536348000103,77.93185102662693,1260,21.0,14:55:30,15:16:30,False,,no_dispenser,0
2163904,heavy,502.0,16.0,40-ft,STC,1,MF,14867600,14876832,342,595,57143,57097,Langley Centre @ Bay 5,Langley Centre @ Bay 4,57143,Langley Centre,53910,54150,in_service_layover,66.11671318642601,68.90448634374698,15.72304060729033,240,4.0,14:58:30,15:02:30,False,,no_dispenser,0
2161728,heavy,502.0,3.0,40-ft,STC,1,MF,14874776,14875348,502,503,57143,55299,Langley Centre @ Bay 5,Langley Centre @ Bay 1,57143,Langley Centre,53970,54450,in_service_layover,44.519538679115946,50.6458977443131,34.552665127711975,480,8.0,14:59:30,15:07:30,False,,no_dispenser,0
2161905,heavy,502.0,11.0,40-ft,STC,1,MF,14874551,14874889,501,502,57027,57027,Langley Centre @ Bay 3,Langley Centre @ Bay 3,57027,Langley Centre,54210,54990,in_service_layover,57.23780498764343,66.83606754560539,54.1342008269055,780,13.0,15:03:30,15:16:30,False,,no_dispenser,0
2163903,heavy,502.0,13.0,40-ft,STC,1,MF,14869348,14869439,364,364,57097,57097,Langley Centre @ Bay 4,Langley Centre @ Bay 4,57097,Langley Centre,54570,55410,in_service_layover,62.37853477616099,71.66133372550973,52.354986074326916,840,14.0,15:09:30,15:23:30,False,,no_dispenser,0
2161991,heavy,503.0,18.0,40-ft,STC,1,MF,14874789,14874861,502,502,57143,57027,Langley Centre @ Bay 5,Langley Centre @ Bay 3,57143,Langley Centre,54990,55890,in_service_layover,42.283883848351806,53.85325844805775,65.25127274234154,900,15.0,15:16:30,15:31:30,False,,no_dispenser,0
2161716,heavy,321.0,12.0,40-ft,STC,1,MF,14874522,14874465,501,501,57027,57027,Langley Centre @ Bay 3,Langley Centre @ Bay 3,57027,Langley Centre,55170,55890,in_service_layover,36.66640220089039,45.77704529348499,51.384027042233555,720,12.0,15:19:30,15:31:30,False,,no_dispenser,0
2161654,heavy,320.0,23.0,40-ft,STC,1,MF,14863299,14875375,320,503,57136,55299,Langley Centre @ Bay 2,Langley Centre @ Bay 1,57136,Langley Centre,55650,56130,in_service_layover,46.95491830613109,53.12071611756273,34.775099656474424,480,8.0,15:27:30,15:35:30,False,,no_dispenser,0
2164208,heavy,320.0,36.0,40-ft,STC,1,MF,14869347,14863411,364,320,57097,57136,Langley Centre @ Bay 4,Langley Centre @ Bay 2,57097,Langley Centre,55770,56550,in_service_layover,64.96799205314015,73.240833843685,46.65882769867295,780,13.0,15:29:30,15:42:30,False,,no_dispenser,0
2161631,heavy,502.0,15.0,40-ft,STC,1,MF,14874784,14874914,502,502,57143,57027,Langley Centre @ Bay 5,Langley Centre @ Bay 3,57143,Langley Centre,55890,56610,in_service_layover,50.8394396463751,60.21340355438811,52.86915644119341,720,12.0,15:31:30,15:43:30,False,,no_dispenser,0
2161648,heavy,502.0,14.0,40-ft,STC,1,MF,14874552,14874483,501,501,57027,57027,Langley Centre @ Bay 3,Langley Centre @ Bay 3,57027,Langley Centre,56070,56430,in_service_layover,61.60233960308814,66.02061339010316,24.91906415876474,360,6.0,15:34:30,15:40:30,False,,no_dispenser,0
2161651,heavy,502.0,12.0,40-ft,STC,1,MF,14874556,14874853,501,502,57027,57027,Langley Centre @ Bay 3,Langley Centre @ Bay 3,57027,Langley Centre,57150,58050,in_service_layover,53.75102625666218,65.09105410583501,63.957757069334775,900,15.0,15:52:30,16:07:30,False,,no_dispenser,0
2161990,heavy,502.0,4.0,40-ft,STC,1,MF,14874780,14867668,502,342,57143,57136,Langley Centre @ Bay 5,Langley Centre @ Bay 2,57143,Langley Centre,57630,57810,in_service_layover,54.097403673872556,56.448638922714714,13.260966803469728,180,3.0,16:00:30,16:03:30,False,,no_dispenser,0
2161638,heavy,320.0,8.0,40-ft,STC,1,MF,14874537,14876819,501,595,57027,57097,Langley Centre @ Bay 3,Langley Centre @ Bay 4,57027,Langley Centre,57870,59010,in_service_layover,65.46250740675093,76.42455353061453,61.82594013859068,1140,19.0,16:04:30,16:23:30,False,,no_dispenser,0
2161846,heavy,320.0,26.0,40-ft,STC,1,MF,14875760,14874470,509,501,61710,57027,Carvolth Exchange @ Bay 2,Langley Centre @ Bay 3,57027,Langley Centre,58230,58530,interline_end,66.71732538242323,70.12328532287351,19.209614064139544,300,5.0,16:10:30,16:15:30,False,,no_dispenser,0
2161600,heavy,503.0,1.0,40-ft,STC,1,MF,14867649,14867667,342,342,57143,57136,Langley Centre @ Bay 5,Langley Centre @ Bay 2,57143,Langley Centre,58470,58710,in_service_layover,66.01457152760352,68.80739169083957,15.75150572065138,240,4.0,16:14:30,16:18:30,False,,no_dispenser,0
2161872,heavy,503.0,11.0,40-ft,STC,1,MF,14869345,14875380,364,503,57097,55299,Langley Centre @ Bay 4,Langley Centre @ Bay 1,57097,Langley Centre,58530,59790,in_service_layover,60.299761389453764,73.55720038625603,74.77195594196473,1260,21.0,16:15:30,16:36:30,False,,no_dispenser,0
2161632,heavy,502.0,10.0,40-ft,STC,1,MF,14874763,14867706,502,342,57143,57136,Langley Centre @ Bay 5,Langley Centre @ Bay 2,57143,Langley Centre,59190,59610,in_service_layover,44.41248291331297,49.763108783681105,30.177529908876295,420,7.0,16:26:30,16:33:30,False,,no_dispenser,0
2161649,heavy,503.0,2.0,40-ft,STC,1,MF,14867631,14869407,342,364,57143,57097,Langley Centre @ Bay 5,Langley Centre @ Bay 4,57143,Langley Centre,59310,59670,in_service_layover,60.50609177442582,65.00211363439561,25.357563290229677,360,6.0,16:28:30,16:34:30,False,,no_dispenser,0
2161624,heavy,320.0,25.0,40-ft,STC,1,MF,14863370,14876820,320,595,57136,57097,Langley Centre @ Bay 2,Langley Centre @ Bay 4,57136,Langley Centre,59310,60570,in_service_layover,56.846239437267755,71.14024285302605,80.61817926487674,1260,21.0,16:28:30,16:49:30,False,,no_dispenser,0
2161663,heavy,502.0,17.0,40-ft,STC,1,MF,14874536,14863378,501,320,57027,57136,Langley Centre @ Bay 3,Langley Centre @ Bay 2,57027,Langley Centre,59430,60270,in_service_layover,55.321021610842116,65.82019887333642,59.21535976046789,840,14.0,16:30:30,16:44:30,False,,no_dispenser,0
2161984,heavy,503.0,7.0,40-ft,STC,1,MF,14869377,14869444,364,364,57097,57097,Langley Centre @ Bay 4,Langley Centre @ Bay 4,57097,Langley Centre,59730,60570,in_service_layover,56.3723492031541,66.73504810485461,58.44562180559086,840,14.0,16:35:30,16:49:30,False,,no_dispenser,0
2161858,heavy,502.0,20.0,40-ft,STC,1,MF,14874768,14874843,502,502,57143,57027,Langley Centre @ Bay 5,Langley Centre @ Bay 3,57143,Langley Centre,60030,60210,in_service_layover,43.842298331039615,46.12497257678393,12.87428274599796,180,3.0,16:40:30,16:43:30,False,,no_dispenser,0
2161737,heavy,320.0,37.0,40-ft,STC,1,MF,14867643,14867666,342,342,57143,57136,Langley Centre @ Bay 5,Langley Centre @ Bay 2,57143,Langley Centre,60210,60510,in_service_layover,63.00994820618874,66.64411202378987,20.49668393127041,300,5.0,16:43:30,16:48:30,False,,no_dispenser,0
2165312,heavy,320.0,35.0,40-ft,STC,1,MF,14863360,14874473,320,501,57136,57027,Langley Centre @ Bay 2,Langley Centre @ Bay 3,57136,Langley Centre,60210,60690,in_service_layover,42.761666564653126,48.866008030577525,34.42848586781358,480,8.0,16:43:30,16:51:30,False,,no_dispenser,0
2161659,heavy,502.0,18.0,40-ft,STC,1,MF,14874501,14863406,501,320,57027,57136,Langley Centre @ Bay 3,Langley Centre @ Bay 2,57027,Langley Centre,60330,61110,in_service_layover,44.00576582428635,54.0405275513771,56.59605614079189,780,13.0,16:45:30,16:58:30,False,,no_dispenser,0
2161547,heavy,503.0,17.0,40-ft,STC,1,MF,14869388,14867707,364,342,57097,57136,Langley Centre @ Bay 4,Langley Centre @ Bay 2,57097,Langley Centre,60930,61410,in_service_layover,58.380933068882946,64.46673293863212,34.32391126538539,480,8.0,16:55:30,17:03:30,False,,no_dispenser,0
2165313,heavy,320.0,29.0,40-ft,STC,1,MF,14863369,14876821,320,595,57136,57097,Langley Centre @ Bay 2,Langley Centre @ Bay 4,57136,Langley Centre,61110,62310,in_service_layover,62.74633030583987,74.87234389826433,68.39071666127398,1200,20.0,16:58:30,17:18:30,False,,no_dispenser,0
2161508,heavy,503.0,10.0,40-ft,STC,1,MF,14867598,14869406,342,364,57143,57097,Langley Centre @ Bay 5,Langley Centre @ Bay 4,57143,Langley Centre,61170,61470,in_service_layover,68.92097049494168,72.17596620227398,18.35817578935422,300,5.0,16:59:30,17:04:30,False,,no_dispenser,0
2161644,heavy,320.0,4.0,40-ft,STC,1,MF,14874535,14863405,501,320,57027,57136,Langley Centre @ Bay 3,Langley Centre @ Bay 2,57027,Langley Centre,61230,61830,in_service_layover,38.5119195372109,46.10974564514568,42.851739248752125,600,10.0,17:00:30,17:10:30,False,,no_dispenser,0
2162112,heavy,502.0,19.0,40-ft,STC,1,MF,14874761,14874863,502,502,57143,57027,Langley Centre @ Bay 5,Langley Centre @ Bay 3,57143,Langley Centre,61410,61650,in_service_layover,46.03739857975025,49.09141383088616,17.224646016406552,240,4.0,17:03:30,17:07:30,False,,no_dispenser,0
2161986,heavy,503.0,8.0,40-ft,STC,1,MF,14869376,14867665,364,342,57097,57136,Langley Centre @ Bay 4,Langley Centre @ Bay 2,57097,Langley Centre,61950,62310,in_service_layover,56.363884899850014,61.08704939182045,26.63864773471323,360,6.0,17:12:30,17:18:30,False,,no_dispenser,0
2161629,heavy,320.0,19.0,40-ft,STC,1,MF,14867597,14863451,342,320,57143,57136,Langley Centre @ Bay 5,Langley Centre @ Bay 2,57143,Langley Centre,62070,62550,in_service_layover,55.546901824817375,61.80280068422954,35.28326956708463,480,8.0,17:14:30,17:22:30,False,,no_dispenser,0
2161917,heavy,502.0,1.0,40-ft,STC,1,MF,14874788,14874869,502,502,57143,57027,Langley Centre @ Bay 5,Langley Centre @ Bay 3,57143,Langley Centre,62130,62370,in_service_layover,36.300224493227,39.3195563766785,17.029031822666497,240,4.0,17:15:30,17:19:30,False,,no_dispenser,0
2165204,heavy,502.0,40.0,40-ft,STC,1,MF,14874555,14874474,501,501,57027,57027,Langley Centre @ Bay 3,Langley Centre @ Bay 3,57027,Langley Centre,62130,62730,in_service_layover,65.86771154780962,72.36741345385845,36.65831875011543,600,10.0,17:15:30,17:25:30,False,,no_dispenser,0
2161501,heavy,312.0,3.0,40-ft,STC,1,MF,14869389,14867664,364,342,57097,57136,Langley Centre @ Bay 4,Langley Centre @ Bay 2,57097,Langley Centre,62730,63210,in_service_layover,62.62939936076752,68.30371417149634,32.0031355325105,480,8.0,17:25:30,17:33:30,False,,no_dispenser,0
2161625,heavy,320.0,12.0,40-ft,STC,1,MF,14863368,14863443,320,320,57136,57136,Langley Centre @ Bay 2,Langley Centre @ Bay 2,57136,Langley Centre,62850,63270,in_service_layover,60.060043695578955,65.29266419358069,29.511979608729803,420,7.0,17:27:30,17:34:30,False,,no_dispenser,0
2163937,heavy,503.0,20.0,40-ft,STC,1,MF,14867619,14869440,342,364,57143,57097,Langley Centre @ Bay 5,Langley Centre @ Bay 4,57143,Langley Centre,63090,63330,in_service_layover,66.81312464805605,69.56580118941045,15.525095693238882,240,4.0,17:31:30,17:35:30,False,,no_dispenser,0
2161660,heavy,502.0,9.0,40-ft,STC,1,MF,14874533,14874468,501,501,57027,57027,Langley Centre @ Bay 3,Langley Centre @ Bay 3,57027,Langley Centre,63090,63750,in_service_layover,53.72160381602983,62.26556413459331,48.18793619669805,660,11.0,17:31:30,17:42:30,False,,no_dispenser,0
2162408,heavy,502.0,8.0,40-ft,STC,1,MF,14863312,14863442,320,320,57136,57136,Langley Centre @ Bay 2,Langley Centre @ Bay 2,57136,Langley Centre,63690,64950,in_service_layover,56.199689657913375,70.66421809098699,81.57994036253513,1260,21.0,17:41:30,18:02:30,False,,no_dispenser,0
2161605,heavy,503.0,21.0,40-ft,STC,1,MF,14867644,14869445,342,364,57143,57097,Langley Centre @ Bay 5,Langley Centre @ Bay 4,57143,Langley Centre,63930,64350,in_service_layover,66.7813290892145,71.42475917485346,26.18894568300385,420,7.0,17:45:30,17:52:30,False,,no_dispenser,0
2161630,heavy,502.0,21.0,40-ft,STC,1,MF,14874509,14863376,501,320,57027,57136,Langley Centre @ Bay 3,Langley Centre @ Bay 2,57027,Langley Centre,64050,64230,in_service_layover,66.89860446335916,68.98345412903589,11.758552114416716,180,3.0,17:47:30,17:50:30,False,,no_dispenser,0
2161905,heavy,502.0,11.0,40-ft,STC,1,MF,14874779,14874898,502,502,57143,57027,Langley Centre @ Bay 5,Langley Centre @ Bay 3,57143,Langley Centre,64230,64530,in_service_layover,58.15463056739534,62.06562682285115,22.05801888077076,300,5.0,17:50:30,17:55:30,False,,no_dispenser,0
2163903,heavy,502.0,13.0,40-ft,STC,1,MF,14869392,14869427,364,364,57097,57097,Langley Centre @ Bay 4,Langley Centre @ Bay 4,57097,Langley Centre,64470,65370,in_service_layover,61.155603415038826,71.2198353755935,56.762268257528376,900,15.0,17:54:30,18:09:30,False,,no_dispenser,0
2165199,heavy,502.0,69.0,40-ft,STC,1,MF,14867596,14867662,342,342,57143,57136,Langley Centre @ Bay 5,Langley Centre @ Bay 2,57143,Langley Centre,64830,65610,in_service_layover,66.7813290892145,74.72428673323648,44.79828111228409,780,13.0,18:00:30,18:13:30,False,,no_dispenser,0
2161991,heavy,503.0,18.0,40-ft,STC,1,MF,14874767,14874893,502,502,57143,57027,Langley Centre @ Bay 5,Langley Centre @ Bay 3,57143,Langley Centre,64950,65250,in_service_layover,42.9473685232121,46.75295676758455,21.463517698260603,300,5.0,18:02:30,18:07:30,False,,no_dispenser,0
2161716,heavy,321.0,12.0,40-ft,STC,1,MF,14870731,14876823,395,595,57143,57097,Langley Centre @ Bay 5,Langley Centre @ Bay 4,57143,Langley Centre,64950,65850,in_service_layover,31.273255386718983,42.61304602990942,63.95641922759404,900,15.0,18:02:30,18:17:30,False,,no_dispenser,0
2161576,heavy,320.0,31.0,40-ft,STC,1,MF,14863374,14863440,320,320,57136,57136,Langley Centre @ Bay 2,Langley Centre @ Bay 2,57136,Langley Centre,65430,66510,in_service_layover,48.919730478911056,62.711204949196095,77.78391601240764,1080,18.0,18:10:30,18:28:30,False,,no_dispenser,0
2161573,heavy,502.0,7.0,40-ft,STC,1,MF,14874510,14874477,501,501,57027,57027,Langley Centre @ Bay 3,Langley Centre @ Bay 3,57027,Langley Centre,65490,65910,in_service_layover,41.072918892406506,46.39636151765578,30.024216406405884,420,7.0,18:11:30,18:18:30,False,,no_dispenser,0
2161631,heavy,502.0,15.0,40-ft,STC,1,MF,14874785,14874840,502,502,57143,57027,Langley Centre @ Bay 5,Langley Centre @ Bay 3,57143,Langley Centre,65490,65970,in_service_layover,54.08320997072595,60.37501046789259,35.48575480401985,480,8.0,18:11:30,18:19:30,False,,no_dispenser,0
2161990,heavy,502.0,4.0,40-ft,STC,1,MF,14867628,14867708,342,342,57143,57136,Langley Centre @ Bay 5,Langley Centre @ Bay 2,57143,Langley Centre,65610,66810,in_service_layover,46.982696545700286,62.27706926827794,86.26026215533795,1200,20.0,18:13:30,18:33:30,False,,no_dispenser,0
2161544,heavy,320.0,13.0,40-ft,STC,1,MF,14874783,14905795,502,502,57143,57027,Langley Centre @ Bay 5,Langley Centre @ Bay 3,57143,Langley Centre,66270,66690,in_service_layover,48.233313075000744,53.638683685999354,30.486290246032183,420,7.0,18:24:30,18:31:30,False,,no_dispenser,0
2161600,heavy,503.0,1.0,40-ft,STC,1,MF,14867645,14869404,342,364,57143,57097,Langley Centre @ Bay 5,Langley Centre @ Bay 4,57143,Langley Centre,66510,67290,in_service_layover,59.06693505938405,68.37546369970411,52.50010153140511,780,13.0,18:28:30,18:41:30,False,,no_dispenser,0
2161645,heavy,320.0,11.0,40-ft,STC,1,MF,14863316,14874469,320,501,57136,57027,Langley Centre @ Bay 2,Langley Centre @ Bay 3,57136,Langley Centre,66690,67050,in_service_layover,48.22543494278884,52.84874465740427,26.07546679043105,360,6.0,18:31:30,18:37:30,False,,no_dispenser,0
2161651,heavy,502.0,12.0,40-ft,STC,1,MF,14874793,14874867,502,502,57143,57027,Langley Centre @ Bay 5,Langley Centre @ Bay 3,57143,Langley Centre,66750,67410,in_service_layover,60.62014016521965,68.43997697636684,44.103879614870095,660,11.0,18:32:30,18:43:30,False,,no_dispenser,0
2161546,heavy,320.0,2.0,40-ft,STC,1,MF,14869373,14867661,364,342,57097,57136,Langley Centre @ Bay 4,Langley Centre @ Bay 2,57097,Langley Centre,66930,68010,in_service_layover,33.18448246568659,46.86527293228181,77.15965823159706,1080,18.0,18:35:30,18:53:30,False,,no_dispenser,0
2161575,heavy,320.0,5.0,40-ft,STC,1,MF,14870732,14874478,395,501,57143,57027,Langley Centre @ Bay 5,Langley Centre @ Bay 3,57143,Langley Centre,67050,68610,in_service_layover,41.59959090572503,61.34486314411854,111.3633354245394,1560,26.0,18:37:30,19:03:30,False,,no_dispenser,0
2161624,heavy,320.0,25.0,40-ft,STC,1,MF,14876859,14876824,595,595,57097,57097,Langley Centre @ Bay 4,Langley Centre @ Bay 4,57097,Langley Centre,67230,67650,in_service_layover,59.070989327574,64.39100311935067,30.00487778562041,420,7.0,18:40:30,18:47:30,False,,no_dispenser,0
2161632,heavy,502.0,10.0,40-ft,STC,1,MF,14867627,14863438,342,320,57143,57136,Langley Centre @ Bay 5,Langley Centre @ Bay 2,57143,Langley Centre,67290,67950,in_service_layover,40.97140309705507,49.37178143151793,47.378133806370556,660,11.0,18:41:30,18:52:30,False,,no_dispenser,0
2161737,heavy,320.0,37.0,40-ft,STC,1,MF,14867626,14869403,342,364,57143,57097,Langley Centre @ Bay 5,Langley Centre @ Bay 4,57143,Langley Centre,68010,68970,in_service_layover,59.938348274268584,70.7996473620771,61.25772685523998,960,16.0,18:53:30,19:09:30,False,,no_dispenser,0
2161507,heavy,312.0,2.0,40-ft,STC,1,MF,14863315,14876825,320,595,57136,57097,Langley Centre @ Bay 2,Langley Centre @ Bay 4,57136,Langley Centre,68010,69450,in_service_layover,56.76080345984792,72.53054614499561,88.94134874423298,1440,24.0,18:53:30,19:17:30,False,,no_dispenser,0
2162188,heavy,503.0,12.0,40-ft,STC,1,MF,14905304,14874866,502,502,57143,57027,Langley Centre @ Bay 5,Langley Centre @ Bay 3,57143,Langley Centre,68130,68310,in_service_layover,27.75103653289337,29.991717678860518,12.63744166325472,180,3.0,18:55:30,18:58:30,False,,no_dispenser,0
2161649,heavy,503.0,2.0,40-ft,STC,1,MF,14869371,14867660,364,342,57097,57136,Langley Centre @ Bay 4,Langley Centre @ Bay 2,57097,Langley Centre,68670,69210,in_service_layover,57.94345078211263,64.76979299191534,38.50057006328734,540,9.0,19:04:30,19:13:30,False,,no_dispenser,0
2161633,heavy,320.0,44.0,40-ft,STC,1,MF,14863314,14863436,320,320,57136,57136,Langley Centre @ Bay 2,Langley Centre @ Bay 2,57136,Langley Centre,68670,69810,in_service_layover,59.30373544003324,71.90421852301316,71.06672458800665,1140,19.0,19:04:30,19:23:30,False,,no_dispenser,0
2165205,heavy,502.0,22.0,40-ft,STC,1,MF,14874764,14905305,502,502,57143,57027,Langley Centre @ Bay 5,Langley Centre @ Bay 3,57143,Langley Centre,68850,69210,in_service_layover,66.9652334395357,70.98179820957643,22.653425303029678,360,6.0,19:07:30,19:13:30,False,,no_dispenser,0
2162112,heavy,502.0,19.0,40-ft,STC,1,MF,14874773,14874900,502,502,57143,57027,Langley Centre @ Bay 5,Langley Centre @ Bay 3,57143,Langley Centre,69450,70110,in_service_layover,36.63952872473731,44.984620185010044,47.06631583593821,660,11.0,19:17:30,19:28:30,False,,no_dispenser,0
2161984,heavy,503.0,7.0,40-ft,STC,1,MF,14869391,14869402,364,364,57097,57097,Langley Centre @ Bay 4,Langley Centre @ Bay 4,57097,Langley Centre,69750,70770,in_service_layover,61.30436746753922,72.38776666789799,62.51037149002343,1020,17.0,19:22:30,19:39:30,False,,no_dispenser,0
2161501,heavy,312.0,3.0,40-ft,STC,1,MF,14867625,14867709,342,342,57143,57136,Langley Centre @ Bay 5,Langley Centre @ Bay 2,57143,Langley Centre,69810,70410,in_service_layover,52.76002677950812,60.593657257540826,44.18167589610448,600,10.0,19:23:30,19:33:30,False,,no_dispenser,0
2165312,heavy,320.0,35.0,40-ft,STC,1,MF,14874529,14874451,501,501,57027,57027,Langley Centre @ Bay 3,Langley Centre @ Bay 3,57027,Langley Centre,69870,70410,in_service_layover,34.319688669808315,41.12028607580754,38.35536936983567,540,9.0,19:24:30,19:33:30,False,,no_dispenser,0
2161917,heavy,502.0,1.0,40-ft,STC,1,MF,14874812,14874865,502,502,57143,57027,Langley Centre @ Bay 5,Langley Centre @ Bay 3,57143,Langley Centre,70530,71010,in_service_layover,32.886374526682985,38.91735642958377,34.01473793236045,480,8.0,19:35:30,19:43:30,False,,no_dispenser,0
2161504,heavy,312.0,1.0,40-ft,STC,1,MF,14867624,14876826,342,595,57143,57097,Langley Centre @ Bay 5,Langley Centre @ Bay 4,57143,Langley Centre,70890,71250,in_service_layover,57.313915428152626,62.00818487328892,26.47567967056864,360,6.0,19:41:30,19:47:30,False,,no_dispenser,0
2161623,heavy,502.0,49.0,40-ft,STC,1,MF,14869370,14867659,364,342,57097,57136,Langley Centre @ Bay 4,Langley Centre @ Bay 2,57097,Langley Centre,70950,71610,in_service_layover,60.68454691780223,68.49539829921909,44.0532017911911,660,11.0,19:42:30,19:53:30,False,,no_dispenser,0
2161716,heavy,321.0,12.0,40-ft,STC,1,MF,14876862,14874862,595,502,57097,57027,Langley Centre @ Bay 4,Langley Centre @ Bay 3,57097,Langley Centre,71310,71910,in_service_layover,30.54379250445737,38.07218917254441,42.46015720801091,600,10.0,19:48:30,19:58:30,False,,no_dispenser,0
2163821,heavy,320.0,14.0,40-ft,STC,1,MF,14874520,14874436,501,501,57027,57027,Langley Centre @ Bay 3,Langley Centre @ Bay 3,57027,Langley Centre,71310,72270,in_service_layover,59.5318757854597,70.49132580536842,61.811298112285215,960,16.0,19:48:30,20:04:30,False,,no_dispenser,0
2163937,heavy,503.0,20.0,40-ft,STC,1,MF,14869369,14867658,364,342,57097,57136,Langley Centre @ Bay 4,Langley Centre @ Bay 2,57097,Langley Centre,71970,72810,in_service_layover,62.96267139256627,72.13518120882961,51.73295536372518,840,14.0,19:59:30,20:13:30,False,,no_dispenser,0
2161625,heavy,320.0,12.0,40-ft,STC,1,MF,14863358,14863433,320,320,57136,57136,Langley Centre @ Bay 2,Langley Centre @ Bay 2,57136,Langley Centre,72150,72870,in_service_layover,53.700705847039806,62.96715958900242,52.262799104669114,720,12.0,20:02:30,20:14:30,False,,no_dispenser,0
2161905,heavy,502.0,11.0,40-ft,STC,1,MF,14874741,14874864,502,502,57143,57027,Langley Centre @ Bay 5,Langley Centre @ Bay 3,57143,Langley Centre,72210,72810,in_service_layover,55.864687934824985,63.56244087382563,43.41532657596366,600,10.0,20:03:30,20:13:30,False,,no_dispenser,0
2163903,heavy,502.0,13.0,40-ft,STC,1,MF,14869394,14869401,364,364,57097,57097,Langley Centre @ Bay 4,Langley Centre @ Bay 4,57097,Langley Centre,73170,74370,in_service_layover,59.448235061836264,72.49855685400355,73.60381490782356,1200,20.0,20:19:30,20:39:30,False,,no_dispenser,0
2161631,heavy,502.0,15.0,40-ft,STC,1,MF,14874781,14874832,502,502,57143,57027,Langley Centre @ Bay 5,Langley Centre @ Bay 3,57143,Langley Centre,73530,73710,in_service_layover,56.41754069302102,58.79134148300169,13.388236455490983,180,3.0,20:25:30,20:28:30,False,,no_dispenser,0
2161991,heavy,503.0,18.0,40-ft,STC,1,MF,14863356,14874450,320,501,57136,57027,Langley Centre @ Bay 2,Langley Centre @ Bay 3,57136,Langley Centre,73590,74070,in_service_layover,39.243294791698226,45.31851549373741,34.264244759501,480,8.0,20:26:30,20:34:30,False,,no_dispenser,0
2161651,heavy,502.0,12.0,40-ft,STC,1,MF,14874811,14874848,502,502,57143,57027,Langley Centre @ Bay 5,Langley Centre @ Bay 3,57143,Langley Centre,74250,74670,in_service_layover,56.76971439093907,62.232518253218814,30.810213783257723,420,7.0,20:37:30,20:44:30,False,,no_dispenser,0
2161574,heavy,320.0,52.0,40-ft,STC,1,MF,14869368,14867657,364,342,57097,57136,Langley Centre @ Bay 4,Langley Centre @ Bay 2,57097,Langley Centre,74550,74790,in_service_layover,63.87091779307676,66.76590985959794,16.32775525517951,240,4.0,20:42:30,20:46:30,False,,no_dispenser,0
2161576,heavy,320.0,31.0,40-ft,STC,1,MF,14874527,14874437,501,501,57027,57027,Langley Centre @ Bay 3,Langley Centre @ Bay 3,57027,Langley Centre,74670,75930,in_service_layover,50.35822707019641,65.98707848952418,88.14672200500854,1260,21.0,20:44:30,21:05:30,False,,no_dispenser,0
2162188,heavy,503.0,12.0,40-ft,STC,1,MF,14874771,14874851,502,502,57143,57027,Langley Centre @ Bay 5,Langley Centre @ Bay 3,57143,Langley Centre,75150,75630,in_service_layover,20.470143180555787,26.41780816059846,33.54483048744069,480,8.0,20:52:30,21:00:30,False,,no_dispenser,0
2161649,heavy,503.0,2.0,40-ft,STC,1,MF,14867647,14867656,342,342,57143,57136,Langley Centre @ Bay 5,Langley Centre @ Bay 2,57143,Langley Centre,75450,76830,in_service_layover,54.71143655036042,70.59369353830871,89.57592941202842,1380,23.0,20:57:30,21:20:30,False,,no_dispenser,0
2161504,heavy,312.0,1.0,40-ft,STC,1,MF,14876865,14863431,595,320,57097,57136,Langley Centre @ Bay 4,Langley Centre @ Bay 2,57097,Langley Centre,75990,76290,in_service_layover,51.00460346787962,54.889891056513505,21.913021999895136,300,5.0,21:06:30,21:11:30,False,,no_dispenser,0
2165205,heavy,502.0,22.0,40-ft,STC,1,MF,14874809,14869429,502,364,57143,57097,Langley Centre @ Bay 5,Langley Centre @ Bay 4,57143,Langley Centre,76050,76290,in_service_layover,61.242767580096356,64.26202206803507,17.0285953119743,240,4.0,21:07:30,21:11:30,False,,no_dispenser,0
2161737,heavy,320.0,37.0,40-ft,STC,1,MF,14869367,14874884,364,502,57097,57027,Langley Centre @ Bay 4,Langley Centre @ Bay 3,57097,Langley Centre,76230,76530,in_service_layover,59.06290283991109,62.932231176244194,21.823011816918665,300,5.0,21:10:30,21:15:30,False,,no_dispenser,0
2161575,heavy,320.0,5.0,40-ft,STC,1,MF,14874521,14874449,501,501,57027,57027,Langley Centre @ Bay 3,Langley Centre @ Bay 3,57027,Langley Centre,76470,77610,in_service_layover,46.1372972544073,60.773955953869915,82.55075506496917,1140,19.0,21:14:30,21:33:30,False,,no_dispenser,0
2161630,heavy,502.0,21.0,40-ft,STC,1,MF,14863311,14876829,320,595,57136,57097,Langley Centre @ Bay 2,Langley Centre @ Bay 4,57136,Langley Centre,76890,77130,in_service_layover,55.176656908563295,58.33231141413695,17.797891411435387,240,4.0,21:21:30,21:25:30,False,,no_dispenser,0
2162112,heavy,502.0,19.0,40-ft,STC,1,MF,14874816,14874831,502,502,57143,57027,Langley Centre @ Bay 5,Langley Centre @ Bay 3,57143,Langley Centre,76950,77430,in_service_layover,35.5557942089135,41.60535301953298,34.11951169189388,480,8.0,21:22:30,21:30:30,False,,no_dispenser,0
2161853,heavy,320.0,18.0,40-ft,STC,1,MF,14875320,14875406,503,503,55299,55299,Langley Centre @ Bay 1,Langley Centre @ Bay 1,55299,Langley Centre,77490,78150,in_service_layover,33.092742358675196,41.40389518998076,46.87490196856342,660,11.0,21:31:30,21:42:30,False,,no_dispenser,0
2161917,heavy,502.0,1.0,40-ft,STC,1,MF,14874806,14874910,502,502,57143,57027,Langley Centre @ Bay 5,Langley Centre @ Bay 3,57143,Langley Centre,77850,78630,in_service_layover,29.45158529844666,39.24574180018935,55.23904266982876,780,13.0,21:37:30,21:50:30,False,,no_dispenser,0
2165312,heavy,320.0,35.0,40-ft,STC,1,MF,14874526,14874438,501,501,57027,57027,Langley Centre @ Bay 3,Langley Centre @ Bay 3,57027,Langley Centre,78150,79290,in_service_layover,25.779982880278197,40.09127386227799,80.71568113847883,1140,19.0,21:42:30,22:01:30,False,,no_dispenser,0
2161540,heavy,320.0,21.0,40-ft,STC,1,MF,14863351,14869448,320,364,57136,57097,Langley Centre @ Bay 2,Langley Centre @ Bay 4,57136,Langley Centre,78630,79830,in_service_layover,47.52146475156474,62.78025424172776,86.0595727245194,1200,20.0,21:50:30,22:10:30,False,,no_dispenser,0
2161905,heavy,502.0,11.0,40-ft,STC,1,MF,14874760,14874882,502,502,57143,57027,Langley Centre @ Bay 5,Langley Centre @ Bay 3,57143,Langley Centre,79530,79830,in_service_layover,55.09031618794265,59.041354758585996,22.28385753842855,300,5.0,22:05:30,22:10:30,False,,no_dispenser,0
2163821,heavy,320.0,14.0,40-ft,STC,1,MF,14874508,14874485,501,501,57027,57027,Langley Centre @ Bay 3,Langley Centre @ Bay 3,57027,Langley Centre,79770,81210,in_service_layover,56.622589934012716,72.43637521527859,89.18974898633957,1440,24.0,22:09:30,22:33:30,False,,no_dispenser,0
2165010,heavy,319.0,3.0,40-ft,STC,1,MF,14867621,14867711,342,342,57143,57136,Langley Centre @ Bay 5,Langley Centre @ Bay 2,57143,Langley Centre,80130,80430,in_service_layover,64.53237874186422,68.07621516383966,19.987237419941437,300,5.0,22:15:30,22:20:30,False,,no_dispenser,0
2161631,heavy,502.0,15.0,40-ft,STC,1,MF,14874759,14874836,502,502,57143,57027,Langley Centre @ Bay 5,Langley Centre @ Bay 3,57143,Langley Centre,80430,81030,in_service_layover,51.111375339126774,58.952437308253735,44.22358950587608,600,10.0,22:20:30,22:30:30,False,,no_dispenser,0
2161630,heavy,502.0,21.0,40-ft,STC,1,MF,14876868,14874833,595,502,57097,57027,Langley Centre @ Bay 4,Langley Centre @ Bay 3,57097,Langley Centre,81570,82230,in_service_layover,47.328730008727646,55.86954174506309,48.17017819293187,660,11.0,22:39:30,22:50:30,False,,no_dispenser,0
2162410,heavy,503.0,19.0,40-ft,STC,1,MF,14875309,14875411,503,503,55299,55299,Langley Centre @ Bay 1,Langley Centre @ Bay 1,55299,Langley Centre,81750,82350,in_service_layover,30.253379735531126,37.77925011895198,42.445908962493604,600,10.0,22:42:30,22:52:30,False,,no_dispenser,0
2161637,heavy,320.0,1.0,40-ft,STC,1,MF,14874817,14874881,502,502,57143,57027,Langley Centre @ Bay 5,Langley Centre @ Bay 3,57143,Langley Centre,82110,83430,in_service_layover,61.43540890678738,74.79102293490655,75.3256631185921,1320,22.0,22:48:30,23:10:30,False,,no_dispenser,0
2165205,heavy,502.0,22.0,40-ft,STC,1,MF,14869397,14876831,364,595,57097,57097,Langley Centre @ Bay 4,Langley Centre @ Bay 4,57097,Langley Centre,83370,84330,in_service_layover,55.88297569142902,67.57659991027815,65.9520405943091,960,16.0,23:09:30,23:25:30,False,,no_dispenser,0
2161576,heavy,320.0,31.0,40-ft,STC,1,MF,14874504,14874439,501,501,57027,57027,Langley Centre @ Bay 3,Langley Centre @ Bay 3,57027,Langley Centre,83430,83910,in_service_layover,56.00921657213529,62.24642271132429,35.17784262502596,480,8.0,23:10:30,23:18:30,False,,no_dispenser,0
2161649,heavy,503.0,2.0,40-ft,STC,1,MF,14867652,14867712,342,342,57143,57136,Langley Centre @ Bay 5,Langley Centre @ Bay 2,57143,Langley Centre,83730,84030,in_service_layover,68.63939873208994,71.914350391542,18.470727359309592,300,5.0,23:15:30,23:20:30,False,,no_dispenser,0
2161917,heavy,502.0,1.0,40-ft,STC,1,MF,14874803,14874835,502,502,57143,57027,Langley Centre @ Bay 5,Langley Centre @ Bay 3,57143,Langley Centre,84510,84750,in_service_layover,26.76816260658204,29.754326937697023,16.841966827488477,240,4.0,23:28:30,23:32:30,False,,no_dispenser,0
2161905,heavy,502.0,11.0,40-ft,STC,1,MF,14874810,14874880,502,502,57143,57027,Langley Centre @ Bay 5,Langley Centre @ Bay 3,57143,Langley Centre,85650,86070,in_service_layover,47.41602196260723,52.80753466154374,30.40813162200186,420,7.0,23:47:30,23:54:30,False,,no_dispenser,0
2161540,heavy,320.0,21.0,40-ft,STC,1,MF,14869398,14869450,364,364,57097,57097,Langley Centre @ Bay 4,Langley Centre @ Bay 4,57097,Langley Centre,86730,87030,in_service_layover,54.48294581674597,58.42461705622992,22.231025790689557,300,5.0,24:05:30,24:10:30,False,,no_dispenser,0
2161631,heavy,502.0,15.0,40-ft,STC,1,MF,14874746,14874834,502,502,57143,57027,Langley Centre @ Bay 5,Langley Centre @ Bay 3,57143,Langley Centre,86790,87390,in_service_layover,46.54571771083725,54.27499122805888,43.59310263712996,600,10.0,24:06:30,24:16:30,False,,no_dispenser,0
2165312,heavy,320.0,35.0,40-ft,STC,1,MF,14874513,14863425,501,320,57027,57136,Langley Centre @ Bay 3,Langley Centre @ Bay 2,57027,Langley Centre,87090,87570,in_service_layover,34.61009058723506,40.6530680989205,34.0823931659059,480,8.0,24:11:30,24:19:30,False,,no_dispenser,0
2161630,heavy,502.0,21.0,40-ft,STC,1,MF,14874802,14874830,502,502,57143,57027,Langley Centre @ Bay 5,Langley Centre @ Bay 3,57143,Langley Centre,87930,88710,in_service_layover,41.142156431719975,51.10500103830903,56.1904435811623,780,13.0,24:25:30,24:38:30,False,,no_dispenser,0
2161166,heavy,210.0,2.0,40-ft,BTC,1,MF,14857024,14856960,228,228,58725,54196,Lonsdale Quay @ Bay 4,Lonsdale Quay @ Bay 2,58725,Lonsdale Quay,27450,27750,in_service_layover,66.44593328671999,69.86965830915558,19.309809126536663,300,5.0,07:37:30,07:42:30,False,,no_dispenser,0
2161212,heavy,240.0,52.0,40-ft,BTC,1,MF,14859439,14857720,249,231,58725,60473,Lonsdale Quay @ Bay 4,Lonsdale Quay @ Bay 9,58725,Lonsdale Quay,29370,29970,in_service_layover,67.51427840543775,73.7841108921035,35.36185522479485,600,10.0,08:09:30,08:19:30,False,,no_dispenser,0
2160073,heavy,210.0,7.0,40-ft,BTC,1,MF,14857566,14857521,230,230,58725,54516,Lonsdale Quay @ Bay 4,Lonsdale Quay @ Bay 8,58725,Lonsdale Quay,29610,29910,in_service_layover,69.37335528744467,72.59588021488005,18.17504059073559,300,5.0,08:13:30,08:18:30,False,,no_dispenser,0
2161169,heavy,210.0,9.0,40-ft,BTC,1,MF,14857028,14856983,228,228,58725,54196,Lonsdale Quay @ Bay 4,Lonsdale Quay @ Bay 2,58725,Lonsdale Quay,29730,29970,in_service_layover,65.92398999612038,68.72126468805574,15.776629262515428,240,4.0,08:15:30,08:19:30,False,,no_dispenser,0
2161228,heavy,210.0,75.0,40-ft,BTC,1,MF,14859433,14859376,249,249,58725,50980,Lonsdale Quay @ Bay 4,Lonsdale Quay @ Bay 5,58725,Lonsdale Quay,30210,30390,in_service_layover,63.13208240487741,65.35080288697395,12.513583519024507,180,3.0,08:23:30,08:26:30,False,,no_dispenser,0
2161096,heavy,210.0,3.0,40-ft,BTC,1,MF,14857993,14857238,236,229,58725,54421,Lonsdale Quay @ Bay 4,Lonsdale Quay @ Bay 1,58725,Lonsdale Quay,30270,30510,in_service_layover,60.60360940654892,63.6530841390998,17.199037491586978,240,4.0,08:24:30,08:28:30,False,,no_dispenser,0
2161166,heavy,210.0,2.0,40-ft,BTC,1,MF,14857056,14859375,228,249,58725,50980,Lonsdale Quay @ Bay 4,Lonsdale Quay @ Bay 5,58725,Lonsdale Quay,31590,31770,in_service_layover,62.16990921151348,64.42274931039597,12.706018157697315,180,3.0,08:46:30,08:49:30,False,,no_dispenser,0
2160073,heavy,210.0,7.0,40-ft,BTC,1,MF,14857569,14857952,230,236,58725,54134,Lonsdale Quay @ Bay 4,Lonsdale Quay @ Bay 6,58725,Lonsdale Quay,33450,33690,in_service_layover,66.3598421176003,69.13549812582298,15.654699886375965,240,4.0,09:17:30,09:21:30,False,,no_dispenser,0
2161169,heavy,210.0,9.0,40-ft,BTC,1,MF,14857023,14859374,228,249,58725,50980,Lonsdale Quay @ Bay 4,Lonsdale Quay @ Bay 5,58725,Lonsdale Quay,33810,34050,in_service_layover,61.02151559041364,64.05123116533498,17.087595842556368,240,4.0,09:23:30,09:27:30,False,,no_dispenser,0
2161094,heavy,210.0,6.0,40-ft,BTC,1,MF,14857960,14859373,236,249,58725,50980,Lonsdale Quay @ Bay 4,Lonsdale Quay @ Bay 5,58725,Lonsdale Quay,34530,35430,in_service_layover,60.664397135355955,70.82650026300394,57.314261639934614,900,15.0,09:35:30,09:50:30,False,,no_dispenser,0
2160688,heavy,210.0,8.0,40-ft,BTC,1,MF,14859428,14857933,249,236,58725,54134,Lonsdale Quay @ Bay 4,Lonsdale Quay @ Bay 6,58725,Lonsdale Quay,34890,35490,in_service_layover,54.47256491330712,62.25093322295186,43.8699972663963,600,10.0,09:41:30,09:51:30,False,,no_dispenser,0
2161089,heavy,210.0,23.0,40-ft,BTC,1,MF,14857055,14856991,228,228,58725,54196,Lonsdale Quay @ Bay 4,Lonsdale Quay @ Bay 2,58725,Lonsdale Quay,35070,35430,in_service_layover,60.85308058134602,65.32449330607325,25.2187677674616,360,6.0,09:44:30,09:50:30,False,,no_dispenser,0
2161195,heavy,210.0,5.0,40-ft,BTC,1,MF,14857572,14857520,230,230,58725,54516,Lonsdale Quay @ Bay 4,Lonsdale Quay @ Bay 8,58725,Lonsdale Quay,35130,35310,in_service_layover,57.772665092952835,60.15349909948936,13.427903796866019,180,3.0,09:45:30,09:48:30,False,,no_dispenser,0
2161168,heavy,210.0,19.0,40-ft,BTC,1,MF,14857297,14857494,229,230,58725,54516,Lonsdale Quay @ Bay 4,Lonsdale Quay @ Bay 8,58725,Lonsdale Quay,36210,36870,in_service_layover,59.96688440442105,67.87801765611452,44.61879153955118,660,11.0,10:03:30,10:14:30,False,,no_dispenser,0
2161138,heavy,210.0,18.0,40-ft,BTC,1,MF,14859427,14857934,249,236,58725,54134,Lonsdale Quay @ Bay 4,Lonsdale Quay @ Bay 6,58725,Lonsdale Quay,36570,37350,in_service_layover,59.75400128642497,68.93652899642666,51.78945628440948,780,13.0,10:09:30,10:22:30,False,,no_dispenser,0
2161085,heavy,240.0,28.0,40-ft,BTC,1,MF,14857057,14857010,228,228,58725,54196,Lonsdale Quay @ Bay 4,Lonsdale Quay @ Bay 2,58725,Lonsdale Quay,36810,37170,in_service_layover,64.93289153499727,69.1093544979488,23.555251111046744,360,6.0,10:13:30,10:19:30,False,,no_dispenser,0
2160073,heavy,210.0,7.0,40-ft,BTC,1,MF,14857962,14859371,236,249,58725,50980,Lonsdale Quay @ Bay 4,Lonsdale Quay @ Bay 5,58725,Lonsdale Quay,37410,38370,in_service_layover,61.00825315258439,71.63960955779265,59.96085012537458,960,16.0,10:23:30,10:39:30,False,,no_dispenser,0
2161096,heavy,210.0,3.0,40-ft,BTC,1,MF,14857296,14857499,229,230,58725,54516,Lonsdale Quay @ Bay 4,Lonsdale Quay @ Bay 8,58725,Lonsdale Quay,37770,38730,in_service_layover,50.694986374501916,62.98051719892352,69.29039384973788,960,16.0,10:29:30,10:45:30,False,,no_dispenser,0
2161087,heavy,210.0,17.0,40-ft,BTC,1,MF,14859426,14857955,249,236,58725,54134,Lonsdale Quay @ Bay 4,Lonsdale Quay @ Bay 6,58725,Lonsdale Quay,38130,38310,in_service_layover,56.57311085244964,58.94842471032394,13.396770158411073,180,3.0,10:35:30,10:38:30,False,,no_dispenser,0
2161195,heavy,210.0,5.0,40-ft,BTC,1,MF,14857554,14857229,230,229,58725,54421,Lonsdale Quay @ Bay 4,Lonsdale Quay @ Bay 1,58725,Lonsdale Quay,38730,38910,in_service_layover,53.983833423908976,56.33396409395836,13.254736979078473,180,3.0,10:45:30,10:48:30,False,,no_dispenser,0
2161166,heavy,210.0,2.0,40-ft,BTC,1,MF,14859425,14859370,249,249,58725,50980,Lonsdale Quay @ Bay 4,Lonsdale Quay @ Bay 5,58725,Lonsdale Quay,39330,40170,in_service_layover,48.484477209078655,59.39040599692736,61.50943836346676,840,14.0,10:55:30,11:09:30,False,,no_dispenser,0
2160695,heavy,210.0,27.0,40-ft,BTC,1,MF,14857295,14857513,229,230,58725,54516,Lonsdale Quay @ Bay 4,Lonsdale Quay @ Bay 8,58725,Lonsdale Quay,39570,40530,in_service_layover,68.28738608824862,77.29384673849327,50.796438067379825,960,16.0,10:59:30,11:15:30,False,,no_dispenser,0
2161168,heavy,210.0,19.0,40-ft,BTC,1,MF,14857570,14857236,230,229,58725,54421,Lonsdale Quay @ Bay 4,Lonsdale Quay @ Bay 1,58725,Lonsdale Quay,40410,40590,in_service_layover,61.70835198053414,63.97755935711095,12.798329603893194,180,3.0,11:13:30,11:16:30,False,,no_dispenser,0
2161089,heavy,210.0,23.0,40-ft,BTC,1,MF,14857050,14856990,228,228,58725,54196,Lonsdale Quay @ Bay 4,Lonsdale Quay @ Bay 2,58725,Lonsdale Quay,40410,40710,in_service_layover,57.62474420843115,61.55375617547455,22.159627494124777,300,5.0,11:13:30,11:18:30,False,,no_dispenser,0
2161169,heavy,210.0,9.0,40-ft,BTC,1,MF,14859424,14859369,249,249,58725,50980,Lonsdale Quay @ Bay 4,Lonsdale Quay @ Bay 5,58725,Lonsdale Quay,41190,41730,in_service_layover,48.11295906401766,55.08942704220912,39.34727939699985,540,9.0,11:26:30,11:35:30,False,,no_dispenser,0
2161097,heavy,210.0,86.0,40-ft,BTC,1,MF,14857294,14857530,229,230,58725,54516,Lonsdale Quay @ Bay 4,Lonsdale Quay @ Bay 8,58725,Lonsdale Quay,41250,42210,in_service_layover,59.918667968647334,70.78480476435097,61.285011527768575,960,16.0,11:27:30,11:43:30,False,,no_dispenser,0
2161085,heavy,240.0,28.0,40-ft,BTC,1,MF,14857016,14857008,228,228,58725,54196,Lonsdale Quay @ Bay 4,Lonsdale Quay @ Bay 2,58725,Lonsdale Quay,42210,42390,in_service_layover,61.40960540030671,63.68940662724618,12.858078919938634,180,3.0,11:43:30,11:46:30,False,,no_dispenser,0
2161096,heavy,210.0,3.0,40-ft,BTC,1,MF,14857577,14857234,230,229,58725,54421,Lonsdale Quay @ Bay 4,Lonsdale Quay @ Bay 1,58725,Lonsdale Quay,42210,42390,in_service_layover,56.81085152334314,59.188477635556325,13.409811272882393,180,3.0,11:43:30,11:46:30,False,,no_dispenser,0
2161094,heavy,210.0,6.0,40-ft,BTC,1,MF,14859423,14859368,249,249,58725,50980,Lonsdale Quay @ Bay 4,Lonsdale Quay @ Bay 5,58725,Lonsdale Quay,42870,43530,in_service_layover,54.888228161686605,63.36520857295592,47.81016951955894,660,11.0,11:54:30,12:05:30,False,,no_dispenser,0
2161195,heavy,210.0,5.0,40-ft,BTC,1,MF,14857293,14857503,229,230,58725,54516,Lonsdale Quay @ Bay 4,Lonsdale Quay @ Bay 8,58725,Lonsdale Quay,43050,44070,in_service_layover,49.8549152116594,62.894142192725454,73.54124017321254,1020,17.0,11:57:30,12:14:30,False,,no_dispenser,0
2160063,heavy,210.0,11.0,40-ft,BTC,1,MF,14857017,14857011,228,228,58725,54196,Lonsdale Quay @ Bay 4,Lonsdale Quay @ Bay 2,58725,Lonsdale Quay,43890,44070,in_service_layover,44.21437324911746,46.49801849262165,12.879759173363624,180,3.0,12:11:30,12:14:30,False,,no_dispenser,0
2161095,heavy,210.0,24.0,40-ft,BTC,1,MF,14857963,14857493,236,230,58725,54516,Lonsdale Quay @ Bay 4,Lonsdale Quay @ Bay 8,58725,Lonsdale Quay,44730,45870,in_service_layover,54.57205366727297,68.29660281580118,77.40645719769907,1140,19.0,12:25:30,12:44:30,False,,no_dispenser,0
2161168,heavy,210.0,19.0,40-ft,BTC,1,MF,14857292,14857243,229,229,58725,54421,Lonsdale Quay @ Bay 4,Lonsdale Quay @ Bay 1,58725,Lonsdale Quay,44790,45990,in_service_layover,57.498510474812,71.10504378844047,76.74084788886455,1200,20.0,12:26:30,12:46:30,False,,no_dispenser,0
2161097,heavy,210.0,86.0,40-ft,BTC,1,MF,14857551,14856974,230,228,58725,54196,Lonsdale Quay @ Bay 4,Lonsdale Quay @ Bay 2,58725,Lonsdale Quay,45810,45990,in_service_layover,64.61513908877059,66.78126890831773,12.216972182245854,180,3.0,12:43:30,12:46:30,False,,no_dispenser,0
2160712,heavy,210.0,25.0,40-ft,BTC,1,MF,14857038,14857938,228,236,58725,54134,Lonsdale Quay @ Bay 4,Lonsdale Quay @ Bay 6,58725,Lonsdale Quay,45810,46290,in_service_layover,54.831578630619205,61.10944457680157,35.40716393646858,480,8.0,12:43:30,12:51:30,False,,no_dispenser,0
2161096,heavy,210.0,3.0,40-ft,BTC,1,MF,14857291,14859366,229,249,58725,50980,Lonsdale Quay @ Bay 4,Lonsdale Quay @ Bay 5,58725,Lonsdale Quay,46590,46950,in_service_layover,52.709428753257384,57.41495368769209,26.539160630211768,360,6.0,12:56:30,13:02:30,False,,no_dispenser,0
2161087,heavy,210.0,17.0,40-ft,BTC,1,MF,14857964,14857495,236,230,58725,54516,Lonsdale Quay @ Bay 4,Lonsdale Quay @ Bay 8,58725,Lonsdale Quay,46590,47550,in_service_layover,42.69393476384676,55.07190109530573,69.8117301094286,960,16.0,12:56:30,13:12:30,False,,no_dispenser,0
2160073,heavy,210.0,7.0,40-ft,BTC,1,MF,14859421,14857004,249,228,58725,54196,Lonsdale Quay @ Bay 4,Lonsdale Quay @ Bay 2,58725,Lonsdale Quay,46650,47790,in_service_layover,55.70133745647532,69.19800751526095,76.12121913155096,1140,19.0,12:57:30,13:16:30,False,,no_dispenser,0
2161195,heavy,210.0,5.0,40-ft,BTC,1,MF,14857571,14857220,230,229,58725,54421,Lonsdale Quay @ Bay 4,Lonsdale Quay @ Bay 1,58725,Lonsdale Quay,47670,47850,in_service_layover,56.72447651714507,59.101262550199316,13.405073226425941,180,3.0,13:14:30,13:17:30,False,,no_dispenser,0
2160695,heavy,210.0,27.0,40-ft,BTC,1,MF,14857290,14857504,229,230,58725,54516,Lonsdale Quay @ Bay 4,Lonsdale Quay @ Bay 8,58725,Lonsdale Quay,48330,49410,in_service_layover,64.64513218061394,75.39569145233162,60.63315429248763,1080,18.0,13:25:30,13:43:30,False,,no_dispenser,0
2161166,heavy,210.0,2.0,40-ft,BTC,1,MF,14859420,14857259,249,229,58725,54421,Lonsdale Quay @ Bay 4,Lonsdale Quay @ Bay 1,58725,Lonsdale Quay,48510,49470,in_service_layover,43.45213389561003,55.853310802551725,69.94263775515117,960,16.0,13:28:30,13:44:30,False,,no_dispenser,0
2161095,heavy,210.0,24.0,40-ft,BTC,1,MF,14857545,14856988,230,228,58725,54196,Lonsdale Quay @ Bay 4,Lonsdale Quay @ Bay 2,58725,Lonsdale Quay,49470,49650,in_service_layover,62.1269371402208,64.38130107141863,12.714612571955854,180,3.0,13:44:30,13:47:30,False,,no_dispenser,0
2161080,heavy,210.0,4.0,40-ft,BTC,1,MF,14857037,14857940,228,236,58725,54134,Lonsdale Quay @ Bay 4,Lonsdale Quay @ Bay 6,58725,Lonsdale Quay,49470,49830,in_service_layover,45.374798666348724,49.963125345095776,25.878162468133354,360,6.0,13:44:30,13:50:30,False,,no_dispenser,0
2161168,heavy,210.0,19.0,40-ft,BTC,1,MF,14857289,14857223,229,229,58725,54421,Lonsdale Quay @ Bay 4,Lonsdale Quay @ Bay 1,58725,Lonsdale Quay,50070,50370,in_service_layover,64.62599490614151,68.16416498358451,19.955279236778438,300,5.0,13:54:30,13:59:30,False,,no_dispenser,0
2160712,heavy,210.0,25.0,40-ft,BTC,1,MF,14857966,14859364,236,249,58725,50980,Lonsdale Quay @ Bay 4,Lonsdale Quay @ Bay 5,58725,Lonsdale Quay,50190,50550,in_service_layover,52.98219960356298,57.69303045035817,26.56908597592485,360,6.0,13:56:30,14:02:30,False,,no_dispenser,0
2161169,heavy,210.0,9.0,40-ft,BTC,1,MF,14859419,14856993,249,228,58725,54196,Lonsdale Quay @ Bay 4,Lonsdale Quay @ Bay 2,58725,Lonsdale Quay,50310,51390,in_service_layover,39.151154940891786,53.001154553856914,78.11399781712333,1080,18.0,13:58:30,14:16:30,False,,no_dispenser,0
2161083,heavy,210.0,15.0,40-ft,BTC,1,MF,14857060,14857941,228,236,58725,54134,Lonsdale Quay @ Bay 4,Lonsdale Quay @ Bay 6,58725,Lonsdale Quay,51270,51570,in_service_layover,47.77809752065802,51.617687424283844,21.655287056449595,300,5.0,14:14:30,14:19:30,False,,no_dispenser,0
2161195,heavy,210.0,5.0,40-ft,BTC,1,MF,14857288,14857224,229,229,58725,54421,Lonsdale Quay @ Bay 4,Lonsdale Quay @ Bay 1,58725,Lonsdale Quay,51810,52110,in_service_layover,52.622213667900375,56.53372258830146,22.060910311062116,300,5.0,14:23:30,14:28:30,False,,no_dispenser,0
2160063,heavy,210.0,11.0,40-ft,BTC,1,MF,14857967,14859363,236,249,58725,50980,Lonsdale Quay @ Bay 4,Lonsdale Quay @ Bay 5,58725,Lonsdale Quay,51810,52170,in_service_layover,30.671024421740967,35.17666975506496,25.41183967994735,360,6.0,14:23:30,14:29:30,False,,no_dispenser,0
2161094,heavy,210.0,6.0,40-ft,BTC,1,MF,14859418,14856966,249,228,58725,54196,Lonsdale Quay @ Bay 4,Lonsdale Quay @ Bay 2,58725,Lonsdale Quay,51930,53130,in_service_layover,47.426936471638584,62.69221776933116,86.09618651898609,1200,20.0,14:25:30,14:45:30,False,,no_dispenser,0
2161166,heavy,210.0,2.0,40-ft,BTC,1,MF,14857316,14857217,229,229,58725,54421,Lonsdale Quay @ Bay 4,Lonsdale Quay @ Bay 1,58725,Lonsdale Quay,53370,53850,in_service_layover,49.374261920252785,55.58951584245174,35.05403212120211,480,8.0,14:49:30,14:57:30,False,,no_dispenser,0
2161080,heavy,210.0,4.0,40-ft,BTC,1,MF,14857968,14859362,236,249,58725,50980,Lonsdale Quay @ Bay 4,Lonsdale Quay @ Bay 5,58725,Lonsdale Quay,53850,54030,in_service_layover,41.835880371857186,44.11331850183808,12.844751053092267,180,3.0,14:57:30,15:00:30,False,,no_dispenser,0
2161168,heavy,210.0,19.0,40-ft,BTC,1,MF,14857287,14857248,229,229,58725,54421,Lonsdale Quay @ Bay 4,Lonsdale Quay @ Bay 1,58725,Lonsdale Quay,54270,54930,in_service_layover,61.68511610128555,69.3550658344186,43.25851649487032,660,11.0,15:04:30,15:15:30,False,,no_dispenser,0
2161087,heavy,210.0,17.0,40-ft,BTC,1,MF,14857568,14857946,230,236,58725,54134,Lonsdale Quay @ Bay 4,Lonsdale Quay @ Bay 6,58725,Lonsdale Quay,54990,55170,in_service_layover,42.73256974414497,45.01234794955016,12.857949078485262,180,3.0,15:16:30,15:19:30,False,,no_dispenser,0
2161096,heavy,210.0,3.0,40-ft,BTC,1,MF,14859416,14857013,249,228,58725,54196,Lonsdale Quay @ Bay 4,Lonsdale Quay @ Bay 2,58725,Lonsdale Quay,55470,56010,in_service_layover,41.47668158637477,48.337438659834305,38.6946698943118,540,9.0,15:24:30,15:33:30,False,,no_dispenser,0
2161195,heavy,210.0,5.0,40-ft,BTC,1,MF,14857268,14859361,229,249,58725,50980,Lonsdale Quay @ Bay 4,Lonsdale Quay @ Bay 5,58725,Lonsdale Quay,56250,56430,in_service_layover,50.054673706002504,52.36658955747762,13.039205402319567,180,3.0,15:37:30,15:40:30,False,,no_dispenser,0
2161169,heavy,210.0,9.0,40-ft,BTC,1,MF,14857045,14856968,228,228,58725,54196,Lonsdale Quay @ Bay 4,Lonsdale Quay @ Bay 2,58725,Lonsdale Quay,56790,57030,in_service_layover,45.30140545621483,48.352100660021264,17.20592094946832,240,4.0,15:46:30,15:50:30,False,,no_dispenser,0
2161164,heavy,210.0,41.0,40-ft,BTC,1,MF,14859415,14857014,249,228,58725,54196,Lonsdale Quay @ Bay 4,Lonsdale Quay @ Bay 2,58725,Lonsdale Quay,56790,57630,in_service_layover,63.53267817419296,72.59675682237976,51.12140357577357,840,14.0,15:46:30,16:00:30,False,,no_dispenser,0
2160695,heavy,210.0,27.0,40-ft,BTC,1,MF,14857555,14857947,230,236,58725,54134,Lonsdale Quay @ Bay 4,Lonsdale Quay @ Bay 6,58725,Lonsdale Quay,56850,57030,in_service_layover,63.05636010117084,65.27776577134209,12.528727979765847,180,3.0,15:47:30,15:50:30,False,,no_dispenser,0
2161166,heavy,210.0,2.0,40-ft,BTC,1,MF,14857285,14857523,229,230,58725,54516,Lonsdale Quay @ Bay 4,Lonsdale Quay @ Bay 8,58725,Lonsdale Quay,58050,58710,in_service_layover,49.11046696015279,57.70122297001302,48.45186389561172,660,11.0,16:07:30,16:18:30,False,,no_dispenser,0
2161168,heavy,210.0,19.0,40-ft,BTC,1,MF,14857269,14857718,229,231,58725,60473,Lonsdale Quay @ Bay 4,Lonsdale Quay @ Bay 9,58725,Lonsdale Quay,59130,59370,in_service_layover,62.87601695211965,65.8180492475277,16.59306214610143,240,4.0,16:25:30,16:29:30,False,,no_dispenser,0
2161083,heavy,210.0,15.0,40-ft,BTC,1,MF,14857556,14857232,230,229,58725,54421,Lonsdale Quay @ Bay 4,Lonsdale Quay @ Bay 1,58725,Lonsdale Quay,59250,59430,in_service_layover,37.32077677546487,39.586431914266704,12.77829498284234,180,3.0,16:27:30,16:30:30,False,,no_dispenser,0
2161087,heavy,210.0,17.0,40-ft,BTC,1,MF,14857973,14857943,236,236,58725,54134,Lonsdale Quay @ Bay 4,Lonsdale Quay @ Bay 6,58725,Lonsdale Quay,59310,60030,in_service_layover,36.885102976311565,45.99838668941145,51.39892014188331,720,12.0,16:28:30,16:40:30,False,,no_dispenser,0
2161084,heavy,210.0,20.0,40-ft,BTC,1,MF,14857560,14856970,230,228,58725,54196,Lonsdale Quay @ Bay 4,Lonsdale Quay @ Bay 2,58725,Lonsdale Quay,60390,60570,in_service_layover,55.63553033567713,58.001725330507014,13.345339770840553,180,3.0,16:46:30,16:49:30,False,,no_dispenser,0
2161168,heavy,210.0,19.0,40-ft,BTC,1,MF,14857712,14859357,231,249,60473,50980,Lonsdale Quay @ Bay 9,Lonsdale Quay @ Bay 5,60473,Lonsdale Quay,61050,61230,in_service_layover,63.51648363550639,65.72157286828985,12.43670327289874,180,3.0,16:57:30,17:00:30,False,,no_dispenser,0
2161169,heavy,210.0,9.0,40-ft,BTC,1,MF,14857031,14857930,228,236,58725,54134,Lonsdale Quay @ Bay 4,Lonsdale Quay @ Bay 6,58725,Lonsdale Quay,61110,61830,in_service_layover,40.652351562379174,49.82426886468976,51.72961358503173,720,12.0,16:58:30,17:10:30,False,,no_dispenser,0
2161098,heavy,210.0,42.0,40-ft,BTC,1,MF,14857542,14856976,230,228,58725,54196,Lonsdale Quay @ Bay 4,Lonsdale Quay @ Bay 2,58725,Lonsdale Quay,61350,61770,in_service_layover,69.77743172519251,74.12367611671661,24.512818368195838,420,7.0,17:02:30,17:09:30,False,,no_dispenser,0
2161078,heavy,210.0,14.0,40-ft,BTC,1,MF,14857988,14857531,236,230,58725,54516,Lonsdale Quay @ Bay 4,Lonsdale Quay @ Bay 8,58725,Lonsdale Quay,62130,62310,in_service_layover,43.04317222639708,45.323761005963064,12.862520716752158,180,3.0,17:15:30,17:18:30,False,,no_dispenser,0
2161164,heavy,210.0,41.0,40-ft,BTC,1,MF,14857021,14859356,228,249,58725,50980,Lonsdale Quay @ Bay 4,Lonsdale Quay @ Bay 5,58725,Lonsdale Quay,62130,62370,in_service_layover,64.89700772473766,67.743484900873,16.0541312734033,240,4.0,17:15:30,17:19:30,False,,no_dispenser,0
2161089,heavy,210.0,23.0,40-ft,BTC,1,MF,14857970,14857505,236,230,58725,54516,Lonsdale Quay @ Bay 4,Lonsdale Quay @ Bay 8,58725,Lonsdale Quay,62730,62970,in_service_layover,34.82555393146869,37.83975458375343,17.00009167888595,240,4.0,17:25:30,17:29:30,False,,no_dispenser,0
2160712,heavy,210.0,25.0,40-ft,BTC,1,MF,14857541,14857944,230,236,58725,54134,Lonsdale Quay @ Bay 4,Lonsdale Quay @ Bay 6,58725,Lonsdale Quay,63270,63570,in_service_layover,35.58509267346046,39.358658901968646,21.282913528786196,300,5.0,17:34:30,17:39:30,False,,no_dispenser,0
2161083,heavy,210.0,15.0,40-ft,BTC,1,MF,14857315,14857919,229,236,58725,54134,Lonsdale Quay @ Bay 4,Lonsdale Quay @ Bay 6,58725,Lonsdale Quay,63450,64350,in_service_layover,33.10738303196775,44.47157707620951,64.09405440952352,900,15.0,17:37:30,17:52:30,False,,no_dispenser,0
2161092,heavy,210.0,51.0,40-ft,BTC,1,MF,14857969,14857924,236,236,58725,54134,Lonsdale Quay @ Bay 4,Lonsdale Quay @ Bay 6,58725,Lonsdale Quay,64710,65070,in_service_layover,67.57600666149877,71.54253021853019,22.37119286165722,360,6.0,17:58:30,18:04:30,False,,no_dispenser,0
2160695,heavy,210.0,27.0,40-ft,BTC,1,MF,14857540,14859353,230,249,58725,50980,Lonsdale Quay @ Bay 4,Lonsdale Quay @ Bay 5,58725,Lonsdale Quay,64890,65070,in_service_layover,50.98085512252312,53.30177896994145,13.090010499439359,180,3.0,18:01:30,18:04:30,False,,no_dispenser,0
2161138,heavy,210.0,18.0,40-ft,BTC,1,MF,14859406,14857516,249,230,58725,54516,Lonsdale Quay @ Bay 4,Lonsdale Quay @ Bay 8,58725,Lonsdale Quay,64890,65550,in_service_layover,46.10087515165244,54.60905301046969,47.98612312372927,660,11.0,18:01:30,18:12:30,False,,no_dispenser,0
2161098,heavy,210.0,42.0,40-ft,BTC,1,MF,14857061,14856984,228,228,58725,54196,Lonsdale Quay @ Bay 4,Lonsdale Quay @ Bay 2,58725,Lonsdale Quay,65490,65910,in_service_layover,66.42392701907451,71.10133229924732,26.380565780174663,420,7.0,18:11:30,18:18:30,False,,no_dispenser,0
2161195,heavy,210.0,5.0,40-ft,BTC,1,MF,14859405,14857489,249,230,58725,54516,Lonsdale Quay @ Bay 4,Lonsdale Quay @ Bay 8,58725,Lonsdale Quay,65490,66150,in_service_layover,36.42831745616028,44.7713878697338,47.05491713255469,660,11.0,18:11:30,18:22:30,False,,no_dispenser,0
2161169,heavy,210.0,9.0,40-ft,BTC,1,MF,14857990,14859352,236,249,58725,50980,Lonsdale Quay @ Bay 4,Lonsdale Quay @ Bay 5,58725,Lonsdale Quay,65790,65970,in_service_layover,41.697023891451174,43.97409964997174,12.842707278055997,180,3.0,18:16:30,18:19:30,False,,no_dispenser,0
2161220,heavy,240.0,38.0,40-ft,BTC,1,MF,14859404,14857920,249,236,58725,54134,Lonsdale Quay @ Bay 4,Lonsdale Quay @ Bay 6,58725,Lonsdale Quay,65790,65970,in_service_layover,69.39220897804704,71.37791498197298,11.199381862142332,180,3.0,18:16:30,18:19:30,False,,no_dispenser,0
2161078,heavy,210.0,14.0,40-ft,BTC,1,MF,14857539,14857254,230,229,58725,54421,Lonsdale Quay @ Bay 4,Lonsdale Quay @ Bay 1,58725,Lonsdale Quay,65790,66210,in_service_layover,39.15409533038269,44.46585373736618,29.958317415386887,420,7.0,18:16:30,18:23:30,False,,no_dispenser,0
2161166,heavy,210.0,2.0,40-ft,BTC,1,MF,14857025,14857491,228,230,58725,54516,Lonsdale Quay @ Bay 4,Lonsdale Quay @ Bay 8,58725,Lonsdale Quay,66390,66750,in_service_layover,43.83180819679055,48.407131249868186,25.80482201935783,360,6.0,18:26:30,18:32:30,False,,no_dispenser,0
2161089,heavy,210.0,23.0,40-ft,BTC,1,MF,14857564,14859351,230,249,58725,50980,Lonsdale Quay @ Bay 4,Lonsdale Quay @ Bay 5,58725,Lonsdale Quay,66450,66930,in_service_layover,31.67008890817305,37.69260648984138,33.96699916060939,480,8.0,18:27:30,18:35:30,False,,no_dispenser,0
2160712,heavy,210.0,25.0,40-ft,BTC,1,MF,14857991,14856995,236,228,58725,54196,Lonsdale Quay @ Bay 4,Lonsdale Quay @ Bay 2,58725,Lonsdale Quay,67410,67710,in_service_layover,31.231413928730056,34.986043951549036,21.176113328699017,300,5.0,18:43:30,18:48:30,False,,no_dispenser,0
2161170,heavy,210.0,49.0,40-ft,BTC,1,MF,14857043,14857226,228,229,58725,54421,Lonsdale Quay @ Bay 4,Lonsdale Quay @ Bay 1,58725,Lonsdale Quay,67410,67830,in_service_layover,65.99036241781975,70.70856122853908,26.61064129245699,420,7.0,18:43:30,18:50:30,False,,no_dispenser,0
2160735,heavy,210.0,68.0,40-ft,BTC,1,MF,14859402,14857507,249,230,58725,54516,Lonsdale Quay @ Bay 4,Lonsdale Quay @ Bay 8,58725,Lonsdale Quay,67470,67950,in_service_layover,69.39220897804704,74.3335727107934,27.869291452689538,480,8.0,18:44:30,18:52:30,False,,no_dispenser,0
2161083,heavy,210.0,15.0,40-ft,BTC,1,MF,14857980,14857929,236,236,58725,54134,Lonsdale Quay @ Bay 4,Lonsdale Quay @ Bay 6,58725,Lonsdale Quay,68190,68370,in_service_layover,36.344332102970924,38.607439030260615,12.763923069913858,180,3.0,18:56:30,18:59:30,False,,no_dispenser,0
2161165,heavy,210.0,60.0,40-ft,BTC,1,MF,14857557,14857006,230,228,58725,54196,Lonsdale Quay @ Bay 4,Lonsdale Quay @ Bay 2,58725,Lonsdale Quay,68310,68550,in_service_layover,66.82223571763095,69.57444512111968,15.522461035676372,240,4.0,18:58:30,19:02:30,False,,no_dispenser,0
2161078,heavy,210.0,14.0,40-ft,BTC,1,MF,14857273,14856987,229,228,58725,54196,Lonsdale Quay @ Bay 4,Lonsdale Quay @ Bay 2,58725,Lonsdale Quay,69810,70230,in_service_layover,37.98680485506723,43.29145532520698,29.91822865158818,420,7.0,19:23:30,19:30:30,False,,no_dispenser,0
2161166,heavy,210.0,2.0,40-ft,BTC,1,MF,14857553,14857502,230,230,58725,54516,Lonsdale Quay @ Bay 4,Lonsdale Quay @ Bay 8,58725,Lonsdale Quay,70110,70710,in_service_layover,42.237465574287796,49.88220435514484,43.11632672403374,600,10.0,19:28:30,19:38:30,False,,no_dispenser,0
2160712,heavy,210.0,25.0,40-ft,BTC,1,MF,14857048,14859349,228,249,58725,50980,Lonsdale Quay @ Bay 4,Lonsdale Quay @ Bay 5,58725,Lonsdale Quay,71190,72150,in_service_layover,27.286294853906938,39.33461760524314,67.95254031753615,960,16.0,19:46:30,20:02:30,False,,no_dispenser,0
2161083,heavy,210.0,15.0,40-ft,BTC,1,MF,14857979,14857219,236,229,58725,54421,Lonsdale Quay @ Bay 4,Lonsdale Quay @ Bay 1,58725,Lonsdale Quay,71850,72390,in_service_layover,30.480194057022025,37.25073186625541,38.18583324407629,540,9.0,19:57:30,20:06:30,False,,no_dispenser,0
2161165,heavy,210.0,60.0,40-ft,BTC,1,MF,14857052,14856985,228,228,58725,54196,Lonsdale Quay @ Bay 4,Lonsdale Quay @ Bay 2,58725,Lonsdale Quay,71970,72150,in_service_layover,61.87469602347758,64.1380046751273,12.765060795304464,180,3.0,19:59:30,20:02:30,False,,no_dispenser,0
2160695,heavy,210.0,27.0,40-ft,BTC,1,MF,14859398,14857515,249,230,58725,54516,Lonsdale Quay @ Bay 4,Lonsdale Quay @ Bay 8,58725,Lonsdale Quay,72270,72570,in_service_layover,37.363506868624114,41.14480826065143,21.326539851034056,300,5.0,20:04:30,20:09:30,False,,no_dispenser,0
2161078,heavy,210.0,14.0,40-ft,BTC,1,MF,14857027,14857497,228,230,58725,54516,Lonsdale Quay @ Bay 4,Lonsdale Quay @ Bay 8,58725,Lonsdale Quay,73710,74430,in_service_layover,35.591706227564885,44.690532794675875,51.31738183850598,720,12.0,20:28:30,20:40:30,False,,no_dispenser,0
2161166,heavy,210.0,2.0,40-ft,BTC,1,MF,14857574,14857003,230,228,58725,54196,Lonsdale Quay @ Bay 4,Lonsdale Quay @ Bay 2,58725,Lonsdale Quay,73770,74010,in_service_layover,43.71253867956446,46.7576622879999,17.17449715157585,240,4.0,20:29:30,20:33:30,False,,no_dispenser,0
2161139,heavy,210.0,22.0,40-ft,BTC,1,MF,14857981,14859348,236,249,58725,50980,Lonsdale Quay @ Bay 4,Lonsdale Quay @ Bay 5,58725,Lonsdale Quay,75450,75810,in_service_layover,42.321754164768855,46.888208931524886,25.75480488450401,360,6.0,20:57:30,21:03:30,False,,no_dispenser,0
2161165,heavy,210.0,60.0,40-ft,BTC,1,MF,14857040,14857922,228,236,58725,54134,Lonsdale Quay @ Bay 4,Lonsdale Quay @ Bay 6,58725,Lonsdale Quay,75510,75750,in_service_layover,56.43825557748521,59.607696425231836,17.875646381291006,240,4.0,20:58:30,21:02:30,False,,no_dispenser,0
2161166,heavy,210.0,2.0,40-ft,BTC,1,MF,14857058,14857509,228,230,58725,54516,Lonsdale Quay @ Bay 4,Lonsdale Quay @ Bay 8,58725,Lonsdale Quay,77310,78390,in_service_layover,39.05791319035781,52.90479022144697,78.09638645534292,1080,18.0,21:28:30,21:46:30,False,,no_dispenser,0
2161078,heavy,210.0,14.0,40-ft,BTC,1,MF,14857546,14857001,230,228,58725,54196,Lonsdale Quay @ Bay 4,Lonsdale Quay @ Bay 2,58725,Lonsdale Quay,77430,77610,in_service_layover,38.5208671190955,40.7896541138185,12.795958650237765,180,3.0,21:30:30,21:33:30,False,,no_dispenser,0
2160712,heavy,210.0,25.0,40-ft,BTC,1,MF,14859396,14856996,249,228,58725,54196,Lonsdale Quay @ Bay 4,Lonsdale Quay @ Bay 2,58725,Lonsdale Quay,79050,79410,in_service_layover,23.396345503925804,27.863372575668695,25.19403268462989,360,6.0,21:57:30,22:03:30,False,,no_dispenser,0
2161165,heavy,210.0,60.0,40-ft,BTC,1,MF,14857975,14857923,236,236,58725,54134,Lonsdale Quay @ Bay 4,Lonsdale Quay @ Bay 6,58725,Lonsdale Quay,79110,79470,in_service_layover,51.48045145199326,56.16207043809723,26.404331081626424,360,6.0,21:58:30,22:04:30,False,,no_dispenser,0
2160695,heavy,210.0,27.0,40-ft,BTC,1,MF,14857307,14859347,229,249,58725,50980,Lonsdale Quay @ Bay 4,Lonsdale Quay @ Bay 5,58725,Lonsdale Quay,79170,79470,in_service_layover,28.496093702772097,32.238826525668514,21.10901312113583,300,5.0,21:59:30,22:04:30,False,,no_dispenser,0
2161078,heavy,210.0,14.0,40-ft,BTC,1,MF,14857039,14857511,228,230,58725,54516,Lonsdale Quay @ Bay 4,Lonsdale Quay @ Bay 8,58725,Lonsdale Quay,80910,81870,in_service_layover,33.08990501617642,45.222064548741805,68.42537976366879,960,16.0,22:28:30,22:44:30,False,,no_dispenser,0
2160712,heavy,210.0,25.0,40-ft,BTC,1,MF,14857041,14857928,228,236,58725,54134,Lonsdale Quay @ Bay 4,Lonsdale Quay @ Bay 6,58725,Lonsdale Quay,82710,83070,in_service_layover,20.1636234780266,24.616880879409145,25.116371743797544,360,6.0,22:58:30,23:04:30,False,,no_dispenser,0
2161139,heavy,210.0,22.0,40-ft,BTC,1,MF,14859395,14856969,249,228,58725,54196,Lonsdale Quay @ Bay 4,Lonsdale Quay @ Bay 2,58725,Lonsdale Quay,82770,83190,in_service_layover,30.94993683020755,36.21173797144744,29.676558436592984,420,7.0,22:59:30,23:06:30,False,,no_dispenser,0
2161166,heavy,210.0,2.0,40-ft,BTC,1,MF,14857035,14857522,228,230,58725,54516,Lonsdale Quay @ Bay 4,Lonsdale Quay @ Bay 8,58725,Lonsdale Quay,84570,85410,in_service_layover,39.0353754482245,49.73319937325435,60.335726937168346,840,14.0,23:29:30,23:43:30,False,,no_dispenser,0
2161078,heavy,210.0,14.0,40-ft,BTC,1,MF,14857558,14857005,230,228,58725,54196,Lonsdale Quay @ Bay 4,Lonsdale Quay @ Bay 2,58725,Lonsdale Quay,84630,84870,in_service_layover,39.05239887316142,42.08130716189348,17.083042748448776,240,4.0,23:30:30,23:34:30,False,,no_dispenser,0
2161139,heavy,210.0,22.0,40-ft,BTC,1,MF,14857018,14859345,228,249,58725,50980,Lonsdale Quay @ Bay 4,Lonsdale Quay @ Bay 5,58725,Lonsdale Quay,86250,86550,in_service_layover,28.51198887380535,32.25479083231003,21.10940304596636,300,5.0,23:57:30,24:02:30,False,,no_dispenser,0
2161078,heavy,210.0,14.0,40-ft,BTC,1,MF,14857019,14857525,228,230,58725,54516,Lonsdale Quay @ Bay 4,Lonsdale Quay @ Bay 8,58725,Lonsdale Quay,88110,89010,in_service_layover,34.38155806425138,45.76543038842895,64.20503990836147,900,15.0,24:28:30,24:43:30,False,,no_dispenser,0
2161166,heavy,210.0,2.0,40-ft,BTC,1,MF,14857547,14856971,230,228,58725,54196,Lonsdale Quay @ Bay 4,Lonsdale Quay @ Bay 2,58725,Lonsdale Quay,88230,88410,in_service_layover,43.56353369767397,45.84548045596516,12.870179716762323,180,3.0,24:30:30,24:33:30,False,,no_dispenser,0
2161165,heavy,210.0,60.0,40-ft,BTC,1,MF,14857305,14856999,229,228,58725,54196,Lonsdale Quay @ Bay 4,Lonsdale Quay @ Bay 2,58725,Lonsdale Quay,89670,90210,in_service_layover,35.07672770026074,41.883252002970714,38.38879706728426,540,9.0,24:54:30,25:03:30,False,,no_dispenser,0
2161078,heavy,210.0,14.0,40-ft,BTC,1,MF,14857559,14856998,230,228,58725,54196,Lonsdale Quay @ Bay 4,Lonsdale Quay @ Bay 2,58725,Lonsdale Quay,91830,92310,in_service_layover,39.59576471284857,45.673438308017445,34.278079076752476,480,8.0,25:30:30,25:38:30,False,,no_dispenser,0
2160823,heavy,151.0,4.0,40-ft,PCT,1,MF,14842541,14842604,101,101,58430,58438,Lougheed Station @ Bay 6,Lougheed Station @ Bay 4,58430,Lougheed Station,28770,29910,in_service_layover,68.24438053188524,78.47533851559979,57.702603028150065,1140,19.0,07:59:30,08:18:30,False,,no_dispenser,0
2160421,heavy,152.0,7.0,40-ft,PCT,1,MF,14850221,14850154,152,152,58430,58436,Lougheed Station @ Bay 6,Lougheed Station @ Bay 2,58430,Lougheed Station,28830,29310,in_service_layover,68.33347577073089,73.39702044918236,28.55839198646629,480,8.0,08:00:30,08:08:30,False,,no_dispenser,0
2160415,heavy,152.0,11.0,40-ft,PCT,1,MF,14844703,14844767,110,110,58430,58437,Lougheed Station @ Bay 6,Lougheed Station @ Bay 3,58430,Lougheed Station,29010,29310,in_service_layover,69.01096922228508,72.25954526751867,18.321968895117493,300,5.0,08:03:30,08:08:30,False,,no_dispenser,0
2160742,heavy,410.0,9.0,40-ft,HTC,1,MF,14848157,14848226,136,136,58430,58431,Lougheed Station @ Bay 6,Lougheed Station @ Bay 7,58430,Lougheed Station,29310,29790,in_service_layover,66.78969612805378,72.0264506395753,29.535295444981386,480,8.0,08:08:30,08:16:30,False,,no_dispenser,0
2160420,heavy,152.0,52.0,40-ft,PCT,1,MF,14842542,14842605,101,101,58430,58438,Lougheed Station @ Bay 6,Lougheed Station @ Bay 4,58430,Lougheed Station,30150,31110,in_service_layover,65.64196720822645,75.25404923354724,54.21214262280927,960,16.0,08:22:30,08:38:30,False,,no_dispenser,0
2160408,heavy,152.0,2.0,40-ft,PCT,1,MF,14844706,14844722,110,110,58430,58437,Lougheed Station @ Bay 6,Lougheed Station @ Bay 3,58430,Lougheed Station,30390,31110,in_service_layover,66.92541883878908,74.33834896274597,41.80892589911684,720,12.0,08:26:30,08:38:30,False,,no_dispenser,0
2160737,heavy,410.0,18.0,40-ft,HTC,1,MF,14848175,14848218,136,136,58430,58431,Lougheed Station @ Bay 6,Lougheed Station @ Bay 7,58430,Lougheed Station,31170,31650,in_service_layover,66.78969612805378,72.0264506395753,29.535295444981386,480,8.0,08:39:30,08:47:30,False,,no_dispenser,0
2160412,heavy,152.0,9.0,40-ft,PCT,1,MF,14842543,14842606,101,101,58430,58438,Lougheed Station @ Bay 6,Lougheed Station @ Bay 4,58430,Lougheed Station,31350,32310,in_service_layover,67.73157799351324,76.86671018521183,51.52214556117997,960,16.0,08:42:30,08:58:30,False,,no_dispenser,0
2160882,heavy,701.0,57.0,40-ft,PCT,1,MF,14850849,14850816,156,156,58430,58433,Lougheed Station @ Bay 6,Lougheed Station @ Bay 9,58430,Lougheed Station,32250,32490,in_service_layover,69.61928894543496,72.21844316513322,14.659229799098227,240,4.0,08:57:30,09:01:30,False,,no_dispenser,0
2160419,heavy,152.0,14.0,40-ft,PCT,1,MF,14842544,14844728,101,110,58430,58437,Lougheed Station @ Bay 6,Lougheed Station @ Bay 3,58430,Lougheed Station,32550,32910,in_service_layover,67.73157799351324,71.68520827502556,22.298474787729447,360,6.0,09:02:30,09:08:30,False,,no_dispenser,0
2161040,heavy,183.0,10.0,40-ft,PCT,1,MF,14853289,14850189,180,152,58430,58436,Lougheed Station @ Bay 6,Lougheed Station @ Bay 2,58430,Lougheed Station,32550,32910,in_service_layover,68.2946237943243,72.20109373402093,22.03249045988906,360,6.0,09:02:30,09:08:30,False,,no_dispenser,0
2160736,heavy,410.0,13.0,40-ft,HTC,1,MF,14848156,14848193,136,136,58430,58431,Lougheed Station @ Bay 6,Lougheed Station @ Bay 7,58430,Lougheed Station,32910,33570,in_service_layover,60.84565448866167,68.6339862556004,43.92619116553442,660,11.0,09:08:30,09:19:30,False,,no_dispenser,0
2160414,heavy,152.0,6.0,40-ft,PCT,1,MF,14844675,14842607,110,101,58430,58438,Lougheed Station @ Bay 6,Lougheed Station @ Bay 4,58430,Lougheed Station,32910,34110,in_service_layover,61.140820957131915,73.70942111861353,70.88690491075636,1200,20.0,09:08:30,09:28:30,False,,no_dispenser,0
2160418,heavy,152.0,5.0,40-ft,PCT,1,MF,14842545,14844725,101,110,58430,58437,Lougheed Station @ Bay 6,Lougheed Station @ Bay 3,58430,Lougheed Station,34050,34710,in_service_layover,65.83104500053695,72.89088704352474,39.81750912245121,660,11.0,09:27:30,09:38:30,False,,no_dispenser,0
2160421,heavy,152.0,7.0,40-ft,PCT,1,MF,14850218,14850844,152,156,58430,58433,Lougheed Station @ Bay 6,Lougheed Station @ Bay 9,58430,Lougheed Station,34110,34410,in_service_layover,64.22576373604056,67.78800780651089,20.091056557452646,300,5.0,09:28:30,09:33:30,False,,no_dispenser,0
2160825,heavy,151.0,10.0,40-ft,PCT,1,MF,14850850,14850188,156,152,58430,58436,Lougheed Station @ Bay 6,Lougheed Station @ Bay 2,58430,Lougheed Station,34410,34590,in_service_layover,65.41471092112671,67.55248712959741,12.05705781577467,180,3.0,09:33:30,09:36:30,False,,no_dispenser,0
2160804,heavy,151.0,8.0,40-ft,PCT,1,MF,14851034,14851005,157,157,58430,58439,Lougheed Station @ Bay 6,Lougheed Station @ Bay 5,58430,Lougheed Station,35190,35910,in_service_layover,69.95613697051823,76.84334281941157,38.843840987758426,720,12.0,09:46:30,09:58:30,False,,no_dispenser,0
2160823,heavy,151.0,4.0,40-ft,PCT,1,MF,14842546,14842608,101,101,58430,58438,Lougheed Station @ Bay 6,Lougheed Station @ Bay 4,58430,Lougheed Station,35490,35910,in_service_layover,68.72437984798782,73.17759667742513,25.116142918026355,420,7.0,09:51:30,09:58:30,False,,no_dispenser,0
2160417,heavy,152.0,12.0,40-ft,PCT,1,MF,14844692,14844759,110,110,58430,58437,Lougheed Station @ Bay 6,Lougheed Station @ Bay 3,58430,Lougheed Station,35670,36510,in_service_layover,69.33339554556622,77.24851636315717,44.641281411213015,840,14.0,09:54:30,10:08:30,False,,no_dispenser,0
2160840,heavy,151.0,1.0,40-ft,PCT,1,MF,14850851,14850817,156,156,58430,58433,Lougheed Station @ Bay 6,Lougheed Station @ Bay 9,58430,Lougheed Station,35850,36210,in_service_layover,68.42674564666018,72.32203580782783,21.969436508985552,360,6.0,09:57:30,10:03:30,False,,no_dispenser,0
2160826,heavy,152.0,3.0,40-ft,PCT,1,MF,14850217,14850187,152,152,58430,58436,Lougheed Station @ Bay 6,Lougheed Station @ Bay 2,58430,Lougheed Station,35910,36210,in_service_layover,60.356723091832286,64.14769690437176,21.38109230272255,300,5.0,09:58:30,10:03:30,False,,no_dispenser,0
2160740,heavy,410.0,5.0,40-ft,HTC,1,MF,14848165,14848215,136,136,58430,58431,Lougheed Station @ Bay 6,Lougheed Station @ Bay 7,58430,Lougheed Station,36510,37230,in_service_layover,50.922402179016515,60.295156293516705,52.86233320578111,720,12.0,10:08:30,10:20:30,False,,no_dispenser,0
2160415,heavy,152.0,11.0,40-ft,PCT,1,MF,14844715,14842609,110,101,58430,58438,Lougheed Station @ Bay 6,Lougheed Station @ Bay 4,58430,Lougheed Station,36630,37710,in_service_layover,64.19483152484763,75.05896355266532,61.27370463689175,1080,18.0,10:10:30,10:28:30,False,,no_dispenser,0
2160810,heavy,151.0,6.0,40-ft,PCT,1,MF,14850853,14850818,156,156,58430,58433,Lougheed Station @ Bay 6,Lougheed Station @ Bay 9,58430,Lougheed Station,37590,38010,in_service_layover,65.87687719538286,70.6056766750523,26.670429065335668,420,7.0,10:26:30,10:33:30,False,,no_dispenser,0
2160412,heavy,152.0,9.0,40-ft,PCT,1,MF,14842547,14844754,101,110,58430,58437,Lougheed Station @ Bay 6,Lougheed Station @ Bay 3,58430,Lougheed Station,37590,38310,in_service_layover,67.11575151759986,74.49633201512091,41.626474006018725,720,12.0,10:26:30,10:38:30,False,,no_dispenser,0
2161040,heavy,183.0,10.0,40-ft,PCT,1,MF,14850216,14850186,152,152,58430,58436,Lougheed Station @ Bay 6,Lougheed Station @ Bay 2,58430,Lougheed Station,37710,38010,in_service_layover,67.58350793961925,70.93155509259968,18.88298594280957,300,5.0,10:28:30,10:33:30,False,,no_dispenser,0
2160738,heavy,410.0,25.0,40-ft,HTC,1,MF,14848166,14848216,136,136,58430,58431,Lougheed Station @ Bay 6,Lougheed Station @ Bay 7,58430,Lougheed Station,38190,39030,in_service_layover,59.33515647109272,69.19511700336358,55.61017740200765,840,14.0,10:36:30,10:50:30,False,,no_dispenser,0
2160408,heavy,152.0,2.0,40-ft,PCT,1,MF,14844714,14842610,110,101,58430,58438,Lougheed Station @ Bay 6,Lougheed Station @ Bay 4,58430,Lougheed Station,38250,39510,in_service_layover,68.25604533809027,79.24853029321179,61.99761514688532,1260,21.0,10:37:30,10:58:30,False,,no_dispenser,0
2160855,heavy,701.0,8.0,40-ft,PCT,1,MF,14850854,14850819,156,156,58430,58433,Lougheed Station @ Bay 6,Lougheed Station @ Bay 9,58430,Lougheed Station,39390,39990,in_service_layover,62.386733754036996,69.35042248380104,39.275204435869284,600,10.0,10:56:30,11:06:30,False,,no_dispenser,0
2160825,heavy,151.0,10.0,40-ft,PCT,1,MF,14850215,14850185,152,152,58430,58436,Lougheed Station @ Bay 6,Lougheed Station @ Bay 2,58430,Lougheed Station,39450,40050,in_service_layover,64.01133212443452,70.76218813986634,38.07482792703553,600,10.0,10:57:30,11:07:30,False,,no_dispenser,0
2160742,heavy,410.0,9.0,40-ft,HTC,1,MF,14848167,14848217,136,136,58430,58431,Lougheed Station @ Bay 6,Lougheed Station @ Bay 7,58430,Lougheed Station,39810,40830,in_service_layover,58.78342028346886,70.47083466712454,65.91701712381803,1020,17.0,11:03:30,11:20:30,False,,no_dispenser,0
2160419,heavy,152.0,14.0,40-ft,PCT,1,MF,14844713,14842611,110,101,58430,58438,Lougheed Station @ Bay 6,Lougheed Station @ Bay 4,58430,Lougheed Station,40050,41310,in_service_layover,67.1178672736814,78.4227841630211,63.75973125587598,1260,21.0,11:07:30,11:28:30,False,,no_dispenser,0
2160804,heavy,151.0,8.0,40-ft,PCT,1,MF,14851060,14851003,157,157,58430,58439,Lougheed Station @ Bay 6,Lougheed Station @ Bay 5,58430,Lougheed Station,40590,41310,in_service_layover,69.340565500551,76.33638306008876,39.456411035792996,720,12.0,11:16:30,11:28:30,False,,no_dispenser,0
2160647,heavy,151.0,12.0,40-ft,PCT,1,MF,14850855,14850820,156,156,58430,58433,Lougheed Station @ Bay 6,Lougheed Station @ Bay 9,58430,Lougheed Station,41190,41790,in_service_layover,64.82563600107905,71.46736801621812,37.459368565384295,600,10.0,11:26:30,11:36:30,False,,no_dispenser,0
2160826,heavy,152.0,3.0,40-ft,PCT,1,MF,14850214,14850184,152,152,58430,58436,Lougheed Station @ Bay 6,Lougheed Station @ Bay 2,58430,Lougheed Station,41250,41610,in_service_layover,62.92312459095113,67.247706630133,24.39064270098578,360,6.0,11:27:30,11:33:30,False,,no_dispenser,0
2160737,heavy,410.0,18.0,40-ft,HTC,1,MF,14848163,14848189,136,136,58430,58431,Lougheed Station @ Bay 6,Lougheed Station @ Bay 7,58430,Lougheed Station,41610,42630,in_service_layover,59.50287137381901,71.0126260030269,64.91501610873246,1020,17.0,11:33:30,11:50:30,False,,no_dispenser,0
2160418,heavy,152.0,5.0,40-ft,PCT,1,MF,14844682,14842612,110,101,58430,58438,Lougheed Station @ Bay 6,Lougheed Station @ Bay 4,58430,Lougheed Station,41850,43110,in_service_layover,68.58314590060834,79.48673402193992,61.496237004310046,1260,21.0,11:37:30,11:58:30,False,,no_dispenser,0
2160894,heavy,151.0,11.0,40-ft,PCT,1,MF,14851059,14851017,157,157,58430,58439,Lougheed Station @ Bay 6,Lougheed Station @ Bay 5,58430,Lougheed Station,42390,43110,in_service_layover,69.91952160054097,76.81321482761099,38.88042980067496,720,12.0,11:46:30,11:58:30,False,,no_dispenser,0
2160854,heavy,151.0,9.0,40-ft,PCT,1,MF,14850856,14850821,156,156,58430,58433,Lougheed Station @ Bay 6,Lougheed Station @ Bay 9,58430,Lougheed Station,43050,43590,in_service_layover,65.00655336306808,71.03881018630028,34.021928483029626,540,9.0,11:57:30,12:06:30,False,,no_dispenser,0
2160415,heavy,152.0,11.0,40-ft,PCT,1,MF,14842550,14844741,101,110,58430,58437,Lougheed Station @ Bay 6,Lougheed Station @ Bay 3,58430,Lougheed Station,43050,43710,in_service_layover,65.30800488505335,72.44714948810477,40.264775561209944,660,11.0,11:57:30,12:08:30,False,,no_dispenser,0
2161040,heavy,183.0,10.0,40-ft,PCT,1,MF,14850213,14850183,152,152,58430,58436,Lougheed Station @ Bay 6,Lougheed Station @ Bay 2,58430,Lougheed Station,43110,43410,in_service_layover,68.17146279632874,71.47914659774032,18.655336639961376,300,5.0,11:58:30,12:03:30,False,,no_dispenser,0
2160736,heavy,410.0,13.0,40-ft,HTC,1,MF,14848168,14848206,136,136,58430,58431,Lougheed Station @ Bay 6,Lougheed Station @ Bay 7,58430,Lougheed Station,43410,44430,in_service_layover,55.63939319817646,67.9825430088119,69.61536493198389,1020,17.0,12:03:30,12:20:30,False,,no_dispenser,0
2160408,heavy,152.0,2.0,40-ft,PCT,1,MF,14842551,14844748,101,110,58430,58437,Lougheed Station @ Bay 6,Lougheed Station @ Bay 3,58430,Lougheed Station,44850,45510,in_service_layover,69.49757162559982,75.98258324349538,36.57546552493096,660,11.0,12:27:30,12:38:30,False,,no_dispenser,0
2160421,heavy,152.0,7.0,40-ft,PCT,1,MF,14850858,14850822,156,156,58430,58433,Lougheed Station @ Bay 6,Lougheed Station @ Bay 9,58430,Lougheed Station,44910,45390,in_service_layover,66.04227011919545,71.36077675881847,29.99637744747389,480,8.0,12:28:30,12:36:30,False,,no_dispenser,0
2160412,heavy,152.0,9.0,40-ft,PCT,1,MF,14844685,14842614,110,101,58430,58438,Lougheed Station @ Bay 6,Lougheed Station @ Bay 4,58430,Lougheed Station,45630,46710,in_service_layover,69.84845936100862,79.28704520977554,53.23362418704545,1080,18.0,12:40:30,12:58:30,False,,no_dispenser,0
2160804,heavy,151.0,8.0,40-ft,PCT,1,MF,14851044,14850996,157,157,58430,58439,Lougheed Station @ Bay 6,Lougheed Station @ Bay 5,58430,Lougheed Station,46050,46710,in_service_layover,68.83360574122818,75.42516713044893,37.176406235205036,660,11.0,12:47:30,12:58:30,False,,no_dispenser,0
2160419,heavy,152.0,14.0,40-ft,PCT,1,MF,14842552,14844752,101,110,58430,58437,Lougheed Station @ Bay 6,Lougheed Station @ Bay 3,58430,Lougheed Station,46590,47310,in_service_layover,68.67182549540914,75.78457653305833,40.1159158523414,720,12.0,12:56:30,13:08:30,False,,no_dispenser,0
2160840,heavy,151.0,1.0,40-ft,PCT,1,MF,14850857,14850823,156,156,58430,58433,Lougheed Station @ Bay 6,Lougheed Station @ Bay 9,58430,Lougheed Station,46710,47190,in_service_layover,67.21388507336113,72.40363113906693,29.270167810580745,480,8.0,12:58:30,13:06:30,False,,no_dispenser,0
2160826,heavy,152.0,3.0,40-ft,PCT,1,MF,14850211,14850181,152,152,58430,58436,Lougheed Station @ Bay 6,Lougheed Station @ Bay 2,58430,Lougheed Station,47010,47190,in_service_layover,67.7935526204076,69.84458158679158,11.56780337040567,180,3.0,13:03:30,13:06:30,False,,no_dispenser,0
2160740,heavy,410.0,5.0,40-ft,HTC,1,MF,14848170,14848198,136,136,58430,58431,Lougheed Station @ Bay 6,Lougheed Station @ Bay 7,58430,Lougheed Station,47010,47970,in_service_layover,48.140194108588936,60.53985116006134,69.93406577030441,960,16.0,13:03:30,13:19:30,False,,no_dispenser,0
2160414,heavy,152.0,6.0,40-ft,PCT,1,MF,14844684,14842615,110,101,58430,58438,Lougheed Station @ Bay 6,Lougheed Station @ Bay 4,58430,Lougheed Station,47430,48510,in_service_layover,67.10836593305022,77.2303745239443,57.08812845264259,1080,18.0,13:10:30,13:28:30,False,,no_dispenser,0
2160894,heavy,151.0,11.0,40-ft,PCT,1,MF,14851043,14851013,157,157,58430,58439,Lougheed Station @ Bay 6,Lougheed Station @ Bay 5,58430,Lougheed Station,47790,48510,in_service_layover,69.31043750875041,76.31154590828952,39.486251373400535,720,12.0,13:16:30,13:28:30,False,,no_dispenser,0
2160418,heavy,152.0,5.0,40-ft,PCT,1,MF,14842553,14844720,101,110,58430,58437,Lougheed Station @ Bay 6,Lougheed Station @ Bay 3,58430,Lougheed Station,48390,49110,in_service_layover,69.73577535432796,76.66196889419717,39.063731564862394,720,12.0,13:26:30,13:38:30,False,,no_dispenser,0
2160810,heavy,151.0,6.0,40-ft,PCT,1,MF,14850852,14850824,156,156,58430,58433,Lougheed Station @ Bay 6,Lougheed Station @ Bay 9,58430,Lougheed Station,48510,48810,in_service_layover,64.59482543221064,68.13488451183215,19.96593320906544,300,5.0,13:28:30,13:33:30,False,,no_dispenser,0
2160738,heavy,410.0,25.0,40-ft,HTC,1,MF,14848171,14848221,136,136,58430,58431,Lougheed Station @ Bay 6,Lougheed Station @ Bay 7,58430,Lougheed Station,48930,49710,in_service_layover,56.09178169200646,65.83771388132656,54.96705754776542,780,13.0,13:35:30,13:48:30,False,,no_dispenser,0
2160823,heavy,151.0,4.0,40-ft,PCT,1,MF,14844695,14842616,110,101,58430,58438,Lougheed Station @ Bay 6,Lougheed Station @ Bay 4,58430,Lougheed Station,49230,50310,in_service_layover,66.75901312090356,76.97014915647344,57.59080724061408,1080,18.0,13:40:30,13:58:30,False,,no_dispenser,0
2160417,heavy,152.0,12.0,40-ft,PCT,1,MF,14842554,14844739,101,110,58430,58437,Lougheed Station @ Bay 6,Lougheed Station @ Bay 3,58430,Lougheed Station,50190,50910,in_service_layover,69.10044606902999,76.13837613750776,39.69392558621462,720,12.0,13:56:30,14:08:30,False,,no_dispenser,0
2160825,heavy,151.0,10.0,40-ft,PCT,1,MF,14850209,14850179,152,152,58430,58436,Lougheed Station @ Bay 6,Lougheed Station @ Bay 2,58430,Lougheed Station,50550,50730,in_service_layover,67.27092627223792,69.34194524720827,11.680547018832783,180,3.0,14:02:30,14:05:30,False,,no_dispenser,0
2160742,heavy,410.0,9.0,40-ft,HTC,1,MF,14848179,14848190,136,136,58430,58431,Lougheed Station @ Bay 6,Lougheed Station @ Bay 7,58430,Lougheed Station,50790,51450,in_service_layover,56.51307888671848,64.85930962506838,47.07274136429339,660,11.0,14:06:30,14:17:30,False,,no_dispenser,0
2160415,heavy,152.0,11.0,40-ft,PCT,1,MF,14844709,14842617,110,101,58430,58438,Lougheed Station @ Bay 6,Lougheed Station @ Bay 4,58430,Lougheed Station,51090,51810,in_service_layover,67.73269332420324,75.00779960728828,41.031599436599606,720,12.0,14:11:30,14:23:30,False,,no_dispenser,0
2160804,heavy,151.0,8.0,40-ft,PCT,1,MF,14851056,14851001,157,157,58430,58439,Lougheed Station @ Bay 6,Lougheed Station @ Bay 5,58430,Lougheed Station,51390,52110,in_service_layover,67.92238981158835,75.16487691760997,40.84762727796203,720,12.0,14:16:30,14:28:30,False,,no_dispenser,0
2160412,heavy,152.0,9.0,40-ft,PCT,1,MF,14842555,14844738,101,110,58430,58437,Lougheed Station @ Bay 6,Lougheed Station @ Bay 3,58430,Lougheed Station,51870,52170,in_service_layover,69.53608654216357,72.74680779933618,18.10846789045354,300,5.0,14:24:30,14:29:30,False,,no_dispenser,0
2160647,heavy,151.0,12.0,40-ft,PCT,1,MF,14850860,14850827,156,156,58430,58433,Lougheed Station @ Bay 6,Lougheed Station @ Bay 9,58430,Lougheed Station,52110,52470,in_service_layover,64.23959537961395,68.46827772448194,23.8497684250554,360,6.0,14:28:30,14:34:30,False,,no_dispenser,0
2160826,heavy,152.0,3.0,40-ft,PCT,1,MF,14850208,14850178,152,152,58430,58436,Lougheed Station @ Bay 6,Lougheed Station @ Bay 2,58430,Lougheed Station,52350,52590,in_service_layover,67.79352467216079,70.49476843844636,15.235014841850557,240,4.0,14:32:30,14:36:30,False,,no_dispenser,0
2160737,heavy,410.0,18.0,40-ft,HTC,1,MF,14848180,14848199,136,136,58430,58431,Lougheed Station @ Bay 6,Lougheed Station @ Bay 7,58430,Lougheed Station,52650,53190,in_service_layover,56.247471779551326,63.20264687218157,39.227187522434576,540,9.0,14:37:30,14:46:30,False,,no_dispenser,0
2160894,heavy,151.0,11.0,40-ft,PCT,1,MF,14851041,14851012,157,157,58430,58439,Lougheed Station @ Bay 6,Lougheed Station @ Bay 5,58430,Lougheed Station,53190,53910,in_service_layover,68.80876858942892,75.89766362155301,39.98136798117986,720,12.0,14:46:30,14:58:30,False,,no_dispenser,0
2161040,heavy,183.0,10.0,40-ft,PCT,1,MF,14850207,14844726,152,110,58430,58437,Lougheed Station @ Bay 6,Lougheed Station @ Bay 3,58430,Lougheed Station,53910,54510,in_service_layover,65.38483577142871,71.95068371014683,37.031382374370196,600,10.0,14:58:30,15:08:30,False,,no_dispenser,0
2160414,heavy,152.0,6.0,40-ft,PCT,1,MF,14842556,14842619,101,101,58430,58438,Lougheed Station @ Bay 6,Lougheed Station @ Bay 4,58430,Lougheed Station,54030,54210,in_service_layover,67.47941585633235,69.54254087127453,11.63602508427391,180,3.0,15:00:30,15:03:30,False,,no_dispenser,0
2160854,heavy,151.0,9.0,40-ft,PCT,1,MF,14850866,14850828,156,156,58430,58433,Lougheed Station @ Bay 6,Lougheed Station @ Bay 9,58430,Lougheed Station,54030,54390,in_service_layover,65.51288642889409,69.64475449027351,23.303735866179863,360,6.0,15:00:30,15:06:30,False,,no_dispenser,0
2160736,heavy,410.0,13.0,40-ft,HTC,1,MF,14848181,14848219,136,136,58430,58431,Lougheed Station @ Bay 6,Lougheed Station @ Bay 7,58430,Lougheed Station,54450,55050,in_service_layover,53.35959005787737,61.17938245652391,44.10362912836655,600,10.0,15:07:30,15:17:30,False,,no_dispenser,0
2160421,heavy,152.0,7.0,40-ft,PCT,1,MF,14850867,14850842,156,156,58430,58433,Lougheed Station @ Bay 6,Lougheed Station @ Bay 9,58430,Lougheed Station,55830,56190,in_service_layover,65.9394734075294,70.03801286738849,23.115762553605236,360,6.0,15:30:30,15:36:30,False,,no_dispenser,0
2160825,heavy,151.0,10.0,40-ft,PCT,1,MF,14850237,14853244,152,180,58430,58430,Lougheed Station @ Bay 6,Lougheed Station @ Bay 6,58430,Lougheed Station,55950,56250,in_service_layover,66.41727378584375,69.84286420609801,19.32032997023407,300,5.0,15:32:30,15:37:30,False,,no_dispenser,0
2160823,heavy,151.0,4.0,40-ft,PCT,1,MF,14842557,14842579,101,101,58430,58438,Lougheed Station @ Bay 6,Lougheed Station @ Bay 4,58430,Lougheed Station,56010,56610,in_service_layover,67.21919048886147,73.53071022569029,35.59697131571454,600,10.0,15:33:30,15:43:30,False,,no_dispenser,0
2160804,heavy,151.0,8.0,40-ft,PCT,1,MF,14851054,14851011,157,157,58430,58439,Lougheed Station @ Bay 6,Lougheed Station @ Bay 5,58430,Lougheed Station,56970,57750,in_service_layover,67.6620995987494,75.44190381217706,43.878095763732006,780,13.0,15:49:30,16:02:30,False,,no_dispenser,0
2162641,heavy,701.0,10.0,40-ft,PCT,1,MF,14842558,14842580,101,101,58430,58438,Lougheed Station @ Bay 6,Lougheed Station @ Bay 4,58430,Lougheed Station,57030,57510,in_service_layover,69.7439150965829,74.64408018087217,27.63693107539143,480,8.0,15:50:30,15:58:30,False,,no_dispenser,0
2160840,heavy,151.0,1.0,40-ft,PCT,1,MF,14850870,14850829,156,156,58430,58433,Lougheed Station @ Bay 6,Lougheed Station @ Bay 9,58430,Lougheed Station,57630,57990,in_service_layover,66.70793764800193,70.745308117495,22.770769447940893,360,6.0,16:00:30,16:06:30,False,,no_dispenser,0
2160826,heavy,152.0,3.0,40-ft,PCT,1,MF,14850234,14850176,152,152,58430,58436,Lougheed Station @ Bay 6,Lougheed Station @ Bay 2,58430,Lougheed Station,57810,58050,in_service_layover,67.42913468184784,70.14977106559141,15.344389204313813,240,4.0,16:03:30,16:07:30,False,,no_dispenser,0
2160415,heavy,152.0,11.0,40-ft,PCT,1,MF,14842559,14842581,101,101,58430,58438,Lougheed Station @ Bay 6,Lougheed Station @ Bay 4,58430,Lougheed Station,58290,58710,in_service_layover,65.25684093967632,70.04300054977872,26.99394020097759,420,7.0,16:11:30,16:18:30,False,,no_dispenser,0
2160740,heavy,410.0,5.0,40-ft,HTC,1,MF,14848183,14848223,136,136,58430,58431,Lougheed Station @ Bay 6,Lougheed Station @ Bay 7,58430,Lougheed Station,58470,58650,in_service_layover,43.763085521794835,46.045553047180995,12.873116843177911,180,3.0,16:14:30,16:17:30,False,,no_dispenser,0
2160417,heavy,152.0,12.0,40-ft,PCT,1,MF,14844696,14844724,110,110,58430,58437,Lougheed Station @ Bay 6,Lougheed Station @ Bay 3,58430,Lougheed Station,58770,59310,in_service_layover,67.64823590688205,73.35309587669379,32.17541022973819,540,9.0,16:19:30,16:28:30,False,,no_dispenser,0
2160894,heavy,151.0,11.0,40-ft,PCT,1,MF,14851053,14851010,157,157,58430,58439,Lougheed Station @ Bay 6,Lougheed Station @ Bay 5,58430,Lougheed Station,58770,59490,in_service_layover,68.39488630269244,75.55574032605749,40.38721669177892,720,12.0,16:19:30,16:31:30,False,,no_dispenser,0
2160412,heavy,152.0,9.0,40-ft,PCT,1,MF,14844704,14844735,110,110,58430,58437,Lougheed Station @ Bay 6,Lougheed Station @ Bay 3,58430,Lougheed Station,59790,60510,in_service_layover,63.37436993177704,71.37450594861706,45.120767134977655,720,12.0,16:36:30,16:48:30,False,,no_dispenser,0
2160738,heavy,410.0,25.0,40-ft,HTC,1,MF,14848176,14848191,136,136,58430,58431,Lougheed Station @ Bay 6,Lougheed Station @ Bay 7,58430,Lougheed Station,60330,60570,in_service_layover,45.90257490141417,48.9559110708516,17.220815995627106,240,4.0,16:45:30,16:49:30,False,,no_dispenser,0
2160414,heavy,152.0,6.0,40-ft,PCT,1,MF,14842561,14842583,101,101,58430,58438,Lougheed Station @ Bay 6,Lougheed Station @ Bay 4,58430,Lougheed Station,60690,61110,in_service_layover,68.10482205554977,72.61969976957,25.463910307074116,420,7.0,16:51:30,16:58:30,False,,no_dispenser,0
2160408,heavy,152.0,2.0,40-ft,PCT,1,MF,14844676,14844723,110,110,58430,58437,Lougheed Station @ Bay 6,Lougheed Station @ Bay 3,58430,Lougheed Station,60990,61710,in_service_layover,62.02463033745958,70.23981678578953,46.33365156858099,720,12.0,16:56:30,17:08:30,False,,no_dispenser,0
2160828,heavy,152.0,15.0,40-ft,PCT,1,MF,14850204,14850172,152,152,58430,58436,Lougheed Station @ Bay 6,Lougheed Station @ Bay 2,58430,Lougheed Station,61470,61650,in_service_layover,58.99466305134351,61.35763692933415,13.327172671867174,180,3.0,17:04:30,17:07:30,False,,no_dispenser,0
2160742,heavy,410.0,9.0,40-ft,HTC,1,MF,14848152,14848192,136,136,58430,58431,Lougheed Station @ Bay 6,Lougheed Station @ Bay 7,58430,Lougheed Station,62070,62310,in_service_layover,47.26539841931762,50.32706345418458,17.26779079664965,240,4.0,17:14:30,17:18:30,False,,no_dispenser,0
2161040,heavy,183.0,10.0,40-ft,PCT,1,MF,14844716,14844750,110,110,58430,58437,Lougheed Station @ Bay 6,Lougheed Station @ Bay 3,58430,Lougheed Station,62190,62910,in_service_layover,63.28719667809487,71.30135769899991,45.199868157904405,720,12.0,17:16:30,17:28:30,False,,no_dispenser,0
2160804,heavy,151.0,8.0,40-ft,PCT,1,MF,14851058,14851000,157,157,58430,58439,Lougheed Station @ Bay 6,Lougheed Station @ Bay 5,58430,Lougheed Station,62370,62970,in_service_layover,67.93912649331648,74.14856440393255,35.02122981587473,600,10.0,17:19:30,17:29:30,False,,no_dispenser,0
2160657,heavy,151.0,2.0,40-ft,PCT,1,MF,14850861,14850832,156,156,58430,58433,Lougheed Station @ Bay 6,Lougheed Station @ Bay 9,58430,Lougheed Station,63030,63390,in_service_layover,60.60864072075541,65.09738960580822,25.31654371169782,360,6.0,17:30:30,17:36:30,False,,no_dispenser,0
2161020,heavy,183.0,31.0,40-ft,PCT,1,MF,14853273,14853224,180,180,58430,58430,Lougheed Station @ Bay 6,Lougheed Station @ Bay 6,58430,Lougheed Station,63210,63510,in_service_layover,66.5276924453136,69.94608464433954,19.27973200250625,300,5.0,17:33:30,17:38:30,False,,no_dispenser,0
2160419,heavy,152.0,14.0,40-ft,PCT,1,MF,14844701,14844729,110,110,58430,58437,Lougheed Station @ Bay 6,Lougheed Station @ Bay 3,58430,Lougheed Station,63390,64110,in_service_layover,62.190291634882136,70.37932593879628,46.18615347407581,720,12.0,17:36:30,17:48:30,False,,no_dispenser,0
2160894,heavy,151.0,11.0,40-ft,PCT,1,MF,14851040,14851008,157,157,58430,58439,Lougheed Station @ Bay 6,Lougheed Station @ Bay 5,58430,Lougheed Station,64110,64770,in_service_layover,68.05296300719691,74.76840937863729,37.87511753492379,660,11.0,17:48:30,17:59:30,False,,no_dispenser,0
2160832,heavy,183.0,4.0,40-ft,PCT,1,MF,14850200,14850168,152,152,58430,58436,Lougheed Station @ Bay 6,Lougheed Station @ Bay 2,58430,Lougheed Station,64770,65310,in_service_layover,45.34345876979259,52.262267124078264,39.02207911817118,540,9.0,17:59:30,18:08:30,False,,no_dispenser,0
2160825,heavy,151.0,10.0,40-ft,PCT,1,MF,14853271,14853222,180,180,58430,58430,Lougheed Station @ Bay 6,Lougheed Station @ Bay 6,58430,Lougheed Station,64950,65310,in_service_layover,59.003598081875566,63.60964308215451,25.978093801573266,360,6.0,18:02:30,18:08:30,False,,no_dispenser,0
2160737,heavy,410.0,18.0,40-ft,HTC,1,MF,14848159,14848214,136,136,58430,58431,Lougheed Station @ Bay 6,Lougheed Station @ Bay 7,58430,Lougheed Station,65430,65970,in_service_layover,66.26627589278252,72.14455238005291,33.153479388205085,540,9.0,18:10:30,18:19:30,False,,no_dispenser,0
2160891,heavy,151.0,31.0,40-ft,PCT,1,MF,14851051,14850999,157,157,58430,58439,Lougheed Station @ Bay 6,Lougheed Station @ Bay 5,58430,Lougheed Station,65610,66450,in_service_layover,68.11168518830644,76.27567935055957,46.044927075107694,840,14.0,18:13:30,18:27:30,False,,no_dispenser,0
2160411,heavy,152.0,34.0,40-ft,PCT,1,MF,14842566,14842587,101,101,58430,58438,Lougheed Station @ Bay 6,Lougheed Station @ Bay 4,58430,Lougheed Station,66030,66510,in_service_layover,67.73157799351324,72.86335341097268,28.943213354471197,480,8.0,18:20:30,18:28:30,False,,no_dispenser,0
2160860,heavy,151.0,37.0,40-ft,PCT,1,MF,14850872,14850811,156,156,58430,58433,Lougheed Station @ Bay 6,Lougheed Station @ Bay 9,58430,Lougheed Station,66450,66990,in_service_layover,68.23525530191732,73.86502944501132,31.7519261670501,540,9.0,18:27:30,18:36:30,False,,no_dispenser,0
2160828,heavy,152.0,15.0,40-ft,PCT,1,MF,14850198,14850167,152,152,58430,58436,Lougheed Station @ Bay 6,Lougheed Station @ Bay 2,58430,Lougheed Station,66510,67050,in_service_layover,56.89600415629581,63.807524017525616,38.980972017336114,540,9.0,18:28:30,18:37:30,False,,no_dispenser,0
2160417,heavy,152.0,12.0,40-ft,PCT,1,MF,14844677,14844762,110,110,58430,58437,Lougheed Station @ Bay 6,Lougheed Station @ Bay 3,58430,Lougheed Station,66750,67410,in_service_layover,65.76479656600789,72.8347203997254,39.874370422166805,660,11.0,18:32:30,18:43:30,False,,no_dispenser,0
2160736,heavy,410.0,13.0,40-ft,HTC,1,MF,14848160,14848213,136,136,58430,58431,Lougheed Station @ Bay 6,Lougheed Station @ Bay 7,58430,Lougheed Station,67170,67830,in_service_layover,63.698337300653726,71.07731251892268,41.61742023103693,660,11.0,18:39:30,18:50:30,False,,no_dispenser,0
2160833,heavy,701.0,32.0,40-ft,PCT,1,MF,14850197,14850166,152,152,58430,58436,Lougheed Station @ Bay 6,Lougheed Station @ Bay 2,58430,Lougheed Station,67470,68010,in_service_layover,69.43067683340898,74.90492087036664,30.874736368441177,540,9.0,18:44:30,18:53:30,False,,no_dispenser,0
2161020,heavy,183.0,31.0,40-ft,PCT,1,MF,14853268,14853208,180,180,58430,58430,Lougheed Station @ Bay 6,Lougheed Station @ Bay 6,58430,Lougheed Station,67650,68310,in_service_layover,62.97678120232706,70.46119168244844,42.21207510788463,660,11.0,18:47:30,18:58:30,False,,no_dispenser,0
2160412,heavy,152.0,9.0,40-ft,PCT,1,MF,14844687,14842588,110,101,58430,58438,Lougheed Station @ Bay 6,Lougheed Station @ Bay 4,58430,Lougheed Station,67770,68310,in_service_layover,64.0235093501162,70.17321166661733,34.68432106506634,540,9.0,18:49:30,18:58:30,False,,no_dispenser,0
2160408,heavy,152.0,2.0,40-ft,PCT,1,MF,14844691,14844731,110,110,58430,58437,Lougheed Station @ Bay 6,Lougheed Station @ Bay 3,58430,Lougheed Station,68970,69210,in_service_layover,63.64143365122421,66.547276031781,16.38895102634018,240,4.0,19:09:30,19:13:30,False,,no_dispenser,0
2160740,heavy,410.0,5.0,40-ft,HTC,1,MF,14848173,14848201,136,136,58430,58431,Lougheed Station @ Bay 6,Lougheed Station @ Bay 7,58430,Lougheed Station,69030,69630,in_service_layover,28.38538901300393,35.89500984811342,42.354261510017494,600,10.0,19:10:30,19:20:30,False,,no_dispenser,0
2160894,heavy,151.0,11.0,40-ft,PCT,1,MF,14851031,14850997,157,157,58430,58439,Lougheed Station @ Bay 6,Lougheed Station @ Bay 5,58430,Lougheed Station,69210,70050,in_service_layover,67.26563205977672,75.59982156872384,47.00482883046186,840,14.0,19:13:30,19:27:30,False,,no_dispenser,0
2160825,heavy,151.0,10.0,40-ft,PCT,1,MF,14853266,14850834,180,156,58430,58433,Lougheed Station @ Bay 6,Lougheed Station @ Bay 9,58430,Lougheed Station,69330,70350,in_service_layover,60.433283774527126,71.71589527348927,63.63392885414652,1020,17.0,19:15:30,19:32:30,False,,no_dispenser,0
2162641,heavy,701.0,10.0,40-ft,PCT,1,MF,14842569,14842589,101,101,58430,58438,Lougheed Station @ Bay 6,Lougheed Station @ Bay 4,58430,Lougheed Station,69690,70110,in_service_layover,67.48682879561557,72.06226948319629,25.805485477955244,420,7.0,19:21:30,19:28:30,False,,no_dispenser,0
2160832,heavy,183.0,4.0,40-ft,PCT,1,MF,14850236,14853207,152,180,58430,58430,Lougheed Station @ Bay 6,Lougheed Station @ Bay 6,58430,Lougheed Station,70170,71010,in_service_layover,47.50716949722299,58.41388747565509,61.51388939835704,840,14.0,19:29:30,19:43:30,False,,no_dispenser,0
2160834,heavy,151.0,36.0,40-ft,PCT,1,MF,14850874,14850164,156,152,58430,58436,Lougheed Station @ Bay 6,Lougheed Station @ Bay 2,58430,Lougheed Station,70350,71010,in_service_layover,63.9519531043297,71.29356396017968,41.40668522699394,660,11.0,19:32:30,19:43:30,False,,no_dispenser,0
2161040,heavy,183.0,10.0,40-ft,PCT,1,MF,14844702,14844760,110,110,58430,58437,Lougheed Station @ Bay 6,Lougheed Station @ Bay 3,58430,Lougheed Station,70410,71010,in_service_layover,68.30400811233045,74.46122127202564,34.72668222068086,600,10.0,19:33:30,19:43:30,False,,no_dispenser,0
2160738,heavy,410.0,25.0,40-ft,HTC,1,MF,14848177,14848224,136,136,58430,58431,Lougheed Station @ Bay 6,Lougheed Station @ Bay 7,58430,Lougheed Station,70590,71430,in_service_layover,31.303342149873757,41.88048006558967,59.65505784463778,840,14.0,19:36:30,19:50:30,False,,no_dispenser,0
2160891,heavy,151.0,31.0,40-ft,PCT,1,MF,14851049,14850835,157,156,58430,58433,Lougheed Station @ Bay 6,Lougheed Station @ Bay 9,58430,Lougheed Station,71010,72150,in_service_layover,68.77290203169899,78.86818975386156,56.937422752996895,1140,19.0,19:43:30,20:02:30,False,,no_dispenser,0
2160411,heavy,152.0,34.0,40-ft,PCT,1,MF,14842570,14842590,101,101,58430,58438,Lougheed Station @ Bay 6,Lougheed Station @ Bay 4,58430,Lougheed Station,71370,71910,in_service_layover,67.63133763056145,73.33834647104557,32.187529860330415,540,9.0,19:49:30,19:58:30,False,,no_dispenser,0
2160837,heavy,152.0,33.0,40-ft,PCT,1,MF,14850875,14850152,156,152,58430,58436,Lougheed Station @ Bay 6,Lougheed Station @ Bay 2,58430,Lougheed Station,72090,72810,in_service_layover,64.5600227793694,72.36755159546206,44.03446252276257,720,12.0,20:01:30,20:13:30,False,,no_dispenser,0
2160742,heavy,410.0,9.0,40-ft,HTC,1,MF,14848184,14848202,136,136,58430,58431,Lougheed Station @ Bay 6,Lougheed Station @ Bay 7,58430,Lougheed Station,72090,73230,in_service_layover,33.40747777298942,47.872625059921084,81.58343069829459,1140,19.0,20:01:30,20:20:30,False,,no_dispenser,0
2160412,heavy,152.0,9.0,40-ft,PCT,1,MF,14842571,14850843,101,156,58430,58433,Lougheed Station @ Bay 6,Lougheed Station @ Bay 9,58430,Lougheed Station,73050,74130,in_service_layover,66.41005989362336,76.71066730553923,58.095425803205615,1080,18.0,20:17:30,20:35:30,False,,no_dispenser,0
2160417,heavy,152.0,12.0,40-ft,PCT,1,MF,14844673,14844736,110,110,58430,58437,Lougheed Station @ Bay 6,Lougheed Station @ Bay 3,58430,Lougheed Station,73950,74610,in_service_layover,64.7092617615894,71.93836038520578,40.77211623719637,660,11.0,20:32:30,20:43:30,False,,no_dispenser,0
2160836,heavy,701.0,36.0,40-ft,PCT,1,MF,14850196,14850156,152,152,58430,58436,Lougheed Station @ Bay 6,Lougheed Station @ Bay 2,58430,Lougheed Station,74430,74730,in_service_layover,65.76280123488395,69.23044042703933,19.557485043756344,300,5.0,20:40:30,20:45:30,False,,no_dispenser,0
2160894,heavy,151.0,11.0,40-ft,PCT,1,MF,14851032,14850993,157,157,58430,58439,Lougheed Station @ Bay 6,Lougheed Station @ Bay 5,58430,Lougheed Station,74490,75510,in_service_layover,68.09704424986327,77.5636520053047,53.39166774068974,1020,17.0,20:41:30,20:58:30,False,,no_dispenser,0
2162641,heavy,701.0,10.0,40-ft,PCT,1,MF,14842572,14842591,101,101,58430,58438,Lougheed Station @ Bay 6,Lougheed Station @ Bay 4,58430,Lougheed Station,74850,75510,in_service_layover,68.06504130007906,74.77858279385757,37.864374024910774,660,11.0,20:47:30,20:58:30,False,,no_dispenser,0
2160825,heavy,151.0,10.0,40-ft,PCT,1,MF,14850877,14850846,156,156,58430,58433,Lougheed Station @ Bay 6,Lougheed Station @ Bay 9,58430,Lougheed Station,75630,75990,in_service_layover,66.61771100076986,70.66233841679274,22.81169862636898,360,6.0,21:00:30,21:06:30,False,,no_dispenser,0
2160408,heavy,152.0,2.0,40-ft,PCT,1,MF,14844681,14844753,110,110,58430,58437,Lougheed Station @ Bay 6,Lougheed Station @ Bay 3,58430,Lougheed Station,75690,76410,in_service_layover,60.4220516130882,68.88674608607556,47.74087682764866,720,12.0,21:01:30,21:13:30,False,,no_dispenser,0
2161040,heavy,183.0,10.0,40-ft,PCT,1,MF,14844680,14844758,110,110,58430,58437,Lougheed Station @ Bay 6,Lougheed Station @ Bay 3,58430,Lougheed Station,77490,78210,in_service_layover,67.83507819629888,75.09259082832571,40.93237124463127,720,12.0,21:31:30,21:43:30,False,,no_dispenser,0
2160806,heavy,183.0,33.0,40-ft,PCT,1,MF,14851047,14850991,157,157,58430,58439,Lougheed Station @ Bay 6,Lougheed Station @ Bay 5,58430,Lougheed Station,77970,79170,in_service_layover,66.85295489798446,77.84308280092947,61.98432137260983,1200,20.0,21:39:30,21:59:30,False,,no_dispenser,0
2160834,heavy,151.0,36.0,40-ft,PCT,1,MF,14850239,14850162,152,152,58430,58436,Lougheed Station @ Bay 6,Lougheed Station @ Bay 2,58430,Lougheed Station,79650,80010,in_service_layover,68.69731781857325,72.56957960207494,21.839556458949517,360,6.0,22:07:30,22:13:30,False,,no_dispenser,0
2160736,heavy,410.0,13.0,40-ft,HTC,1,MF,14847976,14848196,134,136,58363,58431,Northbound Lake City Way @ Enterprise St,Lougheed Station @ Bay 7,58431,Lougheed Station,82110,82410,interline_end,43.4554948948942,47.26329322091357,21.475982558749223,300,5.0,22:48:30,22:53:30,False,,no_dispenser,0
2160408,heavy,152.0,2.0,40-ft,PCT,1,MF,14844711,14842593,110,101,58430,58438,Lougheed Station @ Bay 6,Lougheed Station @ Bay 4,58430,Lougheed Station,82230,82710,in_service_layover,61.82043788324167,67.57488547011302,32.45508438995449,480,8.0,22:50:30,22:58:30,False,,no_dispenser,0
2160885,heavy,152.0,40.0,40-ft,PCT,1,MF,14850882,14850838,156,156,58430,58433,Lougheed Station @ Bay 6,Lougheed Station @ Bay 9,58430,Lougheed Station,83130,83370,in_service_layover,54.44896316327343,57.59518098299042,17.744668503203798,240,4.0,23:05:30,23:09:30,False,,no_dispenser,0
2160825,heavy,151.0,10.0,40-ft,PCT,1,MF,14850863,14850845,156,156,58430,58433,Lougheed Station @ Bay 6,Lougheed Station @ Bay 9,58430,Lougheed Station,85470,85710,in_service_layover,55.54256343844295,58.70296299644796,17.82465350714824,240,4.0,23:44:30,23:48:30,False,,no_dispenser,0
2162641,heavy,701.0,10.0,40-ft,PCT,1,MF,14844697,14842594,110,101,58430,58438,Lougheed Station @ Bay 6,Lougheed Station @ Bay 4,58430,Lougheed Station,86010,86310,in_service_layover,63.88252207568894,67.46511533362694,20.205825974770335,300,5.0,23:53:30,23:58:30,False,,no_dispenser,0
2160408,heavy,152.0,2.0,40-ft,PCT,1,MF,14842576,14844746,101,110,58430,58437,Lougheed Station @ Bay 6,Lougheed Station @ Bay 3,58430,Lougheed Station,87210,88110,in_service_layover,67.03192943158169,75.87925264251055,49.89890290963882,900,15.0,24:13:30,24:28:30,False,,no_dispenser,0
2160806,heavy,183.0,33.0,40-ft,PCT,1,MF,14850235,14850151,152,152,58430,58436,Lougheed Station @ Bay 6,Lougheed Station @ Bay 2,58430,Lougheed Station,87270,87510,in_service_layover,63.9810510414186,66.8708358621553,16.29838638895501,240,4.0,24:14:30,24:18:30,False,,no_dispenser,0
2160885,heavy,152.0,40.0,40-ft,PCT,1,MF,14850878,14850839,156,156,58430,58433,Lougheed Station @ Bay 6,Lougheed Station @ Bay 9,58430,Lougheed Station,87870,88110,in_service_layover,49.78090966161674,52.86659246266366,17.40325099790465,240,4.0,24:24:30,24:28:30,False,,no_dispenser,0
2160885,heavy,152.0,40.0,40-ft,PCT,1,MF,14850879,14886294,156,N9,58430,58434,Lougheed Station @ Bay 6,Lougheed Station @ Bay 10,58430,Lougheed Station,92670,94410,in_service_layover,45.770931628596,66.80371421846658,118.62489380687009,1740,29.0,25:44:30,26:13:30,False,,no_dispenser,0
2160690,heavy,130.0,10.0,40-ft,BTC,1,MF,14846966,14886259,130,N8,58043,61337,Kootenay Loop @ Bay 4,Marine Drive Station @ Bay 1,61337,Marine Drive Station,6750,7050,interline_end,56.574528248931266,60.52554077466033,22.28371064511191,300,5.0,01:52:30,01:57:30,False,,no_dispenser,0
2159699,heavy,15.0,3.0,40-ft,VTC,1,MF,14833114,14832984,015,015,61338,61337,Marine Drive Station @ Bay 2,Marine Drive Station @ Bay 1,61338,Marine Drive Station,27930,28470,in_service_layover,66.77906530065778,72.59354256901315,32.79365179352425,540,9.0,07:45:30,07:54:30,False,,no_dispenser,0
2159696,heavy,15.0,5.0,40-ft,VTC,1,MF,14833119,14832989,015,015,61338,61337,Marine Drive Station @ Bay 2,Marine Drive Station @ Bay 1,61338,Marine Drive Station,33090,33450,in_service_layover,62.36554778160156,66.7296933290057,24.613780887359383,360,6.0,09:11:30,09:17:30,False,,no_dispenser,0
2160260,heavy,84.0,41.0,40-ft,VTC,1,MF,14840742,14901956,080,080,61338,61337,Marine Drive Station @ Bay 2,Marine Drive Station @ Bay 1,61338,Marine Drive Station,33450,34110,in_service_layover,67.76070043617288,74.52214187059283,38.13452969012849,660,11.0,09:17:30,09:28:30,False,,no_dispenser,0
2160261,heavy,84.0,42.0,40-ft,VTC,1,MF,14901962,14901957,080,080,61338,61337,Marine Drive Station @ Bay 2,Marine Drive Station @ Bay 1,61338,Marine Drive Station,35250,35910,in_service_layover,67.76070043617288,74.52214187059283,38.13452969012849,660,11.0,09:47:30,09:58:30,False,,no_dispenser,0
2159699,heavy,15.0,3.0,40-ft,VTC,1,MF,14833052,14832993,015,015,61338,61337,Marine Drive Station @ Bay 2,Marine Drive Station @ Bay 1,61338,Marine Drive Station,36270,36630,in_service_layover,59.13439196912387,63.731640883744376,25.9284838784597,360,6.0,10:04:30,10:10:30,False,,no_dispenser,0
2160260,heavy,84.0,41.0,40-ft,VTC,1,MF,14901963,14901958,080,080,61338,61337,Marine Drive Station @ Bay 2,Marine Drive Station @ Bay 1,61338,Marine Drive Station,37050,37710,in_service_layover,69.14135473429101,75.6836661921709,36.89863662244255,660,11.0,10:17:30,10:28:30,False,,no_dispenser,0
2159698,heavy,15.0,6.0,40-ft,VTC,1,MF,14833054,14832995,015,015,61338,61337,Marine Drive Station @ Bay 2,Marine Drive Station @ Bay 1,61338,Marine Drive Station,38190,38670,in_service_layover,62.36554778160156,68.06617587117888,32.151542425216064,480,8.0,10:36:30,10:44:30,False,,no_dispenser,0
2160261,heavy,84.0,42.0,40-ft,VTC,1,MF,14901964,14901959,080,080,61338,61337,Marine Drive Station @ Bay 2,Marine Drive Station @ Bay 1,61338,Marine Drive Station,38850,39510,in_service_layover,69.14135473429101,75.6836661921709,36.89863662244255,660,11.0,10:47:30,10:58:30,False,,no_dispenser,0
2159696,heavy,15.0,5.0,40-ft,VTC,1,MF,14833057,14832998,015,015,61338,61337,Marine Drive Station @ Bay 2,Marine Drive Station @ Bay 1,61338,Marine Drive Station,41190,41610,in_service_layover,53.27054272911642,58.78283378063757,31.08932153057924,420,7.0,11:26:30,11:33:30,False,,no_dispenser,0
2160260,heavy,84.0,41.0,40-ft,VTC,1,MF,14901967,14901974,080,080,61338,61337,Marine Drive Station @ Bay 2,Marine Drive Station @ Bay 1,61338,Marine Drive Station,44250,44910,in_service_layover,64.9220919195673,72.11931614715353,40.59234464358633,660,11.0,12:17:30,12:28:30,False,,no_dispenser,0
2159699,heavy,15.0,3.0,40-ft,VTC,1,MF,14833077,14833001,015,015,61338,61337,Marine Drive Station @ Bay 2,Marine Drive Station @ Bay 1,61338,Marine Drive Station,44490,44670,in_service_layover,50.2724902838551,52.586524608897754,13.051153593240599,180,3.0,12:21:30,12:24:30,False,,no_dispenser,0
2160261,heavy,84.0,42.0,40-ft,VTC,1,MF,14901968,14901975,080,080,61338,61337,Marine Drive Station @ Bay 2,Marine Drive Station @ Bay 1,61338,Marine Drive Station,46050,46710,in_service_layover,64.9220919195673,72.11931614715353,40.59234464358633,660,11.0,12:47:30,12:58:30,False,,no_dispenser,0
2160260,heavy,84.0,41.0,40-ft,VTC,1,MF,14901969,14901976,080,080,61338,61337,Marine Drive Station @ Bay 2,Marine Drive Station @ Bay 1,61338,Marine Drive Station,47910,48510,in_service_layover,66.7385290108517,73.11749256443336,35.97735444220052,600,10.0,13:18:30,13:28:30,False,,no_dispenser,0
2159696,heavy,15.0,5.0,40-ft,VTC,1,MF,14833051,14833007,015,015,61338,61337,Marine Drive Station @ Bay 2,Marine Drive Station @ Bay 1,61338,Marine Drive Station,49410,50310,in_service_layover,45.32368318074829,56.98066698428074,65.74538865192301,900,15.0,13:43:30,13:58:30,False,,no_dispenser,0
2160261,heavy,84.0,42.0,40-ft,VTC,1,MF,14901970,14901977,080,080,61338,61337,Marine Drive Station @ Bay 2,Marine Drive Station @ Bay 1,61338,Marine Drive Station,49770,50310,in_service_layover,66.7385290108517,72.55807370537134,32.82223207709069,540,9.0,13:49:30,13:58:30,False,,no_dispenser,0
2160260,heavy,84.0,41.0,40-ft,VTC,1,MF,14901971,14901978,080,080,61338,61337,Marine Drive Station @ Bay 2,Marine Drive Station @ Bay 1,61338,Marine Drive Station,51630,52170,in_service_layover,67.73670542813154,73.4303036068533,32.111893727990605,540,9.0,14:20:30,14:29:30,False,,no_dispenser,0
2159699,heavy,15.0,3.0,40-ft,VTC,1,MF,14833085,14833011,015,015,61338,61337,Marine Drive Station @ Bay 2,Marine Drive Station @ Bay 1,61338,Marine Drive Station,52950,53550,in_service_layover,39.127374009008484,46.73127501862362,42.88600169422938,600,10.0,14:42:30,14:52:30,False,,no_dispenser,0
2160261,heavy,84.0,42.0,40-ft,VTC,1,MF,14901972,14840729,080,080,61338,61337,Marine Drive Station @ Bay 2,Marine Drive Station @ Bay 1,61338,Marine Drive Station,53490,53910,in_service_layover,67.17728656906952,71.78270916738684,25.974583454509627,420,7.0,14:51:30,14:58:30,False,,no_dispenser,0
2159698,heavy,15.0,6.0,40-ft,VTC,1,MF,14833087,14833013,015,015,61338,61337,Marine Drive Station @ Bay 2,Marine Drive Station @ Bay 1,61338,Marine Drive Station,54990,55350,in_service_layover,41.14787467140032,45.70820253035883,25.72024912452605,360,6.0,15:16:30,15:22:30,False,,no_dispenser,0
2160260,heavy,84.0,41.0,40-ft,VTC,1,MF,14901973,14840730,080,080,61338,61337,Marine Drive Station @ Bay 2,Marine Drive Station @ Bay 1,61338,Marine Drive Station,55350,55710,in_service_layover,68.04951647055148,71.97661251080129,22.14882166700886,360,6.0,15:22:30,15:28:30,False,,no_dispenser,0
2160261,heavy,84.0,42.0,40-ft,VTC,1,MF,14840743,14840731,080,080,61338,61337,Marine Drive Station @ Bay 2,Marine Drive Station @ Bay 1,61338,Marine Drive Station,57150,57510,in_service_layover,66.40192203108502,70.46382501217401,22.90913281334184,360,6.0,15:52:30,15:58:30,False,,no_dispenser,0
2159696,heavy,15.0,5.0,40-ft,VTC,1,MF,14833091,14833016,015,015,61338,61337,Marine Drive Station @ Bay 2,Marine Drive Station @ Bay 1,61338,Marine Drive Station,58590,59010,in_service_layover,43.521516384391454,48.863049674280006,30.126247754971416,420,7.0,16:16:30,16:23:30,False,,no_dispenser,0
2160260,heavy,84.0,41.0,40-ft,VTC,1,MF,14840744,14840732,080,080,61338,61337,Marine Drive Station @ Bay 2,Marine Drive Station @ Bay 1,61338,Marine Drive Station,58950,59310,in_service_layover,66.59582537449947,70.6422104014923,22.821611552239517,360,6.0,16:22:30,16:28:30,False,,no_dispenser,0
2160261,heavy,84.0,42.0,40-ft,VTC,1,MF,14840745,14840733,080,080,61338,61337,Marine Drive Station @ Bay 2,Marine Drive Station @ Bay 1,61338,Marine Drive Station,60750,61110,in_service_layover,65.0830378758722,69.24803570626578,23.490587763419796,360,6.0,16:52:30,16:58:30,False,,no_dispenser,0
2159699,heavy,15.0,3.0,40-ft,VTC,1,MF,14833095,14832981,015,015,61338,61337,Marine Drive Station @ Bay 2,Marine Drive Station @ Bay 1,61338,Marine Drive Station,62250,62670,in_service_layover,33.272124418734336,38.54806596724013,29.756310333572685,420,7.0,17:17:30,17:24:30,False,,no_dispenser,0
2160260,heavy,84.0,41.0,40-ft,VTC,1,MF,14840746,14840734,080,080,61338,61337,Marine Drive Station @ Bay 2,Marine Drive Station @ Bay 1,61338,Marine Drive Station,62550,62910,in_service_layover,65.26142326519049,69.41272765854492,23.413356778519017,360,6.0,17:22:30,17:28:30,False,,no_dispenser,0
2159698,heavy,15.0,6.0,40-ft,VTC,1,MF,14833098,14833020,015,015,61338,61337,Marine Drive Station @ Bay 2,Marine Drive Station @ Bay 1,61338,Marine Drive Station,63930,64530,in_service_layover,32.249051930469555,39.792282556291084,42.54382072963344,600,10.0,17:45:30,17:55:30,False,,no_dispenser,0
2160261,heavy,84.0,42.0,40-ft,VTC,1,MF,14840747,14840735,080,080,61338,61337,Marine Drive Station @ Bay 2,Marine Drive Station @ Bay 1,61338,Marine Drive Station,64350,64710,in_service_layover,63.86724856996398,68.12348765536991,24.005188441689484,360,6.0,17:52:30,17:58:30,False,,no_dispenser,0
2160369,heavy,100.0,1.0,40-ft,HTC,1,MF,14842121,14842066,100,100,50738,52123,Marpole Loop @ Bay 1,Marpole Loop @ Bay 5,50738,Marpole Loop,23070,23370,in_service_layover,69.51807731987397,72.73010831970437,18.115854839043436,300,5.0,06:24:30,06:29:30,True,1,,1
2160383,heavy,100.0,2.0,40-ft,HTC,1,MF,14842169,14842030,100,100,50738,52123,Marpole Loop @ Bay 1,Marpole Loop @ Bay 5,50738,Marpole Loop,24030,24330,in_service_layover,69.51807731987397,72.73010831970437,18.115854839043436,300,5.0,06:40:30,06:45:30,True,1,,1
2160376,heavy,100.0,3.0,40-ft,HTC,1,MF,14842107,14842031,100,100,50738,52123,Marpole Loop @ Bay 1,Marpole Loop @ Bay 5,50738,Marpole Loop,24750,25170,in_service_layover,69.12766681419065,73.54023899955979,24.88690712548197,420,7.0,06:52:30,06:59:30,True,1,,1
2160367,heavy,100.0,4.0,40-ft,HTC,1,MF,14842149,14842059,100,100,50738,52123,Marpole Loop @ Bay 1,Marpole Loop @ Bay 5,50738,Marpole Loop,25710,26190,in_service_layover,69.51807731987397,74.44473254107876,27.786335447595036,480,8.0,07:08:30,07:16:30,True,1,,1
2160377,heavy,100.0,5.0,40-ft,HTC,1,MF,14842167,14842032,100,100,50738,52123,Marpole Loop @ Bay 1,Marpole Loop @ Bay 5,50738,Marpole Loop,26490,27030,in_service_layover,68.94248899572428,74.48067374158923,31.23536196667834,540,9.0,07:21:30,07:30:30,True,1,,1
2160373,heavy,100.0,6.0,40-ft,HTC,1,MF,14842118,14842050,100,100,50738,52123,Marpole Loop @ Bay 1,Marpole Loop @ Bay 5,50738,Marpole Loop,27390,27810,in_service_layover,69.51807731987397,73.89092112220219,24.66283904513108,420,7.0,07:36:30,07:43:30,True,1,,1
2160381,heavy,100.0,10.0,40-ft,HTC,1,MF,14842084,14842033,100,100,50738,52123,Marpole Loop @ Bay 1,Marpole Loop @ Bay 5,50738,Marpole Loop,27810,28230,in_service_layover,69.51807731987397,73.89092112220219,24.66283904513108,420,7.0,07:43:30,07:50:30,True,1,,1
2160375,heavy,100.0,7.0,40-ft,HTC,1,MF,14842154,14842060,100,100,50738,52123,Marpole Loop @ Bay 1,Marpole Loop @ Bay 5,50738,Marpole Loop,28230,28650,in_service_layover,69.51807731987397,73.89092112220219,24.66283904513108,420,7.0,07:50:30,07:57:30,True,1,,1
2160386,heavy,100.0,11.0,40-ft,HTC,1,MF,14842174,14842019,100,100,50738,52123,Marpole Loop @ Bay 1,Marpole Loop @ Bay 5,50738,Marpole Loop,28650,29070,in_service_layover,68.73725630850733,73.18918180333178,25.108859790809845,420,7.0,07:57:30,08:04:30,True,1,,1
2160369,heavy,100.0,1.0,40-ft,HTC,1,MF,14842113,14841976,100,100,50738,52123,Marpole Loop @ Bay 1,Marpole Loop @ Bay 5,50738,Marpole Loop,29430,29910,in_service_layover,65.5950140415779,70.96178198316248,30.268571190537045,480,8.0,08:10:30,08:18:30,True,1,,1
2160382,heavy,100.0,12.0,40-ft,HTC,1,MF,14842101,14842034,100,100,50738,52123,Marpole Loop @ Bay 1,Marpole Loop @ Bay 5,50738,Marpole Loop,29850,30330,in_service_layover,69.51807731987397,74.44473254107876,27.786335447595036,480,8.0,08:17:30,08:25:30,False,,busy,1
2160383,heavy,100.0,2.0,40-ft,HTC,1,MF,14842083,14841983,100,100,50738,52123,Marpole Loop @ Bay 1,Marpole Loop @ Bay 5,50738,Marpole Loop,30330,30750,in_service_layover,63.316688063964364,68.2762171588885,27.971744095372117,420,7.0,08:25:30,08:32:30,True,1,,1
2160379,heavy,100.0,13.0,40-ft,HTC,1,MF,14842094,14842054,100,100,50738,52123,Marpole Loop @ Bay 1,Marpole Loop @ Bay 5,50738,Marpole Loop,30810,31170,in_service_layover,69.12766681419065,72.96292944188451,21.630881220193316,360,6.0,08:33:30,08:39:30,True,1,,1
2160376,heavy,100.0,3.0,40-ft,HTC,1,MF,14842156,14841982,100,100,50738,52123,Marpole Loop @ Bay 1,Marpole Loop @ Bay 5,50738,Marpole Loop,31170,31590,in_service_layover,64.073532265531,68.9665334499812,27.59652668029912,420,7.0,08:39:30,08:46:30,True,1,,1
2160366,heavy,100.0,14.0,40-ft,HTC,1,MF,14842120,14842028,100,100,50738,52123,Marpole Loop @ Bay 1,Marpole Loop @ Bay 5,50738,Marpole Loop,31590,32010,in_service_layover,69.51807731987397,73.89092112220219,24.66283904513108,420,7.0,08:46:30,08:53:30,True,1,,1
2160374,heavy,100.0,8.0,40-ft,HTC,1,MF,14842175,14842063,100,100,50738,52123,Marpole Loop @ Bay 1,Marpole Loop @ Bay 5,50738,Marpole Loop,32010,32430,in_service_layover,69.3328995014076,73.72463405857629,24.769382902431403,420,7.0,08:53:30,09:00:30,True,1,,1
2160367,heavy,100.0,4.0,40-ft,HTC,1,MF,14842155,14841975,100,100,50738,52123,Marpole Loop @ Bay 1,Marpole Loop @ Bay 5,50738,Marpole Loop,32850,33150,in_service_layover,68.92106294295317,72.17605206417326,18.35813864368123,300,5.0,09:07:30,09:12:30,True,1,,1
2160377,heavy,100.0,5.0,40-ft,HTC,1,MF,14842117,14842049,100,100,50738,52123,Marpole Loop @ Bay 1,Marpole Loop @ Bay 5,50738,Marpole Loop,33450,33870,in_service_layover,67.28722801689682,71.88202875339205,25.914676153833057,420,7.0,09:17:30,09:24:30,True,1,,1
2160373,heavy,100.0,6.0,40-ft,HTC,1,MF,14842148,14842052,100,100,50738,52123,Marpole Loop @ Bay 1,Marpole Loop @ Bay 5,50738,Marpole Loop,34110,34590,in_service_layover,67.16230689988598,72.3577926372934,29.3025395589778,480,8.0,09:28:30,09:36:30,True,1,,1
2160381,heavy,100.0,10.0,40-ft,HTC,1,MF,14842091,14842037,100,100,50738,52123,Marpole Loop @ Bay 1,Marpole Loop @ Bay 5,50738,Marpole Loop,34710,35370,in_service_layover,68.8609595642706,75.44815334146159,37.1517729033572,660,11.0,09:38:30,09:49:30,True,1,,1
2160375,heavy,100.0,7.0,40-ft,HTC,1,MF,14842173,14842018,100,100,50738,52123,Marpole Loop @ Bay 1,Marpole Loop @ Bay 5,50738,Marpole Loop,35370,36030,in_service_layover,68.47054905858727,75.11991379598555,37.5024171189263,660,11.0,09:49:30,10:00:30,True,1,,1
2160369,heavy,100.0,1.0,40-ft,HTC,1,MF,14842106,14842009,100,100,50738,52123,Marpole Loop @ Bay 1,Marpole Loop @ Bay 5,50738,Marpole Loop,35910,36750,in_service_layover,61.65905974621041,71.07654588169567,53.11462180413679,840,14.0,09:58:30,10:12:30,False,,busy,1
2160383,heavy,100.0,2.0,40-ft,HTC,1,MF,14842131,14842008,100,100,50738,52123,Marpole Loop @ Bay 1,Marpole Loop @ Bay 5,50738,Marpole Loop,36810,37470,in_service_layover,59.83054922638308,67.76331853743204,44.74081891431621,660,11.0,10:13:30,10:24:30,True,1,,1
2160376,heavy,100.0,3.0,40-ft,HTC,1,MF,14842103,14841973,100,100,50738,52123,Marpole Loop @ Bay 1,Marpole Loop @ Bay 5,50738,Marpole Loop,37650,38370,in_service_layover,60.471906915270615,68.92893471021499,47.69763676348629,720,12.0,10:27:30,10:39:30,True,1,,1
2160374,heavy,100.0,8.0,40-ft,HTC,1,MF,14842081,14842017,100,100,50738,52123,Marpole Loop @ Bay 1,Marpole Loop @ Bay 5,50738,Marpole Loop,38550,39210,in_service_layover,65.4719484980875,72.58630859133761,40.12499092593055,660,11.0,10:42:30,10:53:30,True,1,,1
2160367,heavy,100.0,4.0,40-ft,HTC,1,MF,14842166,14842007,100,100,50738,52123,Marpole Loop @ Bay 1,Marpole Loop @ Bay 5,50738,Marpole Loop,39390,40110,in_service_layover,64.88108592148069,72.63586249246833,43.73693986037034,720,12.0,10:56:30,11:08:30,True,1,,1
2160377,heavy,100.0,5.0,40-ft,HTC,1,MF,14842130,14841988,100,100,50738,52123,Marpole Loop @ Bay 1,Marpole Loop @ Bay 5,50738,Marpole Loop,40230,41010,in_service_layover,66.69526575639544,74.65406262174336,44.88761432056231,780,13.0,11:10:30,11:23:30,True,1,,1
2160373,heavy,100.0,6.0,40-ft,HTC,1,MF,14842127,14842006,100,100,50738,52123,Marpole Loop @ Bay 1,Marpole Loop @ Bay 5,50738,Marpole Loop,41070,41910,in_service_layover,67.96148747062958,76.1558256301161,46.216067219504,840,14.0,11:24:30,11:38:30,True,1,,1
2160375,heavy,100.0,7.0,40-ft,HTC,1,MF,14842136,14841971,100,100,50738,52123,Marpole Loop @ Bay 1,Marpole Loop @ Bay 5,50738,Marpole Loop,42030,42810,in_service_layover,66.14609262795089,74.20553425724601,45.45525078922452,780,13.0,11:40:30,11:53:30,True,1,,1
2160369,heavy,100.0,1.0,40-ft,HTC,1,MF,14842165,14842005,100,100,50738,52123,Marpole Loop @ Bay 1,Marpole Loop @ Bay 5,50738,Marpole Loop,42870,43710,in_service_layover,62.68109086475281,71.90687001032255,52.03339438101335,840,14.0,11:54:30,12:08:30,True,1,,1
2160383,heavy,100.0,2.0,40-ft,HTC,1,MF,14842129,14842039,100,100,50738,52123,Marpole Loop @ Bay 1,Marpole Loop @ Bay 5,50738,Marpole Loop,43830,44550,in_service_layover,62.63610560146758,70.75442331120075,45.78731188289515,720,12.0,12:10:30,12:22:30,True,1,,1
2160376,heavy,100.0,3.0,40-ft,HTC,1,MF,14842126,14842026,100,100,50738,52123,Marpole Loop @ Bay 1,Marpole Loop @ Bay 5,50738,Marpole Loop,44730,45450,in_service_layover,63.47692379380436,71.46053761406598,45.02758194627552,720,12.0,12:25:30,12:37:30,True,1,,1
2160374,heavy,100.0,8.0,40-ft,HTC,1,MF,14842125,14842016,100,100,50738,52123,Marpole Loop @ Bay 1,Marpole Loop @ Bay 5,50738,Marpole Loop,45630,46350,in_service_layover,66.19923309874264,73.73477203051131,42.50043957517528,720,12.0,12:40:30,12:52:30,True,1,,1
2160367,heavy,100.0,4.0,40-ft,HTC,1,MF,14842164,14842025,100,100,50738,52123,Marpole Loop @ Bay 1,Marpole Loop @ Bay 5,50738,Marpole Loop,46590,47250,in_service_layover,65.28430259053137,72.42702555877997,40.28495754092205,660,11.0,12:56:30,13:07:30,True,1,,1
2160377,heavy,100.0,5.0,40-ft,HTC,1,MF,14842112,14841979,100,100,50738,52123,Marpole Loop @ Bay 1,Marpole Loop @ Bay 5,50738,Marpole Loop,47430,48150,in_service_layover,67.97575085771219,75.20904744864248,40.79579277284682,720,12.0,13:10:30,13:22:30,True,1,,1
2160373,heavy,100.0,6.0,40-ft,HTC,1,MF,14842124,14842004,100,100,50738,52123,Marpole Loop @ Bay 1,Marpole Loop @ Bay 5,50738,Marpole Loop,48390,49050,in_service_layover,69.75687453374005,76.19997992160151,36.33911438753864,660,11.0,13:26:30,13:37:30,True,1,,1
2160375,heavy,100.0,7.0,40-ft,HTC,1,MF,14842123,14842015,100,100,50738,52123,Marpole Loop @ Bay 1,Marpole Loop @ Bay 5,50738,Marpole Loop,49290,49890,in_service_layover,67.96145008045693,74.16770221782363,35.00326205474818,600,10.0,13:41:30,13:51:30,True,1,,1
2160369,heavy,100.0,1.0,40-ft,HTC,1,MF,14842163,14841981,100,100,50738,52123,Marpole Loop @ Bay 1,Marpole Loop @ Bay 5,50738,Marpole Loop,50250,50730,in_service_layover,65.22278311419105,70.62934211380984,30.492992757850004,480,8.0,13:57:30,14:05:30,True,1,,1
2160383,heavy,100.0,2.0,40-ft,HTC,1,MF,14842111,14842042,100,100,50738,52123,Marpole Loop @ Bay 1,Marpole Loop @ Bay 5,50738,Marpole Loop,51150,51510,in_service_layover,64.61656763874184,68.81700298453742,23.690455350287095,360,6.0,14:12:30,14:18:30,True,1,,1
2160376,heavy,100.0,3.0,40-ft,HTC,1,MF,14842122,14842003,100,100,50738,52123,Marpole Loop @ Bay 1,Marpole Loop @ Bay 5,50738,Marpole Loop,51930,52290,in_service_layover,64.04069893332985,68.28414374373477,23.933028730683702,360,6.0,14:25:30,14:31:30,True,1,,1
2160374,heavy,100.0,8.0,40-ft,HTC,1,MF,14842093,14841985,100,100,50738,52123,Marpole Loop @ Bay 1,Marpole Loop @ Bay 5,50738,Marpole Loop,52770,53070,in_service_layover,65.3138106769681,68.8096868181461,19.71674143624398,300,5.0,14:39:30,14:44:30,True,1,,1
2160367,heavy,100.0,4.0,40-ft,HTC,1,MF,14842186,14842014,100,100,50738,52123,Marpole Loop @ Bay 1,Marpole Loop @ Bay 5,50738,Marpole Loop,53670,54090,in_service_layover,62.64271470766653,67.66029984512387,28.299180175259437,420,7.0,14:54:30,15:01:30,True,1,,1
2160377,heavy,100.0,5.0,40-ft,HTC,1,MF,14842184,14842061,100,100,50738,52123,Marpole Loop @ Bay 1,Marpole Loop @ Bay 5,50738,Marpole Loop,54630,55110,in_service_layover,68.1643730119584,73.24717757231694,28.667017720422223,480,8.0,15:10:30,15:18:30,True,1,,1
2160373,heavy,100.0,6.0,40-ft,HTC,1,MF,14842171,14841984,100,100,50738,52123,Marpole Loop @ Bay 1,Marpole Loop @ Bay 5,50738,Marpole Loop,55830,56130,in_service_layover,69.02529155764606,72.27284407152719,18.3161961782896,300,5.0,15:30:30,15:35:30,True,1,,1
2160375,heavy,100.0,7.0,40-ft,HTC,1,MF,14842151,14842013,100,100,50738,52123,Marpole Loop @ Bay 1,Marpole Loop @ Bay 5,50738,Marpole Loop,56850,57150,in_service_layover,68.17233659384806,71.47995976677876,18.65499469532915,300,5.0,15:47:30,15:52:30,True,1,,1
2160369,heavy,100.0,1.0,40-ft,HTC,1,MF,14842128,14842076,100,100,50738,52123,Marpole Loop @ Bay 1,Marpole Loop @ Bay 5,50738,Marpole Loop,57330,57630,in_service_layover,62.2571532303409,65.93580847677465,20.74761558988638,300,5.0,15:55:30,16:00:30,True,1,,1
2160383,heavy,100.0,2.0,40-ft,HTC,1,MF,14842157,14842035,100,100,50738,52123,Marpole Loop @ Bay 1,Marpole Loop @ Bay 5,50738,Marpole Loop,58350,58710,in_service_layover,60.57577673570448,65.06685639983891,25.329689305718205,360,6.0,16:12:30,16:18:30,True,1,,1
2160376,heavy,100.0,3.0,40-ft,HTC,1,MF,14842110,14841987,100,100,50738,52123,Marpole Loop @ Bay 1,Marpole Loop @ Bay 5,50738,Marpole Loop,59310,59670,in_service_layover,62.080550907517676,66.46490899918308,24.72777963699292,360,6.0,16:28:30,16:34:30,True,1,,1
2160374,heavy,100.0,8.0,40-ft,HTC,1,MF,14842098,14842056,100,100,50738,52123,Marpole Loop @ Bay 1,Marpole Loop @ Bay 5,50738,Marpole Loop,60210,60630,in_service_layover,62.38233509271173,67.42204966887371,28.423990209553608,420,7.0,16:43:30,16:50:30,True,1,,1
2160367,heavy,100.0,4.0,40-ft,HTC,1,MF,14842177,14841999,100,100,50738,52123,Marpole Loop @ Bay 1,Marpole Loop @ Bay 5,50738,Marpole Loop,61410,61710,in_service_layover,60.86821394781644,64.62895780432846,21.21059535072783,300,5.0,17:03:30,17:08:30,True,1,,1
2160372,heavy,100.0,20.0,40-ft,HTC,1,MF,14842105,14842045,100,100,50738,52123,Marpole Loop @ Bay 1,Marpole Loop @ Bay 5,50738,Marpole Loop,61830,62130,in_service_layover,69.36747510316692,72.59042549120755,18.1774401885491,300,5.0,17:10:30,17:15:30,True,1,,1
2160377,heavy,100.0,5.0,40-ft,HTC,1,MF,14842109,14841986,100,100,50738,52123,Marpole Loop @ Bay 1,Marpole Loop @ Bay 5,50738,Marpole Loop,62370,62730,in_service_layover,63.86973999168747,68.12579583208888,24.00415493986401,360,6.0,17:19:30,17:25:30,True,1,,1
2160371,heavy,100.0,21.0,40-ft,HTC,1,MF,14842159,14842062,100,100,50738,52123,Marpole Loop @ Bay 1,Marpole Loop @ Bay 5,50738,Marpole Loop,62910,63270,in_service_layover,69.61027039149536,73.40349883418055,21.39380841674449,360,6.0,17:28:30,17:34:30,True,1,,1
2160373,heavy,100.0,6.0,40-ft,HTC,1,MF,14842096,14842036,100,100,50738,52123,Marpole Loop @ Bay 1,Marpole Loop @ Bay 5,50738,Marpole Loop,63450,63810,in_service_layover,62.73818472839171,67.07590212354124,24.464726108643333,360,6.0,17:37:30,17:43:30,True,1,,1
2160375,heavy,100.0,7.0,40-ft,HTC,1,MF,14842158,14841980,100,100,50738,52123,Marpole Loop @ Bay 1,Marpole Loop @ Bay 5,50738,Marpole Loop,64470,64770,in_service_layover,62.21459761216453,65.89576796605552,20.761800795945135,300,5.0,17:54:30,17:59:30,True,1,,1
2160369,heavy,100.0,1.0,40-ft,HTC,1,MF,14842082,14841995,100,100,50738,52123,Marpole Loop @ Bay 1,Marpole Loop @ Bay 5,50738,Marpole Loop,64950,65370,in_service_layover,57.90267129956281,63.306109917851096,30.475393807145906,420,7.0,18:02:30,18:09:30,True,1,,1
2160384,heavy,100.0,24.0,40-ft,HTC,1,MF,14842108,14841997,100,100,50738,52123,Marpole Loop @ Bay 1,Marpole Loop @ Bay 5,50738,Marpole Loop,65550,65970,in_service_layover,69.2168728864599,73.62040045363634,24.83589547887516,420,7.0,18:12:30,18:19:30,True,1,,1
2160383,heavy,100.0,2.0,40-ft,HTC,1,MF,14842160,14842027,100,100,50738,52123,Marpole Loop @ Bay 1,Marpole Loop @ Bay 5,50738,Marpole Loop,66030,66570,in_service_layover,56.84946320130207,63.764347320026445,38.99994642960547,540,9.0,18:20:30,18:29:30,True,1,,1
2160378,heavy,100.0,25.0,40-ft,HTC,1,MF,14842141,14842055,100,100,50738,52123,Marpole Loop @ Bay 1,Marpole Loop @ Bay 5,50738,Marpole Loop,66570,67110,in_service_layover,69.57569478973603,75.03083231153728,30.766975622959023,540,9.0,18:29:30,18:38:30,True,1,,1
2160376,heavy,100.0,3.0,40-ft,HTC,1,MF,14842104,14842064,100,100,50738,52123,Marpole Loop @ Bay 1,Marpole Loop @ Bay 5,50738,Marpole Loop,66990,67710,in_service_layover,59.15351597925482,67.82631767438727,48.914601560547,720,12.0,18:36:30,18:48:30,False,,busy,1
2160374,heavy,100.0,8.0,40-ft,HTC,1,MF,14842133,14842067,100,100,50738,52123,Marpole Loop @ Bay 1,Marpole Loop @ Bay 5,50738,Marpole Loop,67950,68310,in_service_layover,59.56099561663674,64.12759174564336,25.755602167597374,360,6.0,18:52:30,18:58:30,True,1,,1
2160367,heavy,100.0,4.0,40-ft,HTC,1,MF,14842132,14842041,100,100,50738,52123,Marpole Loop @ Bay 1,Marpole Loop @ Bay 5,50738,Marpole Loop,68790,69270,in_service_layover,60.5994759560534,66.47181660839782,33.12000127922249,480,8.0,19:06:30,19:14:30,True,1,,1
2160371,heavy,100.0,21.0,40-ft,HTC,1,MF,14842162,14842044,100,100,50738,52123,Marpole Loop @ Bay 1,Marpole Loop @ Bay 5,50738,Marpole Loop,69690,70170,in_service_layover,63.94589963945242,69.48636078216165,31.248200844880103,480,8.0,19:21:30,19:29:30,True,1,,1
2160373,heavy,100.0,6.0,40-ft,HTC,1,MF,14842102,14841977,100,100,50738,52123,Marpole Loop @ Bay 1,Marpole Loop @ Bay 5,50738,Marpole Loop,70470,71070,in_service_layover,63.443290811213224,70.26930287050887,38.49870801442739,600,10.0,19:34:30,19:44:30,True,1,,1
2160369,heavy,100.0,1.0,40-ft,HTC,1,MF,14842135,14842057,100,100,50738,52123,Marpole Loop @ Bay 1,Marpole Loop @ Bay 5,50738,Marpole Loop,71610,71970,in_service_layover,57.372423182888944,62.06442596973814,26.46289571782944,360,6.0,19:53:30,19:59:30,True,1,,1
2160383,heavy,100.0,2.0,40-ft,HTC,1,MF,14842168,14842024,100,100,50738,52123,Marpole Loop @ Bay 1,Marpole Loop @ Bay 5,50738,Marpole Loop,72450,72870,in_service_layover,54.85484187156169,60.36978375284937,31.10427221046251,420,7.0,20:07:30,20:14:30,True,1,,1
2160376,heavy,100.0,3.0,40-ft,HTC,1,MF,14842115,14841978,100,100,50738,52123,Marpole Loop @ Bay 1,Marpole Loop @ Bay 5,50738,Marpole Loop,73350,73770,in_service_layover,58.70926128879568,64.05751377659261,30.164144031174715,420,7.0,20:22:30,20:29:30,True,1,,1
2160374,heavy,100.0,8.0,40-ft,HTC,1,MF,14842137,14841994,100,100,50738,52123,Marpole Loop @ Bay 1,Marpole Loop @ Bay 5,50738,Marpole Loop,74310,74670,in_service_layover,56.13171287997848,60.85967033275232,26.66568003364449,360,6.0,20:38:30,20:44:30,True,1,,1
2160367,heavy,100.0,4.0,40-ft,HTC,1,MF,14842116,14842046,100,100,50738,52123,Marpole Loop @ Bay 1,Marpole Loop @ Bay 5,50738,Marpole Loop,74910,75570,in_service_layover,59.55018089233589,67.52626945530794,44.98513949516234,660,11.0,20:48:30,20:59:30,True,1,,1
2160371,heavy,100.0,21.0,40-ft,HTC,1,MF,14842170,14842002,100,100,50738,52123,Marpole Loop @ Bay 1,Marpole Loop @ Bay 5,50738,Marpole Loop,75810,76470,in_service_layover,62.27094156640306,69.85725001672039,42.78677965978966,660,11.0,21:03:30,21:14:30,True,1,,1
2160373,heavy,100.0,6.0,40-ft,HTC,1,MF,14842179,14842068,100,100,50738,52123,Marpole Loop @ Bay 1,Marpole Loop @ Bay 5,50738,Marpole Loop,76770,77370,in_service_layover,63.430473734824425,70.25817306294329,38.50822421059041,600,10.0,21:19:30,21:29:30,True,1,,1
2160369,heavy,100.0,1.0,40-ft,HTC,1,MF,14842134,14841993,100,100,50738,52123,Marpole Loop @ Bay 1,Marpole Loop @ Bay 5,50738,Marpole Loop,77790,78330,in_service_layover,55.080159648561136,62.09640576312553,39.571628086143164,540,9.0,21:36:30,21:45:30,True,1,,1
2160383,heavy,100.0,2.0,40-ft,HTC,1,MF,14842095,14842001,100,100,50738,52123,Marpole Loop @ Bay 1,Marpole Loop @ Bay 5,50738,Marpole Loop,78570,79230,in_service_layover,55.32405366455401,63.77024521217726,47.63652032859511,660,11.0,21:49:30,22:00:30,True,1,,1
2160376,heavy,100.0,3.0,40-ft,HTC,1,MF,14842180,14842043,100,100,50738,52123,Marpole Loop @ Bay 1,Marpole Loop @ Bay 5,50738,Marpole Loop,79470,79950,in_service_layover,57.89499230000005,64.01938177305625,34.54155662803697,480,8.0,22:04:30,22:12:30,True,1,,1
2160374,heavy,100.0,8.0,40-ft,HTC,1,MF,14842172,14842069,100,100,50738,52123,Marpole Loop @ Bay 1,Marpole Loop @ Bay 5,50738,Marpole Loop,80430,80910,in_service_layover,56.12865861690752,62.36046124091341,35.14736679939324,480,8.0,22:20:30,22:28:30,True,1,,1
2160367,heavy,100.0,4.0,40-ft,HTC,1,MF,14842142,14841992,100,100,50738,52123,Marpole Loop @ Bay 1,Marpole Loop @ Bay 5,50738,Marpole Loop,81210,81810,in_service_layover,62.432459049888955,69.39024609801089,39.24191895140774,600,10.0,22:33:30,22:43:30,True,1,,1
2160371,heavy,100.0,21.0,40-ft,HTC,1,MF,14842181,14842040,100,100,50738,52123,Marpole Loop @ Bay 1,Marpole Loop @ Bay 5,50738,Marpole Loop,82110,82710,in_service_layover,63.67758144779949,70.47269174394486,38.324422070259914,600,10.0,22:48:30,22:58:30,True,1,,1
2160373,heavy,100.0,6.0,40-ft,HTC,1,MF,14842088,14842071,100,100,50738,52123,Marpole Loop @ Bay 1,Marpole Loop @ Bay 5,50738,Marpole Loop,83130,83550,in_service_layover,64.38061563153535,69.24622168231231,27.44201812638198,420,7.0,23:05:30,23:12:30,True,1,,1
2160369,heavy,100.0,1.0,40-ft,HTC,1,MF,14842087,14842070,100,100,50738,52123,Marpole Loop @ Bay 1,Marpole Loop @ Bay 5,50738,Marpole Loop,84150,84510,in_service_layover,62.17924724382087,66.55660559532292,24.688301102471655,360,6.0,23:22:30,23:28:30,True,1,,1
2160376,heavy,100.0,3.0,40-ft,HTC,1,MF,14842182,14842000,100,100,50738,52123,Marpole Loop @ Bay 1,Marpole Loop @ Bay 5,50738,Marpole Loop,85290,85710,in_service_layover,57.85996512828374,63.26602644858919,30.490185846522706,420,7.0,23:41:30,23:48:30,True,1,,1
2160374,heavy,100.0,8.0,40-ft,HTC,1,MF,14842085,14841974,100,100,50738,52123,Marpole Loop @ Bay 1,Marpole Loop @ Bay 5,50738,Marpole Loop,86430,86970,in_service_layover,57.5214673896714,64.38430489106833,38.70640350787863,540,9.0,24:00:30,24:09:30,True,1,,1
2160367,heavy,100.0,4.0,40-ft,HTC,1,MF,14842138,14842072,100,100,50738,52123,Marpole Loop @ Bay 1,Marpole Loop @ Bay 5,50738,Marpole Loop,87450,88110,in_service_layover,67.7156984418701,74.4842030336223,38.174365897482346,660,11.0,24:17:30,24:28:30,True,1,,1
2160373,heavy,100.0,6.0,40-ft,HTC,1,MF,14842183,14841998,100,100,50738,52123,Marpole Loop @ Bay 1,Marpole Loop @ Bay 5,50738,Marpole Loop,88710,89430,in_service_layover,63.7485208621316,71.68825041849348,44.78007469788105,720,12.0,24:38:30,24:50:30,True,1,,1
2160376,heavy,100.0,3.0,40-ft,HTC,1,MF,14842140,14842011,100,100,50738,52123,Marpole Loop @ Bay 1,Marpole Loop @ Bay 5,50738,Marpole Loop,90690,91230,in_service_layover,55.489012567798454,62.48643138960952,39.46544215501439,540,9.0,25:11:30,25:20:30,True,1,,1
2160374,heavy,100.0,8.0,40-ft,HTC,1,MF,14842139,14842012,100,100,50738,52123,Marpole Loop @ Bay 1,Marpole Loop @ Bay 5,50738,Marpole Loop,92190,93030,in_service_layover,59.998607946198725,69.7221077155416,54.84053869909377,840,14.0,25:36:30,25:50:30,True,1,,1
2162328,heavy,410.0,44.0,40-ft,HTC,1,MF,14873201,14845517,410,119,58322,52804,22nd Street Station @ Unloading Only,Metrotown Station @ Bay 6,52804,Metrotown Station,7710,8010,interline_end,21.697037941599415,25.408895147834933,20.934874643168314,300,5.0,02:08:30,02:13:30,False,,no_dispenser,0
2162368,heavy,430.0,2.0,40-ft,RTC,1,MF,14874134,14874244,430,430,52692,51999,Metrotown Station @ Bay 1,Metrotown Station @ Bay 3,52692,Metrotown Station,25170,25830,in_service_layover,69.92930727899837,76.34445475173004,36.18143174620667,660,11.0,06:59:30,07:10:30,False,,no_dispenser,0
2162374,heavy,430.0,12.0,40-ft,RTC,1,MF,14874135,14874206,430,430,52692,51999,Metrotown Station @ Bay 1,Metrotown Station @ Bay 3,52692,Metrotown Station,25770,26850,in_service_layover,69.92930727899837,79.34815250126533,53.122287053585694,1080,18.0,07:09:30,07:27:30,False,,no_dispenser,0
2162206,heavy,401.0,16.0,40-ft,RTC,1,MF,14874136,14874207,430,430,52692,51999,Metrotown Station @ Bay 1,Metrotown Station @ Bay 3,52692,Metrotown Station,26550,27210,in_service_layover,69.92930727899837,76.34445475173004,36.18143174620667,660,11.0,07:22:30,07:33:30,False,,no_dispenser,0
2160408,heavy,152.0,2.0,40-ft,PCT,1,MF,14844743,14844706,110,110,52692,60213,Metrotown Station @ Bay 1,Metrotown Station @ Bay 13,52692,Metrotown Station,26670,27210,in_service_layover,67.01745643286812,72.8020543145253,32.62513205254646,540,9.0,07:24:30,07:33:30,False,,no_dispenser,0
2162318,heavy,430.0,7.0,40-ft,RTC,1,MF,14874137,14874208,430,430,52692,51999,Metrotown Station @ Bay 1,Metrotown Station @ Bay 3,52692,Metrotown Station,27210,27810,in_service_layover,65.25208262823696,71.83601517749989,37.1333795778429,600,10.0,07:33:30,07:43:30,False,,no_dispenser,0
2162366,heavy,430.0,3.0,40-ft,RTC,1,MF,14874138,14874210,430,430,52692,51999,Metrotown Station @ Bay 1,Metrotown Station @ Bay 3,52692,Metrotown Station,27810,28950,in_service_layover,65.25208262823696,76.27059391272385,62.1444036445061,1140,19.0,07:43:30,08:02:30,False,,no_dispenser,0
2162372,heavy,430.0,10.0,40-ft,RTC,1,MF,14874139,14874211,430,430,52692,51999,Metrotown Station @ Bay 1,Metrotown Station @ Bay 3,52692,Metrotown Station,28530,29430,in_service_layover,69.92930727899837,78.14532172869278,46.338321496276535,900,15.0,07:55:30,08:10:30,False,,no_dispenser,0
2160605,heavy,106.0,4.0,40-ft,HTC,1,MF,14845654,14845503,119,119,52692,52804,Metrotown Station @ Bay 1,Metrotown Station @ Bay 6,52692,Metrotown Station,29010,29310,in_service_layover,68.41623777092335,71.7068667164487,18.55914725276307,300,5.0,08:03:30,08:08:30,False,,no_dispenser,0
2162365,heavy,430.0,6.0,40-ft,RTC,1,MF,14874177,14874212,430,430,52692,51999,Metrotown Station @ Bay 1,Metrotown Station @ Bay 3,52692,Metrotown Station,29250,30030,in_service_layover,65.25208262823696,73.47377648336486,46.37035334292136,780,13.0,08:07:30,08:20:30,False,,no_dispenser,0
2162376,heavy,430.0,8.0,40-ft,RTC,1,MF,14874140,14874245,430,430,52692,51999,Metrotown Station @ Bay 1,Metrotown Station @ Bay 3,52692,Metrotown Station,29850,30630,in_service_layover,69.92930727899837,77.28034958930091,41.459878630106346,780,13.0,08:17:30,08:30:30,False,,no_dispenser,0
2160598,heavy,123.0,4.0,40-ft,HTC,1,MF,14845350,14845294,116,116,60212,60212,Metrotown Station @ Bay 12,Metrotown Station @ Bay 12,60212,Metrotown Station,30030,30210,in_service_layover,64.48899035796804,66.6595935367635,12.242201928406416,180,3.0,08:20:30,08:23:30,False,,no_dispenser,0
2160504,heavy,123.0,10.0,40-ft,HTC,1,MF,14845648,14845515,119,119,52692,52804,Metrotown Station @ Bay 1,Metrotown Station @ Bay 6,52692,Metrotown Station,30510,30750,in_service_layover,68.74876244900823,71.39761703808593,14.939539882398208,240,4.0,08:28:30,08:32:30,False,,no_dispenser,0
2162371,heavy,430.0,9.0,40-ft,RTC,1,MF,14874141,14874213,430,430,52692,51999,Metrotown Station @ Bay 1,Metrotown Station @ Bay 3,52692,Metrotown Station,30510,31110,in_service_layover,65.25208262823696,71.83601517749989,37.1333795778429,600,10.0,08:28:30,08:38:30,False,,no_dispenser,0
2160547,heavy,152.0,53.0,40-ft,PCT,1,MF,14844730,14844674,110,110,52692,60213,Metrotown Station @ Bay 1,Metrotown Station @ Bay 13,52692,Metrotown Station,30750,31110,in_service_layover,66.18128757522496,70.26073547389434,23.00808614849535,360,6.0,08:32:30,08:38:30,False,,no_dispenser,0
2160596,heavy,123.0,12.0,40-ft,HTC,1,MF,14845369,14845295,116,116,60212,60212,Metrotown Station @ Bay 12,Metrotown Station @ Bay 12,60212,Metrotown Station,30930,31650,in_service_layover,66.87819482414936,74.29913853136962,41.8541225087223,720,12.0,08:35:30,08:47:30,False,,no_dispenser,0
2162364,heavy,430.0,11.0,40-ft,RTC,1,MF,14874142,14874214,430,430,52692,51999,Metrotown Station @ Bay 1,Metrotown Station @ Bay 3,52692,Metrotown Station,31230,31830,in_service_layover,65.25208262823696,71.83601517749989,37.1333795778429,600,10.0,08:40:30,08:50:30,False,,no_dispenser,0
2160417,heavy,152.0,12.0,40-ft,PCT,1,MF,14844751,14844692,110,110,52692,60213,Metrotown Station @ Bay 1,Metrotown Station @ Bay 13,52692,Metrotown Station,31650,32550,in_service_layover,66.18128757522496,75.21003102130243,50.92211303587692,900,15.0,08:47:30,09:02:30,False,,no_dispenser,0
2160623,heavy,123.0,14.0,40-ft,HTC,1,MF,14845661,14845501,119,119,52692,52804,Metrotown Station @ Bay 1,Metrotown Station @ Bay 6,52692,Metrotown Station,31950,32190,in_service_layover,68.74876244900823,71.39761703808593,14.939539882398208,240,4.0,08:52:30,08:56:30,False,,no_dispenser,0
2160500,heavy,123.0,6.0,40-ft,HTC,1,MF,14845322,14845265,116,116,60212,60212,Metrotown Station @ Bay 12,Metrotown Station @ Bay 12,60212,Metrotown Station,31950,32370,in_service_layover,63.1436263086137,68.11816961655785,28.05642425680503,420,7.0,08:52:30,08:59:30,False,,no_dispenser,0
2164977,heavy,410.0,33.0,40-ft,HTC,1,MF,14848578,14848481,144,144,52692,60214,Metrotown Station @ Bay 1,Metrotown Station @ Bay 14,52692,Metrotown Station,31950,32490,in_service_layover,66.41887199395902,72.27823136286695,33.046786840640664,540,9.0,08:52:30,09:01:30,False,,no_dispenser,0
2162294,heavy,430.0,5.0,40-ft,RTC,1,MF,14874143,14874215,430,430,52692,51999,Metrotown Station @ Bay 1,Metrotown Station @ Bay 3,52692,Metrotown Station,32010,32850,in_service_layover,61.08985746578198,70.61299519360227,53.71049678490647,840,14.0,08:53:30,09:07:30,False,,no_dispenser,0
2160696,heavy,130.0,53.0,40-ft,BTC,1,MF,14856762,14846974,222,130,52692,52736,Metrotown Station @ Bay 1,Metrotown Station @ Bay 4,52692,Metrotown Station,32190,32370,in_service_layover,69.23317790540806,71.2256639938062,11.23762153856552,180,3.0,08:56:30,08:59:30,False,,no_dispenser,0
2160070,heavy,130.0,52.0,40-ft,BTC,1,MF,14856789,14847024,222,130,52692,52736,Metrotown Station @ Bay 1,Metrotown Station @ Bay 4,52692,Metrotown Station,32550,32850,in_service_layover,60.86513907831763,64.62606466470547,21.211620307227463,300,5.0,09:02:30,09:07:30,False,,no_dispenser,0
2160605,heavy,106.0,4.0,40-ft,HTC,1,MF,14845655,14845500,119,119,52692,52804,Metrotown Station @ Bay 1,Metrotown Station @ Bay 6,52692,Metrotown Station,32730,32910,in_service_layover,69.13608283887267,71.13267785029142,11.260795864401757,180,3.0,09:05:30,09:08:30,False,,no_dispenser,0
2162368,heavy,430.0,2.0,40-ft,RTC,1,MF,14874144,14874216,430,430,52692,51999,Metrotown Station @ Bay 1,Metrotown Station @ Bay 3,52692,Metrotown Station,32790,33750,in_service_layover,62.027134603963454,72.43890250306285,58.72237095092066,960,16.0,09:06:30,09:22:30,False,,no_dispenser,0
2160620,heavy,123.0,16.0,40-ft,HTC,1,MF,14848558,14848487,144,144,52692,60214,Metrotown Station @ Bay 1,Metrotown Station @ Bay 14,52692,Metrotown Station,32850,33390,in_service_layover,64.97111025836435,71.00764210057378,34.04603959006113,540,9.0,09:07:30,09:16:30,False,,no_dispenser,0
2160069,heavy,130.0,1.0,40-ft,BTC,1,MF,14856763,14847038,222,130,52692,52736,Metrotown Station @ Bay 1,Metrotown Station @ Bay 4,52692,Metrotown Station,33030,33270,in_service_layover,67.7489741584342,70.45260644230927,15.248486081055432,240,4.0,09:10:30,09:14:30,False,,no_dispenser,0
2160415,heavy,152.0,11.0,40-ft,PCT,1,MF,14844767,14844715,110,110,52692,60213,Metrotown Station @ Bay 1,Metrotown Station @ Bay 13,52692,Metrotown Station,33030,33510,in_service_layover,64.59899132411286,70.07146700058384,30.864762815296274,480,8.0,09:10:30,09:18:30,False,,no_dispenser,0
2160701,heavy,210.0,16.0,40-ft,BTC,1,MF,14847126,14846989,130,130,52692,52736,Metrotown Station @ Bay 1,Metrotown Station @ Bay 4,52692,Metrotown Station,33090,33450,in_service_layover,65.1668694969634,69.32544161006143,23.45434671787291,360,6.0,09:11:30,09:17:30,False,,no_dispenser,0
2160064,heavy,130.0,7.0,40-ft,BTC,1,MF,14847141,14847039,130,130,52692,52736,Metrotown Station @ Bay 1,Metrotown Station @ Bay 4,52692,Metrotown Station,33570,33750,in_service_layover,65.57285947492403,67.70502757865012,12.02542810501518,180,3.0,09:19:30,09:22:30,False,,no_dispenser,0
2162375,heavy,430.0,4.0,40-ft,RTC,1,MF,14874145,14874217,430,430,52692,51999,Metrotown Station @ Bay 1,Metrotown Station @ Bay 3,52692,Metrotown Station,33570,34770,in_service_layover,69.92930727899837,80.10569422351523,57.39482236707511,1200,20.0,09:19:30,09:39:30,False,,no_dispenser,0
2160490,heavy,106.0,2.0,40-ft,HTC,1,MF,14845307,14845264,116,116,60212,60212,Metrotown Station @ Bay 12,Metrotown Station @ Bay 12,60212,Metrotown Station,33690,33930,in_service_layover,53.71335584341642,56.850034354548875,17.69086680278707,240,4.0,09:21:30,09:25:30,False,,no_dispenser,0
2160566,heavy,410.0,1.0,40-ft,HTC,1,MF,14848577,14848501,144,144,52692,60214,Metrotown Station @ Bay 1,Metrotown Station @ Bay 14,52692,Metrotown Station,33750,34290,in_service_layover,55.490137069377376,62.487500014627614,39.46512701121134,540,9.0,09:22:30,09:31:30,False,,no_dispenser,0
2160691,heavy,130.0,3.0,40-ft,BTC,1,MF,14856764,14847003,222,130,52692,52736,Metrotown Station @ Bay 1,Metrotown Station @ Bay 4,52692,Metrotown Station,33810,33990,in_service_layover,65.49440477848125,67.6293549636415,12.041119044303741,180,3.0,09:23:30,09:26:30,False,,no_dispenser,0
2160687,heavy,130.0,6.0,40-ft,BTC,1,MF,14847137,14846933,130,130,52692,52736,Metrotown Station @ Bay 1,Metrotown Station @ Bay 4,52692,Metrotown Station,34110,34530,in_service_layover,66.15691206897493,70.85949528590885,26.522569343507257,420,7.0,09:28:30,09:35:30,False,,no_dispenser,0
2160504,heavy,123.0,10.0,40-ft,HTC,1,MF,14845651,14845574,119,119,52692,52804,Metrotown Station @ Bay 1,Metrotown Station @ Bay 6,52692,Metrotown Station,34170,34350,in_service_layover,68.84899926832642,70.85760735901535,11.3285496314856,180,3.0,09:29:30,09:32:30,False,,no_dispenser,0
2160068,heavy,130.0,4.0,40-ft,BTC,1,MF,14847099,14846990,130,130,52692,52736,Metrotown Station @ Bay 1,Metrotown Station @ Bay 4,52692,Metrotown Station,34530,34830,in_service_layover,64.83688549904663,68.36221172952376,19.882839939891028,300,5.0,09:35:30,09:40:30,False,,no_dispenser,0
2160408,heavy,152.0,2.0,40-ft,PCT,1,MF,14844722,14844714,110,110,52692,60213,Metrotown Station @ Bay 1,Metrotown Station @ Bay 13,52692,Metrotown Station,34590,35310,in_service_layover,66.67779501934015,74.13268081382648,42.04555588090284,720,12.0,09:36:30,09:48:30,False,,no_dispenser,0
2160682,heavy,130.0,8.0,40-ft,BTC,1,MF,14847052,14846991,130,130,52692,52736,Metrotown Station @ Bay 1,Metrotown Station @ Bay 4,52692,Metrotown Station,35010,35370,in_service_layover,67.91148924932673,71.85013512622294,22.213962745694516,360,6.0,09:43:30,09:49:30,False,,no_dispenser,0
2162318,heavy,430.0,7.0,40-ft,RTC,1,MF,14874147,14874218,430,430,52692,51999,Metrotown Station @ Bay 1,Metrotown Station @ Bay 3,52692,Metrotown Station,35010,35910,in_service_layover,57.518695029733294,68.32060185268946,60.92275448147279,900,15.0,09:43:30,09:58:30,False,,no_dispenser,0
2160703,heavy,130.0,5.0,40-ft,BTC,1,MF,14847080,14846934,130,130,52692,52736,Metrotown Station @ Bay 1,Metrotown Station @ Bay 4,52692,Metrotown Station,35310,35670,in_service_layover,60.72562557474023,65.20607766163809,25.269749770103886,360,6.0,09:48:30,09:54:30,False,,no_dispenser,0
2160603,heavy,123.0,25.0,40-ft,HTC,1,MF,14848591,14845499,144,119,52692,52804,Metrotown Station @ Bay 1,Metrotown Station @ Bay 6,52692,Metrotown Station,35550,35790,in_service_layover,64.97111025836435,67.81408376860718,16.03437059776951,240,4.0,09:52:30,09:56:30,False,,no_dispenser,0
2160598,heavy,123.0,4.0,40-ft,HTC,1,MF,14845312,14845263,116,116,60212,60212,Metrotown Station @ Bay 12,Metrotown Station @ Bay 12,60212,Metrotown Station,35610,35790,in_service_layover,57.26246663527691,59.643458695426354,13.428795219242886,180,3.0,09:53:30,09:56:30,False,,no_dispenser,0
2160593,heavy,410.0,22.0,40-ft,HTC,1,MF,14845650,14848476,119,144,52692,60214,Metrotown Station @ Bay 1,Metrotown Station @ Bay 14,52692,Metrotown Station,35610,36090,in_service_layover,66.58840220292134,71.84730921557137,29.660235551346148,480,8.0,09:53:30,10:01:30,False,,no_dispenser,0
2162366,heavy,430.0,3.0,40-ft,RTC,1,MF,14874176,14874219,430,430,52692,51999,Metrotown Station @ Bay 1,Metrotown Station @ Bay 3,52692,Metrotown Station,36270,37050,in_service_layover,61.95327376495726,70.75663527826846,49.65095893507515,780,13.0,10:04:30,10:17:30,False,,no_dispenser,0
2160419,heavy,152.0,14.0,40-ft,PCT,1,MF,14844728,14844713,110,110,52692,60213,Metrotown Station @ Bay 1,Metrotown Station @ Bay 13,52692,Metrotown Station,36270,37110,in_service_layover,64.02465433161976,72.9945027494176,50.58994507637988,840,14.0,10:04:30,10:18:30,False,,no_dispenser,0
2160605,heavy,106.0,4.0,40-ft,HTC,1,MF,14845645,14845497,119,119,52692,52804,Metrotown Station @ Bay 1,Metrotown Station @ Bay 6,52692,Metrotown Station,36330,36510,in_service_layover,68.60286269325367,70.62160886681119,11.38572841886446,180,3.0,10:05:30,10:08:30,False,,no_dispenser,0
2160599,heavy,123.0,18.0,40-ft,HTC,1,MF,14848572,14848522,144,144,52692,60214,Metrotown Station @ Bay 1,Metrotown Station @ Bay 14,52692,Metrotown Station,36450,36990,in_service_layover,58.526398940341885,65.29748373547297,38.18891824453931,540,9.0,10:07:30,10:16:30,False,,no_dispenser,0
2160569,heavy,410.0,8.0,40-ft,HTC,1,MF,14845662,14845575,119,119,52692,52804,Metrotown Station @ Bay 1,Metrotown Station @ Bay 6,52692,Metrotown Station,37050,37230,in_service_layover,67.24979642500955,69.32160949260036,11.685025701212055,180,3.0,10:17:30,10:20:30,False,,no_dispenser,0
2160596,heavy,123.0,12.0,40-ft,HTC,1,MF,14845339,14845261,116,116,60212,60212,Metrotown Station @ Bay 12,Metrotown Station @ Bay 12,60212,Metrotown Station,37290,37470,in_service_layover,67.04592386467937,69.12534184515997,11.727917409910503,180,3.0,10:21:30,10:24:30,False,,no_dispenser,0
2160606,heavy,410.0,34.0,40-ft,HTC,1,MF,14848580,14848518,144,144,52692,60214,Metrotown Station @ Bay 1,Metrotown Station @ Bay 14,52692,Metrotown Station,37290,37830,in_service_layover,59.244783200578446,65.94005530163484,37.761334649958144,540,9.0,10:21:30,10:30:30,False,,no_dispenser,0
2162365,heavy,430.0,6.0,40-ft,RTC,1,MF,14874150,14874220,430,430,52692,51999,Metrotown Station @ Bay 1,Metrotown Station @ Bay 3,52692,Metrotown Station,37590,38250,in_service_layover,59.15645633559827,67.19074409907435,45.31338298600508,660,11.0,10:26:30,10:37:30,False,,no_dispenser,0
2160504,heavy,123.0,10.0,40-ft,HTC,1,MF,14845644,14845496,119,119,52692,52804,Metrotown Station @ Bay 1,Metrotown Station @ Bay 6,52692,Metrotown Station,37710,37950,in_service_layover,67.72378433990602,70.42876495779315,15.256090684883418,240,4.0,10:28:30,10:32:30,False,,no_dispenser,0
2160418,heavy,152.0,5.0,40-ft,PCT,1,MF,14844725,14844682,110,110,52692,60213,Metrotown Station @ Bay 1,Metrotown Station @ Bay 13,52692,Metrotown Station,38010,38910,in_service_layover,65.23033310011894,74.45978137634455,52.054088277912456,900,15.0,10:33:30,10:48:30,False,,no_dispenser,0
2160608,heavy,410.0,37.0,40-ft,HTC,1,MF,14848596,14848496,144,144,52692,60214,Metrotown Station @ Bay 1,Metrotown Station @ Bay 14,52692,Metrotown Station,38130,38730,in_service_layover,59.244783200578446,66.61202781332929,41.55125961591477,600,10.0,10:35:30,10:45:30,False,,no_dispenser,0
2160690,heavy,130.0,10.0,40-ft,BTC,1,MF,14847096,14846956,130,130,52692,52736,Metrotown Station @ Bay 1,Metrotown Station @ Bay 4,52692,Metrotown Station,38430,38610,in_service_layover,67.17368042919435,69.24834473648045,11.701106693093607,180,3.0,10:40:30,10:43:30,False,,no_dispenser,0
2160597,heavy,123.0,31.0,40-ft,HTC,1,MF,14845643,14845495,119,119,52692,52804,Metrotown Station @ Bay 1,Metrotown Station @ Bay 6,52692,Metrotown Station,38430,38670,in_service_layover,67.03283334193019,69.77418961865071,15.461249400703764,240,4.0,10:40:30,10:44:30,False,,no_dispenser,0
2162371,heavy,430.0,9.0,40-ft,RTC,1,MF,14874151,14874221,430,430,52692,51999,Metrotown Station @ Bay 1,Metrotown Station @ Bay 3,52692,Metrotown Station,38490,39390,in_service_layover,57.518695029733294,68.32060185268946,60.92275448147279,900,15.0,10:41:30,10:56:30,False,,no_dispenser,0
2160490,heavy,106.0,2.0,40-ft,HTC,1,MF,14845349,14845260,116,116,60212,60212,Metrotown Station @ Bay 12,Metrotown Station @ Bay 12,60212,Metrotown Station,39030,39330,in_service_layover,49.06552660234729,52.92084729954318,21.744008732184852,300,5.0,10:50:30,10:55:30,False,,no_dispenser,0
2164977,heavy,410.0,33.0,40-ft,HTC,1,MF,14848544,14848502,144,144,52692,60214,Metrotown Station @ Bay 1,Metrotown Station @ Bay 14,52692,Metrotown Station,39030,39630,in_service_layover,60.7910826774694,67.95748483807745,40.41850818582941,600,10.0,10:50:30,11:00:30,False,,no_dispenser,0
2160603,heavy,123.0,25.0,40-ft,HTC,1,MF,14845642,14845494,119,119,52692,52804,Metrotown Station @ Bay 1,Metrotown Station @ Bay 6,52692,Metrotown Station,39150,39390,in_service_layover,64.83682993888705,67.68615240040539,16.070178682963444,240,4.0,10:52:30,10:56:30,False,,no_dispenser,0
2162364,heavy,430.0,11.0,40-ft,RTC,1,MF,14874152,14874222,430,430,52692,51999,Metrotown Station @ Bay 1,Metrotown Station @ Bay 3,52692,Metrotown Station,39450,40530,in_service_layover,57.518695029733294,70.05333704627421,70.69538097329075,1080,18.0,10:57:30,11:15:30,False,,no_dispenser,0
2160064,heavy,130.0,7.0,40-ft,BTC,1,MF,14847177,14847045,130,130,52692,52736,Metrotown Station @ Bay 1,Metrotown Station @ Bay 4,52692,Metrotown Station,39690,39990,in_service_layover,68.00839016942412,71.32735445333425,18.718958561253203,300,5.0,11:01:30,11:06:30,False,,no_dispenser,0
2160417,heavy,152.0,12.0,40-ft,PCT,1,MF,14844759,14844686,110,110,52692,60213,Metrotown Station @ Bay 1,Metrotown Station @ Bay 13,52692,Metrotown Station,39810,40710,in_service_layover,69.58796241975136,77.87942588643081,46.763853952072054,900,15.0,11:03:30,11:18:30,False,,no_dispenser,0
2160620,heavy,123.0,16.0,40-ft,HTC,1,MF,14848573,14848510,144,144,52692,60214,Metrotown Station @ Bay 1,Metrotown Station @ Bay 14,52692,Metrotown Station,39870,40530,in_service_layover,58.88161017019014,66.95469928899355,45.532222630051194,660,11.0,11:04:30,11:15:30,False,,no_dispenser,0
2160605,heavy,106.0,4.0,40-ft,HTC,1,MF,14845641,14845493,119,119,52692,52804,Metrotown Station @ Bay 1,Metrotown Station @ Bay 6,52692,Metrotown Station,39930,40110,in_service_layover,67.5007421475184,69.56305369988523,11.63143715534892,180,3.0,11:05:30,11:08:30,False,,no_dispenser,0
2160068,heavy,130.0,4.0,40-ft,BTC,1,MF,14847063,14846957,130,130,52692,52736,Metrotown Station @ Bay 1,Metrotown Station @ Bay 4,52692,Metrotown Station,40050,40470,in_service_layover,61.69699973344633,66.79416265238594,28.747998862819315,420,7.0,11:07:30,11:14:30,False,,no_dispenser,0
2162294,heavy,430.0,5.0,40-ft,RTC,1,MF,14874153,14874223,430,430,52692,51999,Metrotown Station @ Bay 1,Metrotown Station @ Bay 3,52692,Metrotown Station,40410,41670,in_service_layover,56.29567504583568,70.73540858549931,81.44009716370289,1260,21.0,11:13:30,11:34:30,False,,no_dispenser,0
2160569,heavy,410.0,8.0,40-ft,HTC,1,MF,14845663,14845576,119,119,52692,52804,Metrotown Station @ Bay 1,Metrotown Station @ Bay 6,52692,Metrotown Station,40650,40830,in_service_layover,66.26965440440028,68.37711346807403,11.886069119119952,180,3.0,11:17:30,11:20:30,False,,no_dispenser,0
2160703,heavy,130.0,5.0,40-ft,BTC,1,MF,14847101,14846976,130,130,52692,52736,Metrotown Station @ Bay 1,Metrotown Station @ Bay 4,52692,Metrotown Station,40710,41010,in_service_layover,54.98748514005097,58.93717762286676,22.27626560308107,300,5.0,11:18:30,11:23:30,False,,no_dispenser,0
2160566,heavy,410.0,1.0,40-ft,HTC,1,MF,14848539,14848533,144,144,52692,60214,Metrotown Station @ Bay 1,Metrotown Station @ Bay 14,52692,Metrotown Station,40770,41430,in_service_layover,52.078343074208036,60.67851767437122,48.50498474492042,660,11.0,11:19:30,11:30:30,False,,no_dispenser,0
2160598,heavy,123.0,4.0,40-ft,HTC,1,MF,14845348,14845273,116,116,60212,60212,Metrotown Station @ Bay 12,Metrotown Station @ Bay 12,60212,Metrotown Station,40830,41130,in_service_layover,51.10966753820576,54.99665820700371,21.92262737202043,300,5.0,11:20:30,11:25:30,False,,no_dispenser,0
2160412,heavy,152.0,9.0,40-ft,PCT,1,MF,14844754,14844685,110,110,52692,60213,Metrotown Station @ Bay 1,Metrotown Station @ Bay 13,52692,Metrotown Station,41610,42510,in_service_layover,66.8357780717151,75.72509483674483,50.13574655476765,900,15.0,11:33:30,11:48:30,False,,no_dispenser,0
2162368,heavy,430.0,2.0,40-ft,RTC,1,MF,14874154,14874224,430,430,52692,51999,Metrotown Station @ Bay 1,Metrotown Station @ Bay 3,52692,Metrotown Station,41610,42750,in_service_layover,58.12158235529626,71.04456760595059,72.88563681369044,1140,19.0,11:33:30,11:52:30,False,,no_dispenser,0
2160595,heavy,106.0,10.0,40-ft,HTC,1,MF,14848545,14848474,144,144,52692,60214,Metrotown Station @ Bay 1,Metrotown Station @ Bay 14,52692,Metrotown Station,41670,42330,in_service_layover,59.94898306365188,67.86298148203126,44.634951079659686,660,11.0,11:34:30,11:45:30,False,,no_dispenser,0
2160698,heavy,130.0,11.0,40-ft,BTC,1,MF,14847103,14846944,130,130,52692,52736,Metrotown Station @ Bay 1,Metrotown Station @ Bay 4,52692,Metrotown Station,41790,42030,in_service_layover,64.22588309322013,67.10409193042013,16.23309784180799,240,4.0,11:36:30,11:40:30,False,,no_dispenser,0
2160699,heavy,130.0,2.0,40-ft,BTC,1,MF,14847056,14846995,130,130,52692,52736,Metrotown Station @ Bay 1,Metrotown Station @ Bay 4,52692,Metrotown Station,42270,42570,in_service_layover,57.47494717959152,61.40821077636447,22.18360668579942,300,5.0,11:44:30,11:49:30,False,,no_dispenser,0
2160596,heavy,123.0,12.0,40-ft,HTC,1,MF,14845331,14845286,116,116,60212,60212,Metrotown Station @ Bay 12,Metrotown Station @ Bay 12,60212,Metrotown Station,42510,42870,in_service_layover,60.34377236499172,64.85130623981502,25.42249105400333,360,6.0,11:48:30,11:54:30,False,,no_dispenser,0
2160593,heavy,410.0,22.0,40-ft,HTC,1,MF,14848568,14848503,144,144,52692,60214,Metrotown Station @ Bay 1,Metrotown Station @ Bay 14,52692,Metrotown Station,42510,43230,in_service_layover,60.385628742188935,68.85592119196636,47.772449416744735,720,12.0,11:48:30,12:00:30,False,,no_dispenser,0
2160069,heavy,130.0,1.0,40-ft,BTC,1,MF,14847170,14847046,130,130,52692,52736,Metrotown Station @ Bay 1,Metrotown Station @ Bay 4,52692,Metrotown Station,42750,43050,in_service_layover,61.01018736922131,64.76254036158412,21.16327087692622,300,5.0,11:52:30,11:57:30,False,,no_dispenser,0
2162318,heavy,430.0,7.0,40-ft,RTC,1,MF,14874155,14874225,430,430,52692,51999,Metrotown Station @ Bay 1,Metrotown Station @ Bay 3,52692,Metrotown Station,42870,43950,in_service_layover,54.00328170492287,67.23037260428941,74.6007926724273,1080,18.0,11:54:30,12:12:30,False,,no_dispenser,0
2160691,heavy,130.0,3.0,40-ft,BTC,1,MF,14847104,14846936,130,130,52692,52736,Metrotown Station @ Bay 1,Metrotown Station @ Bay 4,52692,Metrotown Station,43230,43410,in_service_layover,56.104018365283295,58.47476985217279,13.371038386056796,180,3.0,12:00:30,12:03:30,False,,no_dispenser,0
2160414,heavy,152.0,6.0,40-ft,PCT,1,MF,14844747,14844684,110,110,52692,60213,Metrotown Station @ Bay 1,Metrotown Station @ Bay 13,52692,Metrotown Station,43410,44310,in_service_layover,63.369191512994405,72.98500140878645,54.233167812267084,900,15.0,12:03:30,12:18:30,False,,no_dispenser,0
2160599,heavy,123.0,18.0,40-ft,HTC,1,MF,14848574,14848490,144,144,52692,60214,Metrotown Station @ Bay 1,Metrotown Station @ Bay 14,52692,Metrotown Station,43470,44130,in_service_layover,53.33977120654344,61.9007758410294,48.284066138500805,660,11.0,12:04:30,12:15:30,False,,no_dispenser,0
2160605,heavy,106.0,4.0,40-ft,HTC,1,MF,14845637,14845558,119,119,52692,52804,Metrotown Station @ Bay 1,Metrotown Station @ Bay 6,52692,Metrotown Station,43590,43770,in_service_layover,65.83840976854358,67.96116119519097,11.972318046291264,180,3.0,12:06:30,12:09:30,False,,no_dispenser,0
2160690,heavy,130.0,10.0,40-ft,BTC,1,MF,14847105,14846937,130,130,52692,52736,Metrotown Station @ Bay 1,Metrotown Station @ Bay 4,52692,Metrotown Station,43710,43950,in_service_layover,63.8156204104269,66.71322701040671,16.342501223886188,240,4.0,12:08:30,12:12:30,False,,no_dispenser,0
2162366,heavy,430.0,3.0,40-ft,RTC,1,MF,14874156,14874226,430,430,52692,51999,Metrotown Station @ Bay 1,Metrotown Station @ Bay 3,52692,Metrotown Station,44070,45150,in_service_layover,56.43931513050187,69.21268246591934,72.04179177175456,1080,18.0,12:14:30,12:32:30,False,,no_dispenser,0
2160569,heavy,410.0,8.0,40-ft,HTC,1,MF,14845664,14845577,119,119,52692,52804,Metrotown Station @ Bay 1,Metrotown Station @ Bay 6,52692,Metrotown Station,44310,44490,in_service_layover,64.69515782144303,66.85845009727838,12.200968435711388,180,3.0,12:18:30,12:21:30,False,,no_dispenser,0
2160687,heavy,130.0,6.0,40-ft,BTC,1,MF,14847057,14846996,130,130,52692,52736,Metrotown Station @ Bay 1,Metrotown Station @ Bay 4,52692,Metrotown Station,44310,44490,in_service_layover,63.89970269164633,66.09120259619789,12.360059461670744,180,3.0,12:18:30,12:21:30,False,,no_dispenser,0
2160490,heavy,106.0,2.0,40-ft,HTC,1,MF,14845332,14845283,116,116,60212,60212,Metrotown Station @ Bay 12,Metrotown Station @ Bay 12,60212,Metrotown Station,44370,44730,in_service_layover,44.30657200861038,48.885452279784616,25.824884729422706,360,6.0,12:19:30,12:25:30,False,,no_dispenser,0
2160606,heavy,410.0,34.0,40-ft,HTC,1,MF,14848584,14848516,144,144,52692,60214,Metrotown Station @ Bay 1,Metrotown Station @ Bay 14,52692,Metrotown Station,44370,45030,in_service_layover,54.76657794389822,63.251595240773625,47.85549755437728,660,11.0,12:19:30,12:30:30,False,,no_dispenser,0
2160504,heavy,123.0,10.0,40-ft,HTC,1,MF,14845636,14845557,119,119,52692,52804,Metrotown Station @ Bay 1,Metrotown Station @ Bay 6,52692,Metrotown Station,45090,45270,in_service_layover,61.07836960779422,63.36991678482279,12.92432607844114,180,3.0,12:31:30,12:34:30,False,,no_dispenser,0
2160823,heavy,151.0,4.0,40-ft,PCT,1,MF,14844742,14844695,110,110,52692,60213,Metrotown Station @ Bay 1,Metrotown Station @ Bay 13,52692,Metrotown Station,45210,46110,in_service_layover,62.929884861938056,72.63564859663975,54.74050746371762,900,15.0,12:33:30,12:48:30,False,,no_dispenser,0
2160608,heavy,410.0,37.0,40-ft,HTC,1,MF,14848546,14848488,144,144,52692,60214,Metrotown Station @ Bay 1,Metrotown Station @ Bay 14,52692,Metrotown Station,45330,45930,in_service_layover,55.425957313830054,63.15256828942382,43.578085902348846,600,10.0,12:35:30,12:45:30,False,,no_dispenser,0
2162365,heavy,430.0,6.0,40-ft,RTC,1,MF,14874157,14874227,430,430,52692,51999,Metrotown Station @ Bay 1,Metrotown Station @ Bay 3,52692,Metrotown Station,45450,46350,in_service_layover,52.87342395130775,64.29843359894801,64.43705441269111,900,15.0,12:37:30,12:52:30,False,,no_dispenser,0
2160068,heavy,130.0,4.0,40-ft,BTC,1,MF,14847107,14846997,130,130,52692,52736,Metrotown Station @ Bay 1,Metrotown Station @ Bay 4,52692,Metrotown Station,45690,45870,in_service_layover,62.23219384982932,64.48282527359423,12.693561230034106,180,3.0,12:41:30,12:44:30,False,,no_dispenser,0
2160597,heavy,123.0,31.0,40-ft,HTC,1,MF,14845635,14845555,119,119,52692,52804,Metrotown Station @ Bay 1,Metrotown Station @ Bay 6,52692,Metrotown Station,45810,45990,in_service_layover,60.447006160110725,62.76094211187986,13.050598767977874,180,3.0,12:43:30,12:46:30,False,,no_dispenser,0
2160703,heavy,130.0,5.0,40-ft,BTC,1,MF,14847064,14846941,130,130,52692,52736,Metrotown Station @ Bay 1,Metrotown Station @ Bay 4,52692,Metrotown Station,46230,46410,in_service_layover,54.99343109031637,57.35338105874626,13.310117821944516,180,3.0,12:50:30,12:53:30,False,,no_dispenser,0
2164977,heavy,410.0,33.0,40-ft,HTC,1,MF,14848583,14845554,144,119,52692,52804,Metrotown Station @ Bay 1,Metrotown Station @ Bay 6,52692,Metrotown Station,46230,46590,in_service_layover,55.971112720208694,60.70186596975461,26.681448327438943,360,6.0,12:50:30,12:56:30,False,,no_dispenser,0
2160598,heavy,123.0,4.0,40-ft,HTC,1,MF,14845342,14845282,116,116,60212,60212,Metrotown Station @ Bay 12,Metrotown Station @ Bay 12,60212,Metrotown Station,46290,46530,in_service_layover,45.62644937316397,48.67849397815603,17.213531572155205,240,4.0,12:51:30,12:55:30,False,,no_dispenser,0
2160603,heavy,123.0,25.0,40-ft,HTC,1,MF,14845634,14848504,119,144,52692,60214,Metrotown Station @ Bay 1,Metrotown Station @ Bay 14,52692,Metrotown Station,46590,46830,in_service_layover,60.50094237013801,63.555271336088936,17.226415367963227,240,4.0,12:56:30,13:00:30,False,,no_dispenser,0
2162371,heavy,430.0,9.0,40-ft,RTC,1,MF,14874158,14874228,430,430,52692,51999,Metrotown Station @ Bay 1,Metrotown Station @ Bay 3,52692,Metrotown Station,46650,47550,in_service_layover,54.00328170492287,65.3160883712106,63.80422959786284,900,15.0,12:57:30,13:12:30,False,,no_dispenser,0
2160415,heavy,152.0,11.0,40-ft,PCT,1,MF,14844741,14844709,110,110,52692,60213,Metrotown Station @ Bay 1,Metrotown Station @ Bay 13,52692,Metrotown Station,47070,47910,in_service_layover,64.78659554469895,73.60932879993946,49.7602155595564,840,14.0,13:04:30,13:18:30,False,,no_dispenser,0
2160620,heavy,123.0,16.0,40-ft,HTC,1,MF,14848575,14845578,144,119,52692,52804,Metrotown Station @ Bay 1,Metrotown Station @ Bay 6,52692,Metrotown Station,47130,47370,in_service_layover,54.99285635282946,58.146127344574715,17.7844483934432,240,4.0,13:05:30,13:09:30,False,,no_dispenser,0
2160698,heavy,130.0,11.0,40-ft,BTC,1,MF,14847110,14846999,130,130,52692,52736,Metrotown Station @ Bay 1,Metrotown Station @ Bay 4,52692,Metrotown Station,47250,47430,in_service_layover,62.51086066053043,64.75161028249744,12.637827867893918,180,3.0,13:07:30,13:10:30,False,,no_dispenser,0
2160605,heavy,106.0,4.0,40-ft,HTC,1,MF,14845633,14848491,119,144,52692,60214,Metrotown Station @ Bay 1,Metrotown Station @ Bay 14,52692,Metrotown Station,47370,47730,in_service_layover,64.29395562915866,68.51858622178256,23.826916542398806,360,6.0,13:09:30,13:15:30,False,,no_dispenser,0
2160699,heavy,130.0,2.0,40-ft,BTC,1,MF,14847065,14846963,130,130,52692,52736,Metrotown Station @ Bay 1,Metrotown Station @ Bay 4,52692,Metrotown Station,47790,47970,in_service_layover,57.34796563397827,59.729231203688784,13.430337813167284,180,3.0,13:16:30,13:19:30,False,,no_dispenser,0
2162364,heavy,430.0,11.0,40-ft,RTC,1,MF,14874159,14874229,430,430,52692,51999,Metrotown Station @ Bay 1,Metrotown Station @ Bay 3,52692,Metrotown Station,47850,48750,in_service_layover,55.736016898507614,66.82767752341867,62.5569659244984,900,15.0,13:17:30,13:32:30,False,,no_dispenser,0
2160596,heavy,123.0,12.0,40-ft,HTC,1,MF,14845341,14845281,116,116,60212,60212,Metrotown Station @ Bay 12,Metrotown Station @ Bay 12,60212,Metrotown Station,48030,48270,in_service_layover,55.5192680305392,58.67936549518733,17.82294970061548,240,4.0,13:20:30,13:24:30,False,,no_dispenser,0
2160566,heavy,410.0,1.0,40-ft,HTC,1,MF,14848595,14848492,144,144,52692,60214,Metrotown Station @ Bay 1,Metrotown Station @ Bay 14,52692,Metrotown Station,48030,48630,in_service_layover,48.66100244166972,56.443669832743616,43.894244085656794,600,10.0,13:20:30,13:30:30,False,,no_dispenser,0
2160569,heavy,410.0,8.0,40-ft,HTC,1,MF,14845665,14845553,119,119,52692,52804,Metrotown Station @ Bay 1,Metrotown Station @ Bay 6,52692,Metrotown Station,48090,48270,in_service_layover,63.230347761668504,65.4455836566448,12.493930447666287,180,3.0,13:21:30,13:24:30,False,,no_dispenser,0
2160069,heavy,130.0,1.0,40-ft,BTC,1,MF,14847171,14847000,130,130,52692,52736,Metrotown Station @ Bay 1,Metrotown Station @ Bay 4,52692,Metrotown Station,48330,48510,in_service_layover,61.06491637355636,63.35694061562882,12.927016725288752,180,3.0,13:25:30,13:28:30,False,,no_dispenser,0
2160504,heavy,123.0,10.0,40-ft,HTC,1,MF,14845632,14845552,119,119,52692,52804,Metrotown Station @ Bay 1,Metrotown Station @ Bay 6,52692,Metrotown Station,48870,49050,in_service_layover,59.86552130426453,62.20071455740749,13.170489947726253,180,3.0,13:34:30,13:37:30,False,,no_dispenser,0
2160691,heavy,130.0,3.0,40-ft,BTC,1,MF,14847111,14847033,130,130,52692,52736,Metrotown Station @ Bay 1,Metrotown Station @ Bay 4,52692,Metrotown Station,48870,49050,in_service_layover,53.77420123780019,56.122293035282745,13.243237737801621,180,3.0,13:34:30,13:37:30,False,,no_dispenser,0
2160408,heavy,152.0,2.0,40-ft,PCT,1,MF,14844748,14844719,110,110,52692,60213,Metrotown Station @ Bay 1,Metrotown Station @ Bay 13,52692,Metrotown Station,48870,49710,in_service_layover,68.32202930008957,76.4434372954854,45.80474109403241,840,14.0,13:34:30,13:48:30,False,,no_dispenser,0
2160595,heavy,106.0,10.0,40-ft,HTC,1,MF,14848547,14848473,144,144,52692,60214,Metrotown Station @ Bay 1,Metrotown Station @ Bay 14,52692,Metrotown Station,48990,49530,in_service_layover,55.879630366484946,62.85647873514581,39.34942479924723,540,9.0,13:36:30,13:45:30,False,,no_dispenser,0
2162294,heavy,430.0,5.0,40-ft,RTC,1,MF,14874160,14874230,430,430,52692,51999,Metrotown Station @ Bay 1,Metrotown Station @ Bay 3,52692,Metrotown Station,49110,49950,in_service_layover,56.41808843773271,66.77434433790191,58.40928327695417,840,14.0,13:38:30,13:52:30,False,,no_dispenser,0
2160597,heavy,123.0,31.0,40-ft,HTC,1,MF,14845631,14845551,119,119,52692,52804,Metrotown Station @ Bay 1,Metrotown Station @ Bay 6,52692,Metrotown Station,49590,49770,in_service_layover,59.27814147787986,61.63344739477549,13.283925371291332,180,3.0,13:46:30,13:49:30,False,,no_dispenser,0
2160690,heavy,130.0,10.0,40-ft,BTC,1,MF,14847066,14847001,130,130,52692,52736,Metrotown Station @ Bay 1,Metrotown Station @ Bay 4,52692,Metrotown Station,49650,49890,in_service_layover,64.01554805768455,66.90370181382241,16.289187184617447,240,4.0,13:47:30,13:51:30,False,,no_dispenser,0
2160593,heavy,410.0,22.0,40-ft,HTC,1,MF,14848592,14848505,144,144,52692,60214,Metrotown Station @ Bay 1,Metrotown Station @ Bay 14,52692,Metrotown Station,49890,50430,in_service_layover,56.07898404697925,63.04436573741151,39.28475273403791,540,9.0,13:51:30,14:00:30,False,,no_dispenser,0
2160490,heavy,106.0,2.0,40-ft,HTC,1,MF,14845340,14845280,116,116,60212,60212,Metrotown Station @ Bay 12,Metrotown Station @ Bay 12,60212,Metrotown Station,49950,50190,in_service_layover,39.488802433271175,42.51922922220727,17.091607089599563,240,4.0,13:52:30,13:56:30,False,,no_dispenser,0
2160687,heavy,130.0,6.0,40-ft,BTC,1,MF,14847113,14846964,130,130,52692,52736,Metrotown Station @ Bay 1,Metrotown Station @ Bay 4,52692,Metrotown Station,50130,50730,in_service_layover,62.87281966737381,69.77350964889622,38.91989149578637,600,10.0,13:55:30,14:05:30,False,,no_dispenser,0
2164977,heavy,410.0,33.0,40-ft,HTC,1,MF,14845630,14845579,119,119,52692,52804,Metrotown Station @ Bay 1,Metrotown Station @ Bay 6,52692,Metrotown Station,50250,50430,in_service_layover,58.0494145894142,60.42836424874949,13.41727607865107,180,3.0,13:57:30,14:00:30,False,,no_dispenser,0
2162368,heavy,430.0,2.0,40-ft,RTC,1,MF,14874161,14874231,430,430,52692,51999,Metrotown Station @ Bay 1,Metrotown Station @ Bay 3,52692,Metrotown Station,50310,51090,in_service_layover,56.727247458183996,66.3945133139702,54.523379426634165,780,13.0,13:58:30,14:11:30,False,,no_dispenser,0
2160682,heavy,130.0,8.0,40-ft,BTC,1,MF,14847172,14847026,130,130,52692,52736,Metrotown Station @ Bay 1,Metrotown Station @ Bay 4,52692,Metrotown Station,50490,51570,in_service_layover,54.71324158820659,67.82027137530588,73.92364799923996,1080,18.0,14:01:30,14:19:30,False,,no_dispenser,0
2160419,heavy,152.0,14.0,40-ft,PCT,1,MF,14844752,14844700,110,110,52692,60213,Metrotown Station @ Bay 1,Metrotown Station @ Bay 13,52692,Metrotown Station,50670,51870,in_service_layover,68.12402258965253,78.77369298616146,60.06414103631039,1200,20.0,14:04:30,14:24:30,False,,no_dispenser,0
2160599,heavy,123.0,18.0,40-ft,HTC,1,MF,14848576,14845291,144,116,52692,60212,Metrotown Station @ Bay 1,Metrotown Station @ Bay 12,52692,Metrotown Station,50790,51030,in_service_layover,49.11357202691885,52.191724859823864,17.360781977584224,240,4.0,14:06:30,14:10:30,False,,no_dispenser,0
2160064,heavy,130.0,7.0,40-ft,BTC,1,MF,14847147,14846962,130,130,52692,52736,Metrotown Station @ Bay 1,Metrotown Station @ Bay 4,52692,Metrotown Station,50910,51210,in_service_layover,61.11295872509162,64.8592377602517,21.12901375830279,300,5.0,14:08:30,14:13:30,False,,no_dispenser,0
2160620,heavy,123.0,16.0,40-ft,HTC,1,MF,14845666,14848494,119,144,52692,60214,Metrotown Station @ Bay 1,Metrotown Station @ Bay 14,52692,Metrotown Station,50970,51330,in_service_layover,54.71154345004031,59.449447131944645,26.721776765940433,360,6.0,14:09:30,14:15:30,False,,no_dispenser,0
2160068,heavy,130.0,4.0,40-ft,BTC,1,MF,14847121,14856743,130,222,52692,52646,Metrotown Station @ Bay 1,Metrotown Station @ Bay 5,52692,Metrotown Station,51450,52470,in_service_layover,59.46090547622575,70.98131184403039,64.9750919144181,1020,17.0,14:17:30,14:34:30,False,,no_dispenser,0
2160606,heavy,410.0,34.0,40-ft,HTC,1,MF,14848593,14848506,144,144,52692,60214,Metrotown Station @ Bay 1,Metrotown Station @ Bay 14,52692,Metrotown Station,51690,52230,in_service_layover,50.477529431222315,57.51577458349667,39.69570265882737,540,9.0,14:21:30,14:30:30,False,,no_dispenser,0
2160598,heavy,123.0,4.0,40-ft,HTC,1,MF,14845338,14845258,116,116,60212,60212,Metrotown Station @ Bay 12,Metrotown Station @ Bay 12,60212,Metrotown Station,51750,52050,in_service_layover,39.281304035985755,43.07094683392763,21.373585380392143,300,5.0,14:22:30,14:27:30,False,,no_dispenser,0
2160703,heavy,130.0,5.0,40-ft,BTC,1,MF,14847114,14846975,130,130,52692,52736,Metrotown Station @ Bay 1,Metrotown Station @ Bay 4,52692,Metrotown Station,52050,52590,in_service_layover,53.43126093045224,60.49542611800931,39.84189165782186,540,9.0,14:27:30,14:36:30,False,,no_dispenser,0
2162318,heavy,430.0,7.0,40-ft,RTC,1,MF,14874163,14874233,430,430,52692,51999,Metrotown Station @ Bay 1,Metrotown Station @ Bay 3,52692,Metrotown Station,52350,53370,in_service_layover,52.91305245652281,65.66589906177121,71.92605485360099,1020,17.0,14:32:30,14:49:30,False,,no_dispenser,0
2160418,heavy,152.0,5.0,40-ft,PCT,1,MF,14844720,14844699,110,110,52692,60213,Metrotown Station @ Bay 1,Metrotown Station @ Bay 13,52692,Metrotown Station,52590,53310,in_service_layover,69.00141495079136,76.05667282712719,39.791654422534066,720,12.0,14:36:30,14:48:30,False,,no_dispenser,0
2160608,heavy,410.0,37.0,40-ft,HTC,1,MF,14848548,14848515,144,144,52692,60214,Metrotown Station @ Bay 1,Metrotown Station @ Bay 14,52692,Metrotown Station,52650,53130,in_service_layover,50.377539348503085,56.617806957670346,35.19510931570335,480,8.0,14:37:30,14:45:30,False,,no_dispenser,0
2162366,heavy,430.0,3.0,40-ft,RTC,1,MF,14874164,14874234,430,430,52692,51999,Metrotown Station @ Bay 1,Metrotown Station @ Bay 3,52692,Metrotown Station,53250,54390,in_service_layover,54.89536231815274,68.55726568493075,77.05313498862802,1140,19.0,14:47:30,15:06:30,False,,no_dispenser,0
2160069,heavy,130.0,1.0,40-ft,BTC,1,MF,14847143,14846977,130,130,52692,52736,Metrotown Station @ Bay 1,Metrotown Station @ Bay 4,52692,Metrotown Station,53310,53490,in_service_layover,60.43226080400198,62.7467196407395,13.05354783919961,180,3.0,14:48:30,14:51:30,False,,no_dispenser,0
2160596,heavy,123.0,12.0,40-ft,HTC,1,MF,14845353,14845262,116,116,60212,60212,Metrotown Station @ Bay 12,Metrotown Station @ Bay 12,60212,Metrotown Station,53610,53910,in_service_layover,49.344972267512524,53.20409061948988,21.76542750515233,300,5.0,14:53:30,14:58:30,False,,no_dispenser,0
2160603,heavy,123.0,25.0,40-ft,HTC,1,MF,14848567,14848526,144,144,52692,60214,Metrotown Station @ Bay 1,Metrotown Station @ Bay 14,52692,Metrotown Station,53610,54030,in_service_layover,48.431486742003706,53.84039379611932,30.506235785212084,420,7.0,14:53:30,15:00:30,False,,no_dispenser,0
2162365,heavy,430.0,6.0,40-ft,RTC,1,MF,14874165,14874235,430,430,52692,51999,Metrotown Station @ Bay 1,Metrotown Station @ Bay 3,52692,Metrotown Station,54330,55530,in_service_layover,49.98111345118142,65.02543739653464,84.8499870517922,1200,20.0,15:05:30,15:25:30,False,,no_dispenser,0
2160597,heavy,123.0,31.0,40-ft,HTC,1,MF,14845354,14845300,116,116,60212,60212,Metrotown Station @ Bay 12,Metrotown Station @ Bay 12,60212,Metrotown Station,54510,54810,in_service_layover,58.820926624170234,62.70268704804604,21.893128790659546,300,5.0,15:08:30,15:13:30,False,,no_dispenser,0
2160417,heavy,152.0,12.0,40-ft,PCT,1,MF,14844739,14844696,110,110,52692,60213,Metrotown Station @ Bay 1,Metrotown Station @ Bay 13,52692,Metrotown Station,54630,55110,in_service_layover,68.47782219410195,73.52487138261824,28.46535742323198,480,8.0,15:10:30,15:18:30,False,,no_dispenser,0
2160605,heavy,106.0,4.0,40-ft,HTC,1,MF,14848555,14848521,144,144,52692,60214,Metrotown Station @ Bay 1,Metrotown Station @ Bay 14,52692,Metrotown Station,54690,54930,in_service_layover,53.39480162769733,56.527349148174025,17.66756801548854,240,4.0,15:11:30,15:15:30,False,,no_dispenser,0
2160690,heavy,130.0,10.0,40-ft,BTC,1,MF,14847068,14847029,130,130,52692,52736,Metrotown Station @ Bay 1,Metrotown Station @ Bay 4,52692,Metrotown Station,54690,54930,in_service_layover,63.680459963717986,66.584457128554,16.37854400967518,240,4.0,15:11:30,15:15:30,False,,no_dispenser,0
2160691,heavy,130.0,3.0,40-ft,BTC,1,MF,14847135,14846978,130,130,52692,52736,Metrotown Station @ Bay 1,Metrotown Station @ Bay 4,52692,Metrotown Station,55170,55410,in_service_layover,53.74544295194475,56.882537566644395,17.69321362690596,240,4.0,15:19:30,15:23:30,False,,no_dispenser,0
2162371,heavy,430.0,9.0,40-ft,RTC,1,MF,14874166,14874236,430,430,52692,51999,Metrotown Station @ Bay 1,Metrotown Station @ Bay 3,52692,Metrotown Station,55230,56550,in_service_layover,50.99876822344401,67.13420544602803,91.00386593537394,1320,22.0,15:20:30,15:42:30,False,,no_dispenser,0
2160687,heavy,130.0,6.0,40-ft,BTC,1,MF,14847117,14846961,130,130,52692,52736,Metrotown Station @ Bay 1,Metrotown Station @ Bay 4,52692,Metrotown Station,55710,56250,in_service_layover,65.67115658165066,71.62266326893497,33.566497716283436,540,9.0,15:28:30,15:37:30,False,,no_dispenser,0
2160412,heavy,152.0,9.0,40-ft,PCT,1,MF,14844738,14844704,110,110,52692,60213,Metrotown Station @ Bay 1,Metrotown Station @ Bay 13,52692,Metrotown Station,55950,56310,in_service_layover,65.08625385593038,69.25100540751326,23.489198750927358,360,6.0,15:32:30,15:38:30,False,,no_dispenser,0
2160566,heavy,410.0,1.0,40-ft,HTC,1,MF,14848549,14845256,144,116,52692,60212,Metrotown Station @ Bay 1,Metrotown Station @ Bay 12,52692,Metrotown Station,56490,56670,in_service_layover,51.44428870351422,53.76971988366787,13.11543185606655,180,3.0,15:41:30,15:44:30,False,,no_dispenser,0
2160569,heavy,410.0,8.0,40-ft,HTC,1,MF,14845623,14845570,119,119,52692,52804,Metrotown Station @ Bay 1,Metrotown Station @ Bay 6,52692,Metrotown Station,56610,56850,in_service_layover,67.98525550958733,70.67616419159796,15.17672496653995,240,4.0,15:43:30,15:47:30,False,,no_dispenser,0
2160599,heavy,123.0,18.0,40-ft,HTC,1,MF,14845355,14845247,116,116,60212,60212,Metrotown Station @ Bay 12,Metrotown Station @ Bay 12,60212,Metrotown Station,56610,57030,in_service_layover,42.804082198526565,48.13930377453076,30.090649688663632,420,7.0,15:43:30,15:50:30,False,,no_dispenser,0
2160682,heavy,130.0,8.0,40-ft,BTC,1,MF,14847144,14846950,130,130,52692,52736,Metrotown Station @ Bay 1,Metrotown Station @ Bay 4,52692,Metrotown Station,56670,57090,in_service_layover,66.35041951232607,71.03477343346671,26.41975611523327,420,7.0,15:44:30,15:51:30,False,,no_dispenser,0
2160408,heavy,152.0,2.0,40-ft,PCT,1,MF,14844764,14844676,110,110,52692,60213,Metrotown Station @ Bay 1,Metrotown Station @ Bay 13,52692,Metrotown Station,57090,57510,in_service_layover,62.90624787634338,67.90126581319578,28.171901163847565,420,7.0,15:51:30,15:58:30,False,,no_dispenser,0
2160064,heavy,130.0,7.0,40-ft,BTC,1,MF,14847082,14847008,130,130,52692,52736,Metrotown Station @ Bay 1,Metrotown Station @ Bay 4,52692,Metrotown Station,57150,57570,in_service_layover,61.79705478647885,66.885902664727,28.7011020333195,420,7.0,15:52:30,15:59:30,False,,no_dispenser,0
2162364,heavy,430.0,11.0,40-ft,RTC,1,MF,14874168,14874238,430,430,52692,51999,Metrotown Station @ Bay 1,Metrotown Station @ Bay 3,52692,Metrotown Station,57150,58230,in_service_layover,52.510357375652084,65.95726895654727,75.84058131624886,1080,18.0,15:52:30,16:10:30,False,,no_dispenser,0
2160598,heavy,123.0,4.0,40-ft,HTC,1,MF,14845335,14895196,116,144,60212,60214,Metrotown Station @ Bay 12,Metrotown Station @ Bay 14,60212,Metrotown Station,57630,57870,in_service_layover,33.6591229687197,36.66926493354899,16.977200681637214,240,4.0,16:00:30,16:04:30,False,,no_dispenser,0
2162294,heavy,430.0,5.0,40-ft,RTC,1,MF,14874169,14874239,430,430,52692,51999,Metrotown Station @ Bay 1,Metrotown Station @ Bay 3,52692,Metrotown Station,57990,58890,in_service_layover,52.45702419013531,63.917602355926796,64.63766085506404,900,15.0,16:06:30,16:21:30,False,,no_dispenser,0
2160069,heavy,130.0,1.0,40-ft,BTC,1,MF,14847060,14847030,130,130,52692,52736,Metrotown Station @ Bay 1,Metrotown Station @ Bay 4,52692,Metrotown Station,58050,58410,in_service_layover,56.93307543584508,61.640718329555696,26.551105920527846,360,6.0,16:07:30,16:13:30,False,,no_dispenser,0
2164977,heavy,410.0,33.0,40-ft,HTC,1,MF,14845622,14845562,119,119,52692,52804,Metrotown Station @ Bay 1,Metrotown Station @ Bay 6,52692,Metrotown Station,58170,58410,in_service_layover,55.648346399502316,58.810117744167535,17.832390383911843,240,4.0,16:09:30,16:13:30,False,,no_dispenser,0
2160593,heavy,410.0,22.0,40-ft,HTC,1,MF,14848556,14845305,144,116,52692,60212,Metrotown Station @ Bay 1,Metrotown Station @ Bay 12,52692,Metrotown Station,58290,58470,in_service_layover,56.46393970168061,58.83819176618948,13.390781643830053,180,3.0,16:11:30,16:14:30,False,,no_dispenser,0
2161040,heavy,183.0,10.0,40-ft,PCT,1,MF,14844726,14844716,110,110,52692,60213,Metrotown Station @ Bay 1,Metrotown Station @ Bay 13,52692,Metrotown Station,58290,58710,in_service_layover,64.29012976674102,69.16383215383107,27.48768146318787,420,7.0,16:11:30,16:18:30,False,,no_dispenser,0
2160703,heavy,130.0,5.0,40-ft,BTC,1,MF,14847086,14846979,130,130,52692,52736,Metrotown Station @ Bay 1,Metrotown Station @ Bay 4,52692,Metrotown Station,58470,58950,in_service_layover,55.750370156675736,61.9984773086759,35.23932433728095,480,8.0,16:14:30,16:22:30,False,,no_dispenser,0
2160550,heavy,106.0,12.0,40-ft,HTC,1,MF,14845333,14845304,116,116,60212,60212,Metrotown Station @ Bay 12,Metrotown Station @ Bay 12,60212,Metrotown Station,59130,59370,in_service_layover,69.83927111545943,72.4255706411631,14.586729324968758,240,4.0,16:25:30,16:29:30,False,,no_dispenser,0
2160620,heavy,123.0,16.0,40-ft,HTC,1,MF,14848551,14848472,144,144,52692,60214,Metrotown Station @ Bay 1,Metrotown Station @ Bay 14,52692,Metrotown Station,59190,59490,in_service_layover,53.705342530257695,57.634408882755906,22.159934228089924,300,5.0,16:26:30,16:31:30,False,,no_dispenser,0
2160699,heavy,130.0,2.0,40-ft,BTC,1,MF,14847078,14846992,130,130,52692,52736,Metrotown Station @ Bay 1,Metrotown Station @ Bay 4,52692,Metrotown Station,59190,59790,in_service_layover,57.93088247612824,65.44997084315479,42.407658390029724,600,10.0,16:26:30,16:36:30,False,,no_dispenser,0
2162368,heavy,430.0,2.0,40-ft,RTC,1,MF,14874171,14874241,430,430,52692,51999,Metrotown Station @ Bay 1,Metrotown Station @ Bay 3,52692,Metrotown Station,59490,60450,in_service_layover,52.07719316620361,64.25483213548337,68.6818837867379,960,16.0,16:31:30,16:47:30,False,,no_dispenser,0
2160419,heavy,152.0,14.0,40-ft,PCT,1,MF,14844763,14844701,110,110,52692,60213,Metrotown Station @ Bay 1,Metrotown Station @ Bay 13,52692,Metrotown Station,59670,59910,in_service_layover,65.23650356701944,68.06692711061834,15.963588785897798,240,4.0,16:34:30,16:38:30,False,,no_dispenser,0
2160698,heavy,130.0,11.0,40-ft,BTC,1,MF,14847053,14847010,130,130,52692,52736,Metrotown Station @ Bay 1,Metrotown Station @ Bay 4,52692,Metrotown Station,59850,60150,in_service_layover,60.608138581822644,64.38425332284967,21.297287139392438,300,5.0,16:37:30,16:42:30,False,,no_dispenser,0
2162367,heavy,430.0,13.0,40-ft,RTC,1,MF,14874172,14874242,430,430,52692,51999,Metrotown Station @ Bay 1,Metrotown Station @ Bay 3,52692,Metrotown Station,60210,61170,in_service_layover,65.25208262823696,74.95196426568562,54.707332435210446,960,16.0,16:43:30,16:59:30,False,,no_dispenser,0
2160690,heavy,130.0,10.0,40-ft,BTC,1,MF,14847145,14846980,130,130,52692,52736,Metrotown Station @ Bay 1,Metrotown Station @ Bay 4,52692,Metrotown Station,60270,60630,in_service_layover,67.00806706092277,71.02115220517226,22.633800213567042,360,6.0,16:44:30,16:50:30,False,,no_dispenser,0
2160569,heavy,410.0,8.0,40-ft,HTC,1,MF,14845621,14845518,119,119,52692,52804,Metrotown Station @ Bay 1,Metrotown Station @ Bay 6,52692,Metrotown Station,60510,60690,in_service_layover,66.90855642288682,68.99304089992395,11.756492450489418,180,3.0,16:48:30,16:51:30,False,,no_dispenser,0
2160608,heavy,410.0,37.0,40-ft,HTC,1,MF,14848559,14845246,144,116,52692,60212,Metrotown Station @ Bay 1,Metrotown Station @ Bay 12,52692,Metrotown Station,60990,61170,in_service_layover,49.24162738639177,51.54630196610942,12.998364629607522,180,3.0,16:56:30,16:59:30,False,,no_dispenser,0
2160597,heavy,123.0,31.0,40-ft,HTC,1,MF,14845334,14848483,116,144,52692,60214,Metrotown Station @ Bay 1,Metrotown Station @ Bay 14,52692,Metrotown Station,60990,61290,in_service_layover,57.92123595855172,61.84073881305295,22.10599609938697,300,5.0,16:56:30,17:01:30,False,,no_dispenser,0
2160687,heavy,130.0,6.0,40-ft,BTC,1,MF,14847083,14846946,130,130,52692,52736,Metrotown Station @ Bay 1,Metrotown Station @ Bay 4,52692,Metrotown Station,61410,61770,in_service_layover,69.62550773965354,73.41739960857794,21.386270140733586,360,6.0,17:03:30,17:09:30,False,,no_dispenser,0
2160565,heavy,123.0,39.0,40-ft,HTC,1,MF,14845364,14845251,116,116,60212,60212,Metrotown Station @ Bay 12,Metrotown Station @ Bay 12,60212,Metrotown Station,61710,62070,in_service_layover,69.83927111545943,73.61235317194598,21.280182798584235,360,6.0,17:08:30,17:14:30,False,,no_dispenser,0
2162318,heavy,430.0,7.0,40-ft,RTC,1,MF,14874174,14874179,430,430,52692,51999,Metrotown Station @ Bay 1,Metrotown Station @ Bay 3,52692,Metrotown Station,61710,62610,in_service_layover,51.34857891400462,62.88987026553892,65.09288322265343,900,15.0,17:08:30,17:23:30,False,,no_dispenser,0
2160418,heavy,152.0,5.0,40-ft,PCT,1,MF,14844740,14844698,110,110,52692,60213,Metrotown Station @ Bay 1,Metrotown Station @ Bay 13,52692,Metrotown Station,61770,62310,in_service_layover,62.51948340798518,68.84426825152885,35.67178651758627,540,9.0,17:09:30,17:18:30,False,,no_dispenser,0
2160682,heavy,130.0,8.0,40-ft,BTC,1,MF,14847054,14856727,130,222,52692,52646,Metrotown Station @ Bay 1,Metrotown Station @ Bay 5,52692,Metrotown Station,61830,62070,in_service_layover,66.212724322685,68.99572984788472,15.696151162126398,240,4.0,17:10:30,17:14:30,False,,no_dispenser,0
2160603,heavy,123.0,25.0,40-ft,HTC,1,MF,14848550,14848509,144,144,52692,60214,Metrotown Station @ Bay 1,Metrotown Station @ Bay 14,52692,Metrotown Station,61890,62250,in_service_layover,44.84311942702393,49.42649493889452,25.85023788695014,360,6.0,17:11:30,17:17:30,False,,no_dispenser,0
2164977,heavy,410.0,33.0,40-ft,HTC,1,MF,14845619,14845564,119,119,52692,52804,Metrotown Station @ Bay 1,Metrotown Station @ Bay 6,52692,Metrotown Station,62070,62310,in_service_layover,55.381991788347065,58.54030906348342,17.81290943176907,240,4.0,17:14:30,17:18:30,False,,no_dispenser,0
2162201,heavy,401.0,12.0,40-ft,RTC,1,MF,14874110,14874180,430,430,52692,51999,Metrotown Station @ Bay 1,Metrotown Station @ Bay 3,52692,Metrotown Station,62430,63510,in_service_layover,52.91255906085317,66.30461938899322,75.53122025070985,1080,18.0,17:20:30,17:38:30,False,,no_dispenser,0
2160566,heavy,410.0,1.0,40-ft,HTC,1,MF,14845358,14848482,116,144,52692,60214,Metrotown Station @ Bay 1,Metrotown Station @ Bay 14,52692,Metrotown Station,62550,63210,in_service_layover,45.18753343166912,53.673147342244064,47.858862455642736,660,11.0,17:22:30,17:33:30,False,,no_dispenser,0
2160605,heavy,106.0,4.0,40-ft,HTC,1,MF,14848552,14845255,144,116,52692,60212,Metrotown Station @ Bay 1,Metrotown Station @ Bay 12,52692,Metrotown Station,62790,62970,in_service_layover,47.5742298904239,49.86821264263575,12.938062722474797,180,3.0,17:26:30,17:29:30,False,,no_dispenser,0
2160064,heavy,130.0,7.0,40-ft,BTC,1,MF,14847084,14856729,130,222,52692,52646,Metrotown Station @ Bay 1,Metrotown Station @ Bay 5,52692,Metrotown Station,62790,63030,in_service_layover,67.25656305561203,69.98626953544014,15.395544546230497,240,4.0,17:26:30,17:30:30,False,,no_dispenser,0
2165305,heavy,123.0,35.0,40-ft,HTC,1,MF,14845618,14845541,119,119,52692,52804,Metrotown Station @ Bay 1,Metrotown Station @ Bay 6,52692,Metrotown Station,62850,63090,in_service_layover,68.49207513588661,71.15522822244672,15.020183408199046,240,4.0,17:27:30,17:31:30,False,,no_dispenser,0
2160417,heavy,152.0,12.0,40-ft,PCT,1,MF,14844724,14844677,110,110,52692,60213,Metrotown Station @ Bay 1,Metrotown Station @ Bay 13,52692,Metrotown Station,62970,63510,in_service_layover,65.69254193328797,71.6414320417441,33.551740211692504,540,9.0,17:29:30,17:38:30,False,,no_dispenser,0
2162366,heavy,430.0,3.0,40-ft,RTC,1,MF,14874111,14874181,430,430,52692,51999,Metrotown Station @ Bay 1,Metrotown Station @ Bay 3,52692,Metrotown Station,63210,64230,in_service_layover,54.23994553716417,66.81183561430954,70.90546003509996,1020,17.0,17:33:30,17:50:30,False,,no_dispenser,0
2160069,heavy,130.0,1.0,40-ft,BTC,1,MF,14847119,14846965,130,130,52692,52736,Metrotown Station @ Bay 1,Metrotown Station @ Bay 4,52692,Metrotown Station,63270,63450,in_service_layover,58.855719486591894,61.22196688489676,13.345635326439435,180,3.0,17:34:30,17:37:30,False,,no_dispenser,0
2160709,heavy,130.0,24.0,40-ft,BTC,1,MF,14856779,14856742,222,222,52692,52646,Metrotown Station @ Bay 1,Metrotown Station @ Bay 5,52692,Metrotown Station,63270,63510,in_service_layover,68.58010295467197,71.23837088621553,14.992631133905718,240,4.0,17:34:30,17:38:30,False,,no_dispenser,0
2160595,heavy,106.0,10.0,40-ft,HTC,1,MF,14845317,14845299,116,116,60212,60212,Metrotown Station @ Bay 12,Metrotown Station @ Bay 12,60212,Metrotown Station,63270,63750,in_service_layover,47.707426307876936,53.8875093502739,34.85566835911885,480,8.0,17:34:30,17:42:30,False,,no_dispenser,0
2160604,heavy,123.0,34.0,40-ft,HTC,1,MF,14845617,14845565,119,119,52692,52804,Metrotown Station @ Bay 1,Metrotown Station @ Bay 6,52692,Metrotown Station,63690,63870,in_service_layover,67.03283334193019,69.11273621305097,11.730652193121216,180,3.0,17:41:30,17:44:30,False,,no_dispenser,0
2160609,heavy,123.0,36.0,40-ft,HTC,1,MF,14848581,14845245,144,116,52692,60212,Metrotown Station @ Bay 1,Metrotown Station @ Bay 12,52692,Metrotown Station,63690,64650,in_service_layover,66.29485108067824,75.75906776900592,53.378182122168084,960,16.0,17:41:30,17:57:30,False,,no_dispenser,0
2160596,heavy,123.0,12.0,40-ft,HTC,1,MF,14845359,14848493,116,144,52692,60214,Metrotown Station @ Bay 1,Metrotown Station @ Bay 14,52692,Metrotown Station,63810,64110,in_service_layover,44.29764999081344,48.10923285373036,21.49732734685142,300,5.0,17:43:30,17:48:30,False,,no_dispenser,0
2162349,heavy,430.0,15.0,40-ft,RTC,1,MF,14874112,14874182,430,430,52692,51999,Metrotown Station @ Bay 1,Metrotown Station @ Bay 3,52692,Metrotown Station,63930,64950,in_service_layover,68.53860839856128,77.89808454254572,52.78744545207218,1020,17.0,17:45:30,18:02:30,False,,no_dispenser,0
2160412,heavy,152.0,9.0,40-ft,PCT,1,MF,14844735,14844687,110,110,52692,60213,Metrotown Station @ Bay 1,Metrotown Station @ Bay 13,52692,Metrotown Station,64170,64710,in_service_layover,63.71395200521125,69.90014482585242,34.890127508416185,540,9.0,17:49:30,17:58:30,False,,no_dispenser,0
2160569,heavy,410.0,8.0,40-ft,HTC,1,MF,14845616,14845540,119,119,52692,52804,Metrotown Station @ Bay 1,Metrotown Station @ Bay 6,52692,Metrotown Station,64410,64650,in_service_layover,63.19163104164246,66.11874068506361,16.508898388895318,240,4.0,17:53:30,17:57:30,False,,no_dispenser,0
2162365,heavy,430.0,6.0,40-ft,RTC,1,MF,14874113,14874183,430,430,52692,51999,Metrotown Station @ Bay 1,Metrotown Station @ Bay 3,52692,Metrotown Station,64590,66030,in_service_layover,50.70811724876805,68.05162381771322,97.81737704885069,1440,24.0,17:56:30,18:20:30,False,,no_dispenser,0
2160599,heavy,123.0,18.0,40-ft,HTC,1,MF,14845347,14845566,116,119,60212,52804,Metrotown Station @ Bay 12,Metrotown Station @ Bay 6,60212,Metrotown Station,64650,65430,in_service_layover,36.26731971626159,46.14074370704556,55.686111308021566,780,13.0,17:57:30,18:10:30,False,,no_dispenser,0
2160697,heavy,130.0,25.0,40-ft,BTC,1,MF,14856794,14856732,222,222,52692,52646,Metrotown Station @ Bay 1,Metrotown Station @ Bay 5,52692,Metrotown Station,64710,65130,in_service_layover,65.83548320230864,70.56814155862824,26.69219312964259,420,7.0,17:58:30,18:05:30,False,,no_dispenser,0
2160683,heavy,130.0,26.0,40-ft,BTC,1,MF,14856782,14847036,222,130,52692,52736,Metrotown Station @ Bay 1,Metrotown Station @ Bay 4,52692,Metrotown Station,65130,65310,in_service_layover,65.83548320230864,67.95833840790053,11.972903359538293,180,3.0,18:05:30,18:08:30,False,,no_dispenser,0
2160408,heavy,152.0,2.0,40-ft,PCT,1,MF,14844723,14844691,110,110,52692,60213,Metrotown Station @ Bay 1,Metrotown Station @ Bay 13,52692,Metrotown Station,65310,65910,in_service_layover,62.579262842383734,69.51806912696043,39.13486744501256,600,10.0,18:08:30,18:18:30,False,,no_dispenser,0
2160550,heavy,106.0,12.0,40-ft,HTC,1,MF,14845346,14845254,116,116,60212,60212,Metrotown Station @ Bay 12,Metrotown Station @ Bay 12,60212,Metrotown Station,65370,65550,in_service_layover,65.94634347352685,68.06526746382733,11.950731305294653,180,3.0,18:09:30,18:12:30,False,,no_dispenser,0
2160598,heavy,123.0,4.0,40-ft,HTC,1,MF,14848563,14848520,144,144,52692,60214,Metrotown Station @ Bay 1,Metrotown Station @ Bay 14,52692,Metrotown Station,65370,65910,in_service_layover,23.785138796055,30.50291501229026,37.88825785956686,540,9.0,18:09:30,18:18:30,False,,no_dispenser,0
2164977,heavy,410.0,33.0,40-ft,HTC,1,MF,14845614,14845538,119,119,52692,52804,Metrotown Station @ Bay 1,Metrotown Station @ Bay 6,52692,Metrotown Station,65910,66150,in_service_layover,52.73889920520194,55.862941025095424,17.619595864199255,240,4.0,18:18:30,18:22:30,False,,no_dispenser,0
2162370,heavy,430.0,14.0,40-ft,RTC,1,MF,14874115,14874184,430,430,52692,51999,Metrotown Station @ Bay 1,Metrotown Station @ Bay 3,52692,Metrotown Station,65910,66750,in_service_layover,65.25208262823696,73.98423651210348,49.24934790500714,840,14.0,18:18:30,18:32:30,False,,no_dispenser,0
2160606,heavy,410.0,34.0,40-ft,HTC,1,MF,14845345,14845253,116,116,60212,60212,Metrotown Station @ Bay 12,Metrotown Station @ Bay 12,60212,Metrotown Station,66210,66450,in_service_layover,46.176251180578646,49.23099908252641,17.228778166985364,240,4.0,18:23:30,18:27:30,False,,no_dispenser,0
2160610,heavy,106.0,16.0,40-ft,HTC,1,MF,14848599,14848484,144,144,52692,60214,Metrotown Station @ Bay 1,Metrotown Station @ Bay 14,52692,Metrotown Station,66210,66810,in_service_layover,66.41887199395902,72.8423723144137,36.228541807364365,600,10.0,18:23:30,18:33:30,False,,no_dispenser,0
2160687,heavy,130.0,6.0,40-ft,BTC,1,MF,14847085,14847018,130,130,52692,52736,Metrotown Station @ Bay 1,Metrotown Station @ Bay 4,52692,Metrotown Station,66390,66570,in_service_layover,65.2502727884551,67.39388013638225,12.089945442308988,180,3.0,18:26:30,18:29:30,False,,no_dispenser,0
2161040,heavy,183.0,10.0,40-ft,PCT,1,MF,14844750,14844702,110,110,52692,60213,Metrotown Station @ Bay 1,Metrotown Station @ Bay 13,52692,Metrotown Station,66390,67410,in_service_layover,63.6408037555941,74.18064358806666,59.444696655145265,1020,17.0,18:26:30,18:43:30,False,,no_dispenser,0
2160688,heavy,210.0,8.0,40-ft,BTC,1,MF,14856784,14847037,222,130,52692,52736,Metrotown Station @ Bay 1,Metrotown Station @ Bay 4,52692,Metrotown Station,66570,66990,in_service_layover,26.002725278279186,31.234430971171857,29.50682010791465,420,7.0,18:29:30,18:36:30,False,,no_dispenser,0
2165305,heavy,123.0,35.0,40-ft,HTC,1,MF,14845613,14845539,119,119,52692,52804,Metrotown Station @ Bay 1,Metrotown Station @ Bay 6,52692,Metrotown Station,66630,66870,in_service_layover,67.36819033118415,70.0920383227265,15.362502672298774,240,4.0,18:30:30,18:34:30,False,,no_dispenser,0
2162294,heavy,430.0,5.0,40-ft,RTC,1,MF,14874117,14874185,430,430,52692,51999,Metrotown Station @ Bay 1,Metrotown Station @ Bay 3,52692,Metrotown Station,66990,67770,in_service_layover,49.6002822081602,59.74255708740187,57.20243031892301,780,13.0,18:36:30,18:49:30,False,,no_dispenser,0
2160682,heavy,130.0,8.0,40-ft,BTC,1,MF,14847055,14847011,130,130,52692,52736,Metrotown Station @ Bay 1,Metrotown Station @ Bay 4,52692,Metrotown Station,67230,67410,in_service_layover,59.59987518804945,61.94487049386828,13.22577352481818,180,3.0,18:40:30,18:43:30,False,,no_dispenser,0
2160567,heavy,410.0,58.0,40-ft,HTC,1,MF,14848560,14845279,144,116,52692,60212,Metrotown Station @ Bay 1,Metrotown Station @ Bay 12,52692,Metrotown Station,67770,68310,in_service_layover,68.9043366873035,74.44749408107387,31.263407700864832,540,9.0,18:49:30,18:58:30,False,,no_dispenser,0
2162369,heavy,430.0,17.0,40-ft,RTC,1,MF,14874118,14874186,430,430,52692,51999,Metrotown Station @ Bay 1,Metrotown Station @ Bay 3,52692,Metrotown Station,67890,68550,in_service_layover,65.25208262823696,72.39966598719454,40.31237014452074,660,11.0,18:51:30,19:02:30,False,,no_dispenser,0
2160605,heavy,106.0,4.0,40-ft,HTC,1,MF,14845316,14848477,116,144,52692,60214,Metrotown Station @ Bay 1,Metrotown Station @ Bay 14,52692,Metrotown Station,68190,68610,in_service_layover,41.26238931306966,46.586985673239504,30.03072347135793,420,7.0,18:56:30,19:03:30,False,,no_dispenser,0
2160569,heavy,410.0,8.0,40-ft,HTC,1,MF,14845610,14845536,119,119,52692,52804,Metrotown Station @ Bay 1,Metrotown Station @ Bay 6,52692,Metrotown Station,68670,69030,in_service_layover,68.26927793164342,72.17788757739606,22.044558402044913,360,6.0,19:04:30,19:10:30,False,,no_dispenser,0
2162368,heavy,430.0,2.0,40-ft,RTC,1,MF,14874119,14874187,430,430,52692,51999,Metrotown Station @ Bay 1,Metrotown Station @ Bay 3,52692,Metrotown Station,68670,69570,in_service_layover,49.937511987716775,61.55219809045166,65.50682961942476,900,15.0,19:04:30,19:19:30,False,,no_dispenser,0
2160599,heavy,123.0,18.0,40-ft,HTC,1,MF,14845658,14845535,119,119,52692,52804,Metrotown Station @ Bay 1,Metrotown Station @ Bay 6,52692,Metrotown Station,69390,69750,in_service_layover,49.576737527730494,54.22159870169347,26.19701702115117,360,6.0,19:16:30,19:22:30,False,,no_dispenser,0
2160603,heavy,123.0,25.0,40-ft,HTC,1,MF,14848554,14845278,144,116,52692,60212,Metrotown Station @ Bay 1,Metrotown Station @ Bay 12,52692,Metrotown Station,69450,70170,in_service_layover,41.149267008880855,50.3307727016666,51.783692107311595,720,12.0,19:17:30,19:29:30,False,,no_dispenser,0
2160609,heavy,123.0,36.0,40-ft,HTC,1,MF,14845330,14848486,116,144,52692,60214,Metrotown Station @ Bay 1,Metrotown Station @ Bay 14,52692,Metrotown Station,69930,70410,in_service_layover,64.10513907853824,69.62912067954797,31.155256229694885,480,8.0,19:25:30,19:33:30,False,,no_dispenser,0
2160550,heavy,106.0,12.0,40-ft,HTC,1,MF,14845609,14845534,119,119,52692,52804,Metrotown Station @ Bay 1,Metrotown Station @ Bay 6,52692,Metrotown Station,70050,70470,in_service_layover,65.70724448534816,70.45183094284975,26.759467620309067,420,7.0,19:27:30,19:34:30,False,,no_dispenser,0
2160417,heavy,152.0,12.0,40-ft,PCT,1,MF,14844762,14844673,110,110,52692,60213,Metrotown Station @ Bay 1,Metrotown Station @ Bay 13,52692,Metrotown Station,70530,71010,in_service_layover,65.1741664563196,70.58589723732561,30.52216160487393,480,8.0,19:35:30,19:43:30,False,,no_dispenser,0
2160565,heavy,123.0,39.0,40-ft,HTC,1,MF,14845607,14845533,119,119,52692,52804,Metrotown Station @ Bay 1,Metrotown Station @ Bay 6,52692,Metrotown Station,71490,71910,in_service_layover,68.15688159347056,72.66661423651333,25.434892106761254,420,7.0,19:51:30,19:58:30,False,,no_dispenser,0
2160596,heavy,123.0,12.0,40-ft,HTC,1,MF,14848569,14845277,144,116,52692,60212,Metrotown Station @ Bay 1,Metrotown Station @ Bay 12,52692,Metrotown Station,71550,71970,in_service_layover,48.413766529121695,53.822354650586625,30.504437005062243,420,7.0,19:52:30,19:59:30,False,,no_dispenser,0
2160606,heavy,410.0,34.0,40-ft,HTC,1,MF,14845329,14848480,116,144,52692,60214,Metrotown Station @ Bay 1,Metrotown Station @ Bay 14,52692,Metrotown Station,71550,72210,in_service_layover,42.92262271142172,51.35858080394434,47.57880364182762,660,11.0,19:52:30,20:03:30,False,,no_dispenser,0
2162366,heavy,430.0,3.0,40-ft,RTC,1,MF,14874122,14874189,430,430,52692,51999,Metrotown Station @ Bay 1,Metrotown Station @ Bay 3,52692,Metrotown Station,71790,71970,in_service_layover,52.49451546654296,54.83016110171813,13.173041382388021,180,3.0,19:56:30,19:59:30,False,,no_dispenser,0
2160408,heavy,152.0,2.0,40-ft,PCT,1,MF,14844731,14844681,110,110,52692,60213,Metrotown Station @ Bay 1,Metrotown Station @ Bay 13,52692,Metrotown Station,72210,72810,in_service_layover,58.88672208837518,66.29868708882441,41.80348260253368,600,10.0,20:03:30,20:13:30,False,,no_dispenser,0
2160567,heavy,410.0,58.0,40-ft,HTC,1,MF,14845328,14845276,116,116,60212,60212,Metrotown Station @ Bay 12,Metrotown Station @ Bay 12,60212,Metrotown Station,73230,73770,in_service_layover,67.73854111116273,73.43190536443672,32.110574388465295,540,9.0,20:20:30,20:29:30,False,,no_dispenser,0
2160610,heavy,106.0,16.0,40-ft,HTC,1,MF,14848600,14848523,144,144,52692,60214,Metrotown Station @ Bay 1,Metrotown Station @ Bay 14,52692,Metrotown Station,73350,73950,in_service_layover,63.301565350087245,70.14620539191164,38.60376983588958,600,10.0,20:22:30,20:32:30,False,,no_dispenser,0
2162370,heavy,430.0,14.0,40-ft,RTC,1,MF,14874123,14874190,430,430,52692,51999,Metrotown Station @ Bay 1,Metrotown Station @ Bay 3,52692,Metrotown Station,73530,73830,in_service_layover,59.666916364336885,63.50099110817684,21.624181555257394,300,5.0,20:25:30,20:30:30,False,,no_dispenser,0
2161040,heavy,183.0,10.0,40-ft,PCT,1,MF,14844760,14844680,110,110,52692,60213,Metrotown Station @ Bay 1,Metrotown Station @ Bay 13,52692,Metrotown Station,73950,74610,in_service_layover,66.80066732861984,73.71171367203509,38.97830137686208,660,11.0,20:32:30,20:43:30,False,,no_dispenser,0
2160603,heavy,123.0,25.0,40-ft,HTC,1,MF,14845327,14845275,116,116,60212,60212,Metrotown Station @ Bay 12,Metrotown Station @ Bay 12,60212,Metrotown Station,75030,75570,in_service_layover,44.78591177750994,51.69473496107364,38.965762755299295,540,9.0,20:50:30,20:59:30,False,,no_dispenser,0
2160605,heavy,106.0,4.0,40-ft,HTC,1,MF,14848562,14848495,144,144,52692,60214,Metrotown Station @ Bay 1,Metrotown Station @ Bay 14,52692,Metrotown Station,75090,75750,in_service_layover,37.52473715746582,45.878545320966865,47.11547804214587,660,11.0,20:51:30,21:02:30,False,,no_dispenser,0
2162369,heavy,430.0,17.0,40-ft,RTC,1,MF,14874124,14874191,430,430,52692,51999,Metrotown Station @ Bay 1,Metrotown Station @ Bay 3,52692,Metrotown Station,75330,75630,in_service_layover,58.08234583942794,61.99607354877219,22.073424280701545,300,5.0,20:55:30,21:00:30,False,,no_dispenser,0
2160565,heavy,123.0,39.0,40-ft,HTC,1,MF,14845603,14845528,119,119,52692,52804,Metrotown Station @ Bay 1,Metrotown Station @ Bay 6,52692,Metrotown Station,75630,76230,in_service_layover,66.86520437823184,73.22644905732074,35.877419990061355,600,10.0,21:00:30,21:10:30,False,,no_dispenser,0
2160569,heavy,410.0,8.0,40-ft,HTC,1,MF,14845602,14845527,119,119,52692,52804,Metrotown Station @ Bay 1,Metrotown Station @ Bay 6,52692,Metrotown Station,76530,77130,in_service_layover,68.40815920944887,74.55040466170935,34.642264350749144,600,10.0,21:15:30,21:25:30,False,,no_dispenser,0
2160609,heavy,123.0,36.0,40-ft,HTC,1,MF,14848594,14848530,144,144,52692,60214,Metrotown Station @ Bay 1,Metrotown Station @ Bay 14,52692,Metrotown Station,76710,77550,in_service_layover,59.716529132841025,69.4991157519917,55.17378853200978,840,14.0,21:18:30,21:32:30,False,,no_dispenser,0
2160596,heavy,123.0,12.0,40-ft,HTC,1,MF,14845315,14845274,116,116,60212,60212,Metrotown Station @ Bay 12,Metrotown Station @ Bay 12,60212,Metrotown Station,76830,77370,in_service_layover,48.34039524156195,55.32219423352658,39.377346314680494,540,9.0,21:20:30,21:29:30,False,,no_dispenser,0
2160550,heavy,106.0,12.0,40-ft,HTC,1,MF,14845601,14845526,119,119,52692,52804,Metrotown Station @ Bay 1,Metrotown Station @ Bay 6,52692,Metrotown Station,77370,78030,in_service_layover,68.0610411194697,74.77521348507426,37.86793214200975,660,11.0,21:29:30,21:40:30,False,,no_dispenser,0
2160417,heavy,152.0,12.0,40-ft,PCT,1,MF,14844736,14844683,110,110,52692,60213,Metrotown Station @ Bay 1,Metrotown Station @ Bay 13,52692,Metrotown Station,77370,78210,in_service_layover,64.27780644179998,73.19893503546237,50.31516526825595,840,14.0,21:29:30,21:43:30,False,,no_dispenser,0
2160606,heavy,410.0,34.0,40-ft,HTC,1,MF,14848589,14848475,144,144,52692,60214,Metrotown Station @ Bay 1,Metrotown Station @ Bay 14,52692,Metrotown Station,78270,79350,in_service_layover,40.79982460558641,54.70679391883604,78.43530692672789,1080,18.0,21:44:30,22:02:30,False,,no_dispenser,0
2160567,heavy,410.0,58.0,40-ft,HTC,1,MF,14845325,14845272,116,116,60212,60212,Metrotown Station @ Bay 12,Metrotown Station @ Bay 12,60212,Metrotown Station,78750,79050,in_service_layover,67.93495567582882,71.25897806575468,18.747486279181885,300,5.0,21:52:30,21:57:30,False,,no_dispenser,0
2162366,heavy,430.0,3.0,40-ft,RTC,1,MF,14874126,14874193,430,430,52692,51999,Metrotown Station @ Bay 1,Metrotown Station @ Bay 3,52692,Metrotown Station,78930,79350,in_service_layover,40.51284095395154,45.83287311822447,30.004981406499326,420,7.0,21:55:30,22:02:30,False,,no_dispenser,0
2160408,heavy,152.0,2.0,40-ft,PCT,1,MF,14844753,14844711,110,110,52692,60213,Metrotown Station @ Bay 1,Metrotown Station @ Bay 13,52692,Metrotown Station,79170,79710,in_service_layover,61.226192142669746,67.69707335897786,36.495770059977815,540,9.0,21:59:30,22:08:30,False,,no_dispenser,0
2160565,heavy,123.0,39.0,40-ft,HTC,1,MF,14845599,14845525,119,119,52692,52804,Metrotown Station @ Bay 1,Metrotown Station @ Bay 6,52692,Metrotown Station,79230,79830,in_service_layover,67.42503919903923,73.70750092020738,35.43308410738831,600,10.0,22:00:30,22:10:30,False,,no_dispenser,0
2160603,heavy,123.0,25.0,40-ft,HTC,1,MF,14845324,14848517,116,144,52692,60214,Metrotown Station @ Bay 1,Metrotown Station @ Bay 14,52692,Metrotown Station,80430,81390,in_service_layover,46.19663505564648,58.6272941225778,70.1089171374926,960,16.0,22:20:30,22:36:30,False,,no_dispenser,0
2161040,heavy,183.0,10.0,40-ft,PCT,1,MF,14844758,14844689,110,110,52692,60213,Metrotown Station @ Bay 1,Metrotown Station @ Bay 13,52692,Metrotown Station,80970,81510,in_service_layover,67.4320368849199,73.16433710169402,32.33017322260599,540,9.0,22:29:30,22:38:30,False,,no_dispenser,0
2160550,heavy,106.0,12.0,40-ft,HTC,1,MF,14845597,14845498,119,119,52692,52804,Metrotown Station @ Bay 1,Metrotown Station @ Bay 6,52692,Metrotown Station,81090,81630,in_service_layover,68.97380362679277,74.50790513973607,31.212332533000165,540,9.0,22:31:30,22:40:30,False,,no_dispenser,0
2160687,heavy,130.0,6.0,40-ft,BTC,1,MF,14847127,14846952,130,130,52692,52736,Metrotown Station @ Bay 1,Metrotown Station @ Bay 4,52692,Metrotown Station,81330,81510,in_service_layover,60.12904407564819,62.45425527863938,13.114191184870378,180,3.0,22:35:30,22:38:30,False,,no_dispenser,0
2160596,heavy,123.0,12.0,40-ft,HTC,1,MF,14845323,14845524,116,119,52692,52804,Metrotown Station @ Bay 1,Metrotown Station @ Bay 6,52692,Metrotown Station,82230,83430,in_service_layover,49.89934952640024,64.95313449203408,84.90334720617489,1200,20.0,22:50:30,23:10:30,False,,no_dispenser,0
2160690,heavy,130.0,10.0,40-ft,BTC,1,MF,14847128,14846927,130,130,52692,52736,Metrotown Station @ Bay 1,Metrotown Station @ Bay 4,52692,Metrotown Station,83130,83310,in_service_layover,63.567280689180606,65.77056860800398,12.426543862163896,180,3.0,23:05:30,23:08:30,False,,no_dispenser,0
2162641,heavy,701.0,10.0,40-ft,PCT,1,MF,14844757,14844697,110,110,52692,60213,Metrotown Station @ Bay 1,Metrotown Station @ Bay 13,52692,Metrotown Station,83130,83610,in_service_layover,64.25024771413861,69.75915755142516,31.0702514822961,480,8.0,23:05:30,23:13:30,False,,no_dispenser,0
2160609,heavy,123.0,36.0,40-ft,HTC,1,MF,14848541,14848479,144,144,52692,60214,Metrotown Station @ Bay 1,Metrotown Station @ Bay 14,52692,Metrotown Station,83370,83550,in_service_layover,58.176217398206155,60.553881022194865,13.410022839296289,180,3.0,23:09:30,23:12:30,False,,no_dispenser,0
2160550,heavy,106.0,12.0,40-ft,HTC,1,MF,14845595,14845523,119,119,52692,52804,Metrotown Station @ Bay 1,Metrotown Station @ Bay 6,52692,Metrotown Station,84330,85230,in_service_layover,68.70649528145458,77.19146865541012,47.855249829109255,900,15.0,23:25:30,23:40:30,False,,no_dispenser,0
2160606,heavy,410.0,34.0,40-ft,HTC,1,MF,14848570,14848529,144,144,52692,60214,Metrotown Station @ Bay 1,Metrotown Station @ Bay 14,52692,Metrotown Station,85170,85350,in_service_layover,44.171550490047,46.455083979705094,12.879128881671704,180,3.0,23:39:30,23:42:30,False,,no_dispenser,0
2160562,heavy,410.0,55.0,40-ft,HTC,1,MF,14845361,14845522,116,119,52692,52804,Metrotown Station @ Bay 1,Metrotown Station @ Bay 6,52692,Metrotown Station,85830,87210,in_service_layover,45.360205121695486,62.804421463238455,98.38538016630235,1380,23.0,23:50:30,24:13:30,False,,no_dispenser,0
2160690,heavy,130.0,10.0,40-ft,BTC,1,MF,14847130,14846929,130,130,52692,52736,Metrotown Station @ Bay 1,Metrotown Station @ Bay 4,52692,Metrotown Station,86490,86910,in_service_layover,61.27584233165816,66.40786483376682,28.944606911892834,420,7.0,24:01:30,24:08:30,False,,no_dispenser,0
2160603,heavy,123.0,25.0,40-ft,HTC,1,MF,14848586,14848532,144,144,52692,60214,Metrotown Station @ Bay 1,Metrotown Station @ Bay 14,52692,Metrotown Station,86910,87570,in_service_layover,46.58384436737622,55.104543654335046,48.0567439784478,660,11.0,24:08:30,24:19:30,False,,no_dispenser,0
2160562,heavy,410.0,55.0,40-ft,HTC,1,MF,14845592,14845520,119,119,52692,52804,Metrotown Station @ Bay 1,Metrotown Station @ Bay 6,52692,Metrotown Station,89670,90810,in_service_layover,59.3200790082683,71.91590967718498,71.04048497269014,1140,19.0,24:54:30,25:13:30,False,,no_dispenser,0
2160690,heavy,130.0,10.0,40-ft,BTC,1,MF,14847132,14846966,130,130,52692,52736,Metrotown Station @ Bay 1,Metrotown Station @ Bay 4,52692,Metrotown Station,89910,90210,in_service_layover,60.46413237445761,64.24875812064806,21.345289208514146,300,5.0,24:58:30,25:03:30,False,,no_dispenser,0
2160408,heavy,152.0,2.0,40-ft,PCT,1,MF,14844746,14844717,110,110,52692,60213,Metrotown Station @ Bay 1,Metrotown Station @ Bay 13,52692,Metrotown Station,90450,90810,in_service_layover,68.21869869910475,72.13157353320759,22.06861406434001,360,6.0,25:07:30,25:13:30,False,,no_dispenser,0
2160550,heavy,106.0,12.0,40-ft,HTC,1,MF,14845591,14845519,119,119,52692,52804,Metrotown Station @ Bay 1,Metrotown Station @ Bay 6,52692,Metrotown Station,91110,92610,in_service_layover,65.58864893884714,78.82239918732981,74.63835140144221,1500,25.0,25:18:30,25:43:30,False,,no_dispenser,0
2160687,heavy,130.0,6.0,40-ft,BTC,1,MF,14847133,14846967,130,130,52692,52736,Metrotown Station @ Bay 1,Metrotown Station @ Bay 4,52692,Metrotown Station,91470,92010,in_service_layover,49.65811569470293,56.67258628676804,39.56161413924718,540,9.0,25:24:30,25:33:30,False,,no_dispenser,0
2160925,heavy,160.0,4.0,40-ft,PCT,1,MF,14853777,14853717,183,183,58945,61911,Moody Centre Station @ Bay 1 Unloading Only,Moody Centre Station @ Bay 3,58945,Moody Centre Station,28650,28890,in_service_layover,69.91691072879365,72.49864491604309,14.56098081608684,240,4.0,07:57:30,08:01:30,False,,no_dispenser,0
2161038,heavy,183.0,53.0,40-ft,PCT,1,MF,14853807,14853755,183,183,58945,61911,Moody Centre Station @ Bay 1 Unloading Only,Moody Centre Station @ Bay 3,58945,Moody Centre Station,31050,31230,in_service_layover,69.81128202374848,71.7788230900059,11.096931613691936,180,3.0,08:37:30,08:40:30,False,,no_dispenser,0
2161037,heavy,701.0,1.0,40-ft,PCT,1,MF,14853808,14853756,183,183,58945,61911,Moody Centre Station @ Bay 1 Unloading Only,Moody Centre Station @ Bay 3,58945,Moody Centre Station,32190,32490,in_service_layover,61.02804961720769,64.77934692115524,21.15731679426409,300,5.0,08:56:30,09:01:30,False,,no_dispenser,0
2161036,heavy,183.0,2.0,40-ft,PCT,1,MF,14853810,14853758,183,183,58945,61911,Moody Centre Station @ Bay 1 Unloading Only,Moody Centre Station @ Bay 3,58945,Moody Centre Station,35310,35790,in_service_layover,65.84579383939399,71.18556202413203,30.116292561922535,480,8.0,09:48:30,09:56:30,False,,no_dispenser,0
2161034,heavy,183.0,5.0,40-ft,PCT,1,MF,14853811,14853759,183,183,58945,61911,Moody Centre Station @ Bay 1 Unloading Only,Moody Centre Station @ Bay 3,58945,Moody Centre Station,36930,37590,in_service_layover,61.72689011589255,69.39090370577782,43.2250366469529,660,11.0,10:15:30,10:26:30,False,,no_dispenser,0
2161016,heavy,183.0,11.0,40-ft,PCT,1,MF,14853812,14853760,183,183,58945,61911,Moody Centre Station @ Bay 1 Unloading Only,Moody Centre Station @ Bay 3,58945,Moody Centre Station,38730,39390,in_service_layover,67.80152190947094,74.55655202737425,38.09836986497464,660,11.0,10:45:30,10:56:30,False,,no_dispenser,0
2160832,heavy,183.0,4.0,40-ft,PCT,1,MF,14853814,14853762,183,183,58945,61911,Moody Centre Station @ Bay 1 Unloading Only,Moody Centre Station @ Bay 3,58945,Moody Centre Station,42390,42990,in_service_layover,46.051950861925576,53.76988757217607,43.529163045812766,600,10.0,11:46:30,11:56:30,False,,no_dispenser,0
2161035,heavy,183.0,6.0,40-ft,PCT,1,MF,14853816,14853764,183,183,58945,61911,Moody Centre Station @ Bay 1 Unloading Only,Moody Centre Station @ Bay 3,58945,Moody Centre Station,46050,46590,in_service_layover,63.78571561947272,69.96346956750715,34.84253226691419,540,9.0,12:47:30,12:56:30,False,,no_dispenser,0
2160913,heavy,183.0,3.0,40-ft,PCT,1,MF,14853817,14853765,183,183,58945,61911,Moody Centre Station @ Bay 1 Unloading Only,Moody Centre Station @ Bay 3,58945,Moody Centre Station,47970,48390,in_service_layover,64.06380133552845,68.95766685283992,27.601401517636646,420,7.0,13:19:30,13:26:30,False,,no_dispenser,0
2161034,heavy,183.0,5.0,40-ft,PCT,1,MF,14853818,14853766,183,183,58945,61911,Moody Centre Station @ Bay 1 Unloading Only,Moody Centre Station @ Bay 3,58945,Moody Centre Station,49770,50010,in_service_layover,65.33636133271071,68.1620422313456,15.936840268300728,240,4.0,13:49:30,13:53:30,False,,no_dispenser,0
2161035,heavy,183.0,6.0,40-ft,PCT,1,MF,14853819,14853767,183,183,58945,61911,Moody Centre Station @ Bay 1 Unloading Only,Moody Centre Station @ Bay 3,58945,Moody Centre Station,51690,51870,in_service_layover,60.58494998358982,62.89399431041287,13.023010003282025,180,3.0,14:21:30,14:24:30,False,,no_dispenser,0
2160832,heavy,183.0,4.0,40-ft,PCT,1,MF,14853820,14853768,183,183,58945,61911,Moody Centre Station @ Bay 1 Unloading Only,Moody Centre Station @ Bay 3,58945,Moody Centre Station,53550,53790,in_service_layover,50.7075684125283,53.80526806487465,17.471026039233436,240,4.0,14:52:30,14:56:30,False,,no_dispenser,0
2161034,heavy,183.0,5.0,40-ft,PCT,1,MF,14853821,14853769,183,183,58945,61911,Moody Centre Station @ Bay 1 Unloading Only,Moody Centre Station @ Bay 3,58945,Moody Centre Station,55470,55890,in_service_layover,58.78352264742826,64.12615403061979,30.132441001200164,420,7.0,15:24:30,15:31:30,False,,no_dispenser,0
2161016,heavy,183.0,11.0,40-ft,PCT,1,MF,14853800,14853738,183,183,58945,61911,Moody Centre Station @ Bay 1 Unloading Only,Moody Centre Station @ Bay 3,58945,Moody Centre Station,62730,63030,in_service_layover,65.18769683930691,68.69141496292582,19.76097021721057,300,5.0,17:25:30,17:30:30,False,,no_dispenser,0
2160825,heavy,151.0,10.0,40-ft,PCT,1,MF,14853227,14853271,180,180,58945,61891,Moody Centre Station @ Bay 1 Unloading Only,Moody Centre Station @ Bay 6,58945,Moody Centre Station,62790,63030,in_service_layover,59.58730292813523,62.68664368793774,17.48028188528616,240,4.0,17:26:30,17:30:30,False,,no_dispenser,0
2160826,heavy,152.0,3.0,40-ft,PCT,1,MF,14853801,14853739,183,183,58945,61911,Moody Centre Station @ Bay 1 Unloading Only,Moody Centre Station @ Bay 3,58945,Moody Centre Station,63630,63810,in_service_layover,67.84301611735563,69.89211824227101,11.556935984522852,180,3.0,17:40:30,17:43:30,False,,no_dispenser,0
2160827,heavy,183.0,36.0,40-ft,PCT,1,MF,14853802,14853740,183,183,58945,61911,Moody Centre Station @ Bay 1 Unloading Only,Moody Centre Station @ Bay 3,58945,Moody Centre Station,64410,64770,in_service_layover,68.90893509026925,72.76305999012655,21.73726443519513,360,6.0,17:53:30,17:59:30,False,,no_dispenser,0
2160825,heavy,151.0,10.0,40-ft,PCT,1,MF,14853222,14853266,180,180,58945,61891,Moody Centre Station @ Bay 1 Unloading Only,Moody Centre Station @ Bay 6,58945,Moody Centre Station,67230,67530,in_service_layover,60.32338524620421,64.11632938058929,21.392204917931906,300,5.0,18:40:30,18:45:30,False,,no_dispenser,0
2160806,heavy,183.0,33.0,40-ft,PCT,1,MF,14853805,14853742,183,183,58945,61911,Moody Centre Station @ Bay 1 Unloading Only,Moody Centre Station @ Bay 3,58945,Moody Centre Station,67470,67710,in_service_layover,66.67044331605823,69.43040779586349,15.566199666101738,240,4.0,18:44:30,18:48:30,False,,no_dispenser,0
2161034,heavy,183.0,5.0,40-ft,PCT,1,MF,14853774,14853716,183,183,58945,61911,Moody Centre Station @ Bay 1 Unloading Only,Moody Centre Station @ Bay 3,58945,Moody Centre Station,68730,68970,in_service_layover,64.82558947554503,67.67544340105118,16.073176139854638,240,4.0,19:05:30,19:09:30,False,,no_dispenser,0
2160462,heavy,410.0,43.0,40-ft,HTC,1,MF,14873220,14846104,410,123,58322,61651,22nd Street Station @ Unloading Only,New Westminster Station @ Bay 4,61651,New Westminster Station,3690,3990,interline_end,36.12876671954827,39.90469764333331,21.29625041014765,300,5.0,01:01:30,01:06:30,False,,no_dispenser,0
2163954,heavy,123.0,32.0,40-ft,HTC,1,MF,14844995,14845001,112,112,52605,61657,Edmonds Station @ Bay 5,New Westminster Station @ Bay 10,61657,New Westminster Station,4950,5250,interline_end,37.836344019982945,41.619702004166136,21.33813903079323,300,5.0,01:22:30,01:27:30,False,,no_dispenser,0
2160492,heavy,106.0,1.0,40-ft,HTC,1,MF,14844100,14844189,106,106,61650,61654,New Westminster Station @ Bay 3,New Westminster Station @ Bay 7,61650,New Westminster Station,26130,26490,in_service_layover,68.15804622158412,72.07602761765847,22.097415073859338,360,6.0,07:15:30,07:21:30,False,,no_dispenser,0
2160569,heavy,410.0,8.0,40-ft,HTC,1,MF,14846055,14846153,123,123,61678,61651,New Westminster Station @ Unloading Only,New Westminster Station @ Bay 4,61678,New Westminster Station,26970,27570,in_service_layover,69.9487287860429,75.8664659978526,33.37603787460665,600,10.0,07:29:30,07:39:30,False,,no_dispenser,0
2160498,heavy,106.0,3.0,40-ft,HTC,1,MF,14844925,14844114,112,106,61657,61654,New Westminster Station @ Bay 10,New Westminster Station @ Bay 7,61657,New Westminster Station,28770,29070,in_service_layover,68.82014162512388,72.08230589395129,18.39860647618667,300,5.0,07:59:30,08:04:30,False,,no_dispenser,0
2160497,heavy,123.0,7.0,40-ft,HTC,1,MF,14846057,14846115,123,123,61678,61651,New Westminster Station @ Unloading Only,New Westminster Station @ Bay 4,61678,New Westminster Station,28950,29190,in_service_layover,67.90864096399864,70.60369037536317,15.200078680095999,240,4.0,08:02:30,08:06:30,False,,no_dispenser,0
2160496,heavy,123.0,1.0,40-ft,HTC,1,MF,14873239,14845016,410,112,58322,61657,22nd Street Station @ Unloading Only,New Westminster Station @ Bay 10,61657,New Westminster Station,29610,29910,interline_end,56.551149374556395,60.502444568081,22.285304891478802,300,5.0,08:13:30,08:18:30,False,,no_dispenser,0
2160492,heavy,106.0,1.0,40-ft,HTC,1,MF,14844012,14844162,106,106,61650,61654,New Westminster Station @ Bay 3,New Westminster Station @ Bay 7,61650,New Westminster Station,30330,30690,in_service_layover,69.6539706708784,73.44336445224559,21.37218092691097,360,6.0,08:25:30,08:31:30,False,,no_dispenser,0
2160506,heavy,123.0,2.0,40-ft,HTC,1,MF,14844062,14844133,106,106,61650,61654,New Westminster Station @ Bay 3,New Westminster Station @ Bay 7,61650,New Westminster Station,30870,31290,in_service_layover,64.69476256600336,69.53210251729841,27.282597325304096,420,7.0,08:34:30,08:41:30,False,,no_dispenser,0
2164557,heavy,106.0,6.0,40-ft,HTC,1,MF,14846059,14845018,123,112,61678,61657,New Westminster Station @ Unloading Only,New Westminster Station @ Bay 10,61678,New Westminster Station,30930,31650,in_service_layover,67.90864096399864,75.15349598427157,40.86098231433937,720,12.0,08:35:30,08:47:30,False,,no_dispenser,0
2160505,heavy,106.0,5.0,40-ft,HTC,1,MF,14844046,14844139,106,106,61650,61654,New Westminster Station @ Bay 3,New Westminster Station @ Bay 7,61650,New Westminster Station,32370,32670,in_service_layover,69.508659916486,72.72137514557404,18.119713892056552,300,5.0,08:59:30,09:04:30,False,,no_dispenser,0
2160496,heavy,123.0,1.0,40-ft,HTC,1,MF,14844930,14846109,112,123,61657,61651,New Westminster Station @ Bay 10,New Westminster Station @ Bay 4,61657,New Westminster Station,32550,32790,in_service_layover,55.86331198989107,59.02787099455698,17.848112786315653,240,4.0,09:02:30,09:06:30,False,,no_dispenser,0
2160498,heavy,106.0,3.0,40-ft,HTC,1,MF,14844099,14844130,106,106,61650,61654,New Westminster Station @ Bay 3,New Westminster Station @ Bay 7,61650,New Westminster Station,32910,33390,in_service_layover,65.74047702304836,71.09160264423,30.180348503464472,480,8.0,09:08:30,09:16:30,False,,no_dispenser,0
2160499,heavy,123.0,3.0,40-ft,HTC,1,MF,14844923,14846099,112,123,61657,61651,New Westminster Station @ Bay 10,New Westminster Station @ Bay 4,61657,New Westminster Station,33270,33630,in_service_layover,65.61202917205881,69.7361910964403,23.26027325351157,360,6.0,09:14:30,09:20:30,False,,no_dispenser,0
2160569,heavy,410.0,8.0,40-ft,HTC,1,MF,14846062,14845037,123,112,61678,61657,New Westminster Station @ Unloading Only,New Westminster Station @ Bay 10,61678,New Westminster Station,33330,33570,in_service_layover,64.97349082050549,67.8163517746187,16.033735781198516,240,4.0,09:15:30,09:19:30,False,,no_dispenser,0
2160502,heavy,106.0,7.0,40-ft,HTC,1,MF,14844017,14844146,106,106,61650,61654,New Westminster Station @ Bay 3,New Westminster Station @ Bay 7,61650,New Westminster Station,33930,34110,in_service_layover,69.508659916486,71.48936172881692,11.171158221546364,180,3.0,09:25:30,09:28:30,False,,no_dispenser,0
2160558,heavy,106.0,8.0,40-ft,HTC,1,MF,14846063,14846138,123,123,61678,61651,New Westminster Station @ Unloading Only,New Westminster Station @ Bay 4,61678,New Westminster Station,34230,34530,in_service_layover,66.59279352798512,70.00692784541344,19.255717550295742,300,5.0,09:30:30,09:35:30,False,,no_dispenser,0
2160492,heavy,106.0,1.0,40-ft,HTC,1,MF,14844044,14844126,106,106,61650,61654,New Westminster Station @ Bay 3,New Westminster Station @ Bay 7,61650,New Westminster Station,34590,34830,in_service_layover,69.08243449476934,71.71245960688948,14.83334163235753,240,4.0,09:36:30,09:40:30,False,,no_dispenser,0
2160497,heavy,123.0,7.0,40-ft,HTC,1,MF,14846044,14845039,123,112,61678,61657,New Westminster Station @ Unloading Only,New Westminster Station @ Bay 10,61678,New Westminster Station,35130,35370,in_service_layover,65.72481841835149,68.53181633953506,15.831468275475402,240,4.0,09:45:30,09:49:30,False,,no_dispenser,0
2160506,heavy,123.0,2.0,40-ft,HTC,1,MF,14844034,14844206,106,106,61650,61654,New Westminster Station @ Bay 3,New Westminster Station @ Bay 7,61650,New Westminster Station,35250,35550,in_service_layover,66.0036615134075,69.45594845500592,19.47089835061513,300,5.0,09:47:30,09:52:30,False,,no_dispenser,0
2160505,heavy,106.0,5.0,40-ft,HTC,1,MF,14844953,14846154,112,123,61657,61651,New Westminster Station @ Bay 10,New Westminster Station @ Bay 4,61657,New Westminster Station,35790,36330,in_service_layover,67.44522158467183,73.17585221641777,32.32075676304703,540,9.0,09:56:30,10:05:30,False,,no_dispenser,0
2160560,heavy,123.0,26.0,40-ft,HTC,1,MF,14844090,14844170,106,106,61650,61654,New Westminster Station @ Bay 3,New Westminster Station @ Bay 7,61650,New Westminster Station,35970,36270,in_service_layover,69.508659916486,72.72137514557404,18.119713892056552,300,5.0,09:59:30,10:04:30,False,,no_dispenser,0
2160559,heavy,123.0,9.0,40-ft,HTC,1,MF,14846015,14845040,123,112,61678,61657,New Westminster Station @ Unloading Only,New Westminster Station @ Bay 10,61678,New Westminster Station,36030,36270,in_service_layover,62.821693233204186,65.76629402596049,16.60754847114555,240,4.0,10:00:30,10:04:30,False,,no_dispenser,0
2160500,heavy,123.0,6.0,40-ft,HTC,1,MF,14844047,14844151,106,106,61650,61654,New Westminster Station @ Bay 3,New Westminster Station @ Bay 7,61650,New Westminster Station,36690,36990,in_service_layover,64.0622977116367,67.63426108416716,20.14587342107177,300,5.0,10:11:30,10:16:30,False,,no_dispenser,0
2164557,heavy,106.0,6.0,40-ft,HTC,1,MF,14844954,14845041,112,112,61657,61657,New Westminster Station @ Bay 10,New Westminster Station @ Bay 10,61657,New Westminster Station,36810,37170,in_service_layover,65.87523082789171,69.97881836532952,23.144233711149298,360,6.0,10:13:30,10:19:30,False,,no_dispenser,0
2160564,heavy,410.0,20.0,40-ft,HTC,1,MF,14846009,14846093,123,123,61678,61651,New Westminster Station @ Unloading Only,New Westminster Station @ Bay 4,61678,New Westminster Station,37050,37230,in_service_layover,68.3111958705156,70.34176227922423,11.452394545116647,180,3.0,10:17:30,10:20:30,False,,no_dispenser,0
2160498,heavy,106.0,3.0,40-ft,HTC,1,MF,14844079,14844194,106,106,61650,61654,New Westminster Station @ Bay 3,New Westminster Station @ Bay 7,61650,New Westminster Station,37410,37710,in_service_layover,69.35760350494981,72.58126746690289,18.181464745415383,300,5.0,10:23:30,10:28:30,False,,no_dispenser,0
2160497,heavy,123.0,7.0,40-ft,HTC,1,MF,14844955,14845042,112,112,61657,61657,New Westminster Station @ Bay 10,New Westminster Station @ Bay 10,61657,New Westminster Station,37710,38070,in_service_layover,63.892683761345126,68.14705143231089,23.994633664246862,360,6.0,10:28:30,10:34:30,False,,no_dispenser,0
2160502,heavy,106.0,7.0,40-ft,HTC,1,MF,14844066,14844188,106,106,61650,61654,New Westminster Station @ Bay 3,New Westminster Station @ Bay 7,61650,New Westminster Station,38250,38430,in_service_layover,69.71681818548525,71.68849159872114,11.120238050650414,180,3.0,10:37:30,10:40:30,False,,no_dispenser,0
2160559,heavy,123.0,9.0,40-ft,HTC,1,MF,14844956,14845043,112,112,61657,61657,New Westminster Station @ Bay 10,New Westminster Station @ Bay 10,61657,New Westminster Station,38610,38970,in_service_layover,61.12716144777056,65.5791358131769,25.10913542089179,360,6.0,10:43:30,10:49:30,False,,no_dispenser,0
2160492,heavy,106.0,1.0,40-ft,HTC,1,MF,14844050,14844207,106,106,61650,61654,New Westminster Station @ Bay 3,New Westminster Station @ Bay 7,61650,New Westminster Station,38970,39150,in_service_layover,69.91812588101142,71.88096655688105,11.070421411904704,180,3.0,10:49:30,10:52:30,False,,no_dispenser,0
2164557,heavy,106.0,6.0,40-ft,HTC,1,MF,14844957,14844977,112,112,61657,61657,New Westminster Station @ Bay 10,New Westminster Station @ Bay 10,61657,New Westminster Station,39510,39750,in_service_layover,65.33968578713959,68.16520841509336,15.935947621659238,240,4.0,10:58:30,11:02:30,False,,no_dispenser,0
2160506,heavy,123.0,2.0,40-ft,HTC,1,MF,14844091,14844145,106,106,61650,61654,New Westminster Station @ Bay 3,New Westminster Station @ Bay 7,61650,New Westminster Station,39690,39870,in_service_layover,67.87635744919925,69.92415738550702,11.549591640775759,180,3.0,11:01:30,11:04:30,False,,no_dispenser,0
2160458,heavy,123.0,21.0,40-ft,HTC,1,MF,14843570,14844978,104,112,58322,61657,22nd Street Station @ Unloading Only,New Westminster Station @ Bay 10,61657,New Westminster Station,40170,40470,interline_end,66.33043516453442,69.76166545883594,19.352138859860588,300,5.0,11:09:30,11:14:30,False,,no_dispenser,0
2160497,heavy,123.0,7.0,40-ft,HTC,1,MF,14844958,14844121,112,106,61657,61654,New Westminster Station @ Bay 10,New Westminster Station @ Bay 7,61657,New Westminster Station,40410,40590,in_service_layover,63.507918854120945,65.71331180255638,12.4384162291758,180,3.0,11:13:30,11:16:30,False,,no_dispenser,0
2160500,heavy,123.0,6.0,40-ft,HTC,1,MF,14844080,14844195,106,106,61650,61654,New Westminster Station @ Bay 3,New Westminster Station @ Bay 7,61650,New Westminster Station,41070,41310,in_service_layover,65.56130496902816,68.37621254389535,15.876078722251009,240,4.0,11:24:30,11:28:30,False,,no_dispenser,0
2160559,heavy,123.0,9.0,40-ft,HTC,1,MF,14844959,14844980,112,112,61657,61657,New Westminster Station @ Bay 10,New Westminster Station @ Bay 10,61657,New Westminster Station,41430,42150,in_service_layover,60.940003234986975,69.32474902660641,47.289966264733664,720,12.0,11:30:30,11:42:30,False,,no_dispenser,0
2160498,heavy,106.0,3.0,40-ft,HTC,1,MF,14844063,14844140,106,106,61650,61654,New Westminster Station @ Bay 3,New Westminster Station @ Bay 7,61650,New Westminster Station,41850,42030,in_service_layover,68.89426051425224,70.90098816202888,11.317943933460242,180,3.0,11:37:30,11:40:30,False,,no_dispenser,0
2164557,heavy,106.0,6.0,40-ft,HTC,1,MF,14844960,14844981,112,112,61657,61657,New Westminster Station @ Bay 10,New Westminster Station @ Bay 10,61657,New Westminster Station,42090,43110,in_service_layover,63.52607583690343,74.09291916461585,59.59699636829811,1020,17.0,11:41:30,11:58:30,False,,no_dispenser,0
2160502,heavy,106.0,7.0,40-ft,HTC,1,MF,14844048,14844208,106,106,61650,61654,New Westminster Station @ Bay 3,New Westminster Station @ Bay 7,61650,New Westminster Station,42570,42750,in_service_layover,68.0502821647727,70.0912450114498,11.511030455258833,180,3.0,11:49:30,11:52:30,False,,no_dispenser,0
2160458,heavy,123.0,21.0,40-ft,HTC,1,MF,14844961,14845013,112,112,61657,61657,New Westminster Station @ Bay 10,New Westminster Station @ Bay 10,61657,New Westminster Station,42990,43950,in_service_layover,65.122532880646,74.85150463530744,54.871400696290436,960,16.0,11:56:30,12:12:30,False,,no_dispenser,0
2160492,heavy,106.0,1.0,40-ft,HTC,1,MF,14844092,14844143,106,106,61650,61654,New Westminster Station @ Bay 3,New Westminster Station @ Bay 7,61650,New Westminster Station,43290,43470,in_service_layover,68.23240274829405,70.26612644002417,11.47020162135783,180,3.0,12:01:30,12:04:30,False,,no_dispenser,0
2160560,heavy,123.0,26.0,40-ft,HTC,1,MF,14844962,14844982,112,112,61657,61657,New Westminster Station @ Bay 10,New Westminster Station @ Bay 10,61657,New Westminster Station,43890,44910,in_service_layover,68.35145761432486,77.75625679528517,53.04306738061615,1020,17.0,12:11:30,12:28:30,False,,no_dispenser,0
2160506,heavy,123.0,2.0,40-ft,HTC,1,MF,14844107,14844141,106,106,61650,61654,New Westminster Station @ Bay 3,New Westminster Station @ Bay 7,61650,New Westminster Station,44010,44190,in_service_layover,66.37661096197681,68.48027723992091,11.864677807604664,180,3.0,12:13:30,12:16:30,False,,no_dispenser,0
2160499,heavy,123.0,3.0,40-ft,HTC,1,MF,14846025,14846136,123,123,61678,61651,New Westminster Station @ Unloading Only,New Westminster Station @ Bay 4,61678,New Westminster Station,44190,44370,in_service_layover,50.294656784671666,52.60890670003591,13.052369522654317,180,3.0,12:16:30,12:19:30,False,,no_dispenser,0
2160497,heavy,123.0,7.0,40-ft,HTC,1,MF,14844081,14844196,106,106,61650,61654,New Westminster Station @ Bay 3,New Westminster Station @ Bay 7,61650,New Westminster Station,44730,44910,in_service_layover,62.36561842683509,64.6115184826211,12.666876314632987,180,3.0,12:25:30,12:28:30,False,,no_dispenser,0
2160559,heavy,123.0,9.0,40-ft,HTC,1,MF,14844963,14844983,112,112,61657,61657,New Westminster Station @ Bay 10,New Westminster Station @ Bay 10,61657,New Westminster Station,44850,45810,in_service_layover,68.1366972927561,77.1781179775531,50.993612662255146,960,16.0,12:27:30,12:43:30,False,,no_dispenser,0
2160558,heavy,106.0,8.0,40-ft,HTC,1,MF,14846050,14846123,123,123,61678,61651,New Westminster Station @ Unloading Only,New Westminster Station @ Bay 4,61678,New Westminster Station,45090,45270,in_service_layover,50.389063287241974,52.704231395712874,13.057548131775889,180,3.0,12:31:30,12:34:30,False,,no_dispenser,0
2160500,heavy,123.0,6.0,40-ft,HTC,1,MF,14844052,14844113,106,106,61650,61654,New Westminster Station @ Bay 3,New Westminster Station @ Bay 7,61650,New Westminster Station,45450,45630,in_service_layover,64.20683278582054,66.38744155228079,12.298633442835865,180,3.0,12:37:30,12:40:30,False,,no_dispenser,0
2164557,heavy,106.0,6.0,40-ft,HTC,1,MF,14844964,14844984,112,112,61657,61657,New Westminster Station @ Bay 10,New Westminster Station @ Bay 10,61657,New Westminster Station,45750,46590,in_service_layover,69.45378658642592,77.34418223385565,44.501831451503676,840,14.0,12:42:30,12:56:30,False,,no_dispenser,0
2163954,heavy,123.0,32.0,40-ft,HTC,1,MF,14846016,14846094,123,123,61678,61651,New Westminster Station @ Unloading Only,New Westminster Station @ Bay 4,61678,New Westminster Station,45990,46170,in_service_layover,53.126842097799724,55.468637711399815,13.20772726070453,180,3.0,12:46:30,12:49:30,False,,no_dispenser,0
2160498,heavy,106.0,3.0,40-ft,HTC,1,MF,14844036,14844209,106,106,61650,61654,New Westminster Station @ Bay 3,New Westminster Station @ Bay 7,61650,New Westminster Station,46230,46410,in_service_layover,67.30419310977062,69.37395974123064,11.673483801434429,180,3.0,12:50:30,12:53:30,False,,no_dispenser,0
2160564,heavy,410.0,20.0,40-ft,HTC,1,MF,14845998,14846119,123,123,61678,61651,New Westminster Station @ Unloading Only,New Westminster Station @ Bay 4,61678,New Westminster Station,47850,48030,in_service_layover,53.879765950063174,56.22888446486359,13.249028423474329,180,3.0,13:17:30,13:20:30,False,,no_dispenser,0
2160496,heavy,123.0,1.0,40-ft,HTC,1,MF,14846013,14846101,123,123,61678,61651,New Westminster Station @ Unloading Only,New Westminster Station @ Bay 4,61678,New Westminster Station,48750,48990,in_service_layover,29.390503929591194,32.38579290174496,16.893429802947253,240,4.0,13:32:30,13:36:30,False,,no_dispenser,0
2160499,heavy,123.0,3.0,40-ft,HTC,1,MF,14846049,14846084,123,123,61678,61651,New Westminster Station @ Unloading Only,New Westminster Station @ Bay 4,61678,New Westminster Station,49650,49950,in_service_layover,41.71593152268881,45.51616366577257,21.43330928699237,300,5.0,13:47:30,13:52:30,False,,no_dispenser,0
2160458,heavy,123.0,21.0,40-ft,HTC,1,MF,14844969,14844989,112,112,61657,61657,New Westminster Station @ Bay 10,New Westminster Station @ Bay 10,61657,New Westminster Station,50370,51210,in_service_layover,68.32093330298011,76.44256356860004,45.80599469809641,840,14.0,13:59:30,14:13:30,False,,no_dispenser,0
2160558,heavy,106.0,8.0,40-ft,HTC,1,MF,14846032,14846147,123,123,61678,61651,New Westminster Station @ Unloading Only,New Westminster Station @ Bay 4,61678,New Westminster Station,50550,50850,in_service_layover,41.81125621836578,45.611902973585714,21.435647699440437,300,5.0,14:02:30,14:07:30,False,,no_dispenser,0
2160498,heavy,106.0,3.0,40-ft,HTC,1,MF,14844094,14844150,106,106,61650,61654,New Westminster Station @ Bay 3,New Westminster Station @ Bay 7,61650,New Westminster Station,50610,50790,in_service_layover,63.032130870327684,65.25439573308202,12.533573825934468,180,3.0,14:03:30,14:06:30,False,,no_dispenser,0
2160502,heavy,106.0,7.0,40-ft,HTC,1,MF,14844109,14844131,106,106,61650,61654,New Westminster Station @ Bay 3,New Westminster Station @ Bay 7,61650,New Westminster Station,51330,51510,in_service_layover,60.850350252161434,63.14998322194294,12.9699299495677,180,3.0,14:15:30,14:18:30,False,,no_dispenser,0
2163954,heavy,123.0,32.0,40-ft,HTC,1,MF,14846052,14846129,123,123,61678,61651,New Westminster Station @ Unloading Only,New Westminster Station @ Bay 4,61678,New Westminster Station,51450,51690,in_service_layover,44.575662534052704,47.62378944921832,17.191435801534055,240,4.0,14:17:30,14:21:30,False,,no_dispenser,0
2160492,heavy,106.0,1.0,40-ft,HTC,1,MF,14844083,14846141,106,123,61650,61651,New Westminster Station @ Bay 3,New Westminster Station @ Bay 4,61650,New Westminster Station,52050,52410,in_service_layover,61.01393158199745,65.47393643433806,25.154427367201038,360,6.0,14:27:30,14:33:30,False,,no_dispenser,0
2160505,heavy,106.0,5.0,40-ft,HTC,1,MF,14846046,14846120,123,123,61678,61651,New Westminster Station @ Unloading Only,New Westminster Station @ Bay 4,61678,New Westminster Station,52470,53190,in_service_layover,48.0091642718036,57.36466909837825,52.765047221881105,720,12.0,14:34:30,14:46:30,False,,no_dispenser,0
2160564,heavy,410.0,20.0,40-ft,HTC,1,MF,14846045,14846102,123,123,61678,61651,New Westminster Station @ Unloading Only,New Westminster Station @ Bay 4,61678,New Westminster Station,54450,54870,in_service_layover,58.30635864669077,63.68352038629376,30.327192211360853,420,7.0,15:07:30,15:14:30,False,,no_dispenser,0
2160560,heavy,123.0,26.0,40-ft,HTC,1,MF,14844952,14845024,112,112,61657,61657,New Westminster Station @ Bay 10,New Westminster Station @ Bay 10,61657,New Westminster Station,55170,55590,in_service_layover,69.12944633263453,73.54183825817819,24.88589046006615,420,7.0,15:19:30,15:26:30,False,,no_dispenser,0
2160496,heavy,123.0,1.0,40-ft,HTC,1,MF,14846024,14844204,123,106,61678,61654,New Westminster Station @ Unloading Only,New Westminster Station @ Bay 7,61678,New Westminster Station,55410,55650,in_service_layover,32.01680251922889,35.02122990203914,16.944970439049797,240,4.0,15:23:30,15:27:30,False,,no_dispenser,0
2160498,heavy,106.0,3.0,40-ft,HTC,1,MF,14844045,14846142,106,123,61650,61651,New Westminster Station @ Bay 3,New Westminster Station @ Bay 4,61650,New Westminster Station,55530,55770,in_service_layover,66.01308715027308,68.80598045052967,15.751918213447198,240,4.0,15:25:30,15:29:30,False,,no_dispenser,0
2160559,heavy,123.0,9.0,40-ft,HTC,1,MF,14844936,14846160,112,123,61657,61651,New Westminster Station @ Bay 10,New Westminster Station @ Bay 4,61657,New Westminster Station,56190,56670,in_service_layover,65.88194549251276,71.21780827956859,30.09426611899488,480,8.0,15:36:30,15:44:30,False,,no_dispenser,0
2160499,heavy,123.0,3.0,40-ft,HTC,1,MF,14846034,14844991,123,112,61678,61657,New Westminster Station @ Unloading Only,New Westminster Station @ Bay 10,61678,New Westminster Station,56250,56610,in_service_layover,43.784405739883326,48.3593951221114,25.802940115766376,360,6.0,15:37:30,15:43:30,False,,no_dispenser,0
2164557,heavy,106.0,6.0,40-ft,HTC,1,MF,14844918,14844205,112,106,61657,61654,New Westminster Station @ Bay 10,New Westminster Station @ Bay 7,61657,New Westminster Station,56910,57330,in_service_layover,68.76194446920786,73.21139222465433,25.09488534071818,420,7.0,15:48:30,15:55:30,False,,no_dispenser,0
2160558,heavy,106.0,8.0,40-ft,HTC,1,MF,14845992,14845025,123,112,61678,61657,New Westminster Station @ Unloading Only,New Westminster Station @ Bay 10,61678,New Westminster Station,57090,57450,in_service_layover,40.8005624799863,45.35907758918152,25.710025215861066,360,6.0,15:51:30,15:57:30,False,,no_dispenser,0
2160504,heavy,123.0,10.0,40-ft,HTC,1,MF,14844037,14846174,106,123,61650,61651,New Westminster Station @ Bay 3,New Westminster Station @ Bay 4,61650,New Westminster Station,57270,57450,in_service_layover,63.3757661221555,65.58584533768189,12.464846775568901,180,3.0,15:54:30,15:57:30,False,,no_dispenser,0
2163954,heavy,123.0,32.0,40-ft,HTC,1,MF,14846007,14844199,123,106,61678,61654,New Westminster Station @ Unloading Only,New Westminster Station @ Bay 7,61678,New Westminster Station,58170,58470,in_service_layover,42.829029104942116,46.634102635276875,21.460614711088056,300,5.0,16:09:30,16:14:30,False,,no_dispenser,0
2160560,heavy,123.0,26.0,40-ft,HTC,1,MF,14844921,14844166,112,106,61657,61654,New Westminster Station @ Bay 10,New Westminster Station @ Bay 7,61657,New Westminster Station,58590,59010,in_service_layover,68.90270567998826,73.33800003078352,25.01506013848524,420,7.0,16:16:30,16:23:30,False,,no_dispenser,0
2160500,heavy,123.0,6.0,40-ft,HTC,1,MF,14844096,14844154,106,106,61650,61654,New Westminster Station @ Bay 3,New Westminster Station @ Bay 7,61650,New Westminster Station,58950,59550,in_service_layover,53.50647197021253,61.32196846495187,44.07940023032984,600,10.0,16:22:30,16:32:30,False,,no_dispenser,0
2160490,heavy,106.0,2.0,40-ft,HTC,1,MF,14844054,14844185,106,106,61650,61654,New Westminster Station @ Bay 3,New Westminster Station @ Bay 7,61650,New Westminster Station,59550,60090,in_service_layover,33.755369491488665,40.55154881420917,38.33045138014364,540,9.0,16:32:30,16:41:30,False,,no_dispenser,0
2160499,heavy,123.0,3.0,40-ft,HTC,1,MF,14844948,14845028,112,112,61657,61657,New Westminster Station @ Bay 10,New Westminster Station @ Bay 10,61657,New Westminster Station,59610,60090,in_service_layover,43.720262543921464,49.83594001632057,34.49242094433092,480,8.0,16:33:30,16:41:30,False,,no_dispenser,0
2160505,heavy,106.0,5.0,40-ft,HTC,1,MF,14845989,14844174,123,106,61678,61654,New Westminster Station @ Unloading Only,New Westminster Station @ Bay 7,61678,New Westminster Station,59850,60630,in_service_layover,54.31473102366524,64.2393485373564,55.97484277721816,780,13.0,16:37:30,16:50:30,False,,no_dispenser,0
2160558,heavy,106.0,8.0,40-ft,HTC,1,MF,14844935,14845029,112,112,61657,61657,New Westminster Station @ Bay 10,New Westminster Station @ Bay 10,61657,New Westminster Station,60570,61050,in_service_layover,43.75930742086256,49.87548049436832,34.49521613457247,480,8.0,16:49:30,16:57:30,False,,no_dispenser,0
2160502,heavy,106.0,7.0,40-ft,HTC,1,MF,14844086,14844111,106,106,61650,61654,New Westminster Station @ Bay 3,New Westminster Station @ Bay 7,61650,New Westminster Station,60690,61170,in_service_layover,58.84291799812208,64.88841379937188,34.096596319048786,480,8.0,16:51:30,16:59:30,False,,no_dispenser,0
2160633,heavy,123.0,33.0,40-ft,HTC,1,MF,14846040,14846088,123,123,61678,61651,New Westminster Station @ Unloading Only,New Westminster Station @ Bay 4,61678,New Westminster Station,61050,61230,in_service_layover,69.28349831889807,71.27384579693793,11.225559776144905,180,3.0,16:57:30,17:00:30,False,,no_dispenser,0
2164557,heavy,106.0,6.0,40-ft,HTC,1,MF,14844056,14844120,106,106,61650,61654,New Westminster Station @ Bay 3,New Westminster Station @ Bay 7,61650,New Westminster Station,61830,62250,in_service_layover,69.48876227110475,73.86460253502271,24.679739088497286,420,7.0,17:10:30,17:17:30,False,,no_dispenser,0
2160506,heavy,123.0,2.0,40-ft,HTC,1,MF,14844058,14844176,106,106,61650,61654,New Westminster Station @ Bay 3,New Westminster Station @ Bay 7,61650,New Westminster Station,62370,62850,in_service_layover,57.478185044827,63.63256774902643,34.710718451684784,480,8.0,17:19:30,17:27:30,False,,no_dispenser,0
2160474,heavy,410.0,29.0,40-ft,HTC,1,MF,14873265,14845031,410,112,58322,61657,22nd Street Station @ Unloading Only,New Westminster Station @ Bay 10,61657,New Westminster Station,62610,62910,interline_end,29.910470389080242,33.65935500438587,21.143709230323765,300,5.0,17:23:30,17:28:30,False,,no_dispenser,0
2163954,heavy,123.0,32.0,40-ft,HTC,1,MF,14844068,14844129,106,106,61650,61654,New Westminster Station @ Bay 3,New Westminster Station @ Bay 7,61650,New Westminster Station,62910,63390,in_service_layover,42.57195346823069,48.67424205265852,34.41690761617298,480,8.0,17:28:30,17:36:30,False,,no_dispenser,0
2160559,heavy,123.0,9.0,40-ft,HTC,1,MF,14846047,14846144,123,123,61678,61651,New Westminster Station @ Unloading Only,New Westminster Station @ Bay 4,61678,New Westminster Station,63150,63390,in_service_layover,60.32483310222149,63.387488747506524,17.2733778394076,240,4.0,17:32:30,17:36:30,False,,no_dispenser,0
2160499,heavy,123.0,3.0,40-ft,HTC,1,MF,14844926,14845033,112,112,61657,61657,New Westminster Station @ Bay 10,New Westminster Station @ Bay 10,61657,New Westminster Station,63330,63990,in_service_layover,48.253596575107245,56.82073213940423,48.31864458263499,660,11.0,17:35:30,17:46:30,False,,no_dispenser,0
2160560,heavy,123.0,26.0,40-ft,HTC,1,MF,14844072,14844137,106,106,61650,61654,New Westminster Station @ Bay 3,New Westminster Station @ Bay 7,61650,New Westminster Station,63390,63990,in_service_layover,68.98159816436358,75.04095927268226,34.174796650917415,600,10.0,17:36:30,17:46:30,False,,no_dispenser,0
2160500,heavy,123.0,6.0,40-ft,HTC,1,MF,14844029,14844136,106,106,61650,61654,New Westminster Station @ Bay 3,New Westminster Station @ Bay 7,61650,New Westminster Station,63930,64530,in_service_layover,57.36148156611029,64.93684550202421,42.72505259855444,600,10.0,17:45:30,17:55:30,False,,no_dispenser,0
2160504,heavy,123.0,10.0,40-ft,HTC,1,MF,14846039,14846145,123,123,61678,61651,New Westminster Station @ Unloading Only,New Westminster Station @ Bay 4,61678,New Westminster Station,63930,64770,in_service_layover,54.69287016033479,65.26311979222635,59.61620792386833,840,14.0,17:45:30,17:59:30,False,,no_dispenser,0
2160558,heavy,106.0,8.0,40-ft,HTC,1,MF,14844946,14845034,112,112,61657,61657,New Westminster Station @ Bay 10,New Westminster Station @ Bay 10,61657,New Westminster Station,64290,65010,in_service_layover,49.06384323793876,58.437908969982566,52.869730728727006,720,12.0,17:51:30,18:03:30,False,,no_dispenser,0
2160559,heavy,123.0,9.0,40-ft,HTC,1,MF,14846072,14846159,123,123,61678,61651,New Westminster Station @ Unloading Only,New Westminster Station @ Bay 4,61678,New Westminster Station,64890,65190,in_service_layover,61.0987170918533,64.84583783110548,21.13376096938225,300,5.0,18:01:30,18:06:30,False,,no_dispenser,0
2160492,heavy,106.0,1.0,40-ft,HTC,1,MF,14846035,14846167,123,123,61678,61651,New Westminster Station @ Unloading Only,New Westminster Station @ Bay 4,61678,New Westminster Station,65790,66030,in_service_layover,51.590093407603746,54.69923758753203,17.535573174795616,240,4.0,18:16:30,18:20:30,False,,no_dispenser,0
2160474,heavy,410.0,29.0,40-ft,HTC,1,MF,14844950,14846111,112,123,61657,61651,New Westminster Station @ Bay 10,New Westminster Station @ Bay 4,61657,New Westminster Station,66030,66330,in_service_layover,32.018874739367085,35.77692980127524,21.195430549161955,300,5.0,18:20:30,18:25:30,False,,no_dispenser,0
2160559,heavy,123.0,9.0,40-ft,HTC,1,MF,14846074,14846171,123,123,61678,61651,New Westminster Station @ Unloading Only,New Westminster Station @ Bay 4,61678,New Westminster Station,66630,67170,in_service_layover,62.557066175452256,68.87754394865712,35.647494640875436,540,9.0,18:30:30,18:39:30,False,,no_dispenser,0
2160499,heavy,123.0,3.0,40-ft,HTC,1,MF,14844924,14845036,112,112,61657,61657,New Westminster Station @ Bay 10,New Westminster Station @ Bay 10,61657,New Westminster Station,66870,67170,in_service_layover,52.1815995612143,56.08596616224043,22.020627629787384,300,5.0,18:34:30,18:39:30,False,,no_dispenser,0
2160633,heavy,123.0,33.0,40-ft,HTC,1,MF,14846010,14846168,123,123,61678,61651,New Westminster Station @ Unloading Only,New Westminster Station @ Bay 4,61678,New Westminster Station,67230,67710,in_service_layover,60.380870619590844,66.27393249953496,33.23686900288487,480,8.0,18:40:30,18:48:30,False,,no_dispenser,0
2160474,heavy,410.0,29.0,40-ft,HTC,1,MF,14846075,14846112,123,123,61678,61651,New Westminster Station @ Unloading Only,New Westminster Station @ Bay 4,61678,New Westminster Station,67770,68070,in_service_layover,33.48815814562202,37.25260381520426,21.23147357644382,300,5.0,18:49:30,18:54:30,False,,no_dispenser,0
2160564,heavy,410.0,20.0,40-ft,HTC,1,MF,14846014,14846108,123,123,61678,61651,New Westminster Station @ Unloading Only,New Westminster Station @ Bay 4,61678,New Westminster Station,67770,68550,in_service_layover,51.345860839421896,61.45039020935772,56.989545646438046,780,13.0,18:49:30,19:02:30,False,,no_dispenser,0
2160558,heavy,106.0,8.0,40-ft,HTC,1,MF,14844944,14844992,112,112,61657,61657,New Westminster Station @ Bay 10,New Westminster Station @ Bay 10,61657,New Westminster Station,68130,68430,in_service_layover,58.53719855509144,62.432304802070604,21.96839923296244,300,5.0,18:55:30,19:00:30,False,,no_dispenser,0
2160560,heavy,123.0,26.0,40-ft,HTC,1,MF,14844076,14844134,106,106,61650,61654,New Westminster Station @ Bay 3,New Westminster Station @ Bay 7,61650,New Westminster Station,68310,68490,in_service_layover,68.69913040177931,70.71392923058366,11.363465394456455,180,3.0,18:58:30,19:01:30,False,,no_dispenser,0
2160500,heavy,123.0,6.0,40-ft,HTC,1,MF,14844085,14844128,106,106,61650,61654,New Westminster Station @ Bay 3,New Westminster Station @ Bay 7,61650,New Westminster Station,68730,69090,in_service_layover,64.42932162003396,68.64383150036846,23.76983572508658,360,6.0,19:05:30,19:11:30,False,,no_dispenser,0
2160497,heavy,123.0,7.0,40-ft,HTC,1,MF,14844022,14844122,106,106,61650,61654,New Westminster Station @ Bay 3,New Westminster Station @ Bay 7,61650,New Westminster Station,69270,69690,in_service_layover,43.7348630937573,49.07844724798035,30.137814629818024,420,7.0,19:14:30,19:21:30,False,,no_dispenser,0
2160499,heavy,123.0,3.0,40-ft,HTC,1,MF,14844928,14844999,112,112,61657,61657,New Westminster Station @ Bay 10,New Westminster Station @ Bay 10,61657,New Westminster Station,69750,70170,in_service_layover,51.4468335840505,56.91964683329262,30.866666725725565,420,7.0,19:22:30,19:29:30,False,,no_dispenser,0
2160502,heavy,106.0,7.0,40-ft,HTC,1,MF,14844071,14844149,106,106,61650,61654,New Westminster Station @ Bay 3,New Westminster Station @ Bay 7,61650,New Westminster Station,69810,70290,in_service_layover,62.0907379411757,67.81859036662581,32.305087679538644,480,8.0,19:23:30,19:31:30,False,,no_dispenser,0
2160504,heavy,123.0,10.0,40-ft,HTC,1,MF,14846033,14846156,123,123,61678,61651,New Westminster Station @ Unloading Only,New Westminster Station @ Bay 4,61678,New Westminster Station,70170,70530,in_service_layover,60.319192344102945,64.82846948281905,25.43232306235882,360,6.0,19:29:30,19:35:30,False,,no_dispenser,0
2160492,heavy,106.0,1.0,40-ft,HTC,1,MF,14846026,14846097,123,123,61678,61651,New Westminster Station @ Unloading Only,New Westminster Station @ Bay 4,61678,New Westminster Station,70950,71430,in_service_layover,43.806262410184935,49.92303530339105,34.49859911768249,480,8.0,19:42:30,19:50:30,False,,no_dispenser,0
2160558,heavy,106.0,8.0,40-ft,HTC,1,MF,14844931,14845010,112,112,61657,61657,New Westminster Station @ Bay 10,New Westminster Station @ Bay 10,61657,New Westminster Station,71550,72090,in_service_layover,65.83125324819707,71.76314567328538,33.45587327749803,540,9.0,19:52:30,20:01:30,False,,no_dispenser,0
2163954,heavy,123.0,32.0,40-ft,HTC,1,MF,14844013,14844123,106,106,61650,61654,New Westminster Station @ Bay 3,New Westminster Station @ Bay 7,61650,New Westminster Station,71910,72090,in_service_layover,49.81655220951623,52.126152102761026,13.026143397900626,180,3.0,19:58:30,20:01:30,False,,no_dispenser,0
2160633,heavy,123.0,33.0,40-ft,HTC,1,MF,14845999,14846096,123,123,61678,61651,New Westminster Station @ Unloading Only,New Westminster Station @ Bay 4,61678,New Westminster Station,72570,73290,in_service_layover,57.681418840195654,66.56980781624573,50.130513824922446,720,12.0,20:09:30,20:21:30,False,,no_dispenser,0
2160499,heavy,123.0,3.0,40-ft,HTC,1,MF,14844913,14845008,112,112,61657,61657,New Westminster Station @ Bay 10,New Westminster Station @ Bay 10,61657,New Westminster Station,73290,73770,in_service_layover,62.2604771526379,67.9715358206579,32.21037088763285,480,8.0,20:21:30,20:29:30,False,,no_dispenser,0
2160497,heavy,123.0,7.0,40-ft,HTC,1,MF,14844110,14844127,106,106,61650,61654,New Westminster Station @ Bay 3,New Westminster Station @ Bay 7,61650,New Westminster Station,73530,74070,in_service_layover,48.09568891158917,55.07175566947933,39.34501651450046,540,9.0,20:25:30,20:34:30,False,,no_dispenser,0
2160564,heavy,410.0,20.0,40-ft,HTC,1,MF,14846000,14846089,123,123,61678,61651,New Westminster Station @ Unloading Only,New Westminster Station @ Bay 4,61678,New Westminster Station,73530,74130,in_service_layover,55.28763965527109,63.02269465951126,43.625710223914496,600,10.0,20:25:30,20:35:30,False,,no_dispenser,0
2160631,heavy,106.0,15.0,40-ft,HTC,1,MF,14845996,14846095,123,123,61678,61651,New Westminster Station @ Unloading Only,New Westminster Station @ Bay 4,61678,New Westminster Station,74370,75030,in_service_layover,58.1988187901582,66.36181304159524,46.039287578104904,660,11.0,20:39:30,20:50:30,False,,no_dispenser,0
2160504,heavy,123.0,10.0,40-ft,HTC,1,MF,14845990,14844163,123,106,61678,61654,New Westminster Station @ Unloading Only,New Westminster Station @ Bay 7,61678,New Westminster Station,75270,75810,in_service_layover,56.287673780381034,63.240345293964225,39.21306733660924,540,9.0,20:54:30,21:03:30,False,,no_dispenser,0
2160500,heavy,123.0,6.0,40-ft,HTC,1,MF,14844028,14844182,106,106,61650,61654,New Westminster Station @ Bay 3,New Westminster Station @ Bay 7,61650,New Westminster Station,76590,76770,in_service_layover,63.615741883462604,65.81731132021925,12.41685162330748,180,3.0,21:16:30,21:19:30,False,,no_dispenser,0
2160499,heavy,123.0,3.0,40-ft,HTC,1,MF,14844912,14844993,112,112,61657,61657,New Westminster Station @ Bay 10,New Westminster Station @ Bay 10,61657,New Westminster Station,76650,77010,in_service_layover,69.99521479405908,73.75450404949478,21.202391400657405,360,6.0,21:17:30,21:23:30,False,,no_dispenser,0
2160497,heavy,123.0,7.0,40-ft,HTC,1,MF,14844041,14844178,106,106,61650,61654,New Westminster Station @ Bay 3,New Westminster Station @ Bay 7,61650,New Westminster Station,77370,77550,in_service_layover,48.729926798576386,51.03080277285497,12.976940494931227,180,3.0,21:29:30,21:32:30,False,,no_dispenser,0
2160492,heavy,106.0,1.0,40-ft,HTC,1,MF,14844914,14845019,112,112,61657,61657,New Westminster Station @ Bay 10,New Westminster Station @ Bay 10,61657,New Westminster Station,78810,79170,in_service_layover,41.63489798824817,46.197767800596644,25.73458574164539,360,6.0,21:53:30,21:59:30,False,,no_dispenser,0
2160564,heavy,410.0,20.0,40-ft,HTC,1,MF,14844942,14845005,112,112,61657,61657,New Westminster Station @ Bay 10,New Westminster Station @ Bay 10,61657,New Westminster Station,80550,80910,in_service_layover,56.52414011608396,61.243476054300416,26.617054691540773,360,6.0,22:22:30,22:28:30,False,,no_dispenser,0
2164557,heavy,106.0,6.0,40-ft,HTC,1,MF,14844026,14846124,106,123,61650,61651,New Westminster Station @ Bay 3,New Westminster Station @ Bay 4,61650,New Westminster Station,81690,81930,in_service_layover,59.13074335152976,62.25040007155069,17.594863900918085,240,4.0,22:41:30,22:45:30,False,,no_dispenser,0
2160567,heavy,410.0,58.0,40-ft,HTC,1,MF,14844910,14845006,112,112,61657,61657,New Westminster Station @ Bay 10,New Westminster Station @ Bay 10,61657,New Westminster Station,82470,82770,in_service_layover,67.41885206703829,70.77805017415587,18.94587732414311,300,5.0,22:54:30,22:59:30,False,,no_dispenser,0
2163954,heavy,123.0,32.0,40-ft,HTC,1,MF,14844077,14844190,106,106,61650,61654,New Westminster Station @ Bay 3,New Westminster Station @ Bay 7,61650,New Westminster Station,83610,83850,in_service_layover,37.69322383443822,40.71740276767852,17.056369183475283,240,4.0,23:13:30,23:17:30,False,,no_dispenser,0
2160500,heavy,123.0,6.0,40-ft,HTC,1,MF,14846019,14845012,123,112,61678,61657,New Westminster Station @ Unloading Only,New Westminster Station @ Bay 10,61678,New Westminster Station,84390,84570,in_service_layover,48.582507271969206,50.88237388457991,12.971247695124362,180,3.0,23:26:30,23:29:30,False,,no_dispenser,0
2160565,heavy,123.0,39.0,40-ft,HTC,1,MF,14844940,14845007,112,112,61657,61657,New Westminster Station @ Bay 10,New Westminster Station @ Bay 10,61657,New Westminster Station,86070,86310,in_service_layover,64.22520580531759,67.10344666558625,16.233278451915282,240,4.0,23:54:30,23:58:30,False,,no_dispenser,0
2164557,heavy,106.0,6.0,40-ft,HTC,1,MF,14846021,14846126,123,123,61678,61651,New Westminster Station @ Unloading Only,New Westminster Station @ Bay 4,61678,New Westminster Station,86130,86310,in_service_layover,54.52713187381627,56.882546638477606,13.284539272689926,180,3.0,23:55:30,23:58:30,False,,no_dispenser,0
2163954,heavy,123.0,32.0,40-ft,HTC,1,MF,14844069,14844180,106,106,61650,61654,New Westminster Station @ Bay 3,New Westminster Station @ Bay 7,61650,New Westminster Station,87030,87330,in_service_layover,40.43363909961021,44.22829394714672,21.401853340105873,300,5.0,24:10:30,24:15:30,False,,no_dispenser,0
2160500,heavy,123.0,6.0,40-ft,HTC,1,MF,14844920,14845000,112,112,61657,61657,New Westminster Station @ Bay 10,New Westminster Station @ Bay 10,61657,New Westminster Station,87450,87750,in_service_layover,57.15027342881278,61.091481532897994,22.228413707040602,300,5.0,24:17:30,24:22:30,False,,no_dispenser,0
2160564,heavy,410.0,20.0,40-ft,HTC,1,MF,14846022,14846085,123,123,61678,61651,New Westminster Station @ Unloading Only,New Westminster Station @ Bay 4,61678,New Westminster Station,87990,88170,in_service_layover,56.43533713800907,58.809311015358354,13.389212668250025,180,3.0,24:26:30,24:29:30,False,,no_dispenser,0
2163954,heavy,123.0,32.0,40-ft,HTC,1,MF,14844943,14844995,112,112,61657,61657,New Westminster Station @ Bay 10,New Westminster Station @ Bay 10,61657,New Westminster Station,89730,89970,in_service_layover,38.95214038624451,41.980699817756424,17.081075193727173,240,4.0,24:55:30,24:59:30,False,,no_dispenser,0
2164557,heavy,106.0,6.0,40-ft,HTC,1,MF,14846023,14844142,123,106,61678,61654,New Westminster Station @ Unloading Only,New Westminster Station @ Bay 7,61678,New Westminster Station,90270,91050,in_service_layover,45.9895714611305,56.08256843304357,56.92450292158969,780,13.0,25:04:30,25:17:30,False,,no_dispenser,0
2160564,heavy,410.0,20.0,40-ft,HTC,1,MF,14846029,14846105,123,123,61678,61651,New Westminster Station @ Unloading Only,New Westminster Station @ Bay 4,61678,New Westminster Station,92130,92430,in_service_layover,47.91633583801126,51.75747589903759,21.664029944188485,300,5.0,25:35:30,25:40:30,False,,no_dispenser,0
2164557,heavy,106.0,6.0,40-ft,HTC,1,MF,14844061,14846106,106,123,61650,61651,New Westminster Station @ Bay 3,New Westminster Station @ Bay 4,61650,New Westminster Station,94050,94230,in_service_layover,55.22935813577525,57.59160271931021,13.32305945113717,180,3.0,26:07:30,26:10:30,False,,no_dispenser,0
2161602,heavy,321.0,4.0,40-ft,STC,1,MF,14867443,14905124,341,319,55538,61707,Newton Exchange @ Bay 1,Newton Exchange @ Layover,55538,Newton Exchange,24750,25110,in_service_layover,68.33046683621204,72.23390813522856,22.015408926453176,360,6.0,06:52:30,06:58:30,False,,no_dispenser,0
2165010,heavy,319.0,3.0,40-ft,STC,1,MF,14905145,14905060,319,319,55456,61707,Newton Exchange @ Bay 5,Newton Exchange @ Layover,55456,Newton Exchange,25890,26310,in_service_layover,68.82804515598579,73.27085249399599,25.05743338637751,420,7.0,07:11:30,07:18:30,False,,no_dispenser,0
2161546,heavy,320.0,2.0,40-ft,STC,1,MF,14865703,14865690,325,325,55538,61707,Newton Exchange @ Bay 1,Newton Exchange @ Layover,55538,Newton Exchange,26070,26250,in_service_layover,60.8642713424363,63.16341065653429,12.967145731512744,180,3.0,07:14:30,07:17:30,False,,no_dispenser,0
2165007,heavy,319.0,5.0,40-ft,STC,1,MF,14905147,14905062,319,319,55456,61707,Newton Exchange @ Bay 5,Newton Exchange @ Layover,55456,Newton Exchange,27090,27510,in_service_layover,68.82804515598579,73.27085249399599,25.05743338637751,420,7.0,07:31:30,07:38:30,False,,no_dispenser,0
2161645,heavy,320.0,11.0,40-ft,STC,1,MF,14867714,14867614,342,342,55538,61707,Newton Exchange @ Bay 1,Newton Exchange @ Layover,55538,Newton Exchange,27150,27390,in_service_layover,66.75597915228441,69.51158049194552,15.541591555688626,240,4.0,07:32:30,07:36:30,False,,no_dispenser,0
2161601,heavy,502.0,2.0,40-ft,STC,1,MF,14867688,14905127,342,319,55538,61707,Newton Exchange @ Bay 1,Newton Exchange @ Layover,55538,Newton Exchange,27810,28110,in_service_layover,63.973083042353984,67.5503239972976,20.175638985882017,300,5.0,07:43:30,07:48:30,False,,no_dispenser,0
2161926,heavy,801.0,3.0,40-ft,STC,1,MF,14866093,14867613,335,342,55538,61707,Newton Exchange @ Bay 1,Newton Exchange @ Layover,55538,Newton Exchange,27930,28290,in_service_layover,68.605438849134,72.48554040220561,21.883772759323904,360,6.0,07:45:30,07:51:30,False,,no_dispenser,0
2161596,heavy,319.0,1.0,40-ft,STC,1,MF,14905133,14905032,319,319,55456,61707,Newton Exchange @ Bay 5,Newton Exchange @ Layover,55456,Newton Exchange,28350,28710,in_service_layover,68.1103938241039,72.032380629337,22.120005581514704,360,6.0,07:52:30,07:58:30,False,,no_dispenser,0
2161872,heavy,503.0,11.0,40-ft,STC,1,MF,14867715,14867612,342,342,55538,61707,Newton Exchange @ Bay 1,Newton Exchange @ Layover,55538,Newton Exchange,28770,29190,in_service_layover,66.57273080785001,71.23602887696647,26.301001109816866,420,7.0,07:59:30,08:06:30,False,,no_dispenser,0
2165005,heavy,319.0,8.0,40-ft,STC,1,MF,14905134,14905033,319,319,55456,61707,Newton Exchange @ Bay 5,Newton Exchange @ Layover,55456,Newton Exchange,28950,29310,in_service_layover,68.82804515598579,72.68911558391905,21.776437213543545,360,6.0,08:02:30,08:08:30,False,,no_dispenser,0
2161984,heavy,503.0,7.0,40-ft,STC,1,MF,14867687,14867640,342,342,55538,61707,Newton Exchange @ Bay 1,Newton Exchange @ Layover,55538,Newton Exchange,29550,30090,in_service_layover,64.41619451548478,70.5192675712043,34.421332034258114,540,9.0,08:12:30,08:21:30,False,,no_dispenser,0
2161540,heavy,320.0,21.0,40-ft,STC,1,MF,14865705,14865352,325,324,55538,61707,Newton Exchange @ Bay 1,Newton Exchange @ Layover,55538,Newton Exchange,29970,30510,in_service_layover,68.84172651311157,74.39303570841027,31.309383861484662,540,9.0,08:19:30,08:28:30,False,,no_dispenser,0
2161845,heavy,320.0,6.0,40-ft,STC,1,MF,14866129,14867411,335,341,55538,61707,Newton Exchange @ Bay 1,Newton Exchange @ Layover,55538,Newton Exchange,29970,30750,in_service_layover,63.33579155615831,71.89864219388613,48.29447759678487,780,13.0,08:19:30,08:32:30,False,,no_dispenser,0
2161600,heavy,503.0,1.0,40-ft,STC,1,MF,14905230,14905129,319,319,55456,61707,Newton Exchange @ Bay 5,Newton Exchange @ Layover,55456,Newton Exchange,30210,30510,in_service_layover,51.647607310853374,55.543317940275436,21.971807949940455,300,5.0,08:23:30,08:28:30,False,,no_dispenser,0
2161508,heavy,503.0,10.0,40-ft,STC,1,MF,14867702,14867610,342,342,55538,61707,Newton Exchange @ Bay 1,Newton Exchange @ Layover,55538,Newton Exchange,30510,31770,in_service_layover,63.470760785646505,75.80905192913042,69.58796204924926,1260,21.0,08:28:30,08:49:30,False,,no_dispenser,0
2162015,heavy,321.0,22.0,40-ft,STC,1,MF,14866095,14866162,335,335,55538,61707,Newton Exchange @ Bay 1,Newton Exchange @ Layover,55538,Newton Exchange,30570,30930,in_service_layover,65.55467284254371,69.68329585757577,23.28543380478078,360,6.0,08:29:30,08:35:30,False,,no_dispenser,0
2161575,heavy,320.0,5.0,40-ft,STC,1,MF,14865437,14865378,324,324,55538,61707,Newton Exchange @ Bay 1,Newton Exchange @ Layover,55538,Newton Exchange,30750,31350,in_service_layover,61.89784643036032,68.9243100549777,39.62925484284199,600,10.0,08:32:30,08:42:30,False,,no_dispenser,0
2161661,heavy,320.0,30.0,40-ft,STC,1,MF,14867433,14866222,341,335,55538,61707,Newton Exchange @ Bay 1,Newton Exchange @ Layover,55538,Newton Exchange,31050,31830,in_service_layover,64.83190209252237,73.12917555890867,46.79662235041883,780,13.0,08:37:30,08:50:30,False,,no_dispenser,0
2165010,heavy,319.0,3.0,40-ft,STC,1,MF,14905136,14905087,319,319,55456,61707,Newton Exchange @ Bay 5,Newton Exchange @ Layover,55456,Newton Exchange,31410,31710,in_service_layover,67.92737243552921,71.25191648458834,18.750428436693426,300,5.0,08:43:30,08:48:30,False,,no_dispenser,0
2161986,heavy,503.0,8.0,40-ft,STC,1,MF,14867686,14867609,342,342,55538,56019,Newton Exchange @ Bay 1,Newton Exchange @ Bay 4,55538,Newton Exchange,31470,32790,in_service_layover,61.262068926962186,74.67033862091212,75.62264107387756,1320,22.0,08:44:30,09:06:30,False,,no_dispenser,0
2161878,heavy,321.0,21.0,40-ft,STC,1,MF,14865706,14867394,325,341,55538,61707,Newton Exchange @ Bay 1,Newton Exchange @ Layover,55538,Newton Exchange,31770,32010,in_service_layover,65.74279681799109,68.54892101563635,15.826540474719309,240,4.0,08:49:30,08:53:30,False,,no_dispenser,0
2161502,heavy,319.0,9.0,40-ft,STC,1,MF,14905137,14905088,319,319,55456,55538,Newton Exchange @ Bay 5,Newton Exchange @ Bay 1,55456,Newton Exchange,32010,32430,in_service_layover,67.51707623812791,72.08957479073132,25.788891836683206,420,7.0,08:53:30,09:00:30,False,,no_dispenser,0
2161861,heavy,320.0,27.0,40-ft,STC,1,MF,14866061,14865652,335,325,55538,61703,Newton Exchange @ Bay 1,Newton Exchange @ Bay 12,55538,Newton Exchange,32370,32910,in_service_layover,61.63408100474568,68.05933006370101,36.23840469250803,540,9.0,08:59:30,09:08:30,False,,no_dispenser,0
2163904,heavy,502.0,16.0,40-ft,STC,1,MF,14867685,14867641,342,342,55538,56019,Newton Exchange @ Bay 1,Newton Exchange @ Bay 4,55538,Newton Exchange,32370,33690,in_service_layover,61.036833199706706,74.51340597691804,76.00787046347187,1320,22.0,08:59:30,09:21:30,False,,no_dispenser,0
2165007,heavy,319.0,5.0,40-ft,STC,1,MF,14905138,14905089,319,319,55456,55538,Newton Exchange @ Bay 5,Newton Exchange @ Bay 1,55456,Newton Exchange,32610,33330,in_service_layover,67.36077365396591,74.69957607342094,41.390845645726415,720,12.0,09:03:30,09:15:30,False,,no_dispenser,0
2161624,heavy,320.0,25.0,40-ft,STC,1,MF,14866099,14866213,335,335,55538,55688,Newton Exchange @ Bay 1,Newton Exchange @ Bay 7,55538,Newton Exchange,32970,33750,in_service_layover,66.18564805282892,74.23786465913726,45.414501659579,780,13.0,09:09:30,09:22:30,False,,no_dispenser,0
2161601,heavy,502.0,2.0,40-ft,STC,1,MF,14905227,14867415,319,341,55456,55688,Newton Exchange @ Bay 5,Newton Exchange @ Bay 7,55456,Newton Exchange,33210,34530,in_service_layover,61.50378040695668,74.83861035836894,75.20844092596519,1320,22.0,09:13:30,09:35:30,False,,no_dispenser,0
2161846,heavy,320.0,26.0,40-ft,STC,1,MF,14867684,14867608,342,342,55538,56019,Newton Exchange @ Bay 1,Newton Exchange @ Bay 4,55538,Newton Exchange,33330,34590,in_service_layover,61.28201926692397,74.25695751728976,73.17865173206303,1260,21.0,09:15:30,09:36:30,False,,no_dispenser,0
2161921,heavy,320.0,34.0,40-ft,STC,1,MF,14866119,14866172,335,335,55538,55688,Newton Exchange @ Bay 1,Newton Exchange @ Bay 7,55538,Newton Exchange,33690,34650,in_service_layover,62.92412083211894,73.1404558519408,57.62012951179537,960,16.0,09:21:30,09:37:30,False,,no_dispenser,0
2161596,heavy,319.0,1.0,40-ft,STC,1,MF,14905180,14905090,319,319,55456,55538,Newton Exchange @ Bay 5,Newton Exchange @ Bay 1,55456,Newton Exchange,33750,34230,in_service_layover,65.64176793776768,71.00351385874166,30.240246994293216,480,8.0,09:22:30,09:30:30,False,,no_dispenser,0
2161737,heavy,320.0,37.0,40-ft,STC,1,MF,14865724,14865653,325,325,55538,61703,Newton Exchange @ Bay 1,Newton Exchange @ Bay 12,55538,Newton Exchange,33810,34710,in_service_layover,66.7112277764689,75.62715701982324,50.285840932518454,900,15.0,09:23:30,09:38:30,False,,no_dispenser,0
2165005,heavy,319.0,8.0,40-ft,STC,1,MF,14905181,14905091,319,319,55456,55538,Newton Exchange @ Bay 5,Newton Exchange @ Bay 1,55456,Newton Exchange,34350,35130,in_service_layover,66.24393273180934,74.28549839515014,45.35443034124211,780,13.0,09:32:30,09:45:30,False,,no_dispenser,0
2161544,heavy,320.0,13.0,40-ft,STC,1,MF,14865439,14865393,324,324,55538,61703,Newton Exchange @ Bay 1,Newton Exchange @ Bay 12,55538,Newton Exchange,34830,35070,in_service_layover,55.67527520752562,58.83739576324761,17.834359934272072,240,4.0,09:40:30,09:44:30,False,,no_dispenser,0
2161843,heavy,321.0,27.0,40-ft,STC,1,MF,14867449,14867396,341,341,55538,55688,Newton Exchange @ Bay 1,Newton Exchange @ Bay 7,55538,Newton Exchange,34830,35730,in_service_layover,62.953020438561204,72.6540592960409,54.713859156185435,900,15.0,09:40:30,09:55:30,False,,no_dispenser,0
2161519,heavy,319.0,6.0,40-ft,STC,1,MF,14905182,14905092,319,319,55456,55538,Newton Exchange @ Bay 5,Newton Exchange @ Bay 1,55456,Newton Exchange,34950,36030,in_service_layover,52.55544351125284,65.99637883561093,75.80687522937956,1080,18.0,09:42:30,10:00:30,False,,no_dispenser,0
2164208,heavy,320.0,36.0,40-ft,STC,1,MF,14866062,14867632,335,342,55538,56019,Newton Exchange @ Bay 1,Newton Exchange @ Bay 4,55538,Newton Exchange,35070,35490,in_service_layover,69.17499403530198,73.58277011923016,24.859857113354963,420,7.0,09:44:30,09:51:30,False,,no_dispenser,0
2161518,heavy,320.0,33.0,40-ft,STC,1,MF,14867683,14866232,342,335,55538,55688,Newton Exchange @ Bay 1,Newton Exchange @ Bay 7,55538,Newton Exchange,35130,35550,in_service_layover,64.85536990763684,69.67816531631021,27.20056610491787,420,7.0,09:45:30,09:52:30,False,,no_dispenser,0
2161551,heavy,320.0,39.0,40-ft,STC,1,MF,14865735,14865666,325,325,55538,61703,Newton Exchange @ Bay 1,Newton Exchange @ Bay 12,55538,Newton Exchange,35190,36510,in_service_layover,69.97111510348984,80.85829474529818,61.40369317979912,1320,22.0,09:46:30,10:08:30,False,,no_dispenser,0
2161600,heavy,503.0,1.0,40-ft,STC,1,MF,14905232,14867650,319,342,55456,56019,Newton Exchange @ Bay 5,Newton Exchange @ Bay 4,55456,Newton Exchange,35550,36390,in_service_layover,49.843644649921444,60.729988074099154,61.398976912362286,840,14.0,09:52:30,10:06:30,False,,no_dispenser,0
2164234,heavy,320.0,10.0,40-ft,STC,1,MF,14866078,14866173,335,335,55538,55688,Newton Exchange @ Bay 1,Newton Exchange @ Bay 7,55538,Newton Exchange,35850,36450,in_service_layover,52.2350825341907,60.07595355071107,44.22251253317489,600,10.0,09:57:30,10:07:30,False,,no_dispenser,0
2161872,heavy,503.0,11.0,40-ft,STC,1,MF,14867682,14867607,342,342,55538,56019,Newton Exchange @ Bay 1,Newton Exchange @ Bay 4,55538,Newton Exchange,35970,37290,in_service_layover,58.46752306264926,72.76997069440128,80.6658046430814,1320,22.0,09:59:30,10:21:30,False,,no_dispenser,0
2161575,heavy,320.0,5.0,40-ft,STC,1,MF,14865430,14865394,324,324,55538,61703,Newton Exchange @ Bay 1,Newton Exchange @ Bay 12,55538,Newton Exchange,36030,36270,in_service_layover,59.89811633098482,62.981656794527765,17.391168214382162,240,4.0,10:00:30,10:04:30,False,,no_dispenser,0
2161878,heavy,321.0,21.0,40-ft,STC,1,MF,14867450,14867397,341,341,55538,55688,Newton Exchange @ Bay 1,Newton Exchange @ Bay 7,55538,Newton Exchange,36630,37110,in_service_layover,60.00442884127817,65.93308805250481,33.43763795131832,480,8.0,10:10:30,10:18:30,False,,no_dispenser,0
2161853,heavy,320.0,18.0,40-ft,STC,1,MF,14866063,14866178,335,335,55538,55688,Newton Exchange @ Bay 1,Newton Exchange @ Bay 7,55538,Newton Exchange,36630,37350,in_service_layover,48.55457918086183,57.921259846688145,52.82807895526042,720,12.0,10:10:30,10:22:30,False,,no_dispenser,0
2165010,heavy,319.0,3.0,40-ft,STC,1,MF,14905149,14905093,319,319,55456,55538,Newton Exchange @ Bay 5,Newton Exchange @ Bay 1,55456,Newton Exchange,36750,36930,in_service_layover,64.92477428629955,67.07992413430311,12.155045142740107,180,3.0,10:12:30,10:15:30,False,,no_dispenser,0
2161861,heavy,320.0,27.0,40-ft,STC,1,MF,14865725,14865648,325,325,55538,61703,Newton Exchange @ Bay 1,Newton Exchange @ Bay 12,55538,Newton Exchange,36990,38310,in_service_layover,67.64884325321995,79.18087607554409,65.04066511790819,1320,22.0,10:16:30,10:38:30,False,,no_dispenser,0
2161578,heavy,320.0,15.0,40-ft,STC,1,MF,14865452,14865395,324,324,55538,61703,Newton Exchange @ Bay 1,Newton Exchange @ Bay 12,55538,Newton Exchange,37230,37470,in_service_layover,55.132589050486615,58.28767208690068,17.79466832537537,240,4.0,10:20:30,10:24:30,False,,no_dispenser,0
2161920,heavy,320.0,22.0,40-ft,STC,1,MF,14866079,14866174,335,335,55538,55688,Newton Exchange @ Bay 1,Newton Exchange @ Bay 7,55538,Newton Exchange,37410,38250,in_service_layover,50.30419018722211,61.17724983945323,61.32405643858351,840,14.0,10:23:30,10:37:30,False,,no_dispenser,0
2161502,heavy,319.0,9.0,40-ft,STC,1,MF,14905150,14905094,319,319,55456,55538,Newton Exchange @ Bay 5,Newton Exchange @ Bay 1,55456,Newton Exchange,37470,37830,in_service_layover,66.41107004221787,70.47224312880158,22.905016208332086,360,6.0,10:24:30,10:30:30,False,,no_dispenser,0
2161649,heavy,503.0,2.0,40-ft,STC,1,MF,14867704,14867633,342,342,55538,56019,Newton Exchange @ Bay 1,Newton Exchange @ Bay 4,55538,Newton Exchange,37770,38310,in_service_layover,56.907528336514936,63.81820954438487,38.97624201238648,540,9.0,10:29:30,10:38:30,False,,no_dispenser,0
2161622,heavy,320.0,32.0,40-ft,STC,1,MF,14866050,14866163,335,335,55538,55688,Newton Exchange @ Bay 1,Newton Exchange @ Bay 7,55538,Newton Exchange,38250,39150,in_service_layover,57.927058247265315,68.65369712110501,60.498243248455935,900,15.0,10:37:30,10:52:30,False,,no_dispenser,0
2161838,heavy,320.0,40.0,40-ft,STC,1,MF,14865453,14865396,324,324,55538,61703,Newton Exchange @ Bay 1,Newton Exchange @ Bay 12,55538,Newton Exchange,38430,38670,in_service_layover,62.032659903137166,65.01456723632216,16.817957359163415,240,4.0,10:40:30,10:44:30,False,,no_dispenser,0
2165007,heavy,319.0,5.0,40-ft,STC,1,MF,14905151,14905095,319,319,55456,55538,Newton Exchange @ Bay 5,Newton Exchange @ Bay 1,55456,Newton Exchange,38430,38730,in_service_layover,64.45652956749262,68.00494127336478,20.013042021118906,300,5.0,10:40:30,10:45:30,False,,no_dispenser,0
2161642,heavy,321.0,3.0,40-ft,STC,1,MF,14867451,14867398,341,341,55538,55688,Newton Exchange @ Bay 1,Newton Exchange @ Bay 7,55538,Newton Exchange,38430,38910,in_service_layover,44.005329513604494,50.124688447092794,34.513184384873995,480,8.0,10:40:30,10:48:30,False,,no_dispenser,0
2161508,heavy,503.0,10.0,40-ft,STC,1,MF,14867681,14867606,342,342,55538,56019,Newton Exchange @ Bay 1,Newton Exchange @ Bay 4,55538,Newton Exchange,38670,39510,in_service_layover,65.72322935217288,74.36315880067997,48.729202089579985,840,14.0,10:44:30,10:58:30,False,,no_dispenser,0
2161661,heavy,320.0,30.0,40-ft,STC,1,MF,14866080,14866175,335,335,55538,55688,Newton Exchange @ Bay 1,Newton Exchange @ Bay 7,55538,Newton Exchange,39150,40050,in_service_layover,63.17024570918963,72.82685054523238,54.463251275281095,900,15.0,10:52:30,11:07:30,False,,no_dispenser,0
2161596,heavy,319.0,1.0,40-ft,STC,1,MF,14905152,14905096,319,319,55456,55538,Newton Exchange @ Bay 5,Newton Exchange @ Bay 1,55456,Newton Exchange,39330,39630,in_service_layover,65.42946335080079,68.9181135843749,19.675987317357965,300,5.0,10:55:30,11:00:30,False,,no_dispenser,0
2161544,heavy,320.0,13.0,40-ft,STC,1,MF,14865454,14865397,324,324,55538,61703,Newton Exchange @ Bay 1,Newton Exchange @ Bay 12,55538,Newton Exchange,39630,39870,in_service_layover,53.959696896889554,57.09956994301736,17.708883980160863,240,4.0,11:00:30,11:04:30,False,,no_dispenser,0
2161969,heavy,321.0,18.0,40-ft,STC,1,MF,14867452,14867399,341,341,55538,55688,Newton Exchange @ Bay 1,Newton Exchange @ Bay 7,55538,Newton Exchange,40230,40710,in_service_layover,46.08717209153593,52.23772729009202,34.6891313198563,480,8.0,11:10:30,11:18:30,False,,no_dispenser,0
2165005,heavy,319.0,8.0,40-ft,STC,1,MF,14905153,14905097,319,319,55456,55538,Newton Exchange @ Bay 5,Newton Exchange @ Bay 1,55456,Newton Exchange,40290,40530,in_service_layover,68.38692149007596,71.05588534301268,15.052956130563075,240,4.0,11:11:30,11:15:30,False,,no_dispenser,0
2161916,heavy,320.0,42.0,40-ft,STC,1,MF,14867695,14866214,342,335,55538,55688,Newton Exchange @ Bay 1,Newton Exchange @ Bay 7,55538,Newton Exchange,40530,40950,in_service_layover,66.40176320653094,71.08126509533173,26.39239065283641,420,7.0,11:15:30,11:22:30,False,,no_dispenser,0
2161575,heavy,320.0,5.0,40-ft,STC,1,MF,14865455,14865398,324,324,55538,61703,Newton Exchange @ Bay 1,Newton Exchange @ Bay 12,55538,Newton Exchange,40830,41070,in_service_layover,58.05244461645432,61.20641412606216,17.788388034188188,240,4.0,11:20:30,11:24:30,False,,no_dispenser,0
2161737,heavy,320.0,37.0,40-ft,STC,1,MF,14866081,14866176,335,335,55538,55688,Newton Exchange @ Bay 1,Newton Exchange @ Bay 7,55538,Newton Exchange,41070,41850,in_service_layover,64.39007220110408,72.76634773108623,47.24219398909929,780,13.0,11:24:30,11:37:30,False,,no_dispenser,0
2161519,heavy,319.0,6.0,40-ft,STC,1,MF,14905154,14905098,319,319,55456,55538,Newton Exchange @ Bay 5,Newton Exchange @ Bay 1,55456,Newton Exchange,41190,41430,in_service_layover,60.86634734066846,63.90339947586144,17.128974042488437,240,4.0,11:26:30,11:30:30,False,,no_dispenser,0
2163903,heavy,502.0,13.0,40-ft,STC,1,MF,14867679,14867605,342,342,55538,56019,Newton Exchange @ Bay 1,Newton Exchange @ Bay 4,55538,Newton Exchange,41430,41910,in_service_layover,61.3707181157276,67.1690168566871,32.70240489901158,480,8.0,11:30:30,11:38:30,False,,no_dispenser,0
2161921,heavy,320.0,34.0,40-ft,STC,1,MF,14866052,14866164,335,335,55538,55688,Newton Exchange @ Bay 1,Newton Exchange @ Bay 7,55538,Newton Exchange,41970,42750,in_service_layover,64.50784634411882,72.8631111577632,47.12369354895429,780,13.0,11:39:30,11:52:30,False,,no_dispenser,0
2161578,heavy,320.0,15.0,40-ft,STC,1,MF,14865456,14865399,324,324,55538,61703,Newton Exchange @ Bay 1,Newton Exchange @ Bay 12,55538,Newton Exchange,42030,42270,in_service_layover,53.40106224378345,56.53369095152835,17.66802591168124,240,4.0,11:40:30,11:44:30,False,,no_dispenser,0
2161603,heavy,321.0,25.0,40-ft,STC,1,MF,14867453,14867400,341,341,55538,55688,Newton Exchange @ Bay 1,Newton Exchange @ Bay 7,55538,Newton Exchange,42030,42510,in_service_layover,45.91692109730544,52.06464049824999,34.67313742132728,480,8.0,11:40:30,11:48:30,False,,no_dispenser,0
2165010,heavy,319.0,3.0,40-ft,STC,1,MF,14905155,14905099,319,319,55456,55538,Newton Exchange @ Bay 5,Newton Exchange @ Bay 1,55456,Newton Exchange,42090,42330,in_service_layover,61.85903244738701,64.8491491165413,16.864258014030156,240,4.0,11:41:30,11:45:30,False,,no_dispenser,0
2164208,heavy,320.0,36.0,40-ft,STC,1,MF,14867678,14867604,342,342,55538,56019,Newton Exchange @ Bay 1,Newton Exchange @ Bay 4,55538,Newton Exchange,42630,43110,in_service_layover,67.42712261169505,72.59307022528526,29.135944540648723,480,8.0,11:50:30,11:58:30,False,,no_dispenser,0
2161518,heavy,320.0,33.0,40-ft,STC,1,MF,14866082,14866177,335,335,55538,55688,Newton Exchange @ Bay 1,Newton Exchange @ Bay 7,55538,Newton Exchange,42870,43650,in_service_layover,61.50345440875877,70.38405474564057,50.08658590001329,780,13.0,11:54:30,12:07:30,False,,no_dispenser,0
2161502,heavy,319.0,9.0,40-ft,STC,1,MF,14905156,14905100,319,319,55456,55538,Newton Exchange @ Bay 5,Newton Exchange @ Bay 1,55456,Newton Exchange,42990,43230,in_service_layover,64.32443441363786,67.19798361393866,16.20681748969656,240,4.0,11:56:30,12:00:30,False,,no_dispenser,0
2161838,heavy,320.0,40.0,40-ft,STC,1,MF,14865457,14865400,324,324,55538,61703,Newton Exchange @ Bay 1,Newton Exchange @ Bay 12,55538,Newton Exchange,43230,43470,in_service_layover,59.96720535879763,63.04701629490776,17.370133679661194,240,4.0,12:00:30,12:04:30,False,,no_dispenser,0
2164234,heavy,320.0,10.0,40-ft,STC,1,MF,14866065,14866215,335,335,55538,55688,Newton Exchange @ Bay 1,Newton Exchange @ Bay 7,55538,Newton Exchange,43770,44550,in_service_layover,52.7239513596919,62.76307930055675,56.6206815864777,780,13.0,12:09:30,12:22:30,False,,no_dispenser,0
2161645,heavy,320.0,11.0,40-ft,STC,1,MF,14867696,14867635,342,342,55538,56019,Newton Exchange @ Bay 1,Newton Exchange @ Bay 4,55538,Newton Exchange,43830,44310,in_service_layover,65.20425655289742,70.61278646329214,30.50410869462621,480,8.0,12:10:30,12:18:30,False,,no_dispenser,0
2161845,heavy,320.0,6.0,40-ft,STC,1,MF,14867454,14867401,341,341,55538,55688,Newton Exchange @ Bay 1,Newton Exchange @ Bay 7,55538,Newton Exchange,43830,44310,in_service_layover,44.964810050559436,51.09760413823163,34.58895865447121,480,8.0,12:10:30,12:18:30,False,,no_dispenser,0
2165007,heavy,319.0,5.0,40-ft,STC,1,MF,14905157,14905101,319,319,55456,55538,Newton Exchange @ Bay 5,Newton Exchange @ Bay 1,55456,Newton Exchange,43950,44130,in_service_layover,62.04395278363861,64.30125942251668,12.731209443272292,180,3.0,12:12:30,12:15:30,False,,no_dispenser,0
2161544,heavy,320.0,13.0,40-ft,STC,1,MF,14865458,14865401,324,324,55538,61703,Newton Exchange @ Bay 1,Newton Exchange @ Bay 12,55538,Newton Exchange,44490,44670,in_service_layover,52.19370105931811,54.52642098802628,13.156540397914057,180,3.0,12:21:30,12:24:30,False,,no_dispenser,0
2161853,heavy,320.0,18.0,40-ft,STC,1,MF,14866083,14866179,335,335,55538,55688,Newton Exchange @ Bay 1,Newton Exchange @ Bay 7,55538,Newton Exchange,44730,45450,in_service_layover,50.55615921917248,59.9334168042512,52.88773277984399,720,12.0,12:25:30,12:37:30,False,,no_dispenser,0
2161596,heavy,319.0,1.0,40-ft,STC,1,MF,14905158,14905102,319,319,55456,55538,Newton Exchange @ Bay 5,Newton Exchange @ Bay 1,55456,Newton Exchange,44850,45030,in_service_layover,62.88972874225769,65.11704332586558,12.562054251548489,180,3.0,12:27:30,12:30:30,False,,no_dispenser,0
2161920,heavy,320.0,22.0,40-ft,STC,1,MF,14866120,14866165,335,335,55538,55688,Newton Exchange @ Bay 1,Newton Exchange @ Bay 7,55538,Newton Exchange,45630,46350,in_service_layover,53.8023335513623,63.062484228882234,52.22724982121241,720,12.0,12:40:30,12:52:30,False,,no_dispenser,0
2161901,heavy,321.0,11.0,40-ft,STC,1,MF,14867455,14867402,341,341,55538,55688,Newton Exchange @ Bay 1,Newton Exchange @ Bay 7,55538,Newton Exchange,45750,46110,in_service_layover,30.533559852073843,35.038487707370045,25.407793103870574,360,6.0,12:42:30,12:48:30,False,,no_dispenser,0
2161984,heavy,503.0,7.0,40-ft,STC,1,MF,14867676,14867602,342,342,55538,56019,Newton Exchange @ Bay 1,Newton Exchange @ Bay 4,55538,Newton Exchange,46290,46710,in_service_layover,64.37667847354416,69.24263710031077,27.444006654963744,420,7.0,12:51:30,12:58:30,False,,no_dispenser,0
2161622,heavy,320.0,32.0,40-ft,STC,1,MF,14866084,14866180,335,335,55538,55688,Newton Exchange @ Bay 1,Newton Exchange @ Bay 7,55538,Newton Exchange,46530,47250,in_service_layover,60.60881550759657,69.04475833289672,47.57871753469283,720,12.0,12:55:30,13:07:30,False,,no_dispenser,0
2161661,heavy,320.0,30.0,40-ft,STC,1,MF,14866066,14866216,335,335,55538,55688,Newton Exchange @ Bay 1,Newton Exchange @ Bay 7,55538,Newton Exchange,47430,48150,in_service_layover,64.23693258088493,72.09728960337017,44.33241360681683,720,12.0,13:10:30,13:22:30,False,,no_dispenser,0
2161547,heavy,503.0,17.0,40-ft,STC,1,MF,14867697,14867636,342,342,55538,56019,Newton Exchange @ Bay 1,Newton Exchange @ Bay 4,55538,Newton Exchange,47490,47910,in_service_layover,67.08143575070424,71.69609439229443,26.02667473856866,420,7.0,13:11:30,13:18:30,False,,no_dispenser,0
2161601,heavy,502.0,2.0,40-ft,STC,1,MF,14867456,14867403,341,341,55538,55688,Newton Exchange @ Bay 1,Newton Exchange @ Bay 7,55538,Newton Exchange,47550,47910,in_service_layover,48.10632296178364,52.72788620409078,26.06561668661226,360,6.0,13:12:30,13:18:30,False,,no_dispenser,0
2161916,heavy,320.0,42.0,40-ft,STC,1,MF,14866085,14866181,335,335,55538,55688,Newton Exchange @ Bay 1,Newton Exchange @ Bay 7,55538,Newton Exchange,48390,49050,in_service_layover,62.72454739166147,70.24551195647061,42.418240145523555,660,11.0,13:26:30,13:37:30,False,,no_dispenser,0
2161986,heavy,503.0,8.0,40-ft,STC,1,MF,14867675,14867601,342,342,55538,56019,Newton Exchange @ Bay 1,Newton Exchange @ Bay 4,55538,Newton Exchange,48690,49110,in_service_layover,67.05603459432817,71.67313691696516,26.04045709967272,420,7.0,13:31:30,13:38:30,False,,no_dispenser,0
2161737,heavy,320.0,37.0,40-ft,STC,1,MF,14866090,14866166,335,335,55538,55688,Newton Exchange @ Bay 1,Newton Exchange @ Bay 7,55538,Newton Exchange,49290,49950,in_service_layover,64.18463814703004,71.49182929135405,41.21255805398738,660,11.0,13:41:30,13:52:30,False,,no_dispenser,0
2161843,heavy,321.0,27.0,40-ft,STC,1,MF,14867457,14867404,341,341,55538,55688,Newton Exchange @ Bay 1,Newton Exchange @ Bay 7,55538,Newton Exchange,49350,49710,in_service_layover,45.92177189945561,50.51570859710615,25.909802974749027,360,6.0,13:42:30,13:48:30,False,,no_dispenser,0
2165007,heavy,319.0,5.0,40-ft,STC,1,MF,14905163,14905108,319,319,55456,55538,Newton Exchange @ Bay 5,Newton Exchange @ Bay 1,55456,Newton Exchange,49470,50430,in_service_layover,57.14637168435137,68.6157224680813,64.6871384202368,960,16.0,13:44:30,14:00:30,False,,no_dispenser,0
2163904,heavy,502.0,16.0,40-ft,STC,1,MF,14867674,14867600,342,342,55538,56019,Newton Exchange @ Bay 1,Newton Exchange @ Bay 4,55538,Newton Exchange,49890,50310,in_service_layover,68.60488244805988,73.07006595271976,25.183634966281716,420,7.0,13:51:30,13:58:30,False,,no_dispenser,0
2161921,heavy,320.0,34.0,40-ft,STC,1,MF,14866086,14866182,335,335,55538,55688,Newton Exchange @ Bay 1,Newton Exchange @ Bay 7,55538,Newton Exchange,50250,50850,in_service_layover,64.26826899646179,70.98487016305933,37.88163057961009,600,10.0,13:57:30,14:07:30,False,,no_dispenser,0
2161596,heavy,319.0,1.0,40-ft,STC,1,MF,14905164,14905109,319,319,55456,55538,Newton Exchange @ Bay 5,Newton Exchange @ Bay 1,55456,Newton Exchange,50370,51330,in_service_layover,57.18157746075602,68.64423549864651,64.6493913337024,960,16.0,13:59:30,14:15:30,False,,no_dispenser,0
2161846,heavy,320.0,26.0,40-ft,STC,1,MF,14867698,14865407,342,324,55538,61703,Newton Exchange @ Bay 1,Newton Exchange @ Bay 12,55538,Newton Exchange,51090,51870,in_service_layover,69.44283008142726,76.88693897552903,41.98477416273403,780,13.0,14:11:30,14:24:30,False,,no_dispenser,0
2161518,heavy,320.0,33.0,40-ft,STC,1,MF,14866067,14866218,335,335,55538,55688,Newton Exchange @ Bay 1,Newton Exchange @ Bay 7,55538,Newton Exchange,51150,51750,in_service_layover,62.11838295492378,69.1166017783779,39.46995416428126,600,10.0,14:12:30,14:22:30,False,,no_dispenser,0
2161878,heavy,321.0,21.0,40-ft,STC,1,MF,14867458,14867405,341,341,55538,55688,Newton Exchange @ Bay 1,Newton Exchange @ Bay 7,55538,Newton Exchange,51210,51510,in_service_layover,39.20080065591953,42.99009330662891,21.371610550000895,300,5.0,14:13:30,14:18:30,False,,no_dispenser,0
2165005,heavy,319.0,8.0,40-ft,STC,1,MF,14905165,14905110,319,319,55456,55538,Newton Exchange @ Bay 5,Newton Exchange @ Bay 1,55456,Newton Exchange,51270,52230,in_service_layover,56.93528077639214,68.44432141720681,64.91098921419479,960,16.0,14:14:30,14:30:30,False,,no_dispenser,0
2161578,heavy,320.0,15.0,40-ft,STC,1,MF,14865464,14867406,324,341,55538,55688,Newton Exchange @ Bay 1,Newton Exchange @ Bay 7,55538,Newton Exchange,51870,52710,in_service_layover,45.860813239474915,56.74426733812735,61.382681116399795,840,14.0,14:24:30,14:38:30,False,,no_dispenser,0
2161519,heavy,319.0,6.0,40-ft,STC,1,MF,14905166,14905111,319,319,55456,55538,Newton Exchange @ Bay 5,Newton Exchange @ Bay 1,55456,Newton Exchange,52170,53130,in_service_layover,49.60770824220258,61.95545500369452,69.64129173481456,960,16.0,14:29:30,14:45:30,False,,no_dispenser,0
2164234,heavy,320.0,10.0,40-ft,STC,1,MF,14866097,14866219,335,335,55538,55688,Newton Exchange @ Bay 1,Newton Exchange @ Bay 7,55538,Newton Exchange,52290,52950,in_service_layover,55.31996571488463,63.766459355177304,47.638224131250695,660,11.0,14:31:30,14:42:30,False,,no_dispenser,0
2165212,heavy,320.0,38.0,40-ft,STC,1,MF,14867673,14867642,342,342,55538,56019,Newton Exchange @ Bay 1,Newton Exchange @ Bay 4,55538,Newton Exchange,52410,53790,in_service_layover,69.43597435951034,80.82237402455462,64.21929411084972,1380,23.0,14:33:30,14:56:30,False,,no_dispenser,0
2165010,heavy,319.0,3.0,40-ft,STC,1,MF,14905167,14905112,319,319,55456,61707,Newton Exchange @ Bay 5,Newton Exchange @ Layover,55456,Newton Exchange,53130,53910,in_service_layover,50.503310105176205,60.632380024384126,57.12795434433269,780,13.0,14:45:30,14:58:30,False,,no_dispenser,0
2161642,heavy,321.0,3.0,40-ft,STC,1,MF,14867459,14867393,341,341,55538,61707,Newton Exchange @ Bay 1,Newton Exchange @ Layover,55538,Newton Exchange,53130,54150,in_service_layover,23.392401050507498,36.1445718881186,71.9222435241266,1020,17.0,14:45:30,15:02:30,False,,no_dispenser,0
2161853,heavy,320.0,18.0,40-ft,STC,1,MF,14866098,14866252,335,335,55538,55688,Newton Exchange @ Bay 1,Newton Exchange @ Bay 7,55538,Newton Exchange,53190,53550,in_service_layover,52.58291915940782,57.2859832413835,26.5252814223428,360,6.0,14:46:30,14:52:30,False,,no_dispenser,0
2161838,heavy,320.0,40.0,40-ft,STC,1,MF,14865465,14865409,324,324,55538,61703,Newton Exchange @ Bay 1,Newton Exchange @ Bay 12,55538,Newton Exchange,53190,53670,in_service_layover,52.43260944429831,58.722438142102405,35.47463385561508,480,8.0,14:46:30,14:54:30,False,,no_dispenser,0
2161600,heavy,503.0,1.0,40-ft,STC,1,MF,14867669,14867649,342,342,55538,61707,Newton Exchange @ Bay 1,Newton Exchange @ Layover,55538,Newton Exchange,53910,54570,in_service_layover,66.04622573918196,73.07324605675511,39.63239459111247,660,11.0,14:58:30,15:09:30,False,,no_dispenser,0
2161920,heavy,320.0,22.0,40-ft,STC,1,MF,14866068,14866254,335,335,55538,61707,Newton Exchange @ Bay 1,Newton Exchange @ Layover,55538,Newton Exchange,53910,54630,in_service_layover,53.378162986882586,62.66349903514213,52.36929531218385,720,12.0,14:58:30,15:10:30,False,,no_dispenser,0
2161502,heavy,319.0,9.0,40-ft,STC,1,MF,14905168,14905113,319,319,55456,61707,Newton Exchange @ Bay 5,Newton Exchange @ Layover,55456,Newton Exchange,54030,54570,in_service_layover,52.025948103013164,59.095499553894584,39.87227018297119,540,9.0,15:00:30,15:09:30,False,,no_dispenser,0
2161544,heavy,320.0,13.0,40-ft,STC,1,MF,14865466,14865389,324,324,55538,61707,Newton Exchange @ Bay 1,Newton Exchange @ Layover,55538,Newton Exchange,54450,55530,in_service_layover,40.75924879944936,54.66491625113456,78.42796442750449,1080,18.0,15:07:30,15:25:30,False,,no_dispenser,0
2161577,heavy,320.0,28.0,40-ft,STC,1,MF,14866087,14866208,335,335,55538,61707,Newton Exchange @ Bay 1,Newton Exchange @ Layover,55538,Newton Exchange,54870,55710,in_service_layover,49.174593088835785,60.073407713388946,61.46931448247989,840,14.0,15:14:30,15:28:30,False,,no_dispenser,0
2161649,heavy,503.0,2.0,40-ft,STC,1,MF,14867672,14867631,342,342,55538,61707,Newton Exchange @ Bay 1,Newton Exchange @ Layover,55538,Newton Exchange,54990,55470,in_service_layover,61.80921845960333,67.5647663035774,32.46128984001376,480,8.0,15:16:30,15:24:30,False,,no_dispenser,0
2161969,heavy,321.0,18.0,40-ft,STC,1,MF,14867460,14867421,341,341,55538,61707,Newton Exchange @ Bay 1,Newton Exchange @ Layover,55538,Newton Exchange,55110,55710,in_service_layover,25.505439893506722,32.990061215724296,42.21326425730712,600,10.0,15:18:30,15:28:30,False,,no_dispenser,0
2161622,heavy,320.0,32.0,40-ft,STC,1,MF,14866147,14866234,335,335,55538,61707,Newton Exchange @ Bay 1,Newton Exchange @ Layover,55538,Newton Exchange,55590,56250,in_service_layover,63.88053351022208,71.23268194080808,41.46611714850502,660,11.0,15:26:30,15:37:30,False,,no_dispenser,0
2161575,heavy,320.0,5.0,40-ft,STC,1,MF,14865467,14865368,324,324,55538,61707,Newton Exchange @ Bay 1,Newton Exchange @ Layover,55538,Newton Exchange,55830,56430,in_service_layover,41.80874170510686,49.44684460275749,43.078900342749535,600,10.0,15:30:30,15:40:30,False,,no_dispenser,0
2161737,heavy,320.0,37.0,40-ft,STC,1,MF,14865740,14867643,325,342,55538,61707,Newton Exchange @ Bay 1,Newton Exchange @ Layover,55538,Newton Exchange,56010,56370,in_service_layover,65.97269790716271,70.06862273534033,23.101016030921755,360,6.0,15:33:30,15:39:30,False,,no_dispenser,0
2165007,heavy,319.0,5.0,40-ft,STC,1,MF,14905170,14905116,319,319,55456,61707,Newton Exchange @ Bay 5,Newton Exchange @ Layover,55456,Newton Exchange,56070,56550,in_service_layover,60.55618996672294,66.4326426282387,33.14319301094889,480,8.0,15:34:30,15:42:30,False,,no_dispenser,0
2161508,heavy,503.0,10.0,40-ft,STC,1,MF,14867716,14867598,342,342,55538,61707,Newton Exchange @ Bay 1,Newton Exchange @ Layover,55538,Newton Exchange,56190,57330,in_service_layover,64.85433347557408,75.97964502409327,62.7467571336482,1140,19.0,15:36:30,15:55:30,False,,no_dispenser,0
2161661,heavy,320.0,30.0,40-ft,STC,1,MF,14866121,14866236,335,335,55538,61707,Newton Exchange @ Bay 1,Newton Exchange @ Layover,55538,Newton Exchange,56430,56790,in_service_layover,64.74069990795996,68.93175717145472,23.637562966110465,360,6.0,15:40:30,15:46:30,False,,no_dispenser,0
2161603,heavy,321.0,25.0,40-ft,STC,1,MF,14867434,14867417,341,341,55538,61707,Newton Exchange @ Bay 1,Newton Exchange @ Layover,55538,Newton Exchange,56970,57270,in_service_layover,25.3323531016647,29.061272988724124,21.031108163015148,300,5.0,15:49:30,15:54:30,False,,no_dispenser,0
2161916,heavy,320.0,42.0,40-ft,STC,1,MF,14866057,14866198,335,335,55538,61707,Newton Exchange @ Bay 1,Newton Exchange @ Layover,55538,Newton Exchange,57150,58230,in_service_layover,59.405760787438155,71.46746012791053,68.02798428026415,1080,18.0,15:52:30,16:10:30,False,,no_dispenser,0
2161629,heavy,320.0,19.0,40-ft,STC,1,MF,14867699,14867597,342,342,55538,61707,Newton Exchange @ Bay 1,Newton Exchange @ Layover,55538,Newton Exchange,57150,58290,in_service_layover,48.0695100239309,62.605576353968964,81.98341410141467,1140,19.0,15:52:30,16:11:30,False,,no_dispenser,0
2161576,heavy,320.0,31.0,40-ft,STC,1,MF,14865726,14865659,325,325,55538,61707,Newton Exchange @ Bay 1,Newton Exchange @ Layover,55538,Newton Exchange,58110,58470,in_service_layover,57.59991214146088,62.282564315182334,26.410158259789,360,6.0,16:08:30,16:14:30,False,,no_dispenser,0
2161578,heavy,320.0,15.0,40-ft,STC,1,MF,14867461,14867412,341,341,55538,61707,Newton Exchange @ Bay 1,Newton Exchange @ Layover,55538,Newton Exchange,58530,58830,in_service_layover,48.401319910510566,52.24816265066248,21.696193054456785,300,5.0,16:15:30,16:20:30,False,,no_dispenser,0
2165005,heavy,319.0,8.0,40-ft,STC,1,MF,14905173,14905041,319,319,55456,61707,Newton Exchange @ Bay 5,Newton Exchange @ Layover,55456,Newton Exchange,59010,59190,in_service_layover,69.56706327227671,71.54524277777438,11.156932411006835,180,3.0,16:23:30,16:26:30,False,,no_dispenser,0
2161861,heavy,320.0,27.0,40-ft,STC,1,MF,14865413,14866204,324,335,55538,61707,Newton Exchange @ Bay 1,Newton Exchange @ Layover,55538,Newton Exchange,59010,59970,in_service_layover,67.53355937564217,76.71435008313578,51.779659590263975,960,16.0,16:23:30,16:39:30,False,,no_dispenser,0
2161921,heavy,320.0,34.0,40-ft,STC,1,MF,14866117,14866237,335,335,55538,61707,Newton Exchange @ Bay 1,Newton Exchange @ Layover,55538,Newton Exchange,59190,59550,in_service_layover,62.03030379706984,66.4182255135897,24.74787848117205,360,6.0,16:26:30,16:32:30,False,,no_dispenser,0
2161838,heavy,320.0,40.0,40-ft,STC,1,MF,14865713,14865384,325,324,55538,61707,Newton Exchange @ Bay 1,Newton Exchange @ Layover,55538,Newton Exchange,59190,59670,in_service_layover,63.56036864732236,69.1404700761291,31.47177205846998,480,8.0,16:26:30,16:34:30,False,,no_dispenser,0
2161519,heavy,319.0,6.0,40-ft,STC,1,MF,14905174,14905042,319,319,55456,61707,Newton Exchange @ Bay 5,Newton Exchange @ Layover,55456,Newton Exchange,59670,59850,in_service_layover,62.524021223500526,64.76430415883739,12.63519575529989,180,3.0,16:34:30,16:37:30,False,,no_dispenser,0
2161845,heavy,320.0,6.0,40-ft,STC,1,MF,14867462,14867407,341,341,55538,61707,Newton Exchange @ Bay 1,Newton Exchange @ Layover,55538,Newton Exchange,59730,60030,in_service_layover,24.365316741646343,28.08979401799491,21.00605183860594,300,5.0,16:35:30,16:40:30,False,,no_dispenser,0
2161518,heavy,320.0,33.0,40-ft,STC,1,MF,14866128,14866168,335,335,55538,61707,Newton Exchange @ Bay 1,Newton Exchange @ Layover,55538,Newton Exchange,59790,60450,in_service_layover,57.65375386810386,65.88187548169778,46.40660590066966,660,11.0,16:36:30,16:47:30,False,,no_dispenser,0
2165010,heavy,319.0,3.0,40-ft,STC,1,MF,14905175,14905043,319,319,55456,61707,Newton Exchange @ Bay 5,Newton Exchange @ Layover,55456,Newton Exchange,60330,60510,in_service_layover,59.29943153648573,61.65410827918776,13.280376828839508,180,3.0,16:45:30,16:48:30,False,,no_dispenser,0
2161853,heavy,320.0,18.0,40-ft,STC,1,MF,14865470,14865351,324,324,55538,61707,Newton Exchange @ Bay 1,Newton Exchange @ Layover,55538,Newton Exchange,60690,61110,in_service_layover,52.911417349457594,58.41734347469073,31.0534233463149,420,7.0,16:51:30,16:58:30,False,,no_dispenser,0
2161543,heavy,319.0,7.0,40-ft,STC,1,MF,14866069,14866200,335,335,55538,61707,Newton Exchange @ Bay 1,Newton Exchange @ Layover,55538,Newton Exchange,60690,61350,in_service_layover,65.11692510882806,72.28487283406568,40.42722517034019,660,11.0,16:51:30,17:02:30,False,,no_dispenser,0
2161502,heavy,319.0,9.0,40-ft,STC,1,MF,14905176,14905044,319,319,55456,61707,Newton Exchange @ Bay 5,Newton Exchange @ Layover,55456,Newton Exchange,60990,61170,in_service_layover,57.89461617670416,60.27477574496536,13.424099964993161,180,3.0,16:56:30,16:59:30,False,,no_dispenser,0
2164234,heavy,320.0,10.0,40-ft,STC,1,MF,14866104,14865365,335,324,55538,61707,Newton Exchange @ Bay 1,Newton Exchange @ Layover,55538,Newton Exchange,61110,61830,in_service_layover,53.30425562661718,62.59367884788054,52.392346967925334,720,12.0,16:58:30,17:10:30,False,,no_dispenser,0
2161539,heavy,319.0,2.0,40-ft,STC,1,MF,14865416,14866199,324,335,55538,61707,Newton Exchange @ Bay 1,Newton Exchange @ Layover,55538,Newton Exchange,61530,61830,in_service_layover,44.85244543918173,48.66707241875663,21.514496164802438,300,5.0,17:05:30,17:10:30,False,,no_dispenser,0
2165041,heavy,319.0,10.0,40-ft,STC,1,MF,14905177,14905045,319,319,55456,61707,Newton Exchange @ Bay 5,Newton Exchange @ Layover,55456,Newton Exchange,61650,61830,in_service_layover,68.73238226456483,70.74581233024246,11.355745570421902,180,3.0,17:07:30,17:10:30,False,,no_dispenser,0
2161990,heavy,502.0,4.0,40-ft,STC,1,MF,14867668,14867628,342,342,55538,61707,Newton Exchange @ Bay 1,Newton Exchange @ Layover,55538,Newton Exchange,61710,62190,in_service_layover,47.85830429702025,54.041371074851874,34.87249662697036,480,8.0,17:08:30,17:16:30,False,,no_dispenser,0
2161639,heavy,320.0,24.0,40-ft,STC,1,MF,14866105,14866220,335,335,55538,61707,Newton Exchange @ Bay 1,Newton Exchange @ Layover,55538,Newton Exchange,61950,62430,in_service_layover,44.6872210357035,50.815962475856104,34.56610172246067,480,8.0,17:12:30,17:20:30,False,,no_dispenser,0
2161969,heavy,321.0,18.0,40-ft,STC,1,MF,14867463,14867413,341,341,55538,61707,Newton Exchange @ Bay 1,Newton Exchange @ Layover,55538,Newton Exchange,62130,62430,in_service_layover,24.445569041366106,28.170421488291066,21.008167800656764,300,5.0,17:15:30,17:20:30,False,,no_dispenser,0
2161600,heavy,503.0,1.0,40-ft,STC,1,MF,14867667,14867645,342,342,55538,61707,Newton Exchange @ Bay 1,Newton Exchange @ Layover,55538,Newton Exchange,62610,63090,in_service_layover,60.217057065145106,66.12560958853564,33.32423623192261,480,8.0,17:23:30,17:31:30,False,,no_dispenser,0
2165144,heavy,502.0,43.0,40-ft,STC,1,MF,14865717,14865665,325,325,55538,61707,Newton Exchange @ Bay 1,Newton Exchange @ Layover,55538,Newton Exchange,62610,63510,in_service_layover,68.1306224519336,76.74098441143525,48.56244145158928,900,15.0,17:23:30,17:38:30,False,,no_dispenser,0
2165007,heavy,319.0,5.0,40-ft,STC,1,MF,14905226,14905047,319,319,55456,61707,Newton Exchange @ Bay 5,Newton Exchange @ Layover,55456,Newton Exchange,62970,63150,in_service_layover,64.27008779675874,66.44845347772474,12.28598244064824,180,3.0,17:29:30,17:32:30,False,,no_dispenser,0
2161920,heavy,320.0,22.0,40-ft,STC,1,MF,14866054,14866202,335,335,55538,61707,Newton Exchange @ Bay 1,Newton Exchange @ Layover,55538,Newton Exchange,63150,63630,in_service_layover,55.06424702284717,61.33589561947227,35.37209808496556,480,8.0,17:32:30,17:40:30,False,,no_dispenser,0
2161601,heavy,502.0,2.0,40-ft,STC,1,MF,14867464,14867409,341,341,55538,61707,Newton Exchange @ Bay 1,Newton Exchange @ Layover,55538,Newton Exchange,63330,63630,in_service_layover,25.995598807505488,29.727467292761684,21.047738256844923,300,5.0,17:35:30,17:40:30,False,,no_dispenser,0
2161632,heavy,502.0,10.0,40-ft,STC,1,MF,14867706,14867627,342,342,55538,61707,Newton Exchange @ Bay 1,Newton Exchange @ Layover,55538,Newton Exchange,63450,63990,in_service_layover,41.172774157986645,48.030077626206655,38.67519156076088,540,9.0,17:37:30,17:46:30,False,,no_dispenser,0
2161596,heavy,319.0,1.0,40-ft,STC,1,MF,14905183,14905125,319,319,55456,61707,Newton Exchange @ Bay 5,Newton Exchange @ Layover,55456,Newton Exchange,63570,63810,in_service_layover,60.48641364011649,63.54142954365708,17.230289695968963,240,4.0,17:39:30,17:43:30,False,,no_dispenser,0
2164208,heavy,320.0,36.0,40-ft,STC,1,MF,14865697,14865688,325,325,55538,61707,Newton Exchange @ Bay 1,Newton Exchange @ Layover,55538,Newton Exchange,63690,64410,in_service_layover,64.2317112916204,72.09292010681418,44.33721771769291,720,12.0,17:41:30,17:53:30,False,,no_dispenser,0
2161622,heavy,320.0,32.0,40-ft,STC,1,MF,14899941,14866211,335,335,55538,55688,Newton Exchange @ Bay 1,Newton Exchange @ Bay 7,55538,Newton Exchange,64290,64950,in_service_layover,58.081274871966485,66.25881283943654,46.12131413653117,660,11.0,17:51:30,18:02:30,False,,no_dispenser,0
2161737,heavy,320.0,37.0,40-ft,STC,1,MF,14867666,14867626,342,342,55538,56019,Newton Exchange @ Bay 1,Newton Exchange @ Bay 4,55538,Newton Exchange,64290,65010,in_service_layover,58.053777398095406,66.89170104056234,49.84588934351348,720,12.0,17:51:30,18:03:30,False,,no_dispenser,0
2161648,heavy,502.0,14.0,40-ft,STC,1,MF,14865421,14865374,324,324,55538,61703,Newton Exchange @ Bay 1,Newton Exchange @ Bay 12,55538,Newton Exchange,64350,65010,in_service_layover,51.21129253022981,59.82314788906549,48.57086422383321,660,11.0,17:52:30,18:03:30,False,,no_dispenser,0
2161843,heavy,321.0,27.0,40-ft,STC,1,MF,14867435,14867387,341,341,55538,55688,Newton Exchange @ Bay 1,Newton Exchange @ Bay 7,55538,Newton Exchange,64530,65190,in_service_layover,23.783421200520852,32.005231641156946,46.37101088518756,660,11.0,17:55:30,18:06:30,False,,no_dispenser,0
2163821,heavy,320.0,14.0,40-ft,STC,1,MF,14865742,14865676,325,325,55538,61703,Newton Exchange @ Bay 1,Newton Exchange @ Bay 12,55538,Newton Exchange,64830,65430,in_service_layover,63.05699107056497,69.93365978777906,38.78441156508751,600,10.0,18:00:30,18:10:30,False,,no_dispenser,0
2161657,heavy,320.0,20.0,40-ft,STC,1,MF,14865449,14905126,324,319,55538,55538,Newton Exchange @ Bay 1,Newton Exchange @ Bay 1,55538,Newton Exchange,65070,65250,in_service_layover,47.06280430603116,49.35448271398825,12.925066220877966,180,3.0,18:04:30,18:07:30,False,,no_dispenser,0
2161547,heavy,503.0,17.0,40-ft,STC,1,MF,14867707,14865386,342,324,55538,61703,Newton Exchange @ Bay 1,Newton Exchange @ Bay 12,55538,Newton Exchange,65190,65910,in_service_layover,55.87639831293766,64.97059413659754,51.2912644454417,720,12.0,18:06:30,18:18:30,False,,no_dispenser,0
2161661,heavy,320.0,30.0,40-ft,STC,1,MF,14899942,14866207,335,335,55538,55688,Newton Exchange @ Bay 1,Newton Exchange @ Bay 7,55538,Newton Exchange,65370,65550,in_service_layover,62.52640659255617,64.76660494033788,12.634718681488778,180,3.0,18:09:30,18:12:30,False,,no_dispenser,0
2165005,heavy,319.0,8.0,40-ft,STC,1,MF,14905208,14905063,319,319,55456,55538,Newton Exchange @ Bay 5,Newton Exchange @ Bay 1,55456,Newton Exchange,65550,65910,in_service_layover,69.05182513028349,72.89364120166948,21.667842642617018,360,6.0,18:12:30,18:18:30,False,,no_dispenser,0
2161846,heavy,320.0,26.0,40-ft,STC,1,MF,14865733,14865677,325,325,55538,61703,Newton Exchange @ Bay 1,Newton Exchange @ Bay 12,55538,Newton Exchange,65610,66330,in_service_layover,56.2493738733714,65.30618630034988,51.08042208815863,720,12.0,18:13:30,18:25:30,False,,no_dispenser,0
2161838,heavy,320.0,40.0,40-ft,STC,1,MF,14865417,14867654,324,342,55538,56019,Newton Exchange @ Bay 1,Newton Exchange @ Bay 4,55538,Newton Exchange,65730,65910,in_service_layover,68.4543000474277,70.47909310446285,11.419832841678272,180,3.0,18:15:30,18:18:30,False,,no_dispenser,0
2161986,heavy,503.0,8.0,40-ft,STC,1,MF,14867665,14865376,342,324,55538,61703,Newton Exchange @ Bay 1,Newton Exchange @ Bay 12,55538,Newton Exchange,65850,66810,in_service_layover,52.49671476612598,64.63510232459888,68.46050582978711,960,16.0,18:17:30,18:33:30,False,,no_dispenser,0
2161519,heavy,319.0,6.0,40-ft,STC,1,MF,14905209,14905064,319,319,55456,55538,Newton Exchange @ Bay 5,Newton Exchange @ Bay 1,55456,Newton Exchange,66210,66570,in_service_layover,63.46464129993922,67.75029265920655,24.171073666267773,360,6.0,18:23:30,18:29:30,False,,no_dispenser,0
2164981,heavy,312.0,51.0,40-ft,STC,1,MF,14904762,14904655,323,323,55538,60677,Newton Exchange @ Bay 1,Newton Exchange @ Bay 11,55538,Newton Exchange,66510,66870,in_service_layover,65.63804463679345,69.7601804338602,23.24884589545644,360,6.0,18:28:30,18:34:30,False,,no_dispenser,0
2161637,heavy,320.0,1.0,40-ft,STC,1,MF,14865728,14865689,325,325,55538,61703,Newton Exchange @ Bay 1,Newton Exchange @ Bay 12,55538,Newton Exchange,66510,67230,in_service_layover,66.78754067753539,74.22385002158852,41.94078470045969,720,12.0,18:28:30,18:40:30,False,,no_dispenser,0
2165010,heavy,319.0,3.0,40-ft,STC,1,MF,14905210,14905065,319,319,55456,55538,Newton Exchange @ Bay 5,Newton Exchange @ Bay 1,55456,Newton Exchange,66810,67230,in_service_layover,60.868425418508345,66.03415853990838,29.13473480469611,420,7.0,18:33:30,18:40:30,False,,no_dispenser,0
2161518,heavy,320.0,33.0,40-ft,STC,1,MF,14865434,14866223,324,335,55538,55688,Newton Exchange @ Bay 1,Newton Exchange @ Bay 7,55538,Newton Exchange,67050,67950,in_service_layover,55.907570702231766,66.97408563796313,62.41514423752483,900,15.0,18:37:30,18:52:30,False,,no_dispenser,0
2161845,heavy,320.0,6.0,40-ft,STC,1,MF,14870681,14867388,393,341,55456,55688,Newton Exchange @ Bay 5,Newton Exchange @ Bay 7,55456,Newton Exchange,67050,68070,in_service_layover,20.45727873314722,33.175595679412325,71.73130757693517,1020,17.0,18:37:30,18:54:30,False,,no_dispenser,0
2161504,heavy,312.0,1.0,40-ft,STC,1,MF,14865699,14867624,325,342,55538,56019,Newton Exchange @ Bay 1,Newton Exchange @ Bay 4,55538,Newton Exchange,67350,67890,in_service_layover,57.39398138537525,64.26726819444639,38.765337603161186,540,9.0,18:42:30,18:51:30,False,,no_dispenser,0
2161502,heavy,319.0,9.0,40-ft,STC,1,MF,14905211,14905066,319,319,55456,55538,Newton Exchange @ Bay 5,Newton Exchange @ Bay 1,55456,Newton Exchange,67410,67890,in_service_layover,60.32043932943376,66.21921575218234,33.269099024301966,480,8.0,18:43:30,18:51:30,False,,no_dispenser,0
2161535,heavy,320.0,47.0,40-ft,STC,1,MF,14899943,14865657,335,325,55538,61703,Newton Exchange @ Bay 1,Newton Exchange @ Bay 12,55538,Newton Exchange,67530,68130,in_service_layover,63.53627070755567,70.35003543212372,38.429633046563765,600,10.0,18:45:30,18:55:30,False,,no_dispenser,0
2161987,heavy,503.0,25.0,40-ft,STC,1,MF,14867663,14867646,342,342,55538,56019,Newton Exchange @ Bay 1,Newton Exchange @ Bay 4,55538,Newton Exchange,67770,68970,in_service_layover,67.09918806647343,78.02289708897929,61.60971888693314,1200,20.0,18:49:30,19:09:30,False,,no_dispenser,0
2165041,heavy,319.0,10.0,40-ft,STC,1,MF,14905212,14905067,319,319,55456,55538,Newton Exchange @ Bay 5,Newton Exchange @ Bay 1,55456,Newton Exchange,68070,68550,in_service_layover,68.89724932925975,73.89607680617395,28.193386969795995,480,8.0,18:54:30,19:02:30,False,,no_dispenser,0
2161552,heavy,502.0,58.0,40-ft,STC,1,MF,14865743,14866233,325,335,55538,55688,Newton Exchange @ Bay 1,Newton Exchange @ Bay 7,55538,Newton Exchange,68070,68670,in_service_layover,68.33531895036955,74.48803478803406,34.70131732442775,600,10.0,18:54:30,19:04:30,False,,no_dispenser,0
2161916,heavy,320.0,42.0,40-ft,STC,1,MF,14865450,14865361,324,324,55538,61703,Newton Exchange @ Bay 1,Newton Exchange @ Bay 12,55538,Newton Exchange,68430,69570,in_service_layover,55.84822639450328,69.31339302413471,75.94353979112134,1140,19.0,19:00:30,19:19:30,False,,no_dispenser,0
2161858,heavy,502.0,20.0,40-ft,STC,1,MF,14866125,14867418,335,341,55538,55688,Newton Exchange @ Bay 1,Newton Exchange @ Bay 7,55538,Newton Exchange,68490,69390,in_service_layover,37.469880591984214,48.91324184778647,64.54055748272475,900,15.0,19:01:30,19:16:30,False,,no_dispenser,0
2164361,heavy,320.0,50.0,40-ft,STC,1,MF,14865747,14865681,325,325,55538,61703,Newton Exchange @ Bay 1,Newton Exchange @ Bay 12,55538,Newton Exchange,68670,69330,in_service_layover,66.40349175518277,73.3757674909085,39.3236351494931,660,11.0,19:04:30,19:15:30,False,,no_dispenser,0
2165007,heavy,319.0,5.0,40-ft,STC,1,MF,14905213,14905068,319,319,55456,55538,Newton Exchange @ Bay 5,Newton Exchange @ Bay 1,55456,Newton Exchange,68730,69210,in_service_layover,59.73681699934769,65.694314605992,33.60028650147399,480,8.0,19:05:30,19:13:30,False,,no_dispenser,0
2161653,heavy,320.0,41.0,40-ft,STC,1,MF,14866124,14866224,335,335,55538,55688,Newton Exchange @ Bay 1,Newton Exchange @ Bay 7,55538,Newton Exchange,68850,69390,in_service_layover,60.1615816639119,66.74963587566155,37.15662575426802,540,9.0,19:07:30,19:16:30,False,,no_dispenser,0
2161548,heavy,320.0,3.0,40-ft,STC,1,MF,14866088,14866256,335,335,55538,55688,Newton Exchange @ Bay 1,Newton Exchange @ Bay 7,55538,Newton Exchange,69270,70110,in_service_layover,46.843972475489295,57.74502948386904,61.481961527261774,840,14.0,19:14:30,19:28:30,False,,no_dispenser,0
2161596,heavy,319.0,1.0,40-ft,STC,1,MF,14905229,14905069,319,319,55456,55538,Newton Exchange @ Bay 5,Newton Exchange @ Bay 1,55456,Newton Exchange,69330,69870,in_service_layover,57.737472319011665,64.5819942608433,38.60310375193046,540,9.0,19:15:30,19:24:30,False,,no_dispenser,0
2161648,heavy,502.0,14.0,40-ft,STC,1,MF,14865708,14865691,325,325,55538,61703,Newton Exchange @ Bay 1,Newton Exchange @ Bay 12,55538,Newton Exchange,69390,70530,in_service_layover,58.368813764987785,71.22663683335165,72.51812210557222,1140,19.0,19:16:30,19:35:30,False,,no_dispenser,0
2161644,heavy,320.0,4.0,40-ft,STC,1,MF,14866130,14867623,335,342,55538,56019,Newton Exchange @ Bay 1,Newton Exchange @ Bay 4,55538,Newton Exchange,69870,70170,in_service_layover,31.7352022356229,35.49202347179556,21.188471772013827,300,5.0,19:24:30,19:29:30,False,,no_dispenser,0
2165039,heavy,319.0,11.0,40-ft,STC,1,MF,14905185,14905070,319,319,55456,55538,Newton Exchange @ Bay 5,Newton Exchange @ Bay 1,55456,Newton Exchange,69930,70530,in_service_layover,65.55584748010563,72.09833546954187,36.89963226042039,600,10.0,19:25:30,19:35:30,False,,no_dispenser,0
2161660,heavy,502.0,9.0,40-ft,STC,1,MF,14865714,14866225,325,335,55538,55688,Newton Exchange @ Bay 1,Newton Exchange @ Bay 7,55538,Newton Exchange,70110,70830,in_service_layover,53.253737863509734,62.54589864232363,52.407786792510365,720,12.0,19:28:30,19:40:30,False,,no_dispenser,0
2165004,heavy,312.0,53.0,40-ft,STC,1,MF,14904772,14904661,323,323,55538,60677,Newton Exchange @ Bay 1,Newton Exchange @ Bay 11,55538,Newton Exchange,70290,70470,in_service_layover,67.67584253700954,69.7314324197366,11.593526938580567,180,3.0,19:31:30,19:34:30,False,,no_dispenser,0
2161857,heavy,502.0,54.0,40-ft,STC,1,MF,14865441,14867630,324,342,55538,56019,Newton Exchange @ Bay 1,Newton Exchange @ Bay 4,55538,Newton Exchange,70350,71370,in_service_layover,63.25737848417248,73.88734056534317,59.95298613780267,1020,17.0,19:32:30,19:49:30,False,,no_dispenser,0
2161657,heavy,320.0,20.0,40-ft,STC,1,MF,14905186,14905278,319,319,55456,55538,Newton Exchange @ Bay 5,Newton Exchange @ Bay 1,55456,Newton Exchange,70590,71190,in_service_layover,43.6949937132814,51.364695947246375,43.257120599562484,600,10.0,19:36:30,19:46:30,False,,no_dispenser,0
2161516,heavy,320.0,48.0,40-ft,STC,1,MF,14865744,14865680,325,325,55538,61703,Newton Exchange @ Bay 1,Newton Exchange @ Bay 12,55538,Newton Exchange,70890,71730,in_service_layover,68.78230850324621,76.81014496211343,45.27699762801103,840,14.0,19:41:30,19:55:30,False,,no_dispenser,0
2161546,heavy,320.0,2.0,40-ft,STC,1,MF,14867661,14865370,342,324,55538,61703,Newton Exchange @ Bay 1,Newton Exchange @ Bay 12,55538,Newton Exchange,71070,71370,in_service_layover,38.27493830658735,42.06020394453011,21.3488981979971,300,5.0,19:44:30,19:49:30,False,,no_dispenser,0
2165005,heavy,319.0,8.0,40-ft,STC,1,MF,14905187,14905071,319,319,55456,55538,Newton Exchange @ Bay 5,Newton Exchange @ Bay 1,55456,Newton Exchange,71190,71850,in_service_layover,66.54791240744646,73.49796962901799,39.1983227296634,660,11.0,19:46:30,19:57:30,False,,no_dispenser,0
2164983,heavy,312.0,57.0,40-ft,STC,1,MF,14904775,14904664,323,323,55538,60677,Newton Exchange @ Bay 1,Newton Exchange @ Bay 11,55538,Newton Exchange,71550,72630,in_service_layover,67.67584253700954,77.65403444929858,56.27700238531014,1080,18.0,19:52:30,20:10:30,False,,no_dispenser,0
2161519,heavy,319.0,6.0,40-ft,STC,1,MF,14905279,14905072,319,319,55456,55538,Newton Exchange @ Bay 5,Newton Exchange @ Bay 1,55456,Newton Exchange,71850,72630,in_service_layover,62.47174701590292,71.18546435441966,49.14536578923446,780,13.0,19:57:30,20:10:30,False,,no_dispenser,0
2161622,heavy,320.0,32.0,40-ft,STC,1,MF,14866072,14866226,335,335,55538,55688,Newton Exchange @ Bay 1,Newton Exchange @ Bay 7,55538,Newton Exchange,71850,72630,in_service_layover,54.20776663427759,64.14140082220807,56.02569681992793,780,13.0,19:57:30,20:10:30,False,,no_dispenser,0
2161535,heavy,320.0,47.0,40-ft,STC,1,MF,14865715,14865671,325,325,55538,61703,Newton Exchange @ Bay 1,Newton Exchange @ Bay 12,55538,Newton Exchange,72090,72930,in_service_layover,69.6267260107464,77.4815439762307,44.30117332533143,840,14.0,20:01:30,20:15:30,False,,no_dispenser,0
2161649,heavy,503.0,2.0,40-ft,STC,1,MF,14867660,14867647,342,342,55538,56019,Newton Exchange @ Bay 1,Newton Exchange @ Bay 4,55538,Newton Exchange,72150,72570,in_service_layover,56.17945836622088,61.664789316654165,30.93726656044373,420,7.0,20:02:30,20:09:30,False,,no_dispenser,0
2165202,heavy,502.0,88.0,40-ft,STC,1,MF,14866056,14866246,335,335,55538,55688,Newton Exchange @ Bay 1,Newton Exchange @ Bay 7,55538,Newton Exchange,73050,73530,in_service_layover,61.796191165480565,67.55301622621089,32.46849334251897,480,8.0,20:17:30,20:25:30,False,,no_dispenser,0
2161502,heavy,319.0,9.0,40-ft,STC,1,MF,14905189,14905073,319,319,55456,55538,Newton Exchange @ Bay 5,Newton Exchange @ Bay 1,55456,Newton Exchange,73110,73530,in_service_layover,61.739631846530706,66.83325485571392,28.72803377179332,420,7.0,20:18:30,20:25:30,False,,no_dispenser,0
2161501,heavy,312.0,3.0,40-ft,STC,1,MF,14867709,14867648,342,342,55538,56019,Newton Exchange @ Bay 1,Newton Exchange @ Bay 4,55538,Newton Exchange,73290,73950,in_service_layover,52.00332263184636,60.6049953965246,48.51343439278526,660,11.0,20:21:30,20:32:30,False,,no_dispenser,0
2161578,heavy,320.0,15.0,40-ft,STC,1,MF,14867439,14867384,341,341,55538,55688,Newton Exchange @ Bay 1,Newton Exchange @ Bay 7,55538,Newton Exchange,73350,74910,in_service_layover,25.314330507335793,45.00731062538581,111.06840786580216,1560,26.0,20:22:30,20:48:30,False,,no_dispenser,0
2161916,heavy,320.0,42.0,40-ft,STC,1,MF,14865420,14866257,324,335,55538,55688,Newton Exchange @ Bay 1,Newton Exchange @ Bay 7,55538,Newton Exchange,73890,74430,in_service_layover,60.49380025770095,67.04558973477869,36.95209265071844,540,9.0,20:31:30,20:40:30,False,,no_dispenser,0
2161596,heavy,319.0,1.0,40-ft,STC,1,MF,14905191,14905075,319,319,55456,55538,Newton Exchange @ Bay 5,Newton Exchange @ Bay 1,55456,Newton Exchange,74850,75330,in_service_layover,58.86439620428456,64.90792972516874,34.0855290577868,480,8.0,20:47:30,20:55:30,False,,no_dispenser,0
2165004,heavy,312.0,53.0,40-ft,STC,1,MF,14904782,14904668,323,323,55538,60677,Newton Exchange @ Bay 1,Newton Exchange @ Bay 11,55538,Newton Exchange,75330,75510,in_service_layover,66.83862566710675,68.92567148020672,11.770938385883767,180,3.0,20:55:30,20:58:30,False,,no_dispenser,0
2161552,heavy,502.0,58.0,40-ft,STC,1,MF,14866144,14866227,335,335,55538,55688,Newton Exchange @ Bay 1,Newton Exchange @ Bay 7,55538,Newton Exchange,75750,76230,in_service_layover,68.19700042647383,73.27609396265242,28.646087544047248,480,8.0,21:02:30,21:10:30,False,,no_dispenser,0
2165039,heavy,319.0,11.0,40-ft,STC,1,MF,14905192,14905076,319,319,55456,55538,Newton Exchange @ Bay 5,Newton Exchange @ Bay 1,55456,Newton Exchange,75750,76230,in_service_layover,68.64075409854227,73.66912254757314,28.35999805253408,480,8.0,21:02:30,21:10:30,False,,no_dispenser,0
2165010,heavy,319.0,3.0,40-ft,STC,1,MF,14865423,14867621,324,342,55538,56019,Newton Exchange @ Bay 1,Newton Exchange @ Bay 4,55538,Newton Exchange,76170,77370,in_service_layover,58.02078069360604,71.48573150815798,75.94232259407295,1200,20.0,21:09:30,21:29:30,False,,no_dispenser,0
2161653,heavy,320.0,41.0,40-ft,STC,1,MF,14866145,14866248,335,335,55538,55688,Newton Exchange @ Bay 1,Newton Exchange @ Bay 7,55538,Newton Exchange,76350,77130,in_service_layover,60.87050772989511,69.85894798644203,50.694803046924676,780,13.0,21:12:30,21:25:30,False,,no_dispenser,0
2165005,heavy,319.0,8.0,40-ft,STC,1,MF,14905193,14905077,319,319,55456,55538,Newton Exchange @ Bay 5,Newton Exchange @ Bay 1,55456,Newton Exchange,76650,77130,in_service_layover,65.88922038872774,71.22429715132232,30.089832941033364,480,8.0,21:17:30,21:25:30,False,,no_dispenser,0
2161548,heavy,320.0,3.0,40-ft,STC,1,MF,14866152,14866258,335,335,55538,55688,Newton Exchange @ Bay 1,Newton Exchange @ Bay 7,55538,Newton Exchange,76950,78030,in_service_layover,51.16154714220601,64.76901083498291,76.74609522726172,1080,18.0,21:22:30,21:40:30,False,,no_dispenser,0
2161519,heavy,319.0,6.0,40-ft,STC,1,MF,14905194,14905078,319,319,55456,55538,Newton Exchange @ Bay 5,Newton Exchange @ Bay 1,55456,Newton Exchange,77550,78030,in_service_layover,64.98085825444502,70.41309541059711,30.637817560697727,480,8.0,21:32:30,21:40:30,False,,no_dispenser,0
2161574,heavy,320.0,52.0,40-ft,STC,1,MF,14867657,14867386,342,341,55538,55688,Newton Exchange @ Bay 1,Newton Exchange @ Bay 7,55538,Newton Exchange,77610,78630,in_service_layover,58.17557523390347,70.00507147054779,66.71835877467396,1020,17.0,21:33:30,21:50:30,False,,no_dispenser,0
2161502,heavy,319.0,9.0,40-ft,STC,1,MF,14905195,14905079,319,319,55456,55538,Newton Exchange @ Bay 5,Newton Exchange @ Bay 1,55456,Newton Exchange,78330,78930,in_service_layover,60.955992927178535,68.10173602309611,40.30199106097507,600,10.0,21:45:30,21:55:30,False,,no_dispenser,0
2165041,heavy,319.0,10.0,40-ft,STC,1,MF,14905196,14905080,319,319,55456,55538,Newton Exchange @ Bay 5,Newton Exchange @ Bay 1,55456,Newton Exchange,79230,79830,in_service_layover,65.52067979767463,72.06797759423094,36.926759572577566,600,10.0,22:00:30,22:10:30,False,,no_dispenser,0
2161649,heavy,503.0,2.0,40-ft,STC,1,MF,14867656,14867652,342,342,55538,56019,Newton Exchange @ Bay 1,Newton Exchange @ Bay 4,55538,Newton Exchange,79590,80970,in_service_layover,62.003358912614246,75.59275149838369,76.64417418373966,1380,23.0,22:06:30,22:29:30,False,,no_dispenser,0
2161625,heavy,320.0,12.0,40-ft,STC,1,MF,14866146,14866191,335,335,55538,55688,Newton Exchange @ Bay 1,Newton Exchange @ Bay 7,55538,Newton Exchange,79890,80730,in_service_layover,49.51733645038174,60.41060470743618,61.438032969787,840,14.0,22:11:30,22:25:30,False,,no_dispenser,0
2165004,heavy,312.0,53.0,40-ft,STC,1,MF,14904789,14904674,323,323,55538,60677,Newton Exchange @ Bay 1,Newton Exchange @ Bay 11,55538,Newton Exchange,80070,80910,in_service_layover,66.12987131495964,74.68976441212621,48.27779706801937,840,14.0,22:14:30,22:28:30,False,,no_dispenser,0
2161596,heavy,319.0,1.0,40-ft,STC,1,MF,14905197,14905081,319,319,55456,55538,Newton Exchange @ Bay 5,Newton Exchange @ Bay 1,55456,Newton Exchange,80130,80730,in_service_layover,59.8679590313267,67.15129913514711,41.078038185547086,600,10.0,22:15:30,22:25:30,False,,no_dispenser,0
2161633,heavy,320.0,44.0,40-ft,STC,1,MF,14865431,14866259,324,335,55538,55688,Newton Exchange @ Bay 1,Newton Exchange @ Bay 7,55538,Newton Exchange,80910,81630,in_service_layover,64.01357130531568,71.9103002372235,44.53755117596012,720,12.0,22:28:30,22:40:30,False,,no_dispenser,0
2165039,heavy,319.0,11.0,40-ft,STC,1,MF,14905198,14905082,319,319,55456,55538,Newton Exchange @ Bay 5,Newton Exchange @ Bay 1,55456,Newton Exchange,81030,81630,in_service_layover,68.39234801852601,74.53686742008512,34.6550894247934,600,10.0,22:30:30,22:40:30,False,,no_dispenser,0
2165005,heavy,319.0,8.0,40-ft,STC,1,MF,14905199,14905083,319,319,55456,55538,Newton Exchange @ Bay 5,Newton Exchange @ Bay 1,55456,Newton Exchange,81870,82530,in_service_layover,66.2242019260479,73.22399061549706,39.47880820849326,660,11.0,22:44:30,22:55:30,False,,no_dispenser,0
2161574,heavy,320.0,52.0,40-ft,STC,1,MF,14867466,14867422,341,341,55538,55688,Newton Exchange @ Bay 1,Newton Exchange @ Bay 7,55538,Newton Exchange,82350,82590,in_service_layover,61.662124042931,64.66155080213049,16.916766921885085,240,4.0,22:52:30,22:56:30,False,,no_dispenser,0
2164361,heavy,320.0,50.0,40-ft,STC,1,MF,14865718,14865410,325,324,55538,61703,Newton Exchange @ Bay 1,Newton Exchange @ Bay 12,55538,Newton Exchange,82410,82650,in_service_layover,67.32313094162194,70.04934754256654,15.37586162932746,240,4.0,22:53:30,22:57:30,False,,no_dispenser,0
2161519,heavy,319.0,6.0,40-ft,STC,1,MF,14905200,14905084,319,319,55456,55538,Newton Exchange @ Bay 5,Newton Exchange @ Bay 1,55456,Newton Exchange,82770,83430,in_service_layover,65.50155121220006,72.61142924377336,40.09971209807338,660,11.0,22:59:30,23:10:30,False,,no_dispenser,0
2161502,heavy,319.0,9.0,40-ft,STC,1,MF,14905201,14905085,319,319,55456,55538,Newton Exchange @ Bay 5,Newton Exchange @ Bay 1,55456,Newton Exchange,83670,84330,in_service_layover,63.43361425806915,70.8514204374908,41.83642685193814,660,11.0,23:14:30,23:25:30,False,,no_dispenser,0
2161653,heavy,320.0,41.0,40-ft,STC,1,MF,14866142,14866193,335,335,55538,55688,Newton Exchange @ Bay 1,Newton Exchange @ Bay 7,55538,Newton Exchange,83850,84870,in_service_layover,66.03990930597291,76.00761731237601,56.21787315611357,1020,17.0,23:17:30,23:34:30,False,,no_dispenser,0
2165041,heavy,319.0,10.0,40-ft,STC,1,MF,14905202,14866260,319,335,55456,55688,Newton Exchange @ Bay 5,Newton Exchange @ Bay 7,55456,Newton Exchange,84570,86070,in_service_layover,69.12671580001594,81.29043705301994,68.60338786694251,1500,25.0,23:29:30,23:54:30,False,,no_dispenser,0
2165004,heavy,312.0,53.0,40-ft,STC,1,MF,14904795,14904679,323,323,55538,60677,Newton Exchange @ Bay 1,Newton Exchange @ Bay 11,55538,Newton Exchange,85110,86010,in_service_layover,65.79918595233963,74.90884128099493,51.37845605361588,900,15.0,23:38:30,23:53:30,False,,no_dispenser,0
2161596,heavy,319.0,1.0,40-ft,STC,1,MF,14905203,14905034,319,319,55456,55538,Newton Exchange @ Bay 5,Newton Exchange @ Bay 1,55456,Newton Exchange,85410,86130,in_service_layover,65.02268921735748,72.75411928331465,43.60526557199836,720,12.0,23:43:30,23:55:30,False,,no_dispenser,0
2165039,heavy,319.0,11.0,40-ft,STC,1,MF,14905204,14905035,319,319,55456,55538,Newton Exchange @ Bay 5,Newton Exchange @ Bay 1,55456,Newton Exchange,86310,87030,in_service_layover,64.2938209141568,72.14489541179456,44.280060166677,720,12.0,23:58:30,24:10:30,False,,no_dispenser,0
2161625,heavy,320.0,12.0,40-ft,STC,1,MF,14866134,14866194,335,335,55538,55688,Newton Exchange @ Bay 1,Newton Exchange @ Bay 7,55538,Newton Exchange,86850,87270,in_service_layover,55.259328767355086,60.76830186311507,31.070608260086317,420,7.0,24:07:30,24:14:30,False,,no_dispenser,0
2161502,heavy,319.0,9.0,40-ft,STC,1,MF,14905207,14905038,319,319,55456,55538,Newton Exchange @ Bay 5,Newton Exchange @ Bay 1,55456,Newton Exchange,88890,89610,in_service_layover,69.12267257206366,76.15671127961792,39.671978310605994,720,12.0,24:41:30,24:53:30,False,,no_dispenser,0
2162311,heavy,405.0,2.0,40-ft,RTC,1,MF,14872631,14872695,407,407,56958,56958,Northbound Knight St Bridge Offramp @ SE Marine Dr,Northbound Knight St Bridge Offramp @ SE Marine Dr,56958,Northbound Knight St Bridge Offramp,25290,25650,in_service_layover,65.51218809397382,69.64411031805933,23.304041343842243,360,6.0,07:01:30,07:07:30,False,,no_dispenser,0
2162289,heavy,405.0,5.0,40-ft,RTC,1,MF,14871972,14872011,405,405,56958,56958,Northbound Knight St Bridge Offramp @ SE Marine Dr,Northbound Knight St Bridge Offramp @ SE Marine Dr,56958,Northbound Knight St Bridge Offramp,29250,29610,in_service_layover,64.59572641969096,68.7977324534227,23.699314030246967,360,6.0,08:07:30,08:13:30,False,,no_dispenser,0
2162290,heavy,405.0,7.0,40-ft,RTC,1,MF,14871973,14872012,405,405,56958,56958,Northbound Knight St Bridge Offramp @ SE Marine Dr,Northbound Knight St Bridge Offramp @ SE Marine Dr,56958,Northbound Knight St Bridge Offramp,31470,31650,in_service_layover,64.59572641969096,66.76254463175867,12.220854716061808,180,3.0,08:44:30,08:47:30,False,,no_dispenser,0
2162222,heavy,405.0,1.0,40-ft,RTC,1,MF,14872636,14872700,407,407,56958,56958,Northbound Knight St Bridge Offramp @ SE Marine Dr,Northbound Knight St Bridge Offramp @ SE Marine Dr,56958,Northbound Knight St Bridge Offramp,31890,32430,in_service_layover,47.30051574855552,54.25867740623593,39.24403174931757,540,9.0,08:51:30,09:00:30,False,,no_dispenser,0
2162311,heavy,405.0,2.0,40-ft,RTC,1,MF,14872637,14872701,407,407,56958,56958,Northbound Knight St Bridge Offramp @ SE Marine Dr,Northbound Knight St Bridge Offramp @ SE Marine Dr,56958,Northbound Knight St Bridge Offramp,33390,34290,in_service_layover,52.07959538763467,63.569942944883365,64.8055602228826,900,15.0,09:16:30,09:31:30,False,,no_dispenser,0
2162282,heavy,405.0,4.0,40-ft,RTC,1,MF,14871974,14872013,405,405,56958,56958,Northbound Knight St Bridge Offramp @ SE Marine Dr,Northbound Knight St Bridge Offramp @ SE Marine Dr,56958,Northbound Knight St Bridge Offramp,33510,33750,in_service_layover,58.55133668641752,61.69181820199603,17.712315747862817,240,4.0,09:18:30,09:22:30,False,,no_dispenser,0
2162287,heavy,405.0,9.0,40-ft,RTC,1,MF,14871975,14872014,405,405,56958,56958,Northbound Knight St Bridge Offramp @ SE Marine Dr,Northbound Knight St Bridge Offramp @ SE Marine Dr,56958,Northbound Knight St Bridge Offramp,35070,35310,in_service_layover,65.32382482855894,68.1501025652896,15.94020643516086,240,4.0,09:44:30,09:48:30,False,,no_dispenser,0
2162284,heavy,405.0,6.0,40-ft,RTC,1,MF,14872639,14872702,407,407,56958,56958,Northbound Knight St Bridge Offramp @ SE Marine Dr,Northbound Knight St Bridge Offramp @ SE Marine Dr,56958,Northbound Knight St Bridge Offramp,35670,36090,in_service_layover,56.20936567209376,61.69369369266116,30.931610036000166,420,7.0,09:54:30,10:01:30,False,,no_dispenser,0
2162289,heavy,405.0,5.0,40-ft,RTC,1,MF,14871976,14872015,405,405,56958,56958,Northbound Knight St Bridge Offramp @ SE Marine Dr,Northbound Knight St Bridge Offramp @ SE Marine Dr,56958,Northbound Knight St Bridge Offramp,36750,36990,in_service_layover,52.47634334700408,55.59698035935363,17.600392749651462,240,4.0,10:12:30,10:16:30,False,,no_dispenser,0
2162310,heavy,405.0,8.0,40-ft,RTC,1,MF,14872640,14872703,407,407,56958,56958,Northbound Knight St Bridge Offramp @ SE Marine Dr,Northbound Knight St Bridge Offramp @ SE Marine Dr,56958,Northbound Knight St Bridge Offramp,37470,37950,in_service_layover,53.58235159165589,59.878311276473816,35.50921262237307,480,8.0,10:24:30,10:32:30,False,,no_dispenser,0
2162290,heavy,405.0,7.0,40-ft,RTC,1,MF,14871977,14872016,405,405,56958,56958,Northbound Knight St Bridge Offramp @ SE Marine Dr,Northbound Knight St Bridge Offramp @ SE Marine Dr,56958,Northbound Knight St Bridge Offramp,38970,39270,in_service_layover,50.44115552534005,54.317309667959144,21.86150936437167,300,5.0,10:49:30,10:54:30,False,,no_dispenser,0
2162282,heavy,405.0,4.0,40-ft,RTC,1,MF,14871978,14872017,405,405,56958,56958,Northbound Knight St Bridge Offramp @ SE Marine Dr,Northbound Knight St Bridge Offramp @ SE Marine Dr,56958,Northbound Knight St Bridge Offramp,40590,41070,in_service_layover,45.370429095577414,51.509387847605836,34.62372736144033,480,8.0,11:16:30,11:24:30,False,,no_dispenser,0
2162222,heavy,405.0,1.0,40-ft,RTC,1,MF,14872642,14872705,407,407,56958,56958,Northbound Knight St Bridge Offramp @ SE Marine Dr,Northbound Knight St Bridge Offramp @ SE Marine Dr,56958,Northbound Knight St Bridge Offramp,40890,41550,in_service_layover,37.160527107797506,45.51062875293463,47.094573278573364,660,11.0,11:21:30,11:32:30,False,,no_dispenser,0
2162287,heavy,405.0,9.0,40-ft,RTC,1,MF,14871979,14872018,405,405,56958,56958,Northbound Knight St Bridge Offramp @ SE Marine Dr,Northbound Knight St Bridge Offramp @ SE Marine Dr,56958,Northbound Knight St Bridge Offramp,42150,42750,in_service_layover,52.527447539525774,60.364843902262486,44.20291548583509,600,10.0,11:42:30,11:52:30,False,,no_dispenser,0
2162289,heavy,405.0,5.0,40-ft,RTC,1,MF,14871980,14872019,405,405,56958,56958,Northbound Knight St Bridge Offramp @ SE Marine Dr,Northbound Knight St Bridge Offramp @ SE Marine Dr,56958,Northbound Knight St Bridge Offramp,43590,44250,in_service_layover,39.974325333589825,48.35909445837312,47.29009786377776,660,11.0,12:06:30,12:17:30,False,,no_dispenser,0
2162284,heavy,405.0,6.0,40-ft,RTC,1,MF,14872644,14872707,407,407,56958,56958,Northbound Knight St Bridge Offramp @ SE Marine Dr,Northbound Knight St Bridge Offramp @ SE Marine Dr,56958,Northbound Knight St Bridge Offramp,44550,45150,in_service_layover,45.22756284789607,52.927522860595765,43.427774471626265,600,10.0,12:22:30,12:32:30,False,,no_dispenser,0
2162290,heavy,405.0,7.0,40-ft,RTC,1,MF,14871981,14872020,405,405,56958,56958,Northbound Knight St Bridge Offramp @ SE Marine Dr,Northbound Knight St Bridge Offramp @ SE Marine Dr,56958,Northbound Knight St Bridge Offramp,45870,46650,in_service_layover,38.694654642195324,48.60740567831044,55.907915843689295,780,13.0,12:44:30,12:57:30,False,,no_dispenser,0
2162282,heavy,405.0,4.0,40-ft,RTC,1,MF,14871982,14872021,405,405,56958,56958,Northbound Knight St Bridge Offramp @ SE Marine Dr,Northbound Knight St Bridge Offramp @ SE Marine Dr,56958,Northbound Knight St Bridge Offramp,47850,48690,in_service_layover,35.886732821842024,46.52454954353944,59.997286310373426,840,14.0,13:17:30,13:31:30,False,,no_dispenser,0
2162311,heavy,405.0,2.0,40-ft,RTC,1,MF,14872646,14872709,407,407,56958,56958,Northbound Knight St Bridge Offramp @ SE Marine Dr,Northbound Knight St Bridge Offramp @ SE Marine Dr,56958,Northbound Knight St Bridge Offramp,48090,48630,in_service_layover,38.31558548278428,45.14746696625455,38.53181156677229,540,9.0,13:21:30,13:30:30,False,,no_dispenser,0
2162287,heavy,405.0,9.0,40-ft,RTC,1,MF,14871983,14872022,405,405,56958,56958,Northbound Knight St Bridge Offramp @ SE Marine Dr,Northbound Knight St Bridge Offramp @ SE Marine Dr,56958,Northbound Knight St Bridge Offramp,49590,50490,in_service_layover,44.74218887649867,56.38715756081836,65.67762337956304,900,15.0,13:46:30,14:01:30,False,,no_dispenser,0
2162289,heavy,405.0,5.0,40-ft,RTC,1,MF,14871984,14872023,405,405,56958,56958,Northbound Knight St Bridge Offramp @ SE Marine Dr,Northbound Knight St Bridge Offramp @ SE Marine Dr,56958,Northbound Knight St Bridge Offramp,51090,51750,in_service_layover,32.7364394326093,41.044182858453254,46.85567292175986,660,11.0,14:11:30,14:22:30,False,,no_dispenser,0
2162310,heavy,405.0,8.0,40-ft,RTC,1,MF,14872648,14872711,407,407,56958,56958,Northbound Knight St Bridge Offramp @ SE Marine Dr,Northbound Knight St Bridge Offramp @ SE Marine Dr,56958,Northbound Knight St Bridge Offramp,51150,52110,in_service_layover,34.623953814374744,46.78454451138362,68.58573153113008,960,16.0,14:12:30,14:28:30,False,,no_dispenser,0
2162290,heavy,405.0,7.0,40-ft,RTC,1,MF,14871985,14872675,405,407,56958,56958,Northbound Knight St Bridge Offramp @ SE Marine Dr,Northbound Knight St Bridge Offramp @ SE Marine Dr,56958,Northbound Knight St Bridge Offramp,53730,53910,in_service_layover,32.98475065254664,35.23909013569012,12.714474684929257,180,3.0,14:55:30,14:58:30,False,,no_dispenser,0
2162286,heavy,405.0,3.0,40-ft,RTC,1,MF,14872924,14872025,408,405,56599,56958,Eastbound Horseshoe Way @ No. 5 Rd,Northbound Knight St Bridge Offramp @ SE Marine Dr,56958,Northbound Knight St Bridge Offramp,54510,54810,interline_end,40.181406592038286,43.974964361236005,21.39566581827512,300,5.0,15:08:30,15:13:30,False,,no_dispenser,0
2162282,heavy,405.0,4.0,40-ft,RTC,1,MF,14871986,14872678,405,407,56958,56958,Northbound Knight St Bridge Offramp @ SE Marine Dr,Northbound Knight St Bridge Offramp @ SE Marine Dr,56958,Northbound Knight St Bridge Offramp,56070,57210,in_service_layover,30.90189451777563,45.30633876848956,81.24106557402658,1140,19.0,15:34:30,15:53:30,False,,no_dispenser,0
2162311,heavy,405.0,2.0,40-ft,RTC,1,MF,14872652,14872679,407,407,56958,56958,Northbound Knight St Bridge Offramp @ SE Marine Dr,Northbound Knight St Bridge Offramp @ SE Marine Dr,56958,Northbound Knight St Bridge Offramp,57330,58110,in_service_layover,27.40568634881394,37.176706539734695,55.10855387679305,780,13.0,15:55:30,16:08:30,False,,no_dispenser,0
2162287,heavy,405.0,9.0,40-ft,RTC,1,MF,14871987,14872027,405,405,56958,56958,Northbound Knight St Bridge Offramp @ SE Marine Dr,Northbound Knight St Bridge Offramp @ SE Marine Dr,56958,Northbound Knight St Bridge Offramp,57870,58590,in_service_layover,40.764502535054554,49.93854655477368,51.74160827121585,720,12.0,16:04:30,16:16:30,False,,no_dispenser,0
2162284,heavy,405.0,6.0,40-ft,RTC,1,MF,14872653,14872028,407,405,56958,56958,Northbound Knight St Bridge Offramp @ SE Marine Dr,Northbound Knight St Bridge Offramp @ SE Marine Dr,56958,Northbound Knight St Bridge Offramp,58650,59970,in_service_layover,27.673165398496685,44.3233435690803,93.9070048820916,1320,22.0,16:17:30,16:39:30,False,,no_dispenser,0
2162289,heavy,405.0,5.0,40-ft,RTC,1,MF,14871988,14872681,405,407,56958,56958,Northbound Knight St Bridge Offramp @ SE Marine Dr,Northbound Knight St Bridge Offramp @ SE Marine Dr,56958,Northbound Knight St Bridge Offramp,59550,59910,in_service_layover,24.712641191161254,29.187031152015695,25.23555937921907,360,6.0,16:32:30,16:38:30,False,,no_dispenser,0
2162310,heavy,405.0,8.0,40-ft,RTC,1,MF,14872655,14872682,407,407,56958,56958,Northbound Knight St Bridge Offramp @ SE Marine Dr,Northbound Knight St Bridge Offramp @ SE Marine Dr,56958,Northbound Knight St Bridge Offramp,61410,61950,in_service_layover,29.852049034632312,36.617669064838054,38.15809697036039,540,9.0,17:03:30,17:12:30,False,,no_dispenser,0
2162286,heavy,405.0,3.0,40-ft,RTC,1,MF,14871990,14872030,405,405,56958,56958,Northbound Knight St Bridge Offramp @ SE Marine Dr,Northbound Knight St Bridge Offramp @ SE Marine Dr,56958,Northbound Knight St Bridge Offramp,63330,63690,in_service_layover,26.929090760446638,31.415205568996452,25.301687520220952,360,6.0,17:35:30,17:41:30,False,,no_dispenser,0
2162285,heavy,405.0,21.0,40-ft,RTC,1,MF,14872658,14872031,407,405,56958,56958,Northbound Knight St Bridge Offramp @ SE Marine Dr,Northbound Knight St Bridge Offramp @ SE Marine Dr,56958,Northbound Knight St Bridge Offramp,65010,66270,in_service_layover,61.93018136879335,74.71740202976504,72.11992452788036,1260,21.0,18:03:30,18:24:30,False,,no_dispenser,0
2162282,heavy,405.0,4.0,40-ft,RTC,1,MF,14872659,14872685,407,407,56958,56958,Northbound Knight St Bridge Offramp @ SE Marine Dr,Northbound Knight St Bridge Offramp @ SE Marine Dr,56958,Northbound Knight St Bridge Offramp,65910,66330,in_service_layover,27.74182383806491,32.98408994066793,29.56638081868101,420,7.0,18:18:30,18:25:30,False,,no_dispenser,0
2162284,heavy,405.0,6.0,40-ft,RTC,1,MF,14871993,14872032,405,405,56958,56958,Northbound Knight St Bridge Offramp @ SE Marine Dr,Northbound Knight St Bridge Offramp @ SE Marine Dr,56958,Northbound Knight St Bridge Offramp,67890,68190,in_service_layover,28.00268193403471,31.74326867604411,21.09690922493303,300,5.0,18:51:30,18:56:30,False,,no_dispenser,0
2162283,heavy,405.0,22.0,40-ft,RTC,1,MF,14871994,14872033,405,405,56958,56958,Northbound Knight St Bridge Offramp @ SE Marine Dr,Northbound Knight St Bridge Offramp @ SE Marine Dr,56958,Northbound Knight St Bridge Offramp,69750,70050,in_service_layover,54.96079406450806,58.910108687722506,22.274134474929554,300,5.0,19:22:30,19:27:30,False,,no_dispenser,0
2162227,heavy,401.0,9.0,40-ft,RTC,1,MF,14872618,14872000,407,405,56958,56958,Northbound Knight St Bridge Offramp @ SE Marine Dr,Northbound Knight St Bridge Offramp @ SE Marine Dr,56958,Northbound Knight St Bridge Offramp,71610,72030,in_service_layover,21.43112788490757,26.634691152200208,29.348096827530455,420,7.0,19:53:30,20:00:30,False,,no_dispenser,0
2162285,heavy,405.0,21.0,40-ft,RTC,1,MF,14871996,14872690,405,407,56958,56958,Northbound Knight St Bridge Offramp @ SE Marine Dr,Northbound Knight St Bridge Offramp @ SE Marine Dr,56958,Northbound Knight St Bridge Offramp,72990,73530,in_service_layover,59.11107232821681,65.82110274400806,37.84457154506265,540,9.0,20:16:30,20:25:30,False,,no_dispenser,0
2162283,heavy,405.0,22.0,40-ft,RTC,1,MF,14871998,14872692,405,407,56958,56958,Northbound Knight St Bridge Offramp @ SE Marine Dr,Northbound Knight St Bridge Offramp @ SE Marine Dr,56958,Northbound Knight St Bridge Offramp,76650,77190,in_service_layover,43.30377898617429,50.188705162444094,38.8309836341617,540,9.0,21:17:30,21:26:30,False,,no_dispenser,0
2161094,heavy,210.0,6.0,40-ft,BTC,1,MF,14857724,14857792,232,232,60256,60688,Phibbs Exchange @ Bay 4,Phibbs Exchange @ Bay 11,60256,Phibbs Exchange,29250,29790,in_service_layover,64.67114786888452,70.74374306391603,34.24943689997775,540,9.0,08:07:30,08:16:30,False,,no_dispenser,0
2161078,heavy,210.0,14.0,40-ft,BTC,1,MF,14855702,14856122,210,212,60256,60689,Phibbs Exchange @ Bay 4,Phibbs Exchange @ Bay 12,60256,Phibbs Exchange,29370,29850,in_service_layover,67.89448674747894,73.00788257302253,28.83955245606586,480,8.0,08:09:30,08:17:30,False,,no_dispenser,0
2160069,heavy,130.0,1.0,40-ft,BTC,1,MF,14846953,14856763,130,222,60253,60687,Phibbs Exchange @ Bay 1,Phibbs Exchange @ Bay 10,60253,Phibbs Exchange,30630,31050,in_service_layover,68.87226720801849,73.31062591981109,25.032343134510256,420,7.0,08:30:30,08:37:30,False,,no_dispenser,0
2161084,heavy,210.0,20.0,40-ft,BTC,1,MF,14856147,14855875,212,211,60253,60689,Phibbs Exchange @ Bay 1,Phibbs Exchange @ Bay 12,60253,Phibbs Exchange,31170,31770,in_service_layover,68.8646493532897,74.94097980345744,34.27050373894605,600,10.0,08:39:30,08:49:30,False,,no_dispenser,0
2161116,heavy,210.0,79.0,40-ft,BTC,1,MF,14855931,14857783,211,232,60689,60688,Phibbs Exchange @ Bay 12,Phibbs Exchange @ Bay 11,60689,Phibbs Exchange,31650,31830,in_service_layover,63.98966768970402,66.1779773460975,12.342066462059222,180,3.0,08:47:30,08:50:30,False,,no_dispenser,0
2160027,heavy,27.0,4.0,40-ft,BTC,1,MF,14903936,14904014,028,028,60253,60686,Phibbs Exchange @ Bay 1,Phibbs Exchange @ Bay 9,60253,Phibbs Exchange,32670,32970,in_service_layover,69.67118101037298,72.87205391707144,18.05292319377935,300,5.0,09:04:30,09:09:30,False,,no_dispenser,0
2161078,heavy,210.0,14.0,40-ft,BTC,1,MF,14855942,14857763,211,232,60689,60688,Phibbs Exchange @ Bay 12,Phibbs Exchange @ Bay 11,60689,Phibbs Exchange,32910,33330,in_service_layover,65.60159089527514,70.35597436235888,26.81472275435226,420,7.0,09:08:30,09:15:30,False,,no_dispenser,0
2164881,heavy,27.0,1.0,40-ft,BTC,1,MF,14903937,14904015,028,028,60253,60686,Phibbs Exchange @ Bay 1,Phibbs Exchange @ Bay 9,60253,Phibbs Exchange,33390,33750,in_service_layover,60.581618613328345,65.0722839599008,25.327352554668664,360,6.0,09:16:30,09:22:30,False,,no_dispenser,0
2160699,heavy,130.0,2.0,40-ft,BTC,1,MF,14856737,14847092,222,130,60253,60687,Phibbs Exchange @ Bay 1,Phibbs Exchange @ Bay 10,60253,Phibbs Exchange,33750,34470,in_service_layover,60.93985717439752,69.32462559684531,47.29009390260552,720,12.0,09:22:30,09:34:30,False,,no_dispenser,0
2160025,heavy,27.0,3.0,40-ft,BTC,1,MF,14903938,14904016,028,028,60253,60686,Phibbs Exchange @ Bay 1,Phibbs Exchange @ Bay 9,60253,Phibbs Exchange,34350,34650,in_service_layover,63.37296950953232,66.98567816736139,20.375676830155896,300,5.0,09:32:30,09:37:30,False,,no_dispenser,0
2160712,heavy,210.0,25.0,40-ft,BTC,1,MF,14856712,14855897,222,211,60253,60689,Phibbs Exchange @ Bay 1,Phibbs Exchange @ Bay 12,60253,Phibbs Exchange,34470,34650,in_service_layover,66.10591562960875,68.2191810328141,11.918816874078232,180,3.0,09:34:30,09:37:30,False,,no_dispenser,0
2161084,heavy,210.0,20.0,40-ft,BTC,1,MF,14856164,14857782,212,232,60253,60688,Phibbs Exchange @ Bay 1,Phibbs Exchange @ Bay 11,60253,Phibbs Exchange,34710,35130,in_service_layover,68.20163660084835,72.70694096017817,25.409916586620227,420,7.0,09:38:30,09:45:30,False,,no_dispenser,0
2164882,heavy,27.0,2.0,40-ft,BTC,1,MF,14903939,14904017,028,028,60253,60686,Phibbs Exchange @ Bay 1,Phibbs Exchange @ Bay 9,60253,Phibbs Exchange,35070,35550,in_service_layover,60.581618613328345,66.45565610170168,33.1295714344256,480,8.0,09:44:30,09:52:30,False,,no_dispenser,0
2160690,heavy,130.0,10.0,40-ft,BTC,1,MF,14856348,14847096,214,130,60253,60687,Phibbs Exchange @ Bay 1,Phibbs Exchange @ Bay 10,60253,Phibbs Exchange,35430,35850,in_service_layover,68.97604581693511,73.40394589591646,24.973356445454897,420,7.0,09:50:30,09:57:30,False,,no_dispenser,0
2160701,heavy,210.0,16.0,40-ft,BTC,1,MF,14846989,14855896,130,211,60253,60689,Phibbs Exchange @ Bay 1,Phibbs Exchange @ Bay 12,60253,Phibbs Exchange,35790,36210,in_service_layover,65.33711455519645,70.11590128848965,26.95235717577367,420,7.0,09:56:30,10:03:30,False,,no_dispenser,0
2164883,heavy,27.0,5.0,40-ft,BTC,1,MF,14903940,14904018,028,028,60253,60686,Phibbs Exchange @ Bay 1,Phibbs Exchange @ Bay 9,60253,Phibbs Exchange,36030,36450,in_service_layover,61.71494691735464,66.81062018079963,28.73959720582974,420,7.0,10:00:30,10:07:30,False,,no_dispenser,0
2160064,heavy,130.0,7.0,40-ft,BTC,1,MF,14847039,14847177,130,130,60253,60687,Phibbs Exchange @ Bay 1,Phibbs Exchange @ Bay 10,60253,Phibbs Exchange,36090,37110,in_service_layover,63.71670052378514,74.23865563614623,59.34382683371655,1020,17.0,10:01:30,10:18:30,False,,no_dispenser,0
2161139,heavy,210.0,22.0,40-ft,BTC,1,MF,14856163,14856106,212,212,60253,60689,Phibbs Exchange @ Bay 1,Phibbs Exchange @ Bay 12,60253,Phibbs Exchange,36570,37530,in_service_layover,59.99247560901569,70.84046336773181,61.18265095915899,960,16.0,10:09:30,10:25:30,False,,no_dispenser,0
2160695,heavy,210.0,27.0,40-ft,BTC,1,MF,14847022,14857295,130,229,60253,59526,Phibbs Exchange @ Bay 1,Lynn Valley @ Bay 1,60253,Phibbs Exchange,36630,36930,interline_start,69.90578339658846,73.08944673892105,17.955861250755902,300,5.0,10:10:30,10:15:30,False,,no_dispenser,0
2160034,heavy,27.0,6.0,40-ft,BTC,1,MF,14903941,14904019,028,028,60253,60686,Phibbs Exchange @ Bay 1,Phibbs Exchange @ Bay 9,60253,Phibbs Exchange,36750,37350,in_service_layover,63.37296950953232,70.20823077997994,38.55087356532459,600,10.0,10:12:30,10:22:30,False,,no_dispenser,0
2160068,heavy,130.0,4.0,40-ft,BTC,1,MF,14846990,14847063,130,130,60253,60687,Phibbs Exchange @ Bay 1,Phibbs Exchange @ Bay 10,60253,Phibbs Exchange,37170,37470,in_service_layover,64.3738846746588,67.92726520016846,20.04106616387452,300,5.0,10:19:30,10:24:30,False,,no_dispenser,0
2160027,heavy,27.0,4.0,40-ft,BTC,1,MF,14903942,14904020,028,028,60253,60686,Phibbs Exchange @ Bay 1,Phibbs Exchange @ Bay 9,60253,Phibbs Exchange,37650,38250,in_service_layover,63.45237519783882,70.27719136800445,38.49196319973424,600,10.0,10:27:30,10:37:30,False,,no_dispenser,0
2161095,heavy,210.0,24.0,40-ft,BTC,1,MF,14856162,14857791,212,232,60253,60688,Phibbs Exchange @ Bay 1,Phibbs Exchange @ Bay 11,60253,Phibbs Exchange,38310,38910,in_service_layover,57.047275192544035,64.65139959583304,42.88726163455004,600,10.0,10:38:30,10:48:30,False,,no_dispenser,0
2164881,heavy,27.0,1.0,40-ft,BTC,1,MF,14903943,14904021,028,028,60253,60686,Phibbs Exchange @ Bay 1,Phibbs Exchange @ Bay 9,60253,Phibbs Exchange,38430,39210,in_service_layover,55.65260524066817,65.44820884574261,55.2472043326199,780,13.0,10:40:30,10:53:30,False,,no_dispenser,0
2161078,heavy,210.0,14.0,40-ft,BTC,1,MF,14857748,14856116,232,212,60256,60689,Phibbs Exchange @ Bay 4,Phibbs Exchange @ Bay 12,60256,Phibbs Exchange,38730,39330,in_service_layover,58.28120088347056,65.76300217721321,42.197359296708555,600,10.0,10:45:30,10:55:30,False,,no_dispenser,0
2160698,heavy,130.0,11.0,40-ft,BTC,1,MF,14846955,14847103,130,130,60253,60687,Phibbs Exchange @ Bay 1,Phibbs Exchange @ Bay 10,60253,Phibbs Exchange,38790,39210,in_service_layover,65.71200416854144,70.45614855994226,26.756974367500675,420,7.0,10:46:30,10:53:30,False,,no_dispenser,0
2160699,heavy,130.0,2.0,40-ft,BTC,1,MF,14846993,14847056,130,130,60253,60687,Phibbs Exchange @ Bay 1,Phibbs Exchange @ Bay 10,60253,Phibbs Exchange,39330,39690,in_service_layover,59.1060330752582,63.705212646313655,25.939372780752763,360,6.0,10:55:30,11:01:30,False,,no_dispenser,0
2160025,heavy,27.0,3.0,40-ft,BTC,1,MF,14903944,14904022,028,028,60253,60686,Phibbs Exchange @ Bay 1,Phibbs Exchange @ Bay 9,60253,Phibbs Exchange,39330,40170,in_service_layover,57.56599944812876,67.74712137677572,57.42152767756886,840,14.0,10:55:30,11:09:30,False,,no_dispenser,0
2160069,heavy,130.0,1.0,40-ft,BTC,1,MF,14847044,14847170,130,130,60253,60687,Phibbs Exchange @ Bay 1,Phibbs Exchange @ Bay 10,60253,Phibbs Exchange,39810,40170,in_service_layover,62.91531445055858,67.24045283594344,24.393780493570603,360,6.0,11:03:30,11:09:30,False,,no_dispenser,0
2161139,heavy,210.0,22.0,40-ft,BTC,1,MF,14856145,14857764,212,232,60253,60688,Phibbs Exchange @ Bay 1,Phibbs Exchange @ Bay 11,60253,Phibbs Exchange,40110,40830,in_service_layover,64.77680500839661,72.54874346199884,43.83373287831654,720,12.0,11:08:30,11:20:30,False,,no_dispenser,0
2164882,heavy,27.0,2.0,40-ft,BTC,1,MF,14903945,14904023,028,028,60253,60686,Phibbs Exchange @ Bay 1,Phibbs Exchange @ Bay 9,60253,Phibbs Exchange,40230,41010,in_service_layover,57.03597738246906,66.66213874320312,54.29155007454011,780,13.0,11:10:30,11:23:30,False,,no_dispenser,0
2160691,heavy,130.0,3.0,40-ft,BTC,1,MF,14846935,14847104,130,130,60253,60687,Phibbs Exchange @ Bay 1,Phibbs Exchange @ Bay 10,60253,Phibbs Exchange,40290,40650,in_service_layover,57.653980196634876,62.33428383200543,26.396912503489887,360,6.0,11:11:30,11:17:30,False,,no_dispenser,0
2161084,heavy,210.0,20.0,40-ft,BTC,1,MF,14857725,14856115,232,212,60256,60689,Phibbs Exchange @ Bay 4,Phibbs Exchange @ Bay 12,60256,Phibbs Exchange,40530,41190,in_service_layover,60.63216748128987,68.45032749151568,44.09442245767366,660,11.0,11:15:30,11:26:30,False,,no_dispenser,0
2160690,heavy,130.0,10.0,40-ft,BTC,1,MF,14846956,14847105,130,130,60253,60687,Phibbs Exchange @ Bay 1,Phibbs Exchange @ Bay 10,60253,Phibbs Exchange,40770,41190,in_service_layover,65.26001768161547,70.04588587714903,26.992296622809306,420,7.0,11:19:30,11:26:30,False,,no_dispenser,0
2164883,heavy,27.0,5.0,40-ft,BTC,1,MF,14903946,14904024,028,028,60253,60686,Phibbs Exchange @ Bay 1,Phibbs Exchange @ Bay 9,60253,Phibbs Exchange,41130,41970,in_service_layover,57.390941461567,67.60047124158793,57.581747959317966,840,14.0,11:25:30,11:39:30,False,,no_dispenser,0
2160687,heavy,130.0,6.0,40-ft,BTC,1,MF,14846994,14847057,130,130,60253,60687,Phibbs Exchange @ Bay 1,Phibbs Exchange @ Bay 10,60253,Phibbs Exchange,41190,41790,in_service_layover,63.28287615457133,70.12996815836846,38.61759890141582,600,10.0,11:26:30,11:36:30,False,,no_dispenser,0
2160682,heavy,130.0,8.0,40-ft,BTC,1,MF,14847006,14847173,130,130,60253,60687,Phibbs Exchange @ Bay 1,Phibbs Exchange @ Bay 10,60253,Phibbs Exchange,41790,42270,in_service_layover,59.69468125123514,65.65662305435312,33.62535176958545,480,8.0,11:36:30,11:44:30,False,,no_dispenser,0
2161078,heavy,210.0,14.0,40-ft,BTC,1,MF,14856144,14857779,212,232,60253,60688,Phibbs Exchange @ Bay 1,Phibbs Exchange @ Bay 11,60253,Phibbs Exchange,41970,42510,in_service_layover,59.699343817878,66.34198976268439,37.464523128708095,540,9.0,11:39:30,11:48:30,False,,no_dispenser,0
2160034,heavy,27.0,6.0,40-ft,BTC,1,MF,14903947,14904025,028,028,60253,60686,Phibbs Exchange @ Bay 1,Phibbs Exchange @ Bay 9,60253,Phibbs Exchange,42090,42810,in_service_layover,62.952952427718365,71.02071337331776,45.5021717331806,720,12.0,11:41:30,11:53:30,False,,no_dispenser,0
2160064,heavy,130.0,7.0,40-ft,BTC,1,MF,14847045,14847106,130,130,60253,60687,Phibbs Exchange @ Bay 1,Phibbs Exchange @ Bay 10,60253,Phibbs Exchange,42210,42690,in_service_layover,67.33902739846927,72.51482069312513,29.191474181859007,480,8.0,11:43:30,11:51:30,False,,no_dispenser,0
2161064,heavy,210.0,26.0,40-ft,BTC,1,MF,14857757,14856103,232,212,60256,60689,Phibbs Exchange @ Bay 4,Phibbs Exchange @ Bay 12,60256,Phibbs Exchange,42390,42930,in_service_layover,49.96861176549139,56.99200779149338,39.611953586651225,540,9.0,11:46:30,11:55:30,False,,no_dispenser,0
2160068,heavy,130.0,4.0,40-ft,BTC,1,MF,14846957,14847107,130,130,60253,60687,Phibbs Exchange @ Bay 1,Phibbs Exchange @ Bay 10,60253,Phibbs Exchange,42690,43170,in_service_layover,62.805835597520954,68.46245931655145,31.903357775331983,480,8.0,11:51:30,11:59:30,False,,no_dispenser,0
2160027,heavy,27.0,4.0,40-ft,BTC,1,MF,14903948,14904026,028,028,60253,60686,Phibbs Exchange @ Bay 1,Phibbs Exchange @ Bay 9,60253,Phibbs Exchange,42930,43770,in_service_layover,60.85751264877184,70.42354805800005,53.95243970804711,840,14.0,11:55:30,12:09:30,False,,no_dispenser,0
2160703,heavy,130.0,5.0,40-ft,BTC,1,MF,14846976,14847064,130,130,60253,60687,Phibbs Exchange @ Bay 1,Phibbs Exchange @ Bay 10,60253,Phibbs Exchange,43230,43710,in_service_layover,54.94885056800178,61.22369655703851,35.3901313781671,480,8.0,12:00:30,12:08:30,False,,no_dispenser,0
2160688,heavy,210.0,8.0,40-ft,BTC,1,MF,14857753,14857770,232,232,60256,60688,Phibbs Exchange @ Bay 4,Phibbs Exchange @ Bay 11,60256,Phibbs Exchange,43770,44190,in_service_layover,44.001015726146456,49.34726996093773,30.1528738842228,420,7.0,12:09:30,12:16:30,False,,no_dispenser,0
2161084,heavy,210.0,20.0,40-ft,BTC,1,MF,14856153,14856105,212,212,60253,60689,Phibbs Exchange @ Bay 1,Phibbs Exchange @ Bay 12,60253,Phibbs Exchange,43830,44730,in_service_layover,62.38666913218047,72.203005318434,55.364136090469856,900,15.0,12:10:30,12:25:30,False,,no_dispenser,0
2164881,heavy,27.0,1.0,40-ft,BTC,1,MF,14903949,14904027,028,028,60253,60686,Phibbs Exchange @ Bay 1,Phibbs Exchange @ Bay 9,60253,Phibbs Exchange,43950,44610,in_service_layover,56.02853012651,64.41831503926774,47.31838690795365,660,11.0,12:12:30,12:23:30,False,,no_dispenser,0
2160698,heavy,130.0,11.0,40-ft,BTC,1,MF,14846944,14847110,130,130,60253,60687,Phibbs Exchange @ Bay 1,Phibbs Exchange @ Bay 10,60253,Phibbs Exchange,44250,44730,in_service_layover,63.11576487555516,68.74112612725257,31.72703745957341,480,8.0,12:17:30,12:25:30,False,,no_dispenser,0
2160699,heavy,130.0,2.0,40-ft,BTC,1,MF,14846995,14847065,130,130,60253,60687,Phibbs Exchange @ Bay 1,Phibbs Exchange @ Bay 10,60253,Phibbs Exchange,44790,45270,in_service_layover,57.419883721499495,63.578231100700414,34.73307921869315,480,8.0,12:26:30,12:34:30,False,,no_dispenser,0
2160025,heavy,27.0,3.0,40-ft,BTC,1,MF,14903950,14904028,028,028,60253,60686,Phibbs Exchange @ Bay 1,Phibbs Exchange @ Bay 9,60253,Phibbs Exchange,44910,45390,in_service_layover,58.327442657543095,64.41767934081139,34.34893489363316,480,8.0,12:28:30,12:36:30,False,,no_dispenser,0
2160069,heavy,130.0,1.0,40-ft,BTC,1,MF,14847046,14847171,130,130,60253,60687,Phibbs Exchange @ Bay 1,Phibbs Exchange @ Bay 10,60253,Phibbs Exchange,45270,45810,in_service_layover,60.77421330671915,67.29518184027847,36.77826252927463,540,9.0,12:34:30,12:43:30,False,,no_dispenser,0
2161064,heavy,210.0,26.0,40-ft,BTC,1,MF,14856155,14857778,212,232,60253,60688,Phibbs Exchange @ Bay 1,Phibbs Exchange @ Bay 11,60253,Phibbs Exchange,45570,45990,in_service_layover,50.92834943215817,56.389396260202105,30.800304110167815,420,7.0,12:39:30,12:46:30,False,,no_dispenser,0
2160691,heavy,130.0,3.0,40-ft,BTC,1,MF,14846936,14847111,130,130,60253,60687,Phibbs Exchange @ Bay 1,Phibbs Exchange @ Bay 10,60253,Phibbs Exchange,45690,46110,in_service_layover,54.486442797307824,60.00446670452232,31.121654836689743,420,7.0,12:41:30,12:48:30,False,,no_dispenser,0
2161138,heavy,210.0,18.0,40-ft,BTC,1,MF,14857729,14856131,232,212,60256,60689,Phibbs Exchange @ Bay 4,Phibbs Exchange @ Bay 12,60256,Phibbs Exchange,45690,46170,in_service_layover,50.68661149962125,56.934895164487834,35.2403198698475,480,8.0,12:41:30,12:49:30,False,,no_dispenser,0
2164882,heavy,27.0,2.0,40-ft,BTC,1,MF,14903951,14904029,028,028,60253,60686,Phibbs Exchange @ Bay 1,Phibbs Exchange @ Bay 9,60253,Phibbs Exchange,45810,46290,in_service_layover,57.2424600239705,63.41253245284408,34.79920849884701,480,8.0,12:43:30,12:51:30,False,,no_dispenser,0
2160690,heavy,130.0,10.0,40-ft,BTC,1,MF,14846937,14847066,130,130,60253,60687,Phibbs Exchange @ Bay 1,Phibbs Exchange @ Bay 10,60253,Phibbs Exchange,46230,46890,in_service_layover,62.724899955541744,70.2458135244067,42.4179525283983,660,11.0,12:50:30,13:01:30,False,,no_dispenser,0
2164883,heavy,27.0,5.0,40-ft,BTC,1,MF,14903952,14904030,028,028,60253,60686,Phibbs Exchange @ Bay 1,Phibbs Exchange @ Bay 9,60253,Phibbs Exchange,46770,47190,in_service_layover,58.1807925223553,63.56641600062336,30.374916417431848,420,7.0,12:59:30,13:06:30,False,,no_dispenser,0
2160687,heavy,130.0,6.0,40-ft,BTC,1,MF,14846996,14847113,130,130,60253,60687,Phibbs Exchange @ Bay 1,Phibbs Exchange @ Bay 10,60253,Phibbs Exchange,46770,47370,in_service_layover,62.1028755413329,69.10308513409595,39.48118210318353,600,10.0,12:59:30,13:09:30,False,,no_dispenser,0
2160682,heavy,130.0,8.0,40-ft,BTC,1,MF,14847047,14847172,130,130,60253,60687,Phibbs Exchange @ Bay 1,Phibbs Exchange @ Bay 10,60253,Phibbs Exchange,47190,47610,in_service_layover,55.438030532766014,60.94350705492872,31.050887584997668,420,7.0,13:06:30,13:13:30,False,,no_dispenser,0
2161139,heavy,210.0,22.0,40-ft,BTC,1,MF,14857741,14857769,232,232,60256,60688,Phibbs Exchange @ Bay 4,Phibbs Exchange @ Bay 11,60256,Phibbs Exchange,47190,47790,in_service_layover,60.47396998311052,67.67991248182378,40.64151569274276,600,10.0,13:06:30,13:16:30,False,,no_dispenser,0
2161084,heavy,210.0,20.0,40-ft,BTC,1,MF,14856154,14856104,212,212,60253,60689,Phibbs Exchange @ Bay 1,Phibbs Exchange @ Bay 12,60253,Phibbs Exchange,47430,47970,in_service_layover,66.13934695909877,72.03331556158086,33.241982917998996,540,9.0,13:10:30,13:19:30,False,,no_dispenser,0
2160064,heavy,130.0,7.0,40-ft,BTC,1,MF,14846940,14847147,130,130,60253,60687,Phibbs Exchange @ Bay 1,Phibbs Exchange @ Bay 10,60253,Phibbs Exchange,47610,48030,in_service_layover,62.296228171538026,67.34322419181376,28.465057554355155,420,7.0,13:13:30,13:20:30,False,,no_dispenser,0
2160034,heavy,27.0,6.0,40-ft,BTC,1,MF,14903953,14904031,028,028,60253,60686,Phibbs Exchange @ Bay 1,Phibbs Exchange @ Bay 9,60253,Phibbs Exchange,47610,48210,in_service_layover,61.601034654085154,68.66532307636378,39.84258670165144,600,10.0,13:13:30,13:23:30,False,,no_dispenser,0
2160068,heavy,130.0,4.0,40-ft,BTC,1,MF,14846997,14847121,130,130,60253,60687,Phibbs Exchange @ Bay 1,Phibbs Exchange @ Bay 10,60253,Phibbs Exchange,48150,48570,in_service_layover,60.494498218729255,65.69117094294788,29.309234164593022,420,7.0,13:22:30,13:29:30,False,,no_dispenser,0
2160027,heavy,27.0,4.0,40-ft,BTC,1,MF,14903954,14904032,028,028,60253,60686,Phibbs Exchange @ Bay 1,Phibbs Exchange @ Bay 9,60253,Phibbs Exchange,48570,49050,in_service_layover,61.00386933876742,66.83756909685773,32.90206663562941,480,8.0,13:29:30,13:37:30,False,,no_dispenser,0
2160703,heavy,130.0,5.0,40-ft,BTC,1,MF,14846941,14847114,130,130,60253,60687,Phibbs Exchange @ Bay 1,Phibbs Exchange @ Bay 10,60253,Phibbs Exchange,48690,49170,in_service_layover,53.365054003881276,59.66152639717438,35.512104298173085,480,8.0,13:31:30,13:39:30,False,,no_dispenser,0
2161078,heavy,210.0,14.0,40-ft,BTC,1,MF,14857756,14857781,232,232,60256,60688,Phibbs Exchange @ Bay 4,Phibbs Exchange @ Bay 11,60256,Phibbs Exchange,49050,49590,in_service_layover,54.267216283796095,61.31270129184815,39.73653544541361,540,9.0,13:37:30,13:46:30,False,,no_dispenser,0
2161138,heavy,210.0,18.0,40-ft,BTC,1,MF,14856151,14856110,212,212,60253,60689,Phibbs Exchange @ Bay 1,Phibbs Exchange @ Bay 12,60253,Phibbs Exchange,49110,49890,in_service_layover,50.87123680515262,60.99103063295218,57.075637188789585,780,13.0,13:38:30,13:51:30,False,,no_dispenser,0
2164881,heavy,27.0,1.0,40-ft,BTC,1,MF,14903955,14904033,028,028,60253,60686,Phibbs Exchange @ Bay 1,Phibbs Exchange @ Bay 9,60253,Phibbs Exchange,49410,49830,in_service_layover,54.99863632003512,60.51176604785439,31.094051664900633,420,7.0,13:43:30,13:50:30,False,,no_dispenser,0
2160698,heavy,130.0,11.0,40-ft,BTC,1,MF,14846999,14847115,130,130,60253,60687,Phibbs Exchange @ Bay 1,Phibbs Exchange @ Bay 10,60253,Phibbs Exchange,49710,50910,in_service_layover,60.76328322763247,73.43503702544247,71.46869141964845,1200,20.0,13:48:30,14:08:30,False,,no_dispenser,0
2160025,heavy,27.0,3.0,40-ft,BTC,1,MF,14903956,14904034,028,028,60253,60686,Phibbs Exchange @ Bay 1,Phibbs Exchange @ Bay 9,60253,Phibbs Exchange,50250,50550,in_service_layover,54.998000621578754,58.94783883680793,22.27708753389254,300,5.0,13:57:30,14:02:30,False,,no_dispenser,0
2160699,heavy,130.0,2.0,40-ft,BTC,1,MF,14846963,14847116,130,130,60253,60687,Phibbs Exchange @ Bay 1,Phibbs Exchange @ Bay 10,60253,Phibbs Exchange,50250,51390,in_service_layover,55.74090414882381,69.229126319228,76.07357304107967,1140,19.0,13:57:30,14:16:30,False,,no_dispenser,0
2161084,heavy,210.0,20.0,40-ft,BTC,1,MF,14856167,14857785,212,232,60253,60688,Phibbs Exchange @ Bay 1,Phibbs Exchange @ Bay 11,60253,Phibbs Exchange,50850,51390,in_service_layover,65.96965720224566,71.8845419398176,33.359949919905716,540,9.0,14:07:30,14:16:30,False,,no_dispenser,0
2160688,heavy,210.0,8.0,40-ft,BTC,1,MF,14857736,14856125,232,212,60256,60689,Phibbs Exchange @ Bay 4,Phibbs Exchange @ Bay 12,60256,Phibbs Exchange,50970,51570,in_service_layover,37.299076109330734,44.886236617072086,42.79158526366123,600,10.0,14:09:30,14:19:30,False,,no_dispenser,0
2164882,heavy,27.0,2.0,40-ft,BTC,1,MF,14903957,14904035,028,028,60253,60686,Phibbs Exchange @ Bay 1,Phibbs Exchange @ Bay 9,60253,Phibbs Exchange,51270,51450,in_service_layover,53.992853733611454,56.343072134759474,13.255231782474823,180,3.0,14:14:30,14:17:30,False,,no_dispenser,0
2160691,heavy,130.0,3.0,40-ft,BTC,1,MF,14847033,14847135,130,130,60253,60687,Phibbs Exchange @ Bay 1,Phibbs Exchange @ Bay 10,60253,Phibbs Exchange,51450,52050,in_service_layover,52.13396598041777,59.97570841866688,44.227427351725,600,10.0,14:17:30,14:27:30,False,,no_dispenser,0
2161064,heavy,210.0,26.0,40-ft,BTC,1,MF,14857738,14857767,232,232,60256,60688,Phibbs Exchange @ Bay 4,Phibbs Exchange @ Bay 11,60256,Phibbs Exchange,52890,53310,in_service_layover,44.3412024085951,49.69104967611608,30.173138588818347,420,7.0,14:41:30,14:48:30,False,,no_dispenser,0
2161138,heavy,210.0,18.0,40-ft,BTC,1,MF,14856159,14856111,212,212,60253,60689,Phibbs Exchange @ Bay 1,Phibbs Exchange @ Bay 12,60253,Phibbs Exchange,52950,53370,in_service_layover,54.92737227361697,60.44144296922494,31.099358723228875,420,7.0,14:42:30,14:49:30,False,,no_dispenser,0
2160064,heavy,130.0,7.0,40-ft,BTC,1,MF,14846962,14847082,130,130,60253,60687,Phibbs Exchange @ Bay 1,Phibbs Exchange @ Bay 10,60253,Phibbs Exchange,53550,54150,in_service_layover,60.87091070538673,68.02732025320097,40.36214984967239,600,10.0,14:52:30,15:02:30,False,,no_dispenser,0
2160688,heavy,210.0,8.0,40-ft,BTC,1,MF,14856152,14856311,212,214,60253,60255,Phibbs Exchange @ Bay 1,Phibbs Exchange @ Bay 3,60253,Phibbs Exchange,54450,54750,in_service_layover,38.822578257736865,42.610225840551216,21.362332367072895,300,5.0,15:07:30,15:12:30,False,,no_dispenser,0
2161139,heavy,210.0,22.0,40-ft,BTC,1,MF,14857735,14857784,232,232,60256,60688,Phibbs Exchange @ Bay 4,Phibbs Exchange @ Bay 11,60256,Phibbs Exchange,54570,55170,in_service_layover,55.631718630216774,63.345189721480125,43.50397695472526,600,10.0,15:09:30,15:19:30,False,,no_dispenser,0
2160703,heavy,130.0,5.0,40-ft,BTC,1,MF,14846975,14847086,130,130,60253,60687,Phibbs Exchange @ Bay 1,Phibbs Exchange @ Bay 10,60253,Phibbs Exchange,55230,55650,in_service_layover,56.50709906314433,61.98063562339787,30.870746199829966,420,7.0,15:20:30,15:27:30,False,,no_dispenser,0
2161138,heavy,210.0,18.0,40-ft,BTC,1,MF,14856157,14856121,212,212,60253,60689,Phibbs Exchange @ Bay 1,Phibbs Exchange @ Bay 12,60253,Phibbs Exchange,56190,56790,in_service_layover,54.377784609889716,62.160476120229404,43.89438011831584,600,10.0,15:36:30,15:46:30,False,,no_dispenser,0
2161078,heavy,210.0,14.0,40-ft,BTC,1,MF,14857737,14857762,232,232,60256,60688,Phibbs Exchange @ Bay 4,Phibbs Exchange @ Bay 11,60256,Phibbs Exchange,56490,56790,in_service_layover,49.26450744024115,53.122518154957156,21.7591804309983,300,5.0,15:41:30,15:46:30,False,,no_dispenser,0
2160698,heavy,130.0,11.0,40-ft,BTC,1,MF,14847004,14847053,130,130,60253,60687,Phibbs Exchange @ Bay 1,Phibbs Exchange @ Bay 10,60253,Phibbs Exchange,56670,56970,in_service_layover,63.21644450385537,66.83840404854476,20.42785183204819,300,5.0,15:44:30,15:49:30,False,,no_dispenser,0
2164882,heavy,27.0,2.0,40-ft,BTC,1,MF,14903963,14904041,028,028,60253,60686,Phibbs Exchange @ Bay 1,Phibbs Exchange @ Bay 9,60253,Phibbs Exchange,56790,56970,in_service_layover,46.92339341552686,49.21452305490718,12.921971166105038,180,3.0,15:46:30,15:49:30,False,,no_dispenser,0
2160691,heavy,130.0,3.0,40-ft,BTC,1,MF,14846978,14847149,130,130,60253,60687,Phibbs Exchange @ Bay 1,Phibbs Exchange @ Bay 10,60253,Phibbs Exchange,57930,58290,in_service_layover,52.89421051177941,57.60332980321904,26.55943280371946,360,6.0,16:05:30,16:11:30,False,,no_dispenser,0
2160034,heavy,27.0,6.0,40-ft,BTC,1,MF,14903965,14904043,028,028,60253,60686,Phibbs Exchange @ Bay 1,Phibbs Exchange @ Bay 9,60253,Phibbs Exchange,58770,58950,in_service_layover,49.82596563789852,52.13565708569534,13.026659765574038,180,3.0,16:19:30,16:22:30,False,,no_dispenser,0
2160688,heavy,210.0,8.0,40-ft,BTC,1,MF,14856342,14856776,214,222,60253,60687,Phibbs Exchange @ Bay 1,Phibbs Exchange @ Bay 10,60253,Phibbs Exchange,58890,59070,in_service_layover,32.80405549709292,35.05792342307778,12.711815102554624,180,3.0,16:21:30,16:24:30,False,,no_dispenser,0
2160068,heavy,130.0,4.0,40-ft,BTC,1,MF,14856719,14856777,222,222,60253,60687,Phibbs Exchange @ Bay 1,Phibbs Exchange @ Bay 10,60253,Phibbs Exchange,59310,59610,in_service_layover,59.08848169642719,62.956439254816644,21.815280629316533,300,5.0,16:28:30,16:33:30,False,,no_dispenser,0
2160027,heavy,27.0,4.0,40-ft,BTC,1,MF,14903966,14904044,028,028,60253,60686,Phibbs Exchange @ Bay 1,Phibbs Exchange @ Bay 9,60253,Phibbs Exchange,59670,59970,in_service_layover,47.998211658392485,51.84028557023767,21.66929686280679,300,5.0,16:34:30,16:39:30,False,,no_dispenser,0
2161064,heavy,210.0,26.0,40-ft,BTC,1,MF,14857751,14857787,232,232,60256,60688,Phibbs Exchange @ Bay 4,Phibbs Exchange @ Bay 11,60256,Phibbs Exchange,59790,60390,in_service_layover,37.642855824509084,45.23300685303992,42.80845180091387,600,10.0,16:36:30,16:46:30,False,,no_dispenser,0
2161088,heavy,210.0,13.0,40-ft,BTC,1,MF,14856140,14856113,212,212,60253,60689,Phibbs Exchange @ Bay 1,Phibbs Exchange @ Bay 12,60253,Phibbs Exchange,60330,60630,in_service_layover,43.90427740003125,47.71402769318583,21.48699165339184,300,5.0,16:45:30,16:50:30,False,,no_dispenser,0
2164881,heavy,27.0,1.0,40-ft,BTC,1,MF,14903967,14904045,028,028,60253,60686,Phibbs Exchange @ Bay 1,Phibbs Exchange @ Bay 9,60253,Phibbs Exchange,60570,60750,in_service_layover,41.67240860938913,43.949420129815216,12.842344975203133,180,3.0,16:49:30,16:52:30,False,,no_dispenser,0
2161139,heavy,210.0,22.0,40-ft,BTC,1,MF,14857726,14856120,232,212,60256,60689,Phibbs Exchange @ Bay 4,Phibbs Exchange @ Bay 12,60256,Phibbs Exchange,61530,62490,in_service_layover,51.29699586987312,63.53942244516679,69.04728588465633,960,16.0,17:05:30,17:21:30,False,,no_dispenser,0
2160690,heavy,130.0,10.0,40-ft,BTC,1,MF,14846980,14856785,130,222,60253,60687,Phibbs Exchange @ Bay 1,Phibbs Exchange @ Bay 10,60253,Phibbs Exchange,63330,64770,in_service_layover,67.03282515030727,79.4687066305429,70.13837154852888,1440,24.0,17:35:30,17:59:30,False,,no_dispenser,0
2161213,heavy,210.0,43.0,40-ft,BTC,1,MF,14857733,14857773,232,232,60256,60688,Phibbs Exchange @ Bay 4,Phibbs Exchange @ Bay 11,60256,Phibbs Exchange,63510,64110,in_service_layover,67.17676174864141,73.49425753298004,35.63067622366992,600,10.0,17:38:30,17:48:30,False,,no_dispenser,0
2160701,heavy,210.0,16.0,40-ft,BTC,1,MF,14856138,14859148,212,246,60253,54444,Phibbs Exchange @ Bay 1,Westbound W Georgia St @ Homer St,60253,Phibbs Exchange,63630,63930,interline_start,44.916972565650994,48.731988656245115,21.51669075095083,300,5.0,17:40:30,17:45:30,False,,no_dispenser,0
2160688,heavy,210.0,8.0,40-ft,BTC,1,MF,14856741,14856784,222,222,60253,60687,Phibbs Exchange @ Bay 1,Phibbs Exchange @ Bay 10,60253,Phibbs Exchange,63870,64290,in_service_layover,26.33068246858774,31.564377039656076,29.518037380825405,420,7.0,17:44:30,17:51:30,False,,no_dispenser,0
2161097,heavy,210.0,86.0,40-ft,BTC,1,MF,14856369,14856119,214,212,60253,60689,Phibbs Exchange @ Bay 1,Phibbs Exchange @ Bay 12,60253,Phibbs Exchange,64050,64470,in_service_layover,42.03783507763518,47.367310117388016,30.058239224206005,420,7.0,17:47:30,17:54:30,False,,no_dispenser,0
2160034,heavy,27.0,6.0,40-ft,BTC,1,MF,14903971,14904049,028,028,60253,60686,Phibbs Exchange @ Bay 1,Phibbs Exchange @ Bay 9,60253,Phibbs Exchange,64410,64650,in_service_layover,42.71597836646271,45.75763436560917,17.154939835186013,240,4.0,17:53:30,17:57:30,False,,no_dispenser,0
2160068,heavy,130.0,4.0,40-ft,BTC,1,MF,14847031,14856117,130,212,60253,60689,Phibbs Exchange @ Bay 1,Phibbs Exchange @ Bay 12,60253,Phibbs Exchange,64890,65910,in_service_layover,53.406460438574776,66.09611122649362,71.56963044386225,1020,17.0,18:01:30,18:18:30,False,,no_dispenser,0
2160064,heavy,130.0,7.0,40-ft,BTC,1,MF,14856729,14856786,222,222,60253,60687,Phibbs Exchange @ Bay 1,Phibbs Exchange @ Bay 10,60253,Phibbs Exchange,65130,65430,in_service_layover,66.820680342327,70.21982691593259,19.171186675135573,300,5.0,18:05:30,18:10:30,False,,no_dispenser,0
2160027,heavy,27.0,4.0,40-ft,BTC,1,MF,14903972,14904050,028,028,60253,60686,Phibbs Exchange @ Bay 1,Phibbs Exchange @ Bay 9,60253,Phibbs Exchange,65190,65730,in_service_layover,42.42060685100504,49.29312082756229,38.76097882778291,540,9.0,18:06:30,18:15:30,False,,no_dispenser,0
2161139,heavy,210.0,22.0,40-ft,BTC,1,MF,14856168,14857766,212,232,60253,60688,Phibbs Exchange @ Bay 1,Phibbs Exchange @ Bay 11,60253,Phibbs Exchange,65370,65730,in_service_layover,57.47576408583157,62.163625305979096,26.439537281632,360,6.0,18:09:30,18:15:30,False,,no_dispenser,0
2160069,heavy,130.0,1.0,40-ft,BTC,1,MF,14846965,14847123,130,130,60253,60687,Phibbs Exchange @ Bay 1,Phibbs Exchange @ Bay 10,60253,Phibbs Exchange,65850,66630,in_service_layover,57.23363983003178,66.83248451961657,54.137484049258205,780,13.0,18:17:30,18:30:30,False,,no_dispenser,0
2164881,heavy,27.0,1.0,40-ft,BTC,1,MF,14903973,14904051,028,028,60253,60686,Phibbs Exchange @ Bay 1,Phibbs Exchange @ Bay 9,60253,Phibbs Exchange,65970,66570,in_service_layover,34.52974141058258,42.09281162845529,42.65571602880203,600,10.0,18:19:30,18:29:30,False,,no_dispenser,0
2160025,heavy,27.0,3.0,40-ft,BTC,1,MF,14903974,14904052,028,028,60253,60686,Phibbs Exchange @ Bay 1,Phibbs Exchange @ Bay 9,60253,Phibbs Exchange,66870,67410,in_service_layover,30.688802679110044,37.460973695755925,38.195044533882765,540,9.0,18:34:30,18:43:30,False,,no_dispenser,0
2160697,heavy,130.0,25.0,40-ft,BTC,1,MF,14856732,14847072,222,130,60253,60687,Phibbs Exchange @ Bay 1,Phibbs Exchange @ Bay 10,60253,Phibbs Exchange,67050,67410,in_service_layover,67.4025523655151,71.38338037813196,22.45186999115907,360,6.0,18:37:30,18:43:30,False,,no_dispenser,0
2160071,heavy,210.0,1.0,40-ft,BTC,1,MF,14855692,14856310,210,214,60256,60255,Phibbs Exchange @ Bay 4,Phibbs Exchange @ Bay 3,60256,Phibbs Exchange,67290,67590,in_service_layover,24.48204019775703,28.20706273587875,21.009127115006493,300,5.0,18:41:30,18:46:30,False,,no_dispenser,0
2160763,heavy,210.0,67.0,40-ft,BTC,1,MF,14857740,14856128,232,212,60256,60689,Phibbs Exchange @ Bay 4,Phibbs Exchange @ Bay 12,60256,Phibbs Exchange,67350,68130,in_service_layover,66.94221864332775,74.85551630174788,44.630998793489596,780,13.0,18:42:30,18:55:30,False,,no_dispenser,0
2164882,heavy,27.0,2.0,40-ft,BTC,1,MF,14903975,14904053,028,028,60253,60686,Phibbs Exchange @ Bay 1,Phibbs Exchange @ Bay 9,60253,Phibbs Exchange,67710,68910,in_service_layover,30.375165616441922,45.541971195081736,85.54078346352856,1200,20.0,18:48:30,19:08:30,False,,no_dispenser,0
2160068,heavy,130.0,4.0,40-ft,BTC,1,MF,14856117,14904071,212,028,59518,60686,Northbound Banbury Rd @ Gallant Ave,Phibbs Exchange @ Bay 9,60686,Phibbs Exchange,67830,68130,interline_end,61.02002725834011,64.77179869697248,21.159990913886645,300,5.0,18:50:30,18:55:30,False,,no_dispenser,0
2160683,heavy,130.0,26.0,40-ft,BTC,1,MF,14847036,14847174,130,130,60253,60687,Phibbs Exchange @ Bay 1,Phibbs Exchange @ Bay 10,60253,Phibbs Exchange,67890,68190,in_service_layover,63.97001135303555,67.54743384990107,20.176662882321466,300,5.0,18:51:30,18:56:30,False,,no_dispenser,0
2160703,heavy,130.0,5.0,40-ft,BTC,1,MF,14855963,14856136,211,212,60689,60689,Phibbs Exchange @ Bay 12,Phibbs Exchange @ Bay 12,60689,Phibbs Exchange,68850,69870,in_service_layover,47.506601900797136,60.65369529855986,74.14960676338177,1020,17.0,19:07:30,19:24:30,False,,no_dispenser,0
2160687,heavy,130.0,6.0,40-ft,BTC,1,MF,14847018,14847134,130,130,60253,60687,Phibbs Exchange @ Bay 1,Phibbs Exchange @ Bay 10,60253,Phibbs Exchange,69030,69690,in_service_layover,63.40555308151726,70.82746402756672,41.859577735718915,660,11.0,19:10:30,19:21:30,False,,no_dispenser,0
2161065,heavy,210.0,61.0,40-ft,BTC,1,MF,14856150,14855906,212,211,60253,60689,Phibbs Exchange @ Bay 1,Phibbs Exchange @ Bay 12,60253,Phibbs Exchange,69030,69750,in_service_layover,60.87253991532867,69.26773680718297,47.34891047005823,720,12.0,19:10:30,19:22:30,False,,no_dispenser,0
2160071,heavy,210.0,1.0,40-ft,BTC,1,MF,14856338,14857765,214,232,60253,60688,Phibbs Exchange @ Bay 1,Phibbs Exchange @ Bay 11,60253,Phibbs Exchange,69390,69690,in_service_layover,23.3039775641496,27.02338317749839,20.97744765928715,300,5.0,19:16:30,19:21:30,False,,no_dispenser,0
2160034,heavy,27.0,6.0,40-ft,BTC,1,MF,14903977,14904054,028,028,60253,60686,Phibbs Exchange @ Bay 1,Phibbs Exchange @ Bay 9,60253,Phibbs Exchange,69450,70050,in_service_layover,36.337955646376535,43.91675542019804,42.744430724353236,600,10.0,19:17:30,19:27:30,False,,no_dispenser,0
2160688,heavy,210.0,8.0,40-ft,BTC,1,MF,14847037,14847074,130,130,60253,60687,Phibbs Exchange @ Bay 1,Phibbs Exchange @ Bay 10,60253,Phibbs Exchange,69450,70410,in_service_layover,27.24610391630688,39.29386727764239,67.9493853579323,960,16.0,19:17:30,19:33:30,False,,no_dispenser,0
2160682,heavy,130.0,8.0,40-ft,BTC,1,MF,14847011,14847175,130,130,60253,60687,Phibbs Exchange @ Bay 1,Phibbs Exchange @ Bay 10,60253,Phibbs Exchange,69870,71130,in_service_layover,57.956543439003305,71.93831601279976,78.85719731621202,1260,21.0,19:24:30,19:45:30,False,,no_dispenser,0
2160690,heavy,130.0,10.0,40-ft,BTC,1,MF,14846969,14847061,130,130,60253,60687,Phibbs Exchange @ Bay 1,Phibbs Exchange @ Bay 10,60253,Phibbs Exchange,70290,71910,in_service_layover,69.91872781430102,82.51152066434496,71.02335167424786,1620,27.0,19:31:30,19:58:30,False,,no_dispenser,0
2160027,heavy,27.0,4.0,40-ft,BTC,1,MF,14903978,14904055,028,028,60253,60686,Phibbs Exchange @ Bay 1,Phibbs Exchange @ Bay 9,60253,Phibbs Exchange,70410,71370,in_service_layover,42.15587235224035,54.51579875735069,69.7099849248223,960,16.0,19:33:30,19:49:30,False,,no_dispenser,0
2161088,heavy,210.0,13.0,40-ft,BTC,1,MF,14856169,14855920,212,211,60253,60689,Phibbs Exchange @ Bay 1,Phibbs Exchange @ Bay 12,60253,Phibbs Exchange,70590,71550,in_service_layover,24.89560939240267,36.91079733514206,67.76565999705011,960,16.0,19:36:30,19:52:30,False,,no_dispenser,0
2160763,heavy,210.0,67.0,40-ft,BTC,1,MF,14855936,14856127,211,212,60689,60689,Phibbs Exchange @ Bay 12,Phibbs Exchange @ Bay 12,60689,Phibbs Exchange,70950,71730,in_service_layover,67.4492246240005,75.26863579487042,44.1014790037064,780,13.0,19:42:30,19:55:30,False,,no_dispenser,0
2161139,heavy,210.0,22.0,40-ft,BTC,1,MF,14857754,14857760,232,232,60256,60688,Phibbs Exchange @ Bay 4,Phibbs Exchange @ Bay 11,60256,Phibbs Exchange,71070,71250,in_service_layover,50.088851827090785,52.40110009332892,13.041080221583115,180,3.0,19:44:30,19:47:30,False,,no_dispenser,0
2164881,heavy,27.0,1.0,40-ft,BTC,1,MF,14903979,14904056,028,028,60253,60686,Phibbs Exchange @ Bay 1,Phibbs Exchange @ Bay 9,60253,Phibbs Exchange,71190,72150,in_service_layover,34.936772625304165,47.103664738061,68.62127151594859,960,16.0,19:46:30,20:02:30,False,,no_dispenser,0
2160069,heavy,130.0,1.0,40-ft,BTC,1,MF,14846970,14847164,130,130,60253,60687,Phibbs Exchange @ Bay 1,Phibbs Exchange @ Bay 10,60253,Phibbs Exchange,71550,73230,in_service_layover,56.613891998029466,74.13773443760078,98.8344713591822,1680,28.0,19:52:30,20:20:30,False,,no_dispenser,0
2160697,heavy,130.0,25.0,40-ft,BTC,1,MF,14846968,14847124,130,130,60253,60687,Phibbs Exchange @ Bay 1,Phibbs Exchange @ Bay 10,60253,Phibbs Exchange,72210,73890,in_service_layover,61.16478785654485,76.94514426587821,89.00121014864027,1680,28.0,20:03:30,20:31:30,False,,no_dispenser,0
2161065,heavy,210.0,61.0,40-ft,BTC,1,MF,14856149,14855909,212,211,60253,60689,Phibbs Exchange @ Bay 1,Phibbs Exchange @ Bay 12,60253,Phibbs Exchange,72690,73350,in_service_layover,62.250401466950244,69.83965741556077,42.80340355016335,660,11.0,20:11:30,20:22:30,False,,no_dispenser,0
2160703,heavy,130.0,5.0,40-ft,BTC,1,MF,14855971,14856137,211,212,60689,60689,Phibbs Exchange @ Bay 12,Phibbs Exchange @ Bay 12,60689,Phibbs Exchange,72690,73650,in_service_layover,53.24740362081247,65.30683934542931,68.01521748683899,960,16.0,20:11:30,20:27:30,False,,no_dispenser,0
2160687,heavy,130.0,6.0,40-ft,BTC,1,MF,14847013,14847125,130,130,60253,60687,Phibbs Exchange @ Bay 1,Phibbs Exchange @ Bay 10,60253,Phibbs Exchange,74310,75210,in_service_layover,60.608871505979614,70.78200075238385,57.376448949719816,900,15.0,20:38:30,20:53:30,False,,no_dispenser,0
2161088,heavy,210.0,13.0,40-ft,BTC,1,MF,14856173,14855921,212,211,60253,60689,Phibbs Exchange @ Bay 1,Phibbs Exchange @ Bay 12,60253,Phibbs Exchange,74490,75210,in_service_layover,29.893461994909327,38.93280610710328,50.9819007927739,720,12.0,20:41:30,20:53:30,False,,no_dispenser,0
2160763,heavy,210.0,67.0,40-ft,BTC,1,MF,14855956,14856129,211,212,60689,60689,Phibbs Exchange @ Bay 12,Phibbs Exchange @ Bay 12,60689,Phibbs Exchange,74550,75330,in_service_layover,67.86234411712303,75.60478838570793,43.66738567481889,780,13.0,20:42:30,20:55:30,False,,no_dispenser,0
2160034,heavy,27.0,6.0,40-ft,BTC,1,MF,14903985,14904058,028,028,60253,60686,Phibbs Exchange @ Bay 1,Phibbs Exchange @ Bay 9,60253,Phibbs Exchange,74610,75330,in_service_layover,39.0429185182132,48.1867476680546,51.571196405105525,720,12.0,20:43:30,20:55:30,False,,no_dispenser,0
2160688,heavy,210.0,8.0,40-ft,BTC,1,MF,14846972,14847165,130,130,60253,60687,Phibbs Exchange @ Bay 1,Phibbs Exchange @ Bay 10,60253,Phibbs Exchange,75030,76230,in_service_layover,29.075274756055286,44.21235542388418,85.37313496655497,1200,20.0,20:50:30,21:10:30,False,,no_dispenser,0
2161065,heavy,210.0,61.0,40-ft,BTC,1,MF,14856161,14855878,212,211,60253,60689,Phibbs Exchange @ Bay 1,Phibbs Exchange @ Bay 12,60253,Phibbs Exchange,76170,76950,in_service_layover,62.82232207532805,71.47504713283449,48.80136932433635,780,13.0,21:09:30,21:22:30,False,,no_dispenser,0
2164881,heavy,27.0,1.0,40-ft,BTC,1,MF,14903986,14904059,028,028,60253,60686,Phibbs Exchange @ Bay 1,Phibbs Exchange @ Bay 9,60253,Phibbs Exchange,76470,77190,in_service_layover,37.68398601882838,46.80762960912552,51.457349849275886,720,12.0,21:14:30,21:26:30,False,,no_dispenser,0
2160763,heavy,210.0,67.0,40-ft,BTC,1,MF,14855923,14856102,211,212,60689,60689,Phibbs Exchange @ Bay 12,Phibbs Exchange @ Bay 12,60689,Phibbs Exchange,78150,79110,in_service_layover,68.22221376019797,77.24380083401363,50.88175109632027,960,16.0,21:42:30,21:58:30,False,,no_dispenser,0
2164882,heavy,27.0,2.0,40-ft,BTC,1,MF,14903987,14904060,028,028,60253,60686,Phibbs Exchange @ Bay 1,Phibbs Exchange @ Bay 9,60253,Phibbs Exchange,78270,78870,in_service_layover,37.2840906148332,44.871120764584084,42.790850044594976,600,10.0,21:44:30,21:54:30,False,,no_dispenser,0
2160034,heavy,27.0,6.0,40-ft,BTC,1,MF,14903988,14904061,028,028,60253,60686,Phibbs Exchange @ Bay 1,Phibbs Exchange @ Bay 9,60253,Phibbs Exchange,79770,80730,in_service_layover,43.335197422363265,55.7332222878966,69.924860241608,960,16.0,22:09:30,22:25:30,False,,no_dispenser,0
2161065,heavy,210.0,61.0,40-ft,BTC,1,MF,14856148,14855908,212,211,60253,60689,Phibbs Exchange @ Bay 1,Phibbs Exchange @ Bay 12,60253,Phibbs Exchange,79890,80550,in_service_layover,64.37902948833252,71.65736374799833,41.04980522451518,660,11.0,22:11:30,22:22:30,False,,no_dispenser,0
2164881,heavy,27.0,1.0,40-ft,BTC,1,MF,14903989,14904062,028,028,60253,60686,Phibbs Exchange @ Bay 1,Phibbs Exchange @ Bay 9,60253,Phibbs Exchange,81750,82470,in_service_layover,44.24626640163491,53.4972679156409,52.175648538993784,720,12.0,22:42:30,22:54:30,False,,no_dispenser,0
2164882,heavy,27.0,2.0,40-ft,BTC,1,MF,14903990,14904063,028,028,60253,60686,Phibbs Exchange @ Bay 1,Phibbs Exchange @ Bay 9,60253,Phibbs Exchange,83310,84210,in_service_layover,40.76425209399833,52.289468111578316,65.00221833915117,900,15.0,23:08:30,23:23:30,False,,no_dispenser,0
2161065,heavy,210.0,61.0,40-ft,BTC,1,MF,14856166,14855910,212,211,60253,60689,Phibbs Exchange @ Bay 1,Phibbs Exchange @ Bay 12,60253,Phibbs Exchange,83730,84150,in_service_layover,64.56134610349636,69.41072028699922,27.350470394956062,420,7.0,23:15:30,23:22:30,False,,no_dispenser,0
2160034,heavy,27.0,6.0,40-ft,BTC,1,MF,14903991,14904064,028,028,60253,60686,Phibbs Exchange @ Bay 1,Phibbs Exchange @ Bay 9,60253,Phibbs Exchange,85110,86010,in_service_layover,52.54891868193364,64.00189911989992,64.59480967012985,900,15.0,23:38:30,23:53:30,False,,no_dispenser,0
2164881,heavy,27.0,1.0,40-ft,BTC,1,MF,14903992,14904065,028,028,60253,60686,Phibbs Exchange @ Bay 1,Phibbs Exchange @ Bay 9,60253,Phibbs Exchange,87030,87930,in_service_layover,52.63600350830807,64.08164526672032,64.55341951744504,900,15.0,24:10:30,24:25:30,False,,no_dispenser,0
2161065,heavy,210.0,61.0,40-ft,BTC,1,MF,14856158,14855876,212,211,60253,60689,Phibbs Exchange @ Bay 1,Phibbs Exchange @ Bay 12,60253,Phibbs Exchange,87210,87750,in_service_layover,62.314702642497245,68.66289464605124,35.80380290004456,540,9.0,24:13:30,24:22:30,False,,no_dispenser,0
2164882,heavy,27.0,2.0,40-ft,BTC,1,MF,14903993,14904066,028,028,60253,60686,Phibbs Exchange @ Bay 1,Phibbs Exchange @ Bay 9,60253,Phibbs Exchange,88890,89730,in_service_layover,52.98506162852472,63.71124722848182,60.495686783758,840,14.0,24:41:30,24:55:30,False,,no_dispenser,0
2161065,heavy,210.0,61.0,40-ft,BTC,1,MF,14855937,14855599,211,209,60689,60684,Phibbs Exchange @ Bay 12,Phibbs Exchange @ Bay 7,60689,Phibbs Exchange,90870,92010,in_service_layover,60.240657214936654,72.57650660907196,69.57419058292305,1140,19.0,25:14:30,25:33:30,False,,no_dispenser,0
2161037,heavy,701.0,1.0,40-ft,PCT,1,MF,14854983,14855028,188,188,53348,53767,Port Coquitlam Station @ Bay 6,Port Coquitlam Station @ Bay 5,53348,Port Coquitlam Station,26970,27330,in_service_layover,66.39060176817084,70.45340796172638,22.914226931653218,360,6.0,07:29:30,07:35:30,False,,no_dispenser,0
2160924,heavy,183.0,1.0,40-ft,PCT,1,MF,14854986,14855031,188,188,53348,53767,Port Coquitlam Station @ Bay 6,Port Coquitlam Station @ Bay 5,53348,Port Coquitlam Station,29850,30450,in_service_layover,66.56619327581163,72.96919956266565,36.11295545785674,600,10.0,08:17:30,08:27:30,False,,no_dispenser,0
2161035,heavy,183.0,6.0,40-ft,PCT,1,MF,14854987,14855032,188,188,53348,53767,Port Coquitlam Station @ Bay 6,Port Coquitlam Station @ Bay 5,53348,Port Coquitlam Station,31290,32370,in_service_layover,66.91206287048728,77.08409503044568,57.37026138216538,1080,18.0,08:41:30,08:59:30,False,,no_dispenser,0
2160914,heavy,183.0,8.0,40-ft,PCT,1,MF,14854988,14851557,188,160,53348,53740,Port Coquitlam Station @ Bay 6,Port Coquitlam Station @ Bay 4,53348,Port Coquitlam Station,32430,32790,in_service_layover,66.39094555478725,70.45372431855957,22.91407222767583,360,6.0,09:00:30,09:06:30,False,,no_dispenser,0
2160913,heavy,183.0,3.0,40-ft,PCT,1,MF,14851485,14855033,160,188,53740,53767,Port Coquitlam Station @ Bay 4,Port Coquitlam Station @ Bay 5,53740,Port Coquitlam Station,33510,34230,in_service_layover,61.86886197133702,70.10857736353441,46.47199481199323,720,12.0,09:18:30,09:30:30,False,,no_dispenser,0
2160925,heavy,160.0,4.0,40-ft,PCT,1,MF,14854952,14851516,188,160,53348,53740,Port Coquitlam Station @ Bay 6,Port Coquitlam Station @ Bay 4,53348,Port Coquitlam Station,33870,34590,in_service_layover,66.75424027852088,74.19618988581634,41.97259578514638,720,12.0,09:24:30,09:36:30,False,,no_dispenser,0
2160912,heavy,160.0,1.0,40-ft,PCT,1,MF,14851486,14851553,160,160,53740,53740,Port Coquitlam Station @ Bay 4,Port Coquitlam Station @ Bay 4,53740,Port Coquitlam Station,34230,35430,in_service_layover,60.00776595721871,72.88489558417722,72.62701109604598,1200,20.0,09:30:30,09:50:30,False,,no_dispenser,0
2160900,heavy,183.0,7.0,40-ft,PCT,1,MF,14854953,14855034,188,188,53348,53767,Port Coquitlam Station @ Bay 6,Port Coquitlam Station @ Bay 5,53348,Port Coquitlam Station,35190,35910,in_service_layover,68.56054992160453,75.69265232995718,40.225057583108935,720,12.0,09:46:30,09:58:30,False,,no_dispenser,0
2160922,heavy,160.0,2.0,40-ft,PCT,1,MF,14851423,14851500,160,160,53740,53740,Port Coquitlam Station @ Bay 4,Port Coquitlam Station @ Bay 4,53740,Port Coquitlam Station,36030,36330,in_service_layover,60.00776595721871,63.81936371388426,21.497411347593754,300,5.0,10:00:30,10:05:30,False,,no_dispenser,0
2161037,heavy,701.0,1.0,40-ft,PCT,1,MF,14854954,14855035,188,188,53348,53767,Port Coquitlam Station @ Bay 6,Port Coquitlam Station @ Bay 5,53348,Port Coquitlam Station,36990,37710,in_service_layover,59.40974630422849,68.04062475127526,48.678154441343736,720,12.0,10:16:30,10:28:30,False,,no_dispenser,0
2160921,heavy,160.0,5.0,40-ft,PCT,1,MF,14851424,14851501,160,160,53740,53740,Port Coquitlam Station @ Bay 4,Port Coquitlam Station @ Bay 4,53740,Port Coquitlam Station,37050,37230,in_service_layover,56.5689802572106,58.944253941114134,13.396543577215937,180,3.0,10:17:30,10:20:30,False,,no_dispenser,0
2160924,heavy,183.0,1.0,40-ft,PCT,1,MF,14854955,14855036,188,188,53348,53767,Port Coquitlam Station @ Bay 6,Port Coquitlam Station @ Bay 5,53348,Port Coquitlam Station,38790,39510,in_service_layover,67.00925436246644,74.40794631210402,41.72862259595598,720,12.0,10:46:30,10:58:30,False,,no_dispenser,0
2160919,heavy,160.0,6.0,40-ft,PCT,1,MF,14851426,14851503,160,160,53740,53740,Port Coquitlam Station @ Bay 4,Port Coquitlam Station @ Bay 4,53740,Port Coquitlam Station,38850,39030,in_service_layover,57.28631297098264,59.66739349176709,13.429294137224304,180,3.0,10:47:30,10:50:30,False,,no_dispenser,0
2160918,heavy,160.0,3.0,40-ft,PCT,1,MF,14850628,14851504,155,160,58086,53740,Braid Station @ Bay 6,Port Coquitlam Station @ Bay 4,53740,Port Coquitlam Station,39570,39870,interline_end,67.59898803480662,70.9459832677714,18.877053113921306,300,5.0,10:59:30,11:04:30,False,,no_dispenser,0
2160923,heavy,160.0,7.0,40-ft,PCT,1,MF,14851427,14851505,160,160,53740,53740,Port Coquitlam Station @ Bay 4,Port Coquitlam Station @ Bay 4,53740,Port Coquitlam Station,39750,40770,in_service_layover,57.98946128759156,69.86099843835063,66.95546953028122,1020,17.0,11:02:30,11:19:30,False,,no_dispenser,0
2160900,heavy,183.0,7.0,40-ft,PCT,1,MF,14854956,14855037,188,188,53348,53767,Port Coquitlam Station @ Bay 6,Port Coquitlam Station @ Bay 5,53348,Port Coquitlam Station,40590,41310,in_service_layover,67.21264528988344,74.57672185724668,41.53339183992864,720,12.0,11:16:30,11:28:30,False,,no_dispenser,0
2160917,heavy,160.0,8.0,40-ft,PCT,1,MF,14851428,14851506,160,160,53740,53740,Port Coquitlam Station @ Bay 4,Port Coquitlam Station @ Bay 4,53740,Port Coquitlam Station,40590,41670,in_service_layover,59.351939565245026,71.42812383807562,68.10967929876455,1080,18.0,11:16:30,11:34:30,False,,no_dispenser,0
2160914,heavy,183.0,8.0,40-ft,PCT,1,MF,14851484,14851556,160,160,53740,53740,Port Coquitlam Station @ Bay 4,Port Coquitlam Station @ Bay 4,53740,Port Coquitlam Station,41490,42690,in_service_layover,58.52054556862526,71.84492806605019,75.14951728547652,1200,20.0,11:31:30,11:51:30,False,,no_dispenser,0
2160916,heavy,151.0,14.0,40-ft,PCT,1,MF,14851444,14851517,160,160,53740,53740,Port Coquitlam Station @ Bay 4,Port Coquitlam Station @ Bay 4,53740,Port Coquitlam Station,42510,43590,in_service_layover,61.78206621478415,73.2462319501563,64.65789474749897,1080,18.0,11:48:30,12:06:30,False,,no_dispenser,0
2160925,heavy,160.0,4.0,40-ft,PCT,1,MF,14851445,14851518,160,160,53740,53740,Port Coquitlam Station @ Bay 4,Port Coquitlam Station @ Bay 4,53740,Port Coquitlam Station,43410,44490,in_service_layover,62.493822947028946,73.78247298332506,63.66798620471013,1080,18.0,12:03:30,12:21:30,False,,no_dispenser,0
2160912,heavy,160.0,1.0,40-ft,PCT,1,MF,14851480,14851552,160,160,53740,53740,Port Coquitlam Station @ Bay 4,Port Coquitlam Station @ Bay 4,53740,Port Coquitlam Station,44430,45390,in_service_layover,60.71115964906836,71.40606328447112,60.31925650367151,960,16.0,12:20:30,12:36:30,False,,no_dispenser,0
2160922,heavy,160.0,2.0,40-ft,PCT,1,MF,14851429,14851507,160,160,53740,53740,Port Coquitlam Station @ Bay 4,Port Coquitlam Station @ Bay 4,53740,Port Coquitlam Station,45330,46290,in_service_layover,52.33696156911376,64.49070636694164,68.54712065974923,960,16.0,12:35:30,12:51:30,False,,no_dispenser,0
2160900,heavy,183.0,7.0,40-ft,PCT,1,MF,14854959,14855040,188,188,53348,53767,Port Coquitlam Station @ Bay 6,Port Coquitlam Station @ Bay 5,53348,Port Coquitlam Station,46110,46710,in_service_layover,66.09671481717295,72.56484655124207,36.48026298014986,600,10.0,12:48:30,12:58:30,False,,no_dispenser,0
2160921,heavy,160.0,5.0,40-ft,PCT,1,MF,14851430,14851508,160,160,53740,53740,Port Coquitlam Station @ Bay 4,Port Coquitlam Station @ Bay 4,53740,Port Coquitlam Station,46410,47190,in_service_layover,45.81642752584945,55.904067962786854,56.894292064326976,780,13.0,12:53:30,13:06:30,False,,no_dispenser,0
2160832,heavy,183.0,4.0,40-ft,PCT,1,MF,14854960,14855041,188,188,53348,53767,Port Coquitlam Station @ Bay 6,Port Coquitlam Station @ Bay 5,53348,Port Coquitlam Station,48030,48510,in_service_layover,50.76185855293384,57.012093815731134,35.25132688217673,480,8.0,13:20:30,13:28:30,False,,no_dispenser,0
2160919,heavy,160.0,6.0,40-ft,PCT,1,MF,14851432,14851510,160,160,53740,53740,Port Coquitlam Station @ Bay 4,Port Coquitlam Station @ Bay 4,53740,Port Coquitlam Station,48210,48930,in_service_layover,46.55306623756701,55.86673850336783,52.5291115791166,720,12.0,13:23:30,13:35:30,False,,no_dispenser,0
2160918,heavy,160.0,3.0,40-ft,PCT,1,MF,14851433,14851511,160,160,53740,53740,Port Coquitlam Station @ Bay 4,Port Coquitlam Station @ Bay 4,53740,Port Coquitlam Station,49110,49890,in_service_layover,58.2923831817632,67.73170777716948,53.237790718091446,780,13.0,13:38:30,13:51:30,False,,no_dispenser,0
2160924,heavy,183.0,1.0,40-ft,PCT,1,MF,14854961,14855042,188,188,53348,53767,Port Coquitlam Station @ Bay 6,Port Coquitlam Station @ Bay 5,53348,Port Coquitlam Station,49890,50310,in_service_layover,67.13379557678034,71.74341176803792,25.998235318692707,420,7.0,13:51:30,13:58:30,False,,no_dispenser,0
2160923,heavy,160.0,7.0,40-ft,PCT,1,MF,14851434,14851512,160,160,53740,53740,Port Coquitlam Station @ Bay 4,Port Coquitlam Station @ Bay 4,53740,Port Coquitlam Station,50010,50850,in_service_layover,55.15079497082414,65.67001194670094,59.32838374394515,840,14.0,13:53:30,14:07:30,False,,no_dispenser,0
2160917,heavy,160.0,8.0,40-ft,PCT,1,MF,14851435,14851513,160,160,53740,53740,Port Coquitlam Station @ Bay 4,Port Coquitlam Station @ Bay 4,53740,Port Coquitlam Station,50910,51690,in_service_layover,56.64382460696874,66.32187826760739,54.58422264600199,780,13.0,14:08:30,14:21:30,False,,no_dispenser,0
2160914,heavy,183.0,8.0,40-ft,PCT,1,MF,14851483,14851555,160,160,53740,53740,Port Coquitlam Station @ Bay 4,Port Coquitlam Station @ Bay 4,53740,Port Coquitlam Station,51750,52590,in_service_layover,56.32054450974635,66.69047861337638,58.48642834447338,840,14.0,14:22:30,14:36:30,False,,no_dispenser,0
2160916,heavy,151.0,14.0,40-ft,PCT,1,MF,14851446,14851519,160,160,53740,53740,Port Coquitlam Station @ Bay 4,Port Coquitlam Station @ Bay 4,53740,Port Coquitlam Station,52650,53430,in_service_layover,57.67215676675651,67.20762817981993,53.78005876967768,780,13.0,14:37:30,14:50:30,False,,no_dispenser,0
2160925,heavy,160.0,4.0,40-ft,PCT,1,MF,14851447,14851520,160,160,53740,53740,Port Coquitlam Station @ Bay 4,Port Coquitlam Station @ Bay 4,53740,Port Coquitlam Station,53670,54210,in_service_layover,58.189382160451196,64.99309817349655,38.37295831357579,540,9.0,14:54:30,15:03:30,False,,no_dispenser,0
2160912,heavy,160.0,1.0,40-ft,PCT,1,MF,14851479,14851551,160,160,53740,53740,Port Coquitlam Station @ Bay 4,Port Coquitlam Station @ Bay 4,53740,Port Coquitlam Station,54630,55110,in_service_layover,56.62280710554411,62.82975140752469,35.007165863170485,480,8.0,15:10:30,15:18:30,False,,no_dispenser,0
2160924,heavy,183.0,1.0,40-ft,PCT,1,MF,14854964,14851521,188,160,53348,53740,Port Coquitlam Station @ Bay 6,Port Coquitlam Station @ Bay 4,53348,Port Coquitlam Station,55410,56010,in_service_layover,63.26340472796418,70.1130513199219,38.63200677864148,600,10.0,15:23:30,15:33:30,False,,no_dispenser,0
2160922,heavy,160.0,2.0,40-ft,PCT,1,MF,14851436,14851522,160,160,53740,53740,Port Coquitlam Station @ Bay 4,Port Coquitlam Station @ Bay 4,53740,Port Coquitlam Station,55770,56910,in_service_layover,51.45866536700873,65.68030458161729,80.21004517039228,1140,19.0,15:29:30,15:48:30,False,,no_dispenser,0
2160921,heavy,160.0,5.0,40-ft,PCT,1,MF,14851437,14851523,160,160,53740,53740,Port Coquitlam Station @ Bay 4,Port Coquitlam Station @ Bay 4,53740,Port Coquitlam Station,56670,57810,in_service_layover,42.73289308211362,57.443324045718335,82.9668306347306,1140,19.0,15:44:30,16:03:30,False,,no_dispenser,0
2160919,heavy,160.0,6.0,40-ft,PCT,1,MF,14851439,14851525,160,160,53740,53740,Port Coquitlam Station @ Bay 4,Port Coquitlam Station @ Bay 4,53740,Port Coquitlam Station,58470,59490,in_service_layover,43.47171228279793,56.655568357098595,74.35694825905577,1020,17.0,16:14:30,16:31:30,False,,no_dispenser,0
2160918,heavy,160.0,3.0,40-ft,PCT,1,MF,14851440,14851526,160,160,53740,53740,Port Coquitlam Station @ Bay 4,Port Coquitlam Station @ Bay 4,53740,Port Coquitlam Station,59670,60330,in_service_layover,52.33796749567434,60.93222435099626,48.471608664015605,660,11.0,16:34:30,16:45:30,False,,no_dispenser,0
2160923,heavy,160.0,7.0,40-ft,PCT,1,MF,14851441,14851527,160,160,53740,53740,Port Coquitlam Station @ Bay 4,Port Coquitlam Station @ Bay 4,53740,Port Coquitlam Station,60630,60990,in_service_layover,50.27089202856045,54.92898278102677,26.27163184391003,360,6.0,16:50:30,16:56:30,False,,no_dispenser,0
2161035,heavy,183.0,6.0,40-ft,PCT,1,MF,14854969,14855051,188,188,53348,53767,Port Coquitlam Station @ Bay 6,Port Coquitlam Station @ Bay 5,53348,Port Coquitlam Station,60930,61110,in_service_layover,56.44519725762363,58.8192670340224,13.389753538889067,180,3.0,16:55:30,16:58:30,False,,no_dispenser,0
2160913,heavy,183.0,3.0,40-ft,PCT,1,MF,14854970,14855052,188,188,53348,53767,Port Coquitlam Station @ Bay 6,Port Coquitlam Station @ Bay 5,53348,Port Coquitlam Station,61590,61890,in_service_layover,60.93641569840601,64.69312871859478,21.18786143386467,300,5.0,17:06:30,17:11:30,False,,no_dispenser,0
2160917,heavy,160.0,8.0,40-ft,PCT,1,MF,14851442,14851528,160,160,53740,53740,Port Coquitlam Station @ Bay 4,Port Coquitlam Station @ Bay 4,53740,Port Coquitlam Station,61710,62190,in_service_layover,52.49854389635242,58.78931489911735,35.47994845559418,480,8.0,17:08:30,17:16:30,False,,no_dispenser,0
2160914,heavy,183.0,8.0,40-ft,PCT,1,MF,14851482,14851550,160,160,53740,53740,Port Coquitlam Station @ Bay 4,Port Coquitlam Station @ Bay 4,53740,Port Coquitlam Station,62550,63090,in_service_layover,52.087344783945724,59.15734277003823,39.874788641561736,540,9.0,17:22:30,17:31:30,False,,no_dispenser,0
2161036,heavy,183.0,2.0,40-ft,PCT,1,MF,14854975,14855007,188,188,53348,53767,Port Coquitlam Station @ Bay 6,Port Coquitlam Station @ Bay 5,53348,Port Coquitlam Station,63270,63930,in_service_layover,67.61988917604197,74.40341612050757,38.259091966786,660,11.0,17:34:30,17:45:30,False,,no_dispenser,0
2160916,heavy,151.0,14.0,40-ft,PCT,1,MF,14851448,14851535,160,160,53740,53740,Port Coquitlam Station @ Bay 4,Port Coquitlam Station @ Bay 4,53740,Port Coquitlam Station,63450,64110,in_service_layover,53.36315994173568,61.9231840340076,48.27853588041353,660,11.0,17:37:30,17:48:30,False,,no_dispenser,0
2160915,heavy,183.0,32.0,40-ft,PCT,1,MF,14854976,14851547,188,160,53348,53740,Port Coquitlam Station @ Bay 6,Port Coquitlam Station @ Bay 4,53348,Port Coquitlam Station,64170,65010,in_service_layover,68.02091376250048,76.2032521529071,46.14838852189337,840,14.0,17:49:30,18:03:30,False,,no_dispenser,0
2160925,heavy,160.0,4.0,40-ft,PCT,1,MF,14851449,14855005,160,188,53740,53767,Port Coquitlam Station @ Bay 4,Port Coquitlam Station @ Bay 5,53740,Port Coquitlam Station,64230,65190,in_service_layover,51.95893661970491,64.14704844968972,68.7409507211143,960,16.0,17:50:30,18:06:30,False,,no_dispenser,0
2160912,heavy,160.0,1.0,40-ft,PCT,1,MF,14851478,14851548,160,160,53740,53740,Port Coquitlam Station @ Bay 4,Port Coquitlam Station @ Bay 4,53740,Port Coquitlam Station,65430,66030,in_service_layover,52.12462194902865,59.96643403686286,44.22782017538492,600,10.0,18:10:30,18:20:30,False,,no_dispenser,0
2161035,heavy,183.0,6.0,40-ft,PCT,1,MF,14854974,14855006,188,188,53348,53767,Port Coquitlam Station @ Bay 6,Port Coquitlam Station @ Bay 5,53348,Port Coquitlam Station,66330,66570,in_service_layover,55.85799223765401,59.0224822561138,17.847723704113207,240,4.0,18:25:30,18:29:30,False,,no_dispenser,0
2160921,heavy,160.0,5.0,40-ft,PCT,1,MF,14851452,14851530,160,160,53740,53740,Port Coquitlam Station @ Bay 4,Port Coquitlam Station @ Bay 4,53740,Port Coquitlam Station,67470,67830,in_service_layover,45.85769165984498,50.450944026467695,25.9059433477521,360,6.0,18:44:30,18:50:30,False,,no_dispenser,0
2161037,heavy,701.0,1.0,40-ft,PCT,1,MF,14854996,14855054,188,188,53348,53767,Port Coquitlam Station @ Bay 6,Port Coquitlam Station @ Bay 5,53348,Port Coquitlam Station,67650,68370,in_service_layover,37.380608011494516,46.50018565956604,51.434417935123406,720,12.0,18:47:30,18:59:30,False,,no_dispenser,0
2160830,heavy,152.0,47.0,40-ft,PCT,1,MF,14854946,14855000,188,188,53348,53767,Port Coquitlam Station @ Bay 6,Port Coquitlam Station @ Bay 5,53348,Port Coquitlam Station,68670,69510,in_service_layover,67.86367511398326,76.07774276727514,46.327341564566154,840,14.0,19:04:30,19:18:30,False,,no_dispenser,0
2160919,heavy,160.0,6.0,40-ft,PCT,1,MF,14851454,14851532,160,160,53740,53740,Port Coquitlam Station @ Bay 4,Port Coquitlam Station @ Bay 4,53740,Port Coquitlam Station,69090,69630,in_service_layover,47.42130174027665,54.38211225476238,39.258971301699546,540,9.0,19:11:30,19:20:30,False,,no_dispenser,0
2160918,heavy,160.0,3.0,40-ft,PCT,1,MF,14851455,14851533,160,160,53740,53740,Port Coquitlam Station @ Bay 4,Port Coquitlam Station @ Bay 4,53740,Port Coquitlam Station,70110,70530,in_service_layover,53.98675892322963,59.50538402829109,31.125045592546655,420,7.0,19:28:30,19:35:30,False,,no_dispenser,0
2160917,heavy,160.0,8.0,40-ft,PCT,1,MF,14851457,14851534,160,160,53740,53740,Port Coquitlam Station @ Bay 4,Port Coquitlam Station @ Bay 4,53740,Port Coquitlam Station,71070,71490,in_service_layover,45.65888836331786,51.024565244863595,30.262417611917954,420,7.0,19:44:30,19:51:30,False,,no_dispenser,0
2161035,heavy,183.0,6.0,40-ft,PCT,1,MF,14854989,14855015,188,188,53348,53767,Port Coquitlam Station @ Bay 6,Port Coquitlam Station @ Bay 5,53348,Port Coquitlam Station,71550,72090,in_service_layover,61.13278782173368,67.61406092675377,36.5543803123133,540,9.0,19:52:30,20:01:30,False,,no_dispenser,0
2160914,heavy,183.0,8.0,40-ft,PCT,1,MF,14851477,14851549,160,160,53740,53740,Port Coquitlam Station @ Bay 4,Port Coquitlam Station @ Bay 4,53740,Port Coquitlam Station,71970,72390,in_service_layover,46.03316133626668,51.40388837107239,30.290900476304216,420,7.0,19:59:30,20:06:30,False,,no_dispenser,0
2160916,heavy,151.0,14.0,40-ft,PCT,1,MF,14851473,14851536,160,160,53740,53740,Port Coquitlam Station @ Bay 4,Port Coquitlam Station @ Bay 4,53740,Port Coquitlam Station,72750,73530,in_service_layover,50.44241632277188,60.572808101052104,57.13540962950049,780,13.0,20:12:30,20:25:30,False,,no_dispenser,0
2160915,heavy,183.0,32.0,40-ft,PCT,1,MF,14851474,14851546,160,160,53740,53740,Port Coquitlam Station @ Bay 4,Port Coquitlam Station @ Bay 4,53740,Port Coquitlam Station,73650,74730,in_service_layover,63.677682581269615,74.67163287677789,62.005879666666715,1080,18.0,20:27:30,20:45:30,False,,no_dispenser,0
2160912,heavy,160.0,1.0,40-ft,PCT,1,MF,14851475,14855008,160,188,53740,53767,Port Coquitlam Station @ Bay 4,Port Coquitlam Station @ Bay 5,53740,Port Coquitlam Station,74490,75150,in_service_layover,50.80785587790631,59.420914097915144,48.57764836084982,660,11.0,20:41:30,20:52:30,False,,no_dispenser,0
2160913,heavy,183.0,3.0,40-ft,PCT,1,MF,14854973,14855010,188,188,53348,53767,Port Coquitlam Station @ Bay 6,Port Coquitlam Station @ Bay 5,53348,Port Coquitlam Station,78330,78810,in_service_layover,67.24369765869773,72.43012342328173,29.251441312253746,480,8.0,21:45:30,21:53:30,False,,no_dispenser,0
2160918,heavy,160.0,3.0,40-ft,PCT,1,MF,14851471,14851539,160,160,53740,53740,Port Coquitlam Station @ Bay 4,Port Coquitlam Station @ Bay 4,53740,Port Coquitlam Station,78690,79470,in_service_layover,52.61652819113418,62.661878938407035,56.65577821461886,780,13.0,21:51:30,22:04:30,False,,no_dispenser,0
2160914,heavy,183.0,8.0,40-ft,PCT,1,MF,14851476,14851540,160,160,53740,53740,Port Coquitlam Station @ Bay 4,Port Coquitlam Station @ Bay 4,53740,Port Coquitlam Station,80310,81390,in_service_layover,44.40115986623187,58.34954004699122,78.66886421948274,1080,18.0,22:18:30,22:36:30,False,,no_dispenser,0
2160912,heavy,160.0,1.0,40-ft,PCT,1,MF,14854993,14855013,188,188,53348,53767,Port Coquitlam Station @ Bay 6,Port Coquitlam Station @ Bay 5,53348,Port Coquitlam Station,81690,82410,in_service_layover,54.50237507064245,63.714454555805986,51.95612829632233,720,12.0,22:41:30,22:53:30,False,,no_dispenser,0
2160915,heavy,183.0,32.0,40-ft,PCT,1,MF,14851459,14851541,160,160,53740,53740,Port Coquitlam Station @ Bay 4,Port Coquitlam Station @ Bay 4,53740,Port Coquitlam Station,82830,83430,in_service_layover,69.52258929528774,75.50301321053693,33.72959088200537,600,10.0,23:00:30,23:10:30,False,,no_dispenser,0
2160918,heavy,160.0,3.0,40-ft,PCT,1,MF,14851461,14851543,160,160,53740,53740,Port Coquitlam Station @ Bay 4,Port Coquitlam Station @ Bay 4,53740,Port Coquitlam Station,86250,86910,in_service_layover,52.71599359791506,61.29965301990612,48.4118391400296,660,11.0,23:57:30,24:08:30,False,,no_dispenser,0
2160913,heavy,183.0,3.0,40-ft,PCT,1,MF,14854992,14855012,188,188,53348,53767,Port Coquitlam Station @ Bay 6,Port Coquitlam Station @ Bay 5,53348,Port Coquitlam Station,87030,87270,in_service_layover,67.3769964502548,70.10038089708681,15.359888280132623,240,4.0,24:10:30,24:14:30,False,,no_dispenser,0
2160914,heavy,183.0,8.0,40-ft,PCT,1,MF,14851462,14851544,160,160,53740,53740,Port Coquitlam Station @ Bay 4,Port Coquitlam Station @ Bay 4,53740,Port Coquitlam Station,88050,88710,in_service_layover,46.78281758673263,55.30879449086753,48.08650973932083,660,11.0,24:27:30,24:38:30,False,,no_dispenser,0
2160915,heavy,183.0,32.0,40-ft,PCT,1,MF,14851463,14851545,160,160,53740,53740,Port Coquitlam Station @ Bay 4,Port Coquitlam Station @ Bay 4,53740,Port Coquitlam Station,89730,90510,in_service_layover,62.44836194210522,71.16613545621765,49.16824261959408,780,13.0,24:55:30,25:08:30,False,,no_dispenser,0
2160913,heavy,183.0,3.0,40-ft,PCT,1,MF,14854991,14855011,188,188,53348,53767,Port Coquitlam Station @ Bay 6,Port Coquitlam Station @ Bay 5,53348,Port Coquitlam Station,90510,90810,in_service_layover,65.74704826772673,69.21568678385015,19.56312123093602,300,5.0,25:08:30,25:13:30,False,,no_dispenser,0
2162260,heavy,403.0,37.0,40-ft,RTC,1,MF,14871371,14872914,403,408,56600,60483,Westbound Steveston Hwy @ No. 5 Rd,Richmond-Brighouse Station @ Bay 1,60483,Richmond-Brighouse Station,5910,6210,interline_end,40.465149589528906,44.259941491072716,21.402626324707057,300,5.0,01:38:30,01:43:30,False,,no_dispenser,0
2162258,heavy,403.0,36.0,40-ft,RTC,1,MF,14871369,14885960,403,N10,56600,60483,Westbound Steveston Hwy @ No. 5 Rd,Richmond-Brighouse Station @ Bay 1,60483,Richmond-Brighouse Station,7710,8010,interline_end,20.865779462069877,24.575560403745072,20.9231645110481,300,5.0,02:08:30,02:13:30,False,,no_dispenser,0
2162208,heavy,403.0,1.0,40-ft,RTC,1,MF,14870889,14885962,401,N10,56517,60483,Steveston Exchange @ Bay 3,Richmond-Brighouse Station @ Bay 1,60483,Richmond-Brighouse Station,11310,11610,interline_end,50.28845433596656,54.16213320453771,21.847548818741302,300,5.0,03:08:30,03:13:30,False,,no_dispenser,0
2162203,heavy,401.0,2.0,40-ft,RTC,1,MF,14871125,14871184,402,402,60482,60483,Richmond-Brighouse Station @ Bay 2,Richmond-Brighouse Station @ Bay 1,60482,Richmond-Brighouse Station,25710,26070,in_service_layover,63.17803020375522,67.48437652671934,24.287793261517663,360,6.0,07:08:30,07:14:30,False,,no_dispenser,0
2162295,heavy,401.0,6.0,40-ft,RTC,1,MF,14872153,14872242,406,406,60482,60483,Richmond-Brighouse Station @ Bay 2,Richmond-Brighouse Station @ Bay 1,60482,Richmond-Brighouse Station,26670,27030,in_service_layover,66.41411624657336,70.4750462849372,22.903645416372115,360,6.0,07:24:30,07:30:30,False,,no_dispenser,0
2162224,heavy,401.0,10.0,40-ft,RTC,1,MF,14871126,14871185,402,402,60482,60483,Richmond-Brighouse Station @ Bay 2,Richmond-Brighouse Station @ Bay 1,60482,Richmond-Brighouse Station,26790,26970,in_service_layover,67.31327018011851,69.38269452342917,11.671553296272066,180,3.0,07:26:30,07:29:30,False,,no_dispenser,0
2162229,heavy,401.0,1.0,40-ft,RTC,1,MF,14872935,14872855,408,408,60482,60483,Richmond-Brighouse Station @ Bay 2,Richmond-Brighouse Station @ Bay 1,60482,Richmond-Brighouse Station,27210,27390,in_service_layover,63.69888831431394,65.89750929607585,12.400222337137222,180,3.0,07:33:30,07:36:30,False,,no_dispenser,0
2162291,heavy,401.0,11.0,40-ft,RTC,1,MF,14872154,14872243,406,406,60482,60483,Richmond-Brighouse Station @ Bay 2,Richmond-Brighouse Station @ Bay 1,60482,Richmond-Brighouse Station,27390,27750,in_service_layover,66.41411624657336,70.4750462849372,22.903645416372115,360,6.0,07:36:30,07:42:30,False,,no_dispenser,0
2162223,heavy,401.0,8.0,40-ft,RTC,1,MF,14872155,14872244,406,406,60482,60483,Richmond-Brighouse Station @ Bay 2,Richmond-Brighouse Station @ Bay 1,60482,Richmond-Brighouse Station,28170,28470,in_service_layover,61.69051392939857,65.40265849621899,20.93649535686717,300,5.0,07:49:30,07:54:30,False,,no_dispenser,0
2162286,heavy,405.0,3.0,40-ft,RTC,1,MF,14873003,14872920,408,408,60482,60483,Richmond-Brighouse Station @ Bay 2,Richmond-Brighouse Station @ Bay 1,60482,Richmond-Brighouse Station,29370,29550,in_service_layover,65.88842291090019,68.00940082186118,11.96231541781998,180,3.0,08:09:30,08:12:30,False,,no_dispenser,0
2162203,heavy,401.0,2.0,40-ft,RTC,1,MF,14871129,14871188,402,402,60482,60483,Richmond-Brighouse Station @ Bay 2,Richmond-Brighouse Station @ Bay 1,60482,Richmond-Brighouse Station,29490,29670,in_service_layover,59.05210146596157,61.41362920437864,13.319016444672286,180,3.0,08:11:30,08:14:30,False,,no_dispenser,0
2162227,heavy,401.0,9.0,40-ft,RTC,1,MF,14872157,14872246,406,406,60482,60483,Richmond-Brighouse Station @ Bay 2,Richmond-Brighouse Station @ Bay 1,60482,Richmond-Brighouse Station,29550,29910,in_service_layover,62.3037409470956,66.67226995793987,24.63850362116176,360,6.0,08:12:30,08:18:30,False,,no_dispenser,0
2162229,heavy,401.0,1.0,40-ft,RTC,1,MF,14872939,14872859,408,408,60482,60483,Richmond-Brighouse Station @ Bay 2,Richmond-Brighouse Station @ Bay 1,60482,Richmond-Brighouse Station,30810,30990,in_service_layover,59.07119863363582,61.43223317866118,13.316234833943042,180,3.0,08:33:30,08:36:30,False,,no_dispenser,0
2162295,heavy,401.0,6.0,40-ft,RTC,1,MF,14872159,14872248,406,406,60482,60483,Richmond-Brighouse Station @ Bay 2,Richmond-Brighouse Station @ Bay 1,60482,Richmond-Brighouse Station,30990,31350,in_service_layover,61.69268018512426,66.10454683866153,24.8829279259503,360,6.0,08:36:30,08:42:30,False,,no_dispenser,0
2162225,heavy,401.0,15.0,40-ft,RTC,1,MF,14871131,14871191,402,402,60482,60483,Richmond-Brighouse Station @ Bay 2,Richmond-Brighouse Station @ Bay 1,60482,Richmond-Brighouse Station,31410,32370,in_service_layover,67.31327018011851,76.54474230492556,52.06550278391177,960,16.0,08:43:30,08:59:30,False,,no_dispenser,0
2162317,heavy,401.0,13.0,40-ft,RTC,1,MF,14872940,14872860,408,408,60482,60483,Richmond-Brighouse Station @ Bay 2,Richmond-Brighouse Station @ Bay 1,60482,Richmond-Brighouse Station,31530,31770,in_service_layover,65.88842291090019,68.687440948772,15.78646173359698,240,4.0,08:45:30,08:49:30,False,,no_dispenser,0
2162291,heavy,401.0,11.0,40-ft,RTC,1,MF,14872160,14872249,406,406,60482,60483,Richmond-Brighouse Station @ Bay 2,Richmond-Brighouse Station @ Bay 1,60482,Richmond-Brighouse Station,31710,32070,in_service_layover,61.69268018512426,66.10454683866153,24.8829279259503,360,6.0,08:48:30,08:54:30,False,,no_dispenser,0
2162281,heavy,401.0,14.0,40-ft,RTC,1,MF,14872941,14872861,408,408,60482,60483,Richmond-Brighouse Station @ Bay 2,Richmond-Brighouse Station @ Bay 1,60482,Richmond-Brighouse Station,32310,32670,in_service_layover,66.21585182184141,70.2925590896827,22.99262899062495,360,6.0,08:58:30,09:04:30,False,,no_dispenser,0
2162228,heavy,401.0,5.0,40-ft,RTC,1,MF,14871132,14871192,402,402,60482,60483,Richmond-Brighouse Station @ Bay 2,Richmond-Brighouse Station @ Bay 1,60482,Richmond-Brighouse Station,32370,33270,in_service_layover,53.450246811298065,64.82108350551276,64.1315189553709,900,15.0,08:59:30,09:14:30,False,,no_dispenser,0
2162223,heavy,401.0,8.0,40-ft,RTC,1,MF,14872161,14872250,406,406,60482,60483,Richmond-Brighouse Station @ Bay 2,Richmond-Brighouse Station @ Bay 1,60482,Richmond-Brighouse Station,32430,32790,in_service_layover,56.620292396406036,61.33712698922062,26.602947103474264,360,6.0,09:00:30,09:06:30,False,,no_dispenser,0
2162286,heavy,405.0,3.0,40-ft,RTC,1,MF,14873002,14872919,408,408,60482,60483,Richmond-Brighouse Station @ Bay 2,Richmond-Brighouse Station @ Bay 1,60482,Richmond-Brighouse Station,32970,33570,in_service_layover,61.18309015942114,68.300272328707,40.14090743477226,600,10.0,09:09:30,09:19:30,False,,no_dispenser,0
2162208,heavy,403.0,1.0,40-ft,RTC,1,MF,14871792,14871755,404,404,60482,60483,Richmond-Brighouse Station @ Bay 2,Richmond-Brighouse Station @ Bay 1,60482,Richmond-Brighouse Station,33270,34110,in_service_layover,66.26645708031664,74.7993750104592,48.125657126004,840,14.0,09:14:30,09:28:30,False,,no_dispenser,0
2162201,heavy,401.0,12.0,40-ft,RTC,1,MF,14871133,14871193,402,402,60482,60483,Richmond-Brighouse Station @ Bay 2,Richmond-Brighouse Station @ Bay 1,60482,Richmond-Brighouse Station,33270,34170,in_service_layover,59.36087516380009,69.79703912733454,58.85996475433427,900,15.0,09:14:30,09:29:30,False,,no_dispenser,0
2162227,heavy,401.0,9.0,40-ft,RTC,1,MF,14872163,14872252,406,406,60482,60483,Richmond-Brighouse Station @ Bay 2,Richmond-Brighouse Station @ Bay 1,60482,Richmond-Brighouse Station,33870,34230,in_service_layover,57.88990385812692,62.55939783222736,26.335946013926446,360,6.0,09:24:30,09:30:30,False,,no_dispenser,0
2162224,heavy,401.0,10.0,40-ft,RTC,1,MF,14871134,14871194,402,402,60482,60483,Richmond-Brighouse Station @ Bay 2,Richmond-Brighouse Station @ Bay 1,60482,Richmond-Brighouse Station,34290,35310,in_service_layover,52.5181444019136,65.31810716906298,72.19179000672256,1020,17.0,09:31:30,09:48:30,False,,no_dispenser,0
2162298,heavy,401.0,17.0,40-ft,RTC,1,MF,14872164,14872253,406,406,60482,60483,Richmond-Brighouse Station @ Bay 2,Richmond-Brighouse Station @ Bay 1,60482,Richmond-Brighouse Station,34590,34950,in_service_layover,66.41411624657336,70.4750462849372,22.903645416372115,360,6.0,09:36:30,09:42:30,False,,no_dispenser,0
2162257,heavy,403.0,4.0,40-ft,RTC,1,MF,14871793,14871756,404,404,60482,60483,Richmond-Brighouse Station @ Bay 2,Richmond-Brighouse Station @ Bay 1,60482,Richmond-Brighouse Station,35070,35910,in_service_layover,63.72288810395387,72.75060559209376,50.91632663310901,840,14.0,09:44:30,09:58:30,False,,no_dispenser,0
2162206,heavy,401.0,16.0,40-ft,RTC,1,MF,14871135,14870838,402,401,60482,59982,Richmond-Brighouse Station @ Bay 2,Southbound Buswell St @ Cook Rd,60482,Richmond-Brighouse Station,35190,36150,in_service_layover,62.16653037585635,72.54805801217209,58.55181586882077,960,16.0,09:46:30,10:02:30,False,,no_dispenser,0
2162295,heavy,401.0,6.0,40-ft,RTC,1,MF,14872165,14872254,406,406,60482,60483,Richmond-Brighouse Station @ Bay 2,Richmond-Brighouse Station @ Bay 1,60482,Richmond-Brighouse Station,35310,35670,in_service_layover,57.322180738848594,62.016133983501135,26.473896299840305,360,6.0,09:48:30,09:54:30,False,,no_dispenser,0
2162225,heavy,401.0,15.0,40-ft,RTC,1,MF,14871136,14871195,402,402,60482,60483,Richmond-Brighouse Station @ Bay 2,Richmond-Brighouse Station @ Bay 1,60482,Richmond-Brighouse Station,35970,36630,in_service_layover,68.11246724416779,74.81852325827435,37.82215591956111,660,11.0,09:59:30,10:10:30,False,,no_dispenser,0
2162291,heavy,401.0,11.0,40-ft,RTC,1,MF,14872166,14872255,406,406,60482,60483,Richmond-Brighouse Station @ Bay 2,Richmond-Brighouse Station @ Bay 1,60482,Richmond-Brighouse Station,36030,36390,in_service_layover,57.322180738848594,62.016133983501135,26.473896299840305,360,6.0,10:00:30,10:06:30,False,,no_dispenser,0
2162281,heavy,401.0,14.0,40-ft,RTC,1,MF,14872945,14872864,408,408,60482,60483,Richmond-Brighouse Station @ Bay 2,Richmond-Brighouse Station @ Bay 1,60482,Richmond-Brighouse Station,36150,36330,in_service_layover,63.46624842724267,65.6731190503901,12.44675031455148,180,3.0,10:02:30,10:05:30,False,,no_dispenser,0
2162223,heavy,401.0,8.0,40-ft,RTC,1,MF,14872167,14872256,406,406,60482,60483,Richmond-Brighouse Station @ Bay 2,Richmond-Brighouse Station @ Bay 1,60482,Richmond-Brighouse Station,36750,37110,in_service_layover,52.55476088940767,57.25727723942197,26.522192214080633,360,6.0,10:12:30,10:18:30,False,,no_dispenser,0
2162228,heavy,401.0,5.0,40-ft,RTC,1,MF,14871137,14872257,402,406,60482,60483,Richmond-Brighouse Station @ Bay 2,Richmond-Brighouse Station @ Bay 1,60482,Richmond-Brighouse Station,36870,37830,in_service_layover,56.38880844475498,67.99644320289985,65.46706003593704,960,16.0,10:14:30,10:30:30,False,,no_dispenser,0
2162286,heavy,405.0,3.0,40-ft,RTC,1,MF,14873001,14872918,408,408,60482,60483,Richmond-Brighouse Station @ Bay 2,Richmond-Brighouse Station @ Bay 1,60482,Richmond-Brighouse Station,37050,37230,in_service_layover,61.47396166626695,63.75148075611564,12.845207666746603,180,3.0,10:17:30,10:20:30,False,,no_dispenser,0
2162201,heavy,401.0,12.0,40-ft,RTC,1,MF,14871138,14871196,402,402,60482,60483,Richmond-Brighouse Station @ Bay 2,Richmond-Brighouse Station @ Bay 1,60482,Richmond-Brighouse Station,37890,38190,in_service_layover,61.36476406657676,65.09616098935591,21.045078644474415,300,5.0,10:31:30,10:36:30,False,,no_dispenser,0
2162229,heavy,401.0,1.0,40-ft,RTC,1,MF,14872946,14872865,408,408,60482,60483,Richmond-Brighouse Station @ Bay 2,Richmond-Brighouse Station @ Bay 1,60482,Richmond-Brighouse Station,37950,38190,in_service_layover,47.779611853781084,50.84526409444051,17.290278637319147,240,4.0,10:32:30,10:36:30,False,,no_dispenser,0
2162227,heavy,401.0,9.0,40-ft,RTC,1,MF,14872169,14872258,406,406,60482,60483,Richmond-Brighouse Station @ Bay 2,Richmond-Brighouse Station @ Bay 1,60482,Richmond-Brighouse Station,38490,38790,in_service_layover,53.77703173241441,57.70726016113707,22.166488337995816,300,5.0,10:41:30,10:46:30,False,,no_dispenser,0
2162208,heavy,403.0,1.0,40-ft,RTC,1,MF,14871795,14871758,404,404,60482,60483,Richmond-Brighouse Station @ Bay 2,Richmond-Brighouse Station @ Bay 1,60482,Richmond-Brighouse Station,38610,39510,in_service_layover,67.14207644205663,75.96577687455746,49.76567043930464,900,15.0,10:43:30,10:58:30,False,,no_dispenser,0
2162317,heavy,401.0,13.0,40-ft,RTC,1,MF,14872947,14872866,408,408,60482,60483,Richmond-Brighouse Station @ Bay 2,Richmond-Brighouse Station @ Bay 1,60482,Richmond-Brighouse Station,38850,39090,in_service_layover,55.034819623891906,58.188634792647186,17.787517551779786,240,4.0,10:47:30,10:51:30,False,,no_dispenser,0
2162295,heavy,401.0,6.0,40-ft,RTC,1,MF,14872170,14872259,406,406,60482,60483,Richmond-Brighouse Station @ Bay 2,Richmond-Brighouse Station @ Bay 1,60482,Richmond-Brighouse Station,39390,39630,in_service_layover,53.233767883688174,56.36422712889196,17.655790142949343,240,4.0,10:56:30,11:00:30,False,,no_dispenser,0
2162224,heavy,401.0,10.0,40-ft,RTC,1,MF,14871139,14871197,402,402,60482,60483,Richmond-Brighouse Station @ Bay 2,Richmond-Brighouse Station @ Bay 1,60482,Richmond-Brighouse Station,39450,39990,in_service_layover,56.88583210830521,63.79809222368428,38.98514705073791,540,9.0,10:57:30,11:06:30,False,,no_dispenser,0
2162281,heavy,401.0,14.0,40-ft,RTC,1,MF,14872948,14872867,408,408,60482,60483,Richmond-Brighouse Station @ Bay 2,Richmond-Brighouse Station @ Bay 1,60482,Richmond-Brighouse Station,39750,39990,in_service_layover,58.84680838795005,61.977362385516365,17.65632454627405,240,4.0,11:02:30,11:06:30,False,,no_dispenser,0
2162291,heavy,401.0,11.0,40-ft,RTC,1,MF,14872171,14872260,406,406,60482,60483,Richmond-Brighouse Station @ Bay 2,Richmond-Brighouse Station @ Bay 1,60482,Richmond-Brighouse Station,40290,40530,in_service_layover,53.233767883688174,56.36422712889196,17.655790142949343,240,4.0,11:11:30,11:15:30,False,,no_dispenser,0
2162257,heavy,403.0,4.0,40-ft,RTC,1,MF,14871796,14871759,404,404,60482,60483,Richmond-Brighouse Station @ Bay 2,Richmond-Brighouse Station @ Bay 1,60482,Richmond-Brighouse Station,40410,41310,in_service_layover,65.09330702369121,74.35149208736476,52.21616375911884,900,15.0,11:13:30,11:28:30,False,,no_dispenser,0
2162286,heavy,405.0,3.0,40-ft,RTC,1,MF,14873000,14872917,408,408,60482,60483,Richmond-Brighouse Station @ Bay 2,Richmond-Brighouse Station @ Bay 1,60482,Richmond-Brighouse Station,40650,40890,in_service_layover,56.92517009367559,60.09447650877948,17.874888181185952,240,4.0,11:17:30,11:21:30,False,,no_dispenser,0
2162223,heavy,401.0,8.0,40-ft,RTC,1,MF,14872172,14872261,406,406,60482,60483,Richmond-Brighouse Station @ Bay 2,Richmond-Brighouse Station @ Bay 1,60482,Richmond-Brighouse Station,41190,41430,in_service_layover,48.47491113960902,51.54669049934515,17.324835588911753,240,4.0,11:26:30,11:30:30,False,,no_dispenser,0
2162225,heavy,401.0,15.0,40-ft,RTC,1,MF,14871140,14871198,402,402,60482,60483,Richmond-Brighouse Station @ Bay 2,Richmond-Brighouse Station @ Bay 1,60482,Richmond-Brighouse Station,41250,41790,in_service_layover,66.38624819751658,72.24965599694659,33.069619988785234,540,9.0,11:27:30,11:36:30,False,,no_dispenser,0
2162229,heavy,401.0,1.0,40-ft,RTC,1,MF,14872949,14872868,408,408,60482,60483,Richmond-Brighouse Station @ Bay 2,Richmond-Brighouse Station @ Bay 1,60482,Richmond-Brighouse Station,41550,41790,in_service_layover,44.018953432000465,47.06514323445132,17.180510485822793,240,4.0,11:32:30,11:36:30,False,,no_dispenser,0
2162228,heavy,401.0,5.0,40-ft,RTC,1,MF,14872173,14872262,406,406,60482,60483,Richmond-Brighouse Station @ Bay 2,Richmond-Brighouse Station @ Bay 1,60482,Richmond-Brighouse Station,42090,42330,in_service_layover,59.21407710308689,62.330282459323406,17.575398209173954,240,4.0,11:41:30,11:45:30,False,,no_dispenser,0
2162279,heavy,403.0,8.0,40-ft,RTC,1,MF,14871797,14871760,404,404,60482,60483,Richmond-Brighouse Station @ Bay 2,Richmond-Brighouse Station @ Bay 1,60482,Richmond-Brighouse Station,42210,43110,in_service_layover,62.59896201076817,72.37217206880709,55.120904727339564,900,15.0,11:43:30,11:58:30,False,,no_dispenser,0
2162317,heavy,401.0,13.0,40-ft,RTC,1,MF,14872950,14872869,408,408,60482,60483,Richmond-Brighouse Station @ Bay 2,Richmond-Brighouse Station @ Bay 1,60482,Richmond-Brighouse Station,42450,42690,in_service_layover,51.362324130207135,54.46851461274213,17.51891432149739,240,4.0,11:47:30,11:51:30,False,,no_dispenser,0
2162227,heavy,401.0,9.0,40-ft,RTC,1,MF,14872174,14872263,406,406,60482,60483,Richmond-Brighouse Station @ Bay 2,Richmond-Brighouse Station @ Bay 1,60482,Richmond-Brighouse Station,42990,43230,in_service_layover,48.92489406132412,52.00108973021968,17.349743572570958,240,4.0,11:56:30,12:00:30,False,,no_dispenser,0
2162201,heavy,401.0,12.0,40-ft,RTC,1,MF,14871141,14871199,402,402,60482,60483,Richmond-Brighouse Station @ Bay 2,Richmond-Brighouse Station @ Bay 1,60482,Richmond-Brighouse Station,43050,43590,in_service_layover,56.663885928598134,63.59182886551379,39.07359816420433,540,9.0,11:57:30,12:06:30,False,,no_dispenser,0
2162281,heavy,401.0,14.0,40-ft,RTC,1,MF,14872951,14872870,408,408,60482,60483,Richmond-Brighouse Station @ Bay 2,Richmond-Brighouse Station @ Bay 1,60482,Richmond-Brighouse Station,43350,43590,in_service_layover,55.15105172307633,58.30637418224541,17.796018669713646,240,4.0,12:02:30,12:06:30,False,,no_dispenser,0
2162295,heavy,401.0,6.0,40-ft,RTC,1,MF,14872175,14872264,406,406,60482,60483,Richmond-Brighouse Station @ Bay 2,Richmond-Brighouse Station @ Bay 1,60482,Richmond-Brighouse Station,43890,44130,in_service_layover,47.58186102907901,50.645925159675265,17.281321696562884,240,4.0,12:11:30,12:15:30,False,,no_dispenser,0
2162208,heavy,403.0,1.0,40-ft,RTC,1,MF,14871798,14871761,404,404,60482,60483,Richmond-Brighouse Station @ Bay 2,Richmond-Brighouse Station @ Bay 1,60482,Richmond-Brighouse Station,44010,44910,in_service_layover,68.3084783061549,76.88020178853202,48.34452044060697,900,15.0,12:13:30,12:28:30,False,,no_dispenser,0
2162286,heavy,405.0,3.0,40-ft,RTC,1,MF,14872999,14872916,408,408,60482,60483,Richmond-Brighouse Station @ Bay 2,Richmond-Brighouse Station @ Bay 1,60482,Richmond-Brighouse Station,44250,44490,in_service_layover,53.26816584633944,56.39907116211859,17.658305980994385,240,4.0,12:17:30,12:21:30,False,,no_dispenser,0
2162291,heavy,401.0,11.0,40-ft,RTC,1,MF,14872176,14872265,406,406,60482,60483,Richmond-Brighouse Station @ Bay 2,Richmond-Brighouse Station @ Bay 1,60482,Richmond-Brighouse Station,44790,45030,in_service_layover,47.58186102907901,50.645925159675265,17.281321696562884,240,4.0,12:26:30,12:30:30,False,,no_dispenser,0
2162224,heavy,401.0,10.0,40-ft,RTC,1,MF,14871142,14871200,402,402,60482,60483,Richmond-Brighouse Station @ Bay 2,Richmond-Brighouse Station @ Bay 1,60482,Richmond-Brighouse Station,44850,45390,in_service_layover,55.365817162926504,62.369198166090236,39.4990688578435,540,9.0,12:27:30,12:36:30,False,,no_dispenser,0
2162229,heavy,401.0,1.0,40-ft,RTC,1,MF,14872952,14872871,408,408,60482,60483,Richmond-Brighouse Station @ Bay 2,Richmond-Brighouse Station @ Bay 1,60482,Richmond-Brighouse Station,45150,45330,in_service_layover,40.238832572011276,42.51210291276289,12.821244721839122,180,3.0,12:32:30,12:35:30,False,,no_dispenser,0
2162223,heavy,401.0,8.0,40-ft,RTC,1,MF,14872177,14872266,406,406,60482,60483,Richmond-Brighouse Station @ Bay 2,Richmond-Brighouse Station @ Bay 1,60482,Richmond-Brighouse Station,45690,45930,in_service_layover,42.76432439953219,45.80614862246917,17.155888617364553,240,4.0,12:41:30,12:45:30,False,,no_dispenser,0
2162257,heavy,403.0,4.0,40-ft,RTC,1,MF,14871799,14871762,404,404,60482,60483,Richmond-Brighouse Station @ Bay 2,Richmond-Brighouse Station @ Bay 1,60482,Richmond-Brighouse Station,45810,46710,in_service_layover,66.69419351896218,75.6137595935962,50.30635266093577,900,15.0,12:43:30,12:58:30,False,,no_dispenser,0
2162317,heavy,401.0,13.0,40-ft,RTC,1,MF,14872953,14872872,408,408,60482,60483,Richmond-Brighouse Station @ Bay 2,Richmond-Brighouse Station @ Bay 1,60482,Richmond-Brighouse Station,46050,46290,in_service_layover,47.6422039503021,50.706745452556355,17.284014072714,240,4.0,12:47:30,12:51:30,False,,no_dispenser,0
2162228,heavy,401.0,5.0,40-ft,RTC,1,MF,14872178,14872267,406,406,60482,60483,Richmond-Brighouse Station @ Bay 2,Richmond-Brighouse Station @ Bay 1,60482,Richmond-Brighouse Station,46590,46830,in_service_layover,53.54791635951046,56.68244946201736,17.67876669813893,240,4.0,12:56:30,13:00:30,False,,no_dispenser,0
2162225,heavy,401.0,15.0,40-ft,RTC,1,MF,14871143,14871201,402,402,60482,60483,Richmond-Brighouse Station @ Bay 2,Richmond-Brighouse Station @ Bay 1,60482,Richmond-Brighouse Station,46650,47010,in_service_layover,63.81738093618882,68.07728496567566,24.025858726305785,360,6.0,12:57:30,13:03:30,False,,no_dispenser,0
2162281,heavy,401.0,14.0,40-ft,RTC,1,MF,14872954,14872873,408,408,60482,60483,Richmond-Brighouse Station @ Bay 2,Richmond-Brighouse Station @ Bay 1,60482,Richmond-Brighouse Station,46950,47190,in_service_layover,51.48006351980536,54.58778083919966,17.52752568138385,240,4.0,13:02:30,13:06:30,False,,no_dispenser,0
2162227,heavy,401.0,9.0,40-ft,RTC,1,MF,14872179,14872268,406,406,60482,60483,Richmond-Brighouse Station @ Bay 2,Richmond-Brighouse Station @ Bay 1,60482,Richmond-Brighouse Station,47490,47730,in_service_layover,43.21872363040673,46.2621289708869,17.16480612030813,240,4.0,13:11:30,13:15:30,False,,no_dispenser,0
2162279,heavy,403.0,8.0,40-ft,RTC,1,MF,14871800,14871763,404,404,60482,60483,Richmond-Brighouse Station @ Bay 2,Richmond-Brighouse Station @ Bay 1,60482,Richmond-Brighouse Station,47610,48510,in_service_layover,64.71487350040454,74.05218166934468,52.66241807282239,900,15.0,13:13:30,13:28:30,False,,no_dispenser,0
2162286,heavy,405.0,3.0,40-ft,RTC,1,MF,14872998,14872915,408,408,60482,60483,Richmond-Brighouse Station @ Bay 2,Richmond-Brighouse Station @ Bay 1,60482,Richmond-Brighouse Station,47850,48090,in_service_layover,49.572760499678544,52.6559368945138,17.38911486687084,240,4.0,13:17:30,13:21:30,False,,no_dispenser,0
2162295,heavy,401.0,6.0,40-ft,RTC,1,MF,14872180,14872269,406,406,60482,60483,Richmond-Brighouse Station @ Bay 2,Richmond-Brighouse Station @ Bay 1,60482,Richmond-Brighouse Station,48390,48630,in_service_layover,41.86355905986232,44.902248999587364,17.138211260049246,240,4.0,13:26:30,13:30:30,False,,no_dispenser,0
2162201,heavy,401.0,12.0,40-ft,RTC,1,MF,14871144,14871202,402,402,60482,60483,Richmond-Brighouse Station @ Bay 2,Richmond-Brighouse Station @ Bay 1,60482,Richmond-Brighouse Station,48390,48750,in_service_layover,55.159553804756015,59.897917681454736,26.724372264580836,360,6.0,13:26:30,13:32:30,False,,no_dispenser,0
2162229,heavy,401.0,1.0,40-ft,RTC,1,MF,14872992,14872909,408,408,60482,60483,Richmond-Brighouse Station @ Bay 2,Richmond-Brighouse Station @ Bay 1,60482,Richmond-Brighouse Station,48750,48990,in_service_layover,35.68579225032285,38.70298616889161,17.016973700727846,240,4.0,13:32:30,13:36:30,False,,no_dispenser,0
2162291,heavy,401.0,11.0,40-ft,RTC,1,MF,14872181,14872270,406,406,60482,60483,Richmond-Brighouse Station @ Bay 2,Richmond-Brighouse Station @ Bay 1,60482,Richmond-Brighouse Station,49290,49530,in_service_layover,41.86355905986232,44.902248999587364,17.138211260049246,240,4.0,13:41:30,13:45:30,False,,no_dispenser,0
2162208,heavy,403.0,1.0,40-ft,RTC,1,MF,14871801,14871764,404,404,60482,60483,Richmond-Brighouse Station @ Bay 2,Richmond-Brighouse Station @ Bay 1,60482,Richmond-Brighouse Station,49410,50250,in_service_layover,69.22290322012947,77.1606829907545,44.76907790632515,840,14.0,13:43:30,13:57:30,False,,no_dispenser,0
2162317,heavy,401.0,13.0,40-ft,RTC,1,MF,14872993,14872910,408,408,60482,60483,Richmond-Brighouse Station @ Bay 2,Richmond-Brighouse Station @ Bay 1,60482,Richmond-Brighouse Station,49710,49890,in_service_layover,43.88043479011631,46.163208559947144,12.874844061845891,180,3.0,13:48:30,13:51:30,False,,no_dispenser,0
2162223,heavy,401.0,8.0,40-ft,RTC,1,MF,14872182,14872271,406,406,60482,60483,Richmond-Brighouse Station @ Bay 2,Richmond-Brighouse Station @ Bay 1,60482,Richmond-Brighouse Station,50190,50430,in_service_layover,37.02378252265623,40.045632082670785,17.043231518482145,240,4.0,13:56:30,14:00:30,False,,no_dispenser,0
2162224,heavy,401.0,10.0,40-ft,RTC,1,MF,14871145,14871203,402,402,60482,60483,Richmond-Brighouse Station @ Bay 2,Richmond-Brighouse Station @ Bay 1,60482,Richmond-Brighouse Station,50190,50430,in_service_layover,53.936923105332454,57.076500822390756,17.70721832420878,240,4.0,13:56:30,14:00:30,False,,no_dispenser,0
2162228,heavy,401.0,5.0,40-ft,RTC,1,MF,14872183,14872272,406,406,60482,60483,Richmond-Brighouse Station @ Bay 2,Richmond-Brighouse Station @ Bay 1,60482,Richmond-Brighouse Station,51090,51330,in_service_layover,47.90008336220441,50.96673665307437,17.29592456050659,240,4.0,14:11:30,14:15:30,False,,no_dispenser,0
2162257,heavy,403.0,4.0,40-ft,RTC,1,MF,14871802,14871765,404,404,60482,60483,Richmond-Brighouse Station @ Bay 2,Richmond-Brighouse Station @ Bay 1,60482,Richmond-Brighouse Station,51330,52050,in_service_layover,67.95646102519363,75.19308016942948,40.81453197349015,720,12.0,14:15:30,14:27:30,False,,no_dispenser,0
2162225,heavy,401.0,15.0,40-ft,RTC,1,MF,14871146,14871204,402,402,60482,60483,Richmond-Brighouse Station @ Bay 2,Richmond-Brighouse Station @ Bay 1,60482,Richmond-Brighouse Station,51390,51630,in_service_layover,59.64500990491788,62.74153752547249,17.464415779928004,240,4.0,14:16:30,14:20:30,False,,no_dispenser,0
2162227,heavy,401.0,9.0,40-ft,RTC,1,MF,14872184,14872273,406,406,60482,60483,Richmond-Brighouse Station @ Bay 2,Richmond-Brighouse Station @ Bay 1,60482,Richmond-Brighouse Station,51990,52230,in_service_layover,37.479762871073945,40.50319905025343,17.052180050572304,240,4.0,14:26:30,14:30:30,False,,no_dispenser,0
2162201,heavy,401.0,12.0,40-ft,RTC,1,MF,14871147,14871205,402,402,60482,60483,Richmond-Brighouse Station @ Bay 2,Richmond-Brighouse Station @ Bay 1,60482,Richmond-Brighouse Station,52590,52830,in_service_layover,51.46564262069696,54.57317293079574,17.526470948957126,240,4.0,14:36:30,14:40:30,False,,no_dispenser,0
2162295,heavy,401.0,6.0,40-ft,RTC,1,MF,14872185,14872274,406,406,60482,60483,Richmond-Brighouse Station @ Bay 2,Richmond-Brighouse Station @ Bay 1,60482,Richmond-Brighouse Station,52890,53130,in_service_layover,36.11988289977441,39.13858727059429,17.025492651424145,240,4.0,14:41:30,14:45:30,False,,no_dispenser,0
2162279,heavy,403.0,8.0,40-ft,RTC,1,MF,14871803,14871766,404,404,60482,60483,Richmond-Brighouse Station @ Bay 2,Richmond-Brighouse Station @ Bay 1,60482,Richmond-Brighouse Station,53130,53850,in_service_layover,66.39488310094211,73.89751705869891,42.31485552174837,720,12.0,14:45:30,14:57:30,False,,no_dispenser,0
2162291,heavy,401.0,11.0,40-ft,RTC,1,MF,14872186,14872275,406,406,60482,60483,Richmond-Brighouse Station @ Bay 2,Richmond-Brighouse Station @ Bay 1,60482,Richmond-Brighouse Station,53790,54030,in_service_layover,36.11988289977441,39.13858727059429,17.025492651424145,240,4.0,14:56:30,15:00:30,False,,no_dispenser,0
2162223,heavy,401.0,8.0,40-ft,RTC,1,MF,14872187,14872276,406,406,60482,60483,Richmond-Brighouse Station @ Bay 2,Richmond-Brighouse Station @ Bay 1,60482,Richmond-Brighouse Station,54690,54930,in_service_layover,31.263265982857835,34.265071376553365,16.930182420442804,240,4.0,15:11:30,15:15:30,False,,no_dispenser,0
2162208,heavy,403.0,1.0,40-ft,RTC,1,MF,14871804,14871767,404,404,60482,60483,Richmond-Brighouse Station @ Bay 2,Richmond-Brighouse Station @ Bay 1,60482,Richmond-Brighouse Station,54870,55650,in_service_layover,69.50338442235193,76.93593962575655,41.919611347201965,780,13.0,15:14:30,15:27:30,False,,no_dispenser,0
2162224,heavy,401.0,10.0,40-ft,RTC,1,MF,14871149,14871207,402,402,60482,60483,Richmond-Brighouse Station @ Bay 2,Richmond-Brighouse Station @ Bay 1,60482,Richmond-Brighouse Station,55050,55230,in_service_layover,48.644225761632974,50.944510340407966,12.973605024290976,180,3.0,15:17:30,15:20:30,False,,no_dispenser,0
2162228,heavy,401.0,5.0,40-ft,RTC,1,MF,14872188,14872277,406,406,60482,60483,Richmond-Brighouse Station @ Bay 2,Richmond-Brighouse Station @ Bay 1,60482,Richmond-Brighouse Station,55590,55830,in_service_layover,42.184370553261424,45.224176781584255,17.14450712774078,240,4.0,15:26:30,15:30:30,False,,no_dispenser,0
2162225,heavy,401.0,15.0,40-ft,RTC,1,MF,14871150,14871208,402,402,60482,60483,Richmond-Brighouse Station @ Bay 2,Richmond-Brighouse Station @ Bay 1,60482,Richmond-Brighouse Station,56010,56250,in_service_layover,54.30926246471471,57.453668654725135,17.73445091165877,240,4.0,15:33:30,15:37:30,False,,no_dispenser,0
2162227,heavy,401.0,9.0,40-ft,RTC,1,MF,14872189,14871209,406,402,60482,60483,Richmond-Brighouse Station @ Bay 2,Richmond-Brighouse Station @ Bay 1,60482,Richmond-Brighouse Station,56490,57150,in_service_layover,31.72083295044048,40.01885820100757,46.80086241319836,660,11.0,15:41:30,15:52:30,False,,no_dispenser,0
2162229,heavy,401.0,1.0,40-ft,RTC,1,MF,14872959,14872879,408,408,60482,60483,Richmond-Brighouse Station @ Bay 2,Richmond-Brighouse Station @ Bay 1,60482,Richmond-Brighouse Station,56550,56850,in_service_layover,25.050364844011526,28.778006824608298,21.023900770565803,300,5.0,15:42:30,15:47:30,False,,no_dispenser,0
2162257,heavy,403.0,4.0,40-ft,RTC,1,MF,14871805,14871768,404,404,60482,60483,Richmond-Brighouse Station @ Bay 2,Richmond-Brighouse Station @ Bay 1,60482,Richmond-Brighouse Station,56730,57450,in_service_layover,67.56906228455594,74.87223445538773,41.189891043491286,720,12.0,15:45:30,15:57:30,False,,no_dispenser,0
2162201,heavy,401.0,12.0,40-ft,RTC,1,MF,14871151,14874110,402,430,60482,58279,Richmond-Brighouse Station @ Bay 2,Eastbound Cook Rd @ No. 3 Rd,60482,Richmond-Brighouse Station,56910,58110,in_service_layover,46.14089787003797,61.48422989350385,86.53639261234758,1200,20.0,15:48:30,16:08:30,False,,no_dispenser,0
2162317,heavy,401.0,13.0,40-ft,RTC,1,MF,14872960,14872880,408,408,60482,60483,Richmond-Brighouse Station @ Bay 2,Richmond-Brighouse Station @ Bay 1,60482,Richmond-Brighouse Station,57270,57570,in_service_layover,32.51058723506706,36.27078098692099,21.207492760456176,300,5.0,15:54:30,15:59:30,False,,no_dispenser,0
2162295,heavy,401.0,6.0,40-ft,RTC,1,MF,14872190,14872279,406,406,60482,60483,Richmond-Brighouse Station @ Bay 2,Richmond-Brighouse Station @ Bay 1,60482,Richmond-Brighouse Station,57390,57630,in_service_layover,30.356221170781346,33.35487043135124,16.91238182961419,240,4.0,15:56:30,16:00:30,False,,no_dispenser,0
2162206,heavy,401.0,16.0,40-ft,RTC,1,MF,14871152,14871210,402,402,60482,60483,Richmond-Brighouse Station @ Bay 2,Richmond-Brighouse Station @ Bay 1,60482,Richmond-Brighouse Station,57810,58050,in_service_layover,31.50807848520824,34.51073572308826,16.93498682164332,240,4.0,16:03:30,16:07:30,False,,no_dispenser,0
2162279,heavy,403.0,8.0,40-ft,RTC,1,MF,14871806,14871769,404,404,60482,60483,Richmond-Brighouse Station @ Bay 2,Richmond-Brighouse Station @ Bay 1,60482,Richmond-Brighouse Station,58530,59250,in_service_layover,66.27349917382537,73.79655867136444,42.4300555661203,720,12.0,16:15:30,16:27:30,False,,no_dispenser,0
2162281,heavy,401.0,14.0,40-ft,RTC,1,MF,14872962,14872882,408,408,60482,60483,Richmond-Brighouse Station @ Bay 2,Richmond-Brighouse Station @ Bay 1,60482,Richmond-Brighouse Station,58590,58890,in_service_layover,34.10884885187953,37.875994198579036,21.246699755385237,300,5.0,16:16:30,16:21:30,False,,no_dispenser,0
2162223,heavy,401.0,8.0,40-ft,RTC,1,MF,14872192,14872282,406,406,60482,60483,Richmond-Brighouse Station @ Bay 2,Richmond-Brighouse Station @ Bay 1,60482,Richmond-Brighouse Station,59190,59790,in_service_layover,25.48270527674042,32.96712767991794,42.212142353921195,600,10.0,16:26:30,16:36:30,False,,no_dispenser,0
2162224,heavy,401.0,10.0,40-ft,RTC,1,MF,14871154,14871212,402,402,60482,60483,Richmond-Brighouse Station @ Bay 2,Richmond-Brighouse Station @ Bay 1,60482,Richmond-Brighouse Station,59490,59850,in_service_layover,42.5122352796502,47.079684237236414,25.760412120786242,360,6.0,16:31:30,16:37:30,False,,no_dispenser,0
2162228,heavy,401.0,5.0,40-ft,RTC,1,MF,14872193,14872283,406,406,60482,60483,Richmond-Brighouse Station @ Bay 2,Richmond-Brighouse Station @ Bay 1,60482,Richmond-Brighouse Station,60090,60510,in_service_layover,36.44181068177131,41.73705327851538,29.865168245636596,420,7.0,16:41:30,16:48:30,False,,no_dispenser,0
2162208,heavy,403.0,1.0,40-ft,RTC,1,MF,14871807,14871770,404,404,60482,60483,Richmond-Brighouse Station @ Bay 2,Richmond-Brighouse Station @ Bay 1,60482,Richmond-Brighouse Station,60330,61050,in_service_layover,69.311921740883,76.31276949129585,39.484781312328494,720,12.0,16:45:30,16:57:30,False,,no_dispenser,0
2162225,heavy,401.0,15.0,40-ft,RTC,1,MF,14871155,14871213,402,402,60482,60483,Richmond-Brighouse Station @ Bay 2,Richmond-Brighouse Station @ Bay 1,60482,Richmond-Brighouse Station,60390,60750,in_service_layover,49.021393593967346,53.65701101812552,26.14488227225212,360,6.0,16:46:30,16:52:30,False,,no_dispenser,0
2162229,heavy,401.0,1.0,40-ft,RTC,1,MF,14872965,14872885,408,408,60482,60483,Richmond-Brighouse Station @ Bay 2,Richmond-Brighouse Station @ Bay 1,60482,Richmond-Brighouse Station,60570,60990,in_service_layover,21.95169616216825,27.157220913265345,29.35915959618761,420,7.0,16:49:30,16:56:30,False,,no_dispenser,0
2162227,heavy,401.0,9.0,40-ft,RTC,1,MF,14871156,14871214,402,402,60482,60483,Richmond-Brighouse Station @ Bay 2,Richmond-Brighouse Station @ Bay 1,60482,Richmond-Brighouse Station,61290,61650,in_service_layover,31.58658314024979,36.09700711046386,25.438791192007358,360,6.0,17:01:30,17:07:30,False,,no_dispenser,0
2162317,heavy,401.0,13.0,40-ft,RTC,1,MF,14872966,14872886,408,408,60482,60483,Richmond-Brighouse Station @ Bay 2,Richmond-Brighouse Station @ Bay 1,60482,Richmond-Brighouse Station,61470,61710,in_service_layover,29.444470324480942,32.43994707691228,16.894488883712768,240,4.0,17:04:30,17:08:30,False,,no_dispenser,0
2162295,heavy,401.0,6.0,40-ft,RTC,1,MF,14872195,14872285,406,406,60482,60483,Richmond-Brighouse Station @ Bay 2,Richmond-Brighouse Station @ Bay 1,60482,Richmond-Brighouse Station,61710,61950,in_service_layover,24.572504331538287,27.550774833414028,16.797445630579176,240,4.0,17:08:30,17:12:30,False,,no_dispenser,0
2162263,heavy,403.0,35.0,40-ft,RTC,1,MF,14871808,14871771,404,404,60482,60483,Richmond-Brighouse Station @ Bay 2,Richmond-Brighouse Station @ Bay 1,60482,Richmond-Brighouse Station,62010,62850,in_service_layover,40.22593875198838,50.95097277569134,60.489191893684705,840,14.0,17:13:30,17:27:30,False,,no_dispenser,0
2162206,heavy,401.0,16.0,40-ft,RTC,1,MF,14871157,14871215,402,402,60482,60483,Richmond-Brighouse Station @ Bay 2,Richmond-Brighouse Station @ Bay 1,60482,Richmond-Brighouse Station,62190,62550,in_service_layover,26.07846066233049,30.56015728778199,25.276768967546474,360,6.0,17:16:30,17:22:30,False,,no_dispenser,0
2162291,heavy,401.0,11.0,40-ft,RTC,1,MF,14872196,14872286,406,406,60482,60483,Richmond-Brighouse Station @ Bay 2,Richmond-Brighouse Station @ Bay 1,60482,Richmond-Brighouse Station,62430,62670,in_service_layover,21.573855070968392,24.540653393270823,16.73274253778571,240,4.0,17:20:30,17:24:30,False,,no_dispenser,0
2162281,heavy,401.0,14.0,40-ft,RTC,1,MF,14872968,14872888,408,408,60482,60483,Richmond-Brighouse Station @ Bay 2,Richmond-Brighouse Station @ Bay 1,60482,Richmond-Brighouse Station,62610,63090,in_service_layover,31.049683536138993,37.06788362010505,33.94264847356851,480,8.0,17:23:30,17:31:30,False,,no_dispenser,0
2162226,heavy,401.0,21.0,40-ft,RTC,1,MF,14871158,14871216,402,402,60482,60483,Richmond-Brighouse Station @ Bay 2,Richmond-Brighouse Station @ Bay 1,60482,Richmond-Brighouse Station,63090,63390,in_service_layover,67.31327018011851,70.6795836936634,18.986008216393202,300,5.0,17:31:30,17:36:30,False,,no_dispenser,0
2162224,heavy,401.0,10.0,40-ft,RTC,1,MF,14871159,14871217,402,402,60482,60483,Richmond-Brighouse Station @ Bay 2,Richmond-Brighouse Station @ Bay 1,60482,Richmond-Brighouse Station,63810,64290,in_service_layover,38.64740917647864,44.71848301762573,34.240856464069566,480,8.0,17:43:30,17:51:30,False,,no_dispenser,0
2162279,heavy,403.0,8.0,40-ft,RTC,1,MF,14871809,14871772,404,404,60482,60483,Richmond-Brighouse Station @ Bay 2,Richmond-Brighouse Station @ Bay 1,60482,Richmond-Brighouse Station,63810,64650,in_service_layover,66.17254078649088,74.72401107687732,48.23029243777944,840,14.0,17:43:30,17:57:30,False,,no_dispenser,0
2162228,heavy,401.0,5.0,40-ft,RTC,1,MF,14872199,14872289,406,406,60482,60483,Richmond-Brighouse Station @ Bay 2,Richmond-Brighouse Station @ Bay 1,60482,Richmond-Brighouse Station,64590,64770,in_service_layover,32.954687178702436,35.20894820569546,12.714032192240637,180,3.0,17:56:30,17:59:30,False,,no_dispenser,0
2162225,heavy,401.0,15.0,40-ft,RTC,1,MF,14871160,14871218,402,402,60482,60483,Richmond-Brighouse Station @ Bay 2,Richmond-Brighouse Station @ Bay 1,60482,Richmond-Brighouse Station,64710,65190,in_service_layover,45.22473595736775,51.361447515307646,34.61105318678099,480,8.0,17:58:30,18:06:30,False,,no_dispenser,0
2162229,heavy,401.0,1.0,40-ft,RTC,1,MF,14872971,14872891,408,408,60482,60483,Richmond-Brighouse Station @ Bay 2,Richmond-Brighouse Station @ Bay 1,60482,Richmond-Brighouse Station,64770,65130,in_service_layover,20.330910250825298,24.784628910974764,25.11897324324299,360,6.0,17:59:30,18:05:30,False,,no_dispenser,0
2162317,heavy,401.0,13.0,40-ft,RTC,1,MF,14872972,14872892,408,408,60482,60483,Richmond-Brighouse Station @ Bay 2,Richmond-Brighouse Station @ Bay 1,60482,Richmond-Brighouse Station,65490,65850,in_service_layover,25.61363641447224,30.09288449498279,25.262959174079498,360,6.0,18:11:30,18:17:30,False,,no_dispenser,0
2162208,heavy,403.0,1.0,40-ft,RTC,1,MF,14871810,14871773,404,404,60482,60483,Richmond-Brighouse Station @ Bay 2,Richmond-Brighouse Station @ Bay 1,60482,Richmond-Brighouse Station,65550,66450,in_service_layover,68.6887516064223,77.17760022392028,47.877106202688594,900,15.0,18:12:30,18:27:30,False,,no_dispenser,0
2162227,heavy,401.0,9.0,40-ft,RTC,1,MF,14871161,14871219,402,402,60482,60483,Richmond-Brighouse Station @ Bay 2,Richmond-Brighouse Station @ Bay 1,60482,Richmond-Brighouse Station,65610,66090,in_service_layover,27.664732049706092,33.65937572857993,33.80979034884848,480,8.0,18:13:30,18:21:30,False,,no_dispenser,0
2162206,heavy,401.0,16.0,40-ft,RTC,1,MF,14871162,14871220,402,402,60482,60483,Richmond-Brighouse Station @ Bay 2,Richmond-Brighouse Station @ Bay 1,60482,Richmond-Brighouse Station,66390,66990,in_service_layover,22.127882227024216,29.581912147475848,42.0407287513472,600,10.0,18:26:30,18:36:30,False,,no_dispenser,0
2162318,heavy,430.0,7.0,40-ft,RTC,1,MF,14874179,14872894,430,408,58279,60483,Eastbound Cook Rd @ No. 3 Rd,Richmond-Brighouse Station @ Bay 1,60483,Richmond-Brighouse Station,66390,67350,in_service_layover,57.144220950423,68.61398014690015,64.6894418681311,960,16.0,18:26:30,18:42:30,False,,no_dispenser,0
2162226,heavy,401.0,21.0,40-ft,RTC,1,MF,14871163,14871221,402,402,60482,60483,Richmond-Brighouse Station @ Bay 2,Richmond-Brighouse Station @ Bay 1,60482,Richmond-Brighouse Station,67290,67890,in_service_layover,62.24730863290563,69.22895984342311,39.37651282731861,600,10.0,18:41:30,18:51:30,False,,no_dispenser,0
2162263,heavy,403.0,35.0,40-ft,RTC,1,MF,14871811,14871774,404,404,60482,60483,Richmond-Brighouse Station @ Bay 2,Richmond-Brighouse Station @ Bay 1,60482,Richmond-Brighouse Station,67350,68250,in_service_layover,43.326954890817795,54.92897918224382,65.43541700364278,900,15.0,18:42:30,18:57:30,False,,no_dispenser,0
2162296,heavy,401.0,22.0,40-ft,RTC,1,MF,14872203,14872293,406,406,60482,60483,Richmond-Brighouse Station @ Bay 2,Richmond-Brighouse Station @ Bay 1,60482,Richmond-Brighouse Station,67470,67770,in_service_layover,58.220361537284326,62.128799868917696,22.0435921904122,300,5.0,18:44:30,18:49:30,False,,no_dispenser,0
2162224,heavy,401.0,10.0,40-ft,RTC,1,MF,14871164,14871222,402,402,60482,60483,Richmond-Brighouse Station @ Bay 2,Richmond-Brighouse Station @ Bay 1,60482,Richmond-Brighouse Station,68070,68790,in_service_layover,36.28620795686795,45.392459478499106,51.35925858199971,720,12.0,18:54:30,19:06:30,False,,no_dispenser,0
2162228,heavy,401.0,5.0,40-ft,RTC,1,MF,14872205,14872295,406,406,60482,60483,Richmond-Brighouse Station @ Bay 2,Richmond-Brighouse Station @ Bay 1,60482,Richmond-Brighouse Station,68970,69630,in_service_layover,26.426582105882503,34.673972945294615,46.51528433428433,660,11.0,19:09:30,19:20:30,False,,no_dispenser,0
2162225,heavy,401.0,15.0,40-ft,RTC,1,MF,14871165,14871223,402,402,60482,60483,Richmond-Brighouse Station @ Bay 2,Richmond-Brighouse Station @ Bay 1,60482,Richmond-Brighouse Station,68970,69690,in_service_layover,42.92917245454987,52.1485673798203,51.99738737852519,720,12.0,19:09:30,19:21:30,False,,no_dispenser,0
2162279,heavy,403.0,8.0,40-ft,RTC,1,MF,14871812,14871775,404,404,60482,60483,Richmond-Brighouse Station @ Bay 2,Richmond-Brighouse Station @ Bay 1,60482,Richmond-Brighouse Station,69090,70050,in_service_layover,67.09999319200377,76.38041917247834,52.34160252987658,960,16.0,19:11:30,19:27:30,False,,no_dispenser,0
2162208,heavy,403.0,1.0,40-ft,RTC,1,MF,14871813,14871776,404,404,60482,60483,Richmond-Brighouse Station @ Bay 2,Richmond-Brighouse Station @ Bay 1,60482,Richmond-Brighouse Station,70950,71910,in_service_layover,69.52030165551773,78.24022703217098,49.18037912432436,960,16.0,19:42:30,19:58:30,False,,no_dispenser,0
2162296,heavy,401.0,22.0,40-ft,RTC,1,MF,14872208,14872298,406,406,60482,60483,Richmond-Brighouse Station @ Bay 2,Richmond-Brighouse Station @ Bay 1,60482,Richmond-Brighouse Station,71670,72330,in_service_layover,53.34643376910474,61.90715908434614,48.28249077796147,660,11.0,19:54:30,20:05:30,False,,no_dispenser,0
2162224,heavy,401.0,10.0,40-ft,RTC,1,MF,14871167,14871224,402,402,60482,60483,Richmond-Brighouse Station @ Bay 2,Richmond-Brighouse Station @ Bay 1,60482,Richmond-Brighouse Station,72330,72630,in_service_layover,36.96018441774133,40.73973156988628,21.316645938097537,300,5.0,20:05:30,20:10:30,False,,no_dispenser,0
2162263,heavy,403.0,35.0,40-ft,RTC,1,MF,14871814,14871777,404,404,60482,60483,Richmond-Brighouse Station @ Bay 2,Richmond-Brighouse Station @ Bay 1,60482,Richmond-Brighouse Station,72750,73710,in_service_layover,47.271680613841255,59.69049916446853,70.04213662553781,960,16.0,20:12:30,20:28:30,False,,no_dispenser,0
2162228,heavy,401.0,5.0,40-ft,RTC,1,MF,14872210,14872300,406,406,60482,60483,Richmond-Brighouse Station @ Bay 2,Richmond-Brighouse Station @ Bay 1,60482,Richmond-Brighouse Station,73470,74070,in_service_layover,25.891606845481668,33.37959364692201,42.232245560123545,600,10.0,20:24:30,20:34:30,False,,no_dispenser,0
2162279,heavy,403.0,8.0,40-ft,RTC,1,MF,14871815,14871778,404,404,60482,60483,Richmond-Brighouse Station @ Bay 2,Richmond-Brighouse Station @ Bay 1,60482,Richmond-Brighouse Station,74550,75510,in_service_layover,68.72312060407579,77.62817472256351,50.2245052282708,960,16.0,20:42:30,20:58:30,False,,no_dispenser,0
2162224,heavy,401.0,10.0,40-ft,RTC,1,MF,14871168,14871225,402,402,60482,60483,Richmond-Brighouse Station @ Bay 2,Richmond-Brighouse Station @ Bay 1,60482,Richmond-Brighouse Station,75930,76230,in_service_layover,32.307456509128514,36.06676674948936,21.20250975563519,300,5.0,21:05:30,21:10:30,False,,no_dispenser,0
2162296,heavy,401.0,22.0,40-ft,RTC,1,MF,14872213,14872303,406,406,60482,60483,Richmond-Brighouse Station @ Bay 2,Richmond-Brighouse Station @ Bay 1,60482,Richmond-Brighouse Station,76170,76770,in_service_layover,53.12479298453319,60.95071252479798,44.13818620709338,600,10.0,21:09:30,21:19:30,False,,no_dispenser,0
2162228,heavy,401.0,5.0,40-ft,RTC,1,MF,14872215,14872305,406,406,60482,60483,Richmond-Brighouse Station @ Bay 2,Richmond-Brighouse Station @ Bay 1,60482,Richmond-Brighouse Station,77970,78570,in_service_layover,24.597227547109064,32.073827019103845,42.16802102205057,600,10.0,21:39:30,21:49:30,False,,no_dispenser,0
2162318,heavy,430.0,7.0,40-ft,RTC,1,MF,14872985,14872903,408,408,60482,60483,Richmond-Brighouse Station @ Bay 2,Richmond-Brighouse Station @ Bay 1,60482,Richmond-Brighouse Station,78030,78210,in_service_layover,45.727146950728134,48.014740054741274,12.902025106634085,180,3.0,21:40:30,21:43:30,False,,no_dispenser,0
2162263,heavy,403.0,35.0,40-ft,RTC,1,MF,14871817,14871780,404,404,60482,60483,Richmond-Brighouse Station @ Bay 2,Richmond-Brighouse Station @ Bay 1,60482,Richmond-Brighouse Station,78210,79110,in_service_layover,52.03320059606597,63.527033439070266,64.82521723454431,900,15.0,21:43:30,21:58:30,False,,no_dispenser,0
2162224,heavy,401.0,10.0,40-ft,RTC,1,MF,14871169,14872904,402,408,60482,60483,Richmond-Brighouse Station @ Bay 2,Richmond-Brighouse Station @ Bay 1,60482,Richmond-Brighouse Station,79470,79830,in_service_layover,27.63449168873159,32.12428824355288,25.32245256919211,360,6.0,22:04:30,22:10:30,False,,no_dispenser,0
2162296,heavy,401.0,22.0,40-ft,RTC,1,MF,14872218,14872308,406,406,60482,60483,Richmond-Brighouse Station @ Bay 2,Richmond-Brighouse Station @ Bay 1,60482,Richmond-Brighouse Station,80730,81270,in_service_layover,52.168346424985025,59.23883780491458,39.87757138280267,540,9.0,22:25:30,22:34:30,False,,no_dispenser,0
2162318,heavy,430.0,7.0,40-ft,RTC,1,MF,14872987,14872905,408,408,60482,60483,Richmond-Brighouse Station @ Bay 2,Richmond-Brighouse Station @ Bay 1,60482,Richmond-Brighouse Station,81570,81810,in_service_layover,40.38579565601727,43.419343602790434,17.109210419800633,240,4.0,22:39:30,22:43:30,False,,no_dispenser,0
2162208,heavy,403.0,1.0,40-ft,RTC,1,MF,14871819,14871781,404,404,60482,60483,Richmond-Brighouse Station @ Bay 2,Richmond-Brighouse Station @ Bay 1,60482,Richmond-Brighouse Station,81630,82290,in_service_layover,62.92562989536585,70.41746542338304,42.253952378016834,660,11.0,22:40:30,22:51:30,False,,no_dispenser,0
2162228,heavy,401.0,5.0,40-ft,RTC,1,MF,14872219,14872309,406,406,60482,60483,Richmond-Brighouse Station @ Bay 2,Richmond-Brighouse Station @ Bay 1,60482,Richmond-Brighouse Station,81930,82170,in_service_layover,23.291460919290895,26.264727984702596,16.769226248921996,240,4.0,22:45:30,22:49:30,False,,no_dispenser,0
2162224,heavy,401.0,10.0,40-ft,RTC,1,MF,14872988,14872906,408,408,60482,60483,Richmond-Brighouse Station @ Bay 2,Richmond-Brighouse Station @ Bay 1,60482,Richmond-Brighouse Station,83130,83490,in_service_layover,24.49534384482888,28.96854004149041,25.228826549171032,360,6.0,23:05:30,23:11:30,False,,no_dispenser,0
2162296,heavy,401.0,22.0,40-ft,RTC,1,MF,14872221,14872311,406,406,60482,60483,Richmond-Brighouse Station @ Bay 2,Richmond-Brighouse Station @ Bay 1,60482,Richmond-Brighouse Station,84390,84690,in_service_layover,50.45647170510163,54.33287412176778,21.862909629997148,300,5.0,23:26:30,23:31:30,False,,no_dispenser,0
2162318,heavy,430.0,7.0,40-ft,RTC,1,MF,14872989,14872907,408,408,60482,60483,Richmond-Brighouse Station @ Bay 2,Richmond-Brighouse Station @ Bay 1,60482,Richmond-Brighouse Station,84930,85350,in_service_layover,35.790399204066425,41.08167518603831,29.842796538321466,420,7.0,23:35:30,23:42:30,False,,no_dispenser,0
2162208,heavy,403.0,1.0,40-ft,RTC,1,MF,14871820,14871782,404,404,60482,60483,Richmond-Brighouse Station @ Bay 2,Richmond-Brighouse Station @ Bay 1,60482,Richmond-Brighouse Station,85230,85890,in_service_layover,62.76016685498047,70.27597930902215,42.38918224079504,660,11.0,23:40:30,23:51:30,False,,no_dispenser,0
2162318,heavy,430.0,7.0,40-ft,RTC,1,MF,14872991,14872908,408,408,60482,60483,Richmond-Brighouse Station @ Bay 2,Richmond-Brighouse Station @ Bay 1,60482,Richmond-Brighouse Station,88350,89010,in_service_layover,33.45273078731431,41.767328290063574,46.894329915505864,660,11.0,24:32:30,24:43:30,False,,no_dispenser,0
2162208,heavy,403.0,1.0,40-ft,RTC,1,MF,14871821,14871783,404,404,60482,60483,Richmond-Brighouse Station @ Bay 2,Richmond-Brighouse Station @ Bay 1,60482,Richmond-Brighouse Station,88830,89490,in_service_layover,62.61868074061958,70.15494130896998,42.50450960549625,660,11.0,24:40:30,24:51:30,False,,no_dispenser,0
2160599,heavy,123.0,18.0,40-ft,HTC,1,MF,14848524,14848572,144,144,60662,60662,SFU Transit Exchange @ Bay 4,SFU Transit Exchange @ Bay 4,60662,SFU Transit Exchange,32970,33210,in_service_layover,61.324691583987125,64.34007259656457,17.00674891093678,240,4.0,09:09:30,09:13:30,False,,no_dispenser,0
2160606,heavy,410.0,34.0,40-ft,HTC,1,MF,14848478,14848580,144,144,60662,60662,SFU Transit Exchange @ Bay 4,SFU Transit Exchange @ Bay 4,60662,SFU Transit Exchange,33810,34110,in_service_layover,61.324691583987125,65.05845685680113,21.05843613867097,300,5.0,09:23:30,09:28:30,False,,no_dispenser,0
2160608,heavy,410.0,37.0,40-ft,HTC,1,MF,14848519,14848596,144,144,60662,60662,SFU Transit Exchange @ Bay 4,SFU Transit Exchange @ Bay 4,60662,SFU Transit Exchange,34650,34950,in_service_layover,61.324691583987125,65.05845685680113,21.05843613867097,300,5.0,09:37:30,09:42:30,False,,no_dispenser,0
2164977,heavy,410.0,33.0,40-ft,HTC,1,MF,14848481,14848544,144,144,60662,60662,SFU Transit Exchange @ Bay 4,SFU Transit Exchange @ Bay 4,60662,SFU Transit Exchange,35550,35850,in_service_layover,62.96812042500439,66.60475633369208,20.510626524998543,300,5.0,09:52:30,09:57:30,False,,no_dispenser,0
2160620,heavy,123.0,16.0,40-ft,HTC,1,MF,14848487,14848573,144,144,60662,60662,SFU Transit Exchange @ Bay 4,SFU Transit Exchange @ Bay 4,60662,SFU Transit Exchange,36450,36690,in_service_layover,61.697531162711236,64.69528382641283,16.907325023276996,240,4.0,10:07:30,10:11:30,False,,no_dispenser,0
2160566,heavy,410.0,1.0,40-ft,HTC,1,MF,14848501,14848539,144,144,60662,60662,SFU Transit Exchange @ Bay 4,SFU Transit Exchange @ Bay 4,60662,SFU Transit Exchange,37230,37590,in_service_layover,53.17738907676508,57.89201673043072,26.5904999666742,360,6.0,10:20:30,10:26:30,False,,no_dispenser,0
2160595,heavy,106.0,10.0,40-ft,HTC,1,MF,14848512,14848545,144,144,60662,60662,SFU Transit Exchange @ Bay 4,SFU Transit Exchange @ Bay 4,60662,SFU Transit Exchange,38130,38490,in_service_layover,61.324691583987125,65.76265671987457,25.030123366405178,360,6.0,10:35:30,10:41:30,False,,no_dispenser,0
2160593,heavy,410.0,22.0,40-ft,HTC,1,MF,14848476,14848568,144,144,60662,60662,SFU Transit Exchange @ Bay 4,SFU Transit Exchange @ Bay 4,60662,SFU Transit Exchange,39030,39330,in_service_layover,62.537198277708825,66.19930239841162,20.654267240763716,300,5.0,10:50:30,10:55:30,False,,no_dispenser,0
2160599,heavy,123.0,18.0,40-ft,HTC,1,MF,14848522,14848574,144,144,60662,60662,SFU Transit Exchange @ Bay 4,SFU Transit Exchange @ Bay 4,60662,SFU Transit Exchange,39930,40170,in_service_layover,55.987372797610426,59.15344486276612,17.85664644747817,240,4.0,11:05:30,11:09:30,False,,no_dispenser,0
2160606,heavy,410.0,34.0,40-ft,HTC,1,MF,14848518,14848584,144,144,60662,60662,SFU Transit Exchange @ Bay 4,SFU Transit Exchange @ Bay 4,60662,SFU Transit Exchange,40770,41070,in_service_layover,56.62994436377231,60.5802516001209,22.279732813006092,300,5.0,11:19:30,11:24:30,False,,no_dispenser,0
2160608,heavy,410.0,37.0,40-ft,HTC,1,MF,14848496,14848546,144,144,60662,60662,SFU Transit Exchange @ Bay 4,SFU Transit Exchange @ Bay 4,60662,SFU Transit Exchange,41670,41970,in_service_layover,57.30191687546675,61.23963097005274,22.208707493465,300,5.0,11:34:30,11:39:30,False,,no_dispenser,0
2164977,heavy,410.0,33.0,40-ft,HTC,1,MF,14848502,14848583,144,144,60662,60662,SFU Transit Exchange @ Bay 4,SFU Transit Exchange @ Bay 4,60662,SFU Transit Exchange,42630,42870,in_service_layover,58.6473739002149,61.78478637643138,17.695006365860934,240,4.0,11:50:30,11:54:30,False,,no_dispenser,0
2160620,heavy,123.0,16.0,40-ft,HTC,1,MF,14848510,14848575,144,144,60662,60662,SFU Transit Exchange @ Bay 4,SFU Transit Exchange @ Bay 4,60662,SFU Transit Exchange,43530,43770,in_service_layover,57.64458835113101,60.80653000905216,17.83335095067531,240,4.0,12:05:30,12:09:30,False,,no_dispenser,0
2160566,heavy,410.0,1.0,40-ft,HTC,1,MF,14848533,14848595,144,144,60662,60662,SFU Transit Exchange @ Bay 4,SFU Transit Exchange @ Bay 4,60662,SFU Transit Exchange,44430,44670,in_service_layover,51.36840673650869,54.474676097892406,17.5193591982042,240,4.0,12:20:30,12:24:30,False,,no_dispenser,0
2160595,heavy,106.0,10.0,40-ft,HTC,1,MF,14848474,14848547,144,144,60662,60662,SFU Transit Exchange @ Bay 4,SFU Transit Exchange @ Bay 4,60662,SFU Transit Exchange,45330,45570,in_service_layover,58.55287054416872,61.69330402270764,17.712044818959498,240,4.0,12:35:30,12:39:30,False,,no_dispenser,0
2160593,heavy,410.0,22.0,40-ft,HTC,1,MF,14848503,14848592,144,144,60662,60662,SFU Transit Exchange @ Bay 4,SFU Transit Exchange @ Bay 4,60662,SFU Transit Exchange,46290,46470,in_service_layover,59.54581025410383,61.892657703201934,13.236219612913374,180,3.0,12:51:30,12:54:30,False,,no_dispenser,0
2160599,heavy,123.0,18.0,40-ft,HTC,1,MF,14848490,14848576,144,144,60662,60662,SFU Transit Exchange @ Bay 4,SFU Transit Exchange @ Bay 4,60662,SFU Transit Exchange,47190,47370,in_service_layover,52.59066490316686,54.92724568314154,13.178315599057214,180,3.0,13:06:30,13:09:30,False,,no_dispenser,0
2160606,heavy,410.0,34.0,40-ft,HTC,1,MF,14848516,14848593,144,144,60662,60662,SFU Transit Exchange @ Bay 4,SFU Transit Exchange @ Bay 4,60662,SFU Transit Exchange,48090,48270,in_service_layover,53.94148430291108,56.291203087445005,13.25241394477132,180,3.0,13:21:30,13:24:30,False,,no_dispenser,0
2160608,heavy,410.0,37.0,40-ft,HTC,1,MF,14848488,14848548,144,144,60662,60662,SFU Transit Exchange @ Bay 4,SFU Transit Exchange @ Bay 4,60662,SFU Transit Exchange,48990,49170,in_service_layover,53.84245735156128,56.19121300472577,13.246981883847752,180,3.0,13:36:30,13:39:30,False,,no_dispenser,0
2160566,heavy,410.0,1.0,40-ft,HTC,1,MF,14848492,14848549,144,144,60662,60662,SFU Transit Exchange @ Bay 4,SFU Transit Exchange @ Bay 4,60662,SFU Transit Exchange,51870,52650,in_service_layover,47.13355889488108,57.257962359736915,57.10163554178689,780,13.0,14:24:30,14:37:30,False,,no_dispenser,0
2160595,heavy,106.0,10.0,40-ft,HTC,1,MF,14848473,14848538,144,144,60662,60662,SFU Transit Exchange @ Bay 4,SFU Transit Exchange @ Bay 4,60662,SFU Transit Exchange,52770,53430,in_service_layover,53.54636779728327,62.098446346206615,48.233723015927694,660,11.0,14:39:30,14:50:30,False,,no_dispenser,0
2160593,heavy,410.0,22.0,40-ft,HTC,1,MF,14848505,14848556,144,144,60662,60662,SFU Transit Exchange @ Bay 4,SFU Transit Exchange @ Bay 4,60662,SFU Transit Exchange,53730,54390,in_service_layover,53.734254799548964,62.27761335790329,48.184542269118424,660,11.0,14:55:30,15:06:30,False,,no_dispenser,0
2160620,heavy,123.0,16.0,40-ft,HTC,1,MF,14848494,14848551,144,144,60662,60662,SFU Transit Exchange @ Bay 4,SFU Transit Exchange @ Bay 4,60662,SFU Transit Exchange,54630,55350,in_service_layover,50.139336194082105,59.51901618648038,52.901395157126274,720,12.0,15:10:30,15:22:30,False,,no_dispenser,0
2160606,heavy,410.0,34.0,40-ft,HTC,1,MF,14848506,14848543,144,144,60662,60662,SFU Transit Exchange @ Bay 4,SFU Transit Exchange @ Bay 4,60662,SFU Transit Exchange,55650,56250,in_service_layover,48.20566364563413,55.97617626396979,43.82569116741308,600,10.0,15:27:30,15:37:30,False,,no_dispenser,0
2160608,heavy,410.0,37.0,40-ft,HTC,1,MF,14848515,14848559,144,144,60662,60662,SFU Transit Exchange @ Bay 4,SFU Transit Exchange @ Bay 4,60662,SFU Transit Exchange,56550,57150,in_service_layover,47.30769601980781,55.05530104261446,43.69649232862952,600,10.0,15:42:30,15:52:30,False,,no_dispenser,0
2160603,heavy,123.0,25.0,40-ft,HTC,1,MF,14848526,14848550,144,144,60662,60662,SFU Transit Exchange @ Bay 4,SFU Transit Exchange @ Bay 4,60662,SFU Transit Exchange,57570,58050,in_service_layover,44.530282858256776,50.65679308324662,34.5535176689427,480,8.0,15:59:30,16:07:30,False,,no_dispenser,0
2160605,heavy,106.0,4.0,40-ft,HTC,1,MF,14848521,14848552,144,144,60662,60662,SFU Transit Exchange @ Bay 4,SFU Transit Exchange @ Bay 4,60662,SFU Transit Exchange,58470,58950,in_service_layover,47.217238210311486,53.387903546646584,34.80255249692999,480,8.0,16:14:30,16:22:30,False,,no_dispenser,0
2160609,heavy,123.0,36.0,40-ft,HTC,1,MF,14848525,14848581,144,144,60662,60662,SFU Transit Exchange @ Bay 4,SFU Transit Exchange @ Bay 4,60662,SFU Transit Exchange,59430,59850,in_service_layover,67.53806984842656,72.10852473690093,25.777365570995414,420,7.0,16:30:30,16:37:30,False,,no_dispenser,0
2160598,heavy,123.0,4.0,40-ft,HTC,1,MF,14895196,14848563,144,144,60662,60662,SFU Transit Exchange @ Bay 4,SFU Transit Exchange @ Bay 4,60662,SFU Transit Exchange,61470,61650,in_service_layover,27.359153995686448,29.59881245227769,12.631673695174612,180,3.0,17:04:30,17:07:30,False,,no_dispenser,0
2160620,heavy,123.0,16.0,40-ft,HTC,1,MF,14848472,14848553,144,144,60662,60662,SFU Transit Exchange @ Bay 4,SFU Transit Exchange @ Bay 4,60662,SFU Transit Exchange,63090,63450,in_service_layover,48.32429794489337,52.949076074618326,26.08374865164876,360,6.0,17:31:30,17:37:30,False,,no_dispenser,0
2160567,heavy,410.0,58.0,40-ft,HTC,1,MF,14848500,14848560,144,144,60662,60662,SFU Transit Exchange @ Bay 4,SFU Transit Exchange @ Bay 4,60662,SFU Transit Exchange,63810,64350,in_service_layover,69.21551271196698,74.7180103435262,31.03408664199401,540,9.0,17:43:30,17:52:30,False,,no_dispenser,0
2160597,heavy,123.0,31.0,40-ft,HTC,1,MF,14848483,14848540,144,144,60662,60662,SFU Transit Exchange @ Bay 4,SFU Transit Exchange @ Bay 4,60662,SFU Transit Exchange,64650,65250,in_service_layover,52.53062787519042,60.36797915915402,44.20266124155472,600,10.0,17:57:30,18:07:30,False,,no_dispenser,0
2160603,heavy,123.0,25.0,40-ft,HTC,1,MF,14848509,14848554,144,144,60662,60662,SFU Transit Exchange @ Bay 4,SFU Transit Exchange @ Bay 4,60662,SFU Transit Exchange,65610,66150,in_service_layover,40.116384001031975,46.962940665103545,38.61457958536366,540,9.0,18:13:30,18:22:30,False,,no_dispenser,0
2160566,heavy,410.0,1.0,40-ft,HTC,1,MF,14848482,14848601,144,144,60662,60662,SFU Transit Exchange @ Bay 4,SFU Transit Exchange @ Bay 4,60662,SFU Transit Exchange,66570,67050,in_service_layover,44.36303640438152,50.48721561048124,34.5403707224024,480,8.0,18:29:30,18:37:30,False,,no_dispenser,0
2160596,heavy,123.0,12.0,40-ft,HTC,1,MF,14848493,14848569,144,144,60662,60662,SFU Transit Exchange @ Bay 4,SFU Transit Exchange @ Bay 4,60662,SFU Transit Exchange,67350,68550,in_service_layover,38.799121915867815,54.22744018534438,87.01571503984783,1200,20.0,18:42:30,19:02:30,False,,no_dispenser,0
2160610,heavy,106.0,16.0,40-ft,HTC,1,MF,14848484,14848600,144,144,60662,60662,SFU Transit Exchange @ Bay 4,SFU Transit Exchange @ Bay 4,60662,SFU Transit Exchange,69810,70290,in_service_layover,63.532261376551155,69.11523900630992,31.487993831839503,480,8.0,19:23:30,19:31:30,False,,no_dispenser,0
2160605,heavy,106.0,4.0,40-ft,HTC,1,MF,14848477,14848562,144,144,60662,60662,SFU Transit Exchange @ Bay 4,SFU Transit Exchange @ Bay 4,60662,SFU Transit Exchange,71550,72030,in_service_layover,37.27687473537696,43.33841081368851,34.18706348167714,480,8.0,19:52:30,20:00:30,False,,no_dispenser,0
2160609,heavy,123.0,36.0,40-ft,HTC,1,MF,14848486,14848594,144,144,60662,60662,SFU Transit Exchange @ Bay 4,SFU Transit Exchange @ Bay 4,60662,SFU Transit Exchange,73350,73770,in_service_layover,60.319009741685434,65.53020278906371,29.39112878721346,420,7.0,20:22:30,20:29:30,False,,no_dispenser,0
2160606,heavy,410.0,34.0,40-ft,HTC,1,MF,14848480,14848589,144,144,60662,60662,SFU Transit Exchange @ Bay 4,SFU Transit Exchange @ Bay 4,60662,SFU Transit Exchange,75150,75510,in_service_layover,42.0484698660818,46.61349826180909,25.746760151901952,360,6.0,20:52:30,20:58:30,False,,no_dispenser,0
2160610,heavy,106.0,16.0,40-ft,HTC,1,MF,14848523,14848585,144,144,60662,60662,SFU Transit Exchange @ Bay 4,SFU Transit Exchange @ Bay 4,60662,SFU Transit Exchange,76830,77130,in_service_layover,60.836094454049096,64.5987366257956,21.221301848650285,300,5.0,21:20:30,21:25:30,False,,no_dispenser,0
2160605,heavy,106.0,4.0,40-ft,HTC,1,MF,14848495,14848565,144,144,60662,60662,SFU Transit Exchange @ Bay 4,SFU Transit Exchange @ Bay 4,60662,SFU Transit Exchange,78570,78870,in_service_layover,36.56843438310432,40.34627762927237,21.30703590838783,300,5.0,21:49:30,21:54:30,False,,no_dispenser,0
2160609,heavy,123.0,36.0,40-ft,HTC,1,MF,14848530,14848541,144,144,60662,60662,SFU Transit Exchange @ Bay 4,SFU Transit Exchange @ Bay 4,60662,SFU Transit Exchange,80370,80670,in_service_layover,60.189004814129156,63.98989105442885,21.43699839529029,300,5.0,22:19:30,22:24:30,False,,no_dispenser,0
2160606,heavy,410.0,34.0,40-ft,HTC,1,MF,14848475,14848570,144,144,60662,60662,SFU Transit Exchange @ Bay 4,SFU Transit Exchange @ Bay 4,60662,SFU Transit Exchange,82110,82470,in_service_layover,45.39668298097349,49.98522414626968,25.879372172270507,360,6.0,22:48:30,22:54:30,False,,no_dispenser,0
2160603,heavy,123.0,25.0,40-ft,HTC,1,MF,14848517,14848586,144,144,60662,60662,SFU Transit Exchange @ Bay 4,SFU Transit Exchange @ Bay 4,60662,SFU Transit Exchange,84150,84390,in_service_layover,49.317183184715255,52.39751802359891,17.373088491303804,240,4.0,23:22:30,23:26:30,False,,no_dispenser,0
2160609,heavy,123.0,36.0,40-ft,HTC,1,MF,14848479,14848571,144,144,60662,60662,SFU Transit Exchange @ Bay 4,SFU Transit Exchange @ Bay 4,60662,SFU Transit Exchange,86010,86370,in_service_layover,51.24377008433232,55.92078516722317,26.378365067504433,360,6.0,23:53:30,23:59:30,False,,no_dispenser,0
2160606,heavy,410.0,34.0,40-ft,HTC,1,MF,14848529,14848597,144,144,60662,60662,SFU Transit Exchange @ Bay 4,SFU Transit Exchange @ Bay 4,60662,SFU Transit Exchange,87810,88350,in_service_layover,37.14497304184255,43.967689741534606,38.48012218626317,540,9.0,24:23:30,24:32:30,False,,no_dispenser,0
2161732,heavy,620.0,21.0,40-ft,RTC,1,MF,14878233,14878335,640,640,53104,55096,Scott Road Station @ Bay 1,Scott Road Station @ Bay 7,53104,Scott Road Station,23910,24330,in_service_layover,66.55662654524795,71.2214538133619,26.30962579216265,420,7.0,06:38:30,06:45:30,False,,no_dispenser,0
2161708,heavy,321.0,6.0,40-ft,STC,1,MF,14863746,14863945,321,321,56397,55835,Scott Rd Station @ Bay 2,Scott Road Station @ Bay 9,55835,Scott Road Station,24570,24930,in_service_layover,67.63817730520921,71.599555315385,22.3421719773915,360,6.0,06:49:30,06:55:30,False,,no_dispenser,0
2162559,heavy,620.0,23.0,40-ft,RTC,1,MF,14878237,14878339,640,640,53104,55096,Scott Road Station @ Bay 1,Scott Road Station @ Bay 7,53104,Scott Road Station,25290,25530,in_service_layover,66.55662654524795,69.32236851470446,15.598784707734751,240,4.0,07:01:30,07:05:30,False,,no_dispenser,0
2161596,heavy,319.0,1.0,40-ft,STC,1,MF,14905057,14905133,319,319,53104,55200,Scott Road Station @ Bay 1,Scott Road Station @ Bay 4,53104,Scott Road Station,25590,26130,in_service_layover,68.23249352874737,73.86262293307787,31.753929840424064,540,9.0,07:06:30,07:15:30,False,,no_dispenser,0
2161710,heavy,321.0,1.0,40-ft,STC,1,MF,14863832,14863896,321,321,56397,55835,Scott Rd Station @ Bay 2,Scott Road Station @ Bay 9,55835,Scott Road Station,26250,26670,in_service_layover,57.17454174367912,62.61856883956904,30.704312820819155,420,7.0,07:17:30,07:24:30,False,,no_dispenser,0
2162567,heavy,620.0,25.0,40-ft,RTC,1,MF,14878241,14878343,640,640,53104,55096,Scott Road Station @ Bay 1,Scott Road Station @ Bay 7,53104,Scott Road Station,26970,27390,in_service_layover,66.55662654524795,71.2214538133619,26.30962579216265,420,7.0,07:29:30,07:36:30,False,,no_dispenser,0
2161720,heavy,321.0,2.0,40-ft,STC,1,MF,14863786,14863898,321,321,56397,55835,Scott Rd Station @ Bay 2,Scott Road Station @ Bay 9,55835,Scott Road Station,27030,27810,in_service_layover,58.50826076296855,67.9123300721378,53.038950903714635,780,13.0,07:30:30,07:43:30,False,,no_dispenser,0
2161602,heavy,321.0,4.0,40-ft,STC,1,MF,14905124,14863865,319,321,53104,55835,Scott Road Station @ Bay 1,Scott Road Station @ Bay 9,53104,Scott Road Station,27450,28410,in_service_layover,67.6156484233438,76.77752350294107,51.67297544892858,960,16.0,07:37:30,07:53:30,False,,no_dispenser,0
2161730,heavy,620.0,22.0,40-ft,RTC,1,MF,14878242,14878344,640,640,53104,55096,Scott Road Station @ Bay 1,Scott Road Station @ Bay 7,53104,Scott Road Station,27570,27990,in_service_layover,60.0063383972367,65.2434025960469,29.537042081289542,420,7.0,07:39:30,07:46:30,False,,no_dispenser,0
2162561,heavy,620.0,27.0,40-ft,RTC,1,MF,14878243,14878345,640,640,53104,55096,Scott Road Station @ Bay 1,Scott Road Station @ Bay 7,53104,Scott Road Station,27870,28650,in_service_layover,66.55662654524795,74.54090182635449,45.031312585440844,780,13.0,07:44:30,07:57:30,False,,no_dispenser,0
2161501,heavy,312.0,3.0,40-ft,STC,1,MF,14863735,14862309,321,312,56397,57566,Scott Rd Station @ Bay 2,Scott Road Station @ Bay 8,57566,Scott Road Station,28110,28710,in_service_layover,66.05769482099346,72.53121481421533,36.510652761771325,600,10.0,07:48:30,07:58:30,False,,no_dispenser,0
2162560,heavy,620.0,24.0,40-ft,RTC,1,MF,14878244,14878346,640,640,53104,55096,Scott Road Station @ Bay 1,Scott Road Station @ Bay 7,53104,Scott Road Station,28530,29550,in_service_layover,60.0063383972367,71.38590777919526,64.18077131424633,1020,17.0,07:55:30,08:12:30,False,,no_dispenser,0
2161505,heavy,321.0,8.0,40-ft,STC,1,MF,14863792,14863897,321,321,56397,55835,Scott Rd Station @ Bay 2,Scott Road Station @ Bay 9,55835,Scott Road Station,28590,29010,in_service_layover,60.065947823070275,65.29807979988479,29.509224349233875,420,7.0,07:56:30,08:03:30,False,,no_dispenser,0
2165010,heavy,319.0,3.0,40-ft,STC,1,MF,14905060,14905136,319,319,53104,55200,Scott Road Station @ Bay 1,Scott Road Station @ Bay 4,53104,Scott Road Station,28650,29130,in_service_layover,68.65259278211123,73.67960154450319,28.352329419890623,480,8.0,07:57:30,08:05:30,False,,no_dispenser,0
2161719,heavy,321.0,7.0,40-ft,STC,1,MF,14863800,14863866,321,321,56397,55835,Scott Rd Station @ Bay 2,Scott Road Station @ Bay 9,55835,Scott Road Station,29070,29610,in_service_layover,59.400623558944346,66.0783118397671,37.66216190384034,540,9.0,08:04:30,08:13:30,False,,no_dispenser,0
2161502,heavy,319.0,9.0,40-ft,STC,1,MF,14905061,14905137,319,319,53104,55200,Scott Road Station @ Bay 1,Scott Road Station @ Bay 4,53104,Scott Road Station,29310,29730,in_service_layover,68.82632501572807,73.26930534710189,25.058409068948322,420,7.0,08:08:30,08:15:30,False,,no_dispenser,0
2161718,heavy,321.0,5.0,40-ft,STC,1,MF,14863751,14863867,321,321,56397,55835,Scott Rd Station @ Bay 2,Scott Road Station @ Bay 9,55835,Scott Road Station,29850,30210,in_service_layover,55.4582403649165,60.19506805691371,26.71570818286432,360,6.0,08:17:30,08:23:30,False,,no_dispenser,0
2165007,heavy,319.0,5.0,40-ft,STC,1,MF,14905062,14905138,319,319,53104,55200,Scott Road Station @ Bay 1,Scott Road Station @ Bay 4,53104,Scott Road Station,29910,30330,in_service_layover,68.65259278211123,73.11300276293989,25.15671229187359,420,7.0,08:18:30,08:25:30,False,,no_dispenser,0
2161717,heavy,321.0,9.0,40-ft,STC,1,MF,14863729,14863899,321,321,56397,55835,Scott Rd Station @ Bay 2,Scott Road Station @ Bay 9,55835,Scott Road Station,30510,30810,in_service_layover,55.4582403649165,59.41266425196916,22.302950722977016,300,5.0,08:28:30,08:33:30,False,,no_dispenser,0
2161601,heavy,502.0,2.0,40-ft,STC,1,MF,14905127,14905227,319,319,53104,55200,Scott Road Station @ Bay 1,Scott Road Station @ Bay 4,53104,Scott Road Station,30570,30930,in_service_layover,62.932064285412835,67.25600951593064,24.387051100120402,360,6.0,08:29:30,08:35:30,False,,no_dispenser,0
2161732,heavy,620.0,21.0,40-ft,RTC,1,MF,14878249,14878348,640,640,53104,55096,Scott Road Station @ Bay 1,Scott Road Station @ Bay 7,53104,Scott Road Station,30570,31350,in_service_layover,59.07846774367829,68.38495562463494,52.48859164859556,780,13.0,08:29:30,08:42:30,False,,no_dispenser,0
2161712,heavy,321.0,13.0,40-ft,STC,1,MF,14863830,14863905,321,321,56397,55835,Scott Rd Station @ Bay 2,Scott Road Station @ Bay 9,55835,Scott Road Station,30690,31410,in_service_layover,62.36848555436196,70.5293119499448,46.027060871087144,720,12.0,08:31:30,08:43:30,False,,no_dispenser,0
2161507,heavy,312.0,2.0,40-ft,STC,1,MF,14862236,14862293,312,312,53104,57566,Scott Road Station @ Bay 1,Scott Road Station @ Bay 8,53104,Scott Road Station,30930,31110,in_service_layover,68.41552403605411,70.4418864415451,11.428683966969118,180,3.0,08:35:30,08:38:30,False,,no_dispenser,0
2161596,heavy,319.0,1.0,40-ft,STC,1,MF,14905032,14905180,319,319,53104,55200,Scott Road Station @ Bay 1,Scott Road Station @ Bay 4,53104,Scott Road Station,31170,31530,in_service_layover,67.41412091745224,71.39399704674165,22.446501369192276,360,6.0,08:39:30,08:45:30,False,,no_dispenser,0
2161736,heavy,620.0,30.0,40-ft,RTC,1,MF,14878250,14878349,640,640,53104,55096,Scott Road Station @ Bay 1,Scott Road Station @ Bay 7,53104,Scott Road Station,31230,32250,in_service_layover,60.0063383972367,71.38590777919526,64.18077131424633,1020,17.0,08:40:30,08:57:30,False,,no_dispenser,0
2161716,heavy,321.0,12.0,40-ft,STC,1,MF,14863724,14863868,321,321,56397,55835,Scott Rd Station @ Bay 2,Scott Road Station @ Bay 9,55835,Scott Road Station,31530,31950,in_service_layover,58.50826076296855,63.87127144507567,30.24738024708421,420,7.0,08:45:30,08:52:30,False,,no_dispenser,0
2165005,heavy,319.0,8.0,40-ft,STC,1,MF,14905033,14905181,319,319,53104,55200,Scott Road Station @ Bay 1,Scott Road Station @ Bay 4,53104,Scott Road Station,31770,32130,in_service_layover,68.07085587203429,71.99616184078332,22.138725663744538,360,6.0,08:49:30,08:55:30,False,,no_dispenser,0
2161504,heavy,312.0,1.0,40-ft,STC,1,MF,14862253,14862292,312,312,53104,57566,Scott Road Station @ Bay 1,Scott Road Station @ Bay 8,53104,Scott Road Station,32130,32310,in_service_layover,67.70092581451892,69.75554670495893,11.588061822081613,180,3.0,08:55:30,08:58:30,False,,no_dispenser,0
2162559,heavy,620.0,23.0,40-ft,RTC,1,MF,14878252,14878350,640,640,53104,55096,Scott Road Station @ Bay 1,Scott Road Station @ Bay 7,53104,Scott Road Station,32370,33390,in_service_layover,63.5669408473129,74.12416832358258,59.54276296616098,1020,17.0,08:59:30,09:16:30,False,,no_dispenser,0
2161519,heavy,319.0,6.0,40-ft,STC,1,MF,14863744,14905182,321,319,56397,55200,Scott Rd Station @ Bay 2,Scott Road Station @ Bay 4,55200,Scott Road Station,32430,32730,in_service_layover,54.367866802348075,58.30767262022681,22.220504812836054,300,5.0,09:00:30,09:05:30,False,,no_dispenser,0
2161600,heavy,503.0,1.0,40-ft,STC,1,MF,14905129,14905232,319,319,53104,55200,Scott Road Station @ Bay 1,Scott Road Station @ Bay 4,53104,Scott Road Station,32970,33330,in_service_layover,50.925058228390675,55.59587375889541,26.343399592046694,360,6.0,09:09:30,09:15:30,False,,no_dispenser,0
2161501,heavy,312.0,3.0,40-ft,STC,1,MF,14862269,14862304,312,312,53104,57566,Scott Road Station @ Bay 1,Scott Road Station @ Bay 8,53104,Scott Road Station,33270,34110,in_service_layover,65.76343995394309,74.39547376606484,48.68467070036661,840,14.0,09:14:30,09:28:30,False,,no_dispenser,0
2161730,heavy,620.0,22.0,40-ft,RTC,1,MF,14878254,14878351,640,640,53104,55096,Scott Road Station @ Bay 1,Scott Road Station @ Bay 7,53104,Scott Road Station,34110,34590,in_service_layover,52.65325092949368,58.94594791856519,35.490811018363274,480,8.0,09:28:30,09:36:30,False,,no_dispenser,0
2165010,heavy,319.0,3.0,40-ft,STC,1,MF,14905087,14905149,319,319,53104,55200,Scott Road Station @ Bay 1,Scott Road Station @ Bay 4,53104,Scott Road Station,34170,34530,in_service_layover,66.63365677270356,70.67700339527352,22.804474951294537,360,6.0,09:29:30,09:35:30,False,,no_dispenser,0
2161502,heavy,319.0,9.0,40-ft,STC,1,MF,14905088,14905150,319,319,53104,55200,Scott Road Station @ Bay 1,Scott Road Station @ Bay 4,53104,Scott Road Station,34830,35250,in_service_layover,67.59875739377698,72.16329915119185,25.744015511819896,420,7.0,09:40:30,09:47:30,False,,no_dispenser,0
2161507,heavy,312.0,2.0,40-ft,STC,1,MF,14862228,14862310,312,312,53104,57566,Scott Road Station @ Bay 1,Scott Road Station @ Bay 8,53104,Scott Road Station,35610,35910,in_service_layover,64.40320535470691,67.9548249319042,20.03113441539267,300,5.0,09:53:30,09:58:30,False,,no_dispenser,0
2161596,heavy,319.0,1.0,40-ft,STC,1,MF,14905090,14905152,319,319,53104,55200,Scott Road Station @ Bay 1,Scott Road Station @ Bay 4,53104,Scott Road Station,36630,37050,in_service_layover,66.5126964617873,71.18169245977477,26.333137428649252,420,7.0,10:10:30,10:17:30,False,,no_dispenser,0
2162557,heavy,620.0,28.0,40-ft,RTC,1,MF,14878257,14878353,640,640,53104,55096,Scott Road Station @ Bay 1,Scott Road Station @ Bay 7,53104,Scott Road Station,36690,36990,in_service_layover,51.273069617166215,55.16270902057514,21.93756623522637,300,5.0,10:11:30,10:16:30,False,,no_dispenser,0
2161504,heavy,312.0,1.0,40-ft,STC,1,MF,14862246,14862295,312,312,53104,57566,Scott Road Station @ Bay 1,Scott Road Station @ Bay 8,53104,Scott Road Station,37170,37710,in_service_layover,67.48980080050379,73.21478092418143,32.28888789754188,540,9.0,10:19:30,10:28:30,False,,no_dispenser,0
2165005,heavy,319.0,8.0,40-ft,STC,1,MF,14905091,14905153,319,319,53104,55200,Scott Road Station @ Bay 1,Scott Road Station @ Bay 4,53104,Scott Road Station,37530,37950,in_service_layover,69.79468099819579,74.13915059904993,24.502808548817313,420,7.0,10:25:30,10:32:30,False,,no_dispenser,0
2161732,heavy,620.0,21.0,40-ft,RTC,1,MF,14878258,14878354,640,640,53104,55096,Scott Road Station @ Bay 1,Scott Road Station @ Bay 7,53104,Scott Road Station,37590,38190,in_service_layover,61.028084676005804,68.1647744404117,40.250930271249274,600,10.0,10:26:30,10:36:30,False,,no_dispenser,0
2161519,heavy,319.0,6.0,40-ft,STC,1,MF,14905092,14905154,319,319,53104,55200,Scott Road Station @ Bay 1,Scott Road Station @ Bay 4,53104,Scott Road Station,38430,38850,in_service_layover,61.505561438656564,66.61857644964243,28.83740466196025,420,7.0,10:40:30,10:47:30,False,,no_dispenser,0
2161736,heavy,620.0,30.0,40-ft,RTC,1,MF,14878259,14878355,640,640,53104,55096,Scott Road Station @ Bay 1,Scott Road Station @ Bay 7,53104,Scott Road Station,38490,39390,in_service_layover,63.55578827571242,73.13324682450227,54.01686621517473,900,15.0,10:41:30,10:56:30,False,,no_dispenser,0
2165010,heavy,319.0,3.0,40-ft,STC,1,MF,14905093,14905155,319,319,53104,55200,Scott Road Station @ Bay 1,Scott Road Station @ Bay 4,53104,Scott Road Station,39330,39750,in_service_layover,62.589106737348764,67.61126155636099,28.324953179228885,420,7.0,10:55:30,11:02:30,False,,no_dispenser,0
2162559,heavy,620.0,23.0,40-ft,RTC,1,MF,14878260,14878356,640,640,53104,55096,Scott Road Station @ Bay 1,Scott Road Station @ Bay 7,53104,Scott Road Station,39390,40590,in_service_layover,63.61340448368339,75.49775449286116,67.0277340517626,1200,20.0,10:56:30,11:16:30,False,,no_dispenser,0
2161502,heavy,319.0,9.0,40-ft,STC,1,MF,14905094,14905156,319,319,53104,55200,Scott Road Station @ Bay 1,Scott Road Station @ Bay 4,53104,Scott Road Station,40290,40650,in_service_layover,65.98142573184724,70.07666352261182,23.09714113991231,360,6.0,11:11:30,11:17:30,False,,no_dispenser,0
2161730,heavy,620.0,22.0,40-ft,RTC,1,MF,14878261,14878357,640,640,53104,55096,Scott Road Station @ Bay 1,Scott Road Station @ Bay 7,53104,Scott Road Station,40710,41790,in_service_layover,50.197493115879425,63.89755296615887,77.26833755557607,1080,18.0,11:18:30,11:36:30,False,,no_dispenser,0
2161507,heavy,312.0,2.0,40-ft,STC,1,MF,14862226,14862311,312,312,53104,57566,Scott Road Station @ Bay 1,Scott Road Station @ Bay 8,53104,Scott Road Station,40890,41310,in_service_layover,65.95253160379303,70.67426767245102,26.63059142723108,420,7.0,11:21:30,11:28:30,False,,no_dispenser,0
2165007,heavy,319.0,5.0,40-ft,STC,1,MF,14905095,14905157,319,319,53104,55200,Scott Road Station @ Bay 1,Scott Road Station @ Bay 4,53104,Scott Road Station,41190,41550,in_service_layover,63.51412387641042,67.79618189261258,24.150807211380197,360,6.0,11:26:30,11:32:30,False,,no_dispenser,0
2162560,heavy,620.0,24.0,40-ft,RTC,1,MF,14878262,14878358,640,640,53104,55096,Scott Road Station @ Bay 1,Scott Road Station @ Bay 7,53104,Scott Road Station,41910,42990,in_service_layover,51.657251500550615,65.20990153566454,76.4369461980425,1080,18.0,11:38:30,11:56:30,False,,no_dispenser,0
2161596,heavy,319.0,1.0,40-ft,STC,1,MF,14905096,14905158,319,319,53104,55200,Scott Road Station @ Bay 1,Scott Road Station @ Bay 4,53104,Scott Road Station,42090,42450,in_service_layover,64.42729618742055,68.64195785123167,23.770691783894677,360,6.0,11:41:30,11:47:30,False,,no_dispenser,0
2165005,heavy,319.0,8.0,40-ft,STC,1,MF,14905097,14905159,319,319,53104,55200,Scott Road Station @ Bay 1,Scott Road Station @ Bay 4,53104,Scott Road Station,42990,43350,in_service_layover,66.56506794605832,70.61392072531524,22.835529675009013,360,6.0,11:56:30,12:02:30,False,,no_dispenser,0
2162557,heavy,620.0,28.0,40-ft,RTC,1,MF,14878263,14878359,640,640,53104,55096,Scott Road Station @ Bay 1,Scott Road Station @ Bay 7,53104,Scott Road Station,43110,44190,in_service_layover,46.31749650279816,60.227726621559775,78.45369786981553,1080,18.0,11:58:30,12:16:30,False,,no_dispenser,0
2161519,heavy,319.0,6.0,40-ft,STC,1,MF,14905098,14905160,319,319,53104,55200,Scott Road Station @ Bay 1,Scott Road Station @ Bay 4,53104,Scott Road Station,43950,44250,in_service_layover,59.41258207890709,63.262235274609765,21.7120440237631,300,5.0,12:12:30,12:17:30,False,,no_dispenser,0
2161732,heavy,620.0,21.0,40-ft,RTC,1,MF,14878264,14878360,640,640,53104,55096,Scott Road Station @ Bay 1,Scott Road Station @ Bay 7,53104,Scott Road Station,44310,45390,in_service_layover,58.93208648348255,71.11914659736739,68.73501904231051,1080,18.0,12:18:30,12:36:30,False,,no_dispenser,0
2161501,heavy,312.0,3.0,40-ft,STC,1,MF,14862254,14862291,312,312,53104,57566,Scott Road Station @ Bay 1,Scott Road Station @ Bay 8,53104,Scott Road Station,44490,44910,in_service_layover,68.8986325197961,73.3343369490769,25.01737298114375,420,7.0,12:21:30,12:28:30,False,,no_dispenser,0
2165010,heavy,319.0,3.0,40-ft,STC,1,MF,14905099,14905161,319,319,53104,55200,Scott Road Station @ Bay 1,Scott Road Station @ Bay 4,53104,Scott Road Station,44850,45150,in_service_layover,60.35833171958694,64.14921045956406,21.380556093471,300,5.0,12:27:30,12:32:30,False,,no_dispenser,0
2161736,heavy,620.0,30.0,40-ft,RTC,1,MF,14878265,14878361,640,640,53104,55096,Scott Road Station @ Bay 1,Scott Road Station @ Bay 7,53104,Scott Road Station,45510,46590,in_service_layover,63.32792522167799,74.40929913296858,62.49894885967899,1080,18.0,12:38:30,12:56:30,False,,no_dispenser,0
2161502,heavy,319.0,9.0,40-ft,STC,1,MF,14905100,14905162,319,319,53104,55200,Scott Road Station @ Bay 1,Scott Road Station @ Bay 4,53104,Scott Road Station,45810,46050,in_service_layover,62.70716621698431,65.65718199868718,16.638089008804172,240,4.0,12:43:30,12:47:30,False,,no_dispenser,0
2161507,heavy,312.0,2.0,40-ft,STC,1,MF,14862248,14862307,312,312,53104,57566,Scott Road Station @ Bay 1,Scott Road Station @ Bay 8,53104,Scott Road Station,46290,46710,in_service_layover,67.70705696906663,72.26102323009617,25.684369712206717,420,7.0,12:51:30,12:58:30,False,,no_dispenser,0
2165007,heavy,319.0,5.0,40-ft,STC,1,MF,14905101,14905163,319,319,53104,55200,Scott Road Station @ Bay 1,Scott Road Station @ Bay 4,53104,Scott Road Station,46710,46950,in_service_layover,59.810442025562324,62.89860079332534,17.41721545018339,240,4.0,12:58:30,13:02:30,False,,no_dispenser,0
2162559,heavy,620.0,23.0,40-ft,RTC,1,MF,14878266,14878362,640,640,53104,55096,Scott Road Station @ Bay 1,Scott Road Station @ Bay 7,53104,Scott Road Station,46710,47790,in_service_layover,65.3985656114034,75.95797979014019,59.55509596807542,1080,18.0,12:58:30,13:16:30,False,,no_dispenser,0
2161596,heavy,319.0,1.0,40-ft,STC,1,MF,14905102,14905164,319,319,53104,55200,Scott Road Station @ Bay 1,Scott Road Station @ Bay 4,53104,Scott Road Station,47670,47850,in_service_layover,60.626225928911225,62.93380656972999,13.014754814217781,180,3.0,13:14:30,13:17:30,False,,no_dispenser,0
2161730,heavy,620.0,22.0,40-ft,RTC,1,MF,14878267,14878363,640,640,53104,55096,Scott Road Station @ Bay 1,Scott Road Station @ Bay 7,53104,Scott Road Station,47790,48690,in_service_layover,54.32919951282712,65.60496831963984,63.595336070423684,900,15.0,13:16:30,13:31:30,False,,no_dispenser,0
2161504,heavy,312.0,1.0,40-ft,STC,1,MF,14862255,14862308,312,312,53104,57566,Scott Road Station @ Bay 1,Scott Road Station @ Bay 8,53104,Scott Road Station,48150,48510,in_service_layover,67.48775204538117,71.46156279829661,22.41229264644312,360,6.0,13:22:30,13:28:30,False,,no_dispenser,0
2165005,heavy,319.0,8.0,40-ft,STC,1,MF,14905103,14905165,319,319,53104,55200,Scott Road Station @ Bay 1,Scott Road Station @ Bay 4,53104,Scott Road Station,48570,48750,in_service_layover,60.37087421938692,62.68750988536611,13.065825156122628,180,3.0,13:29:30,13:32:30,False,,no_dispenser,0
2162560,heavy,620.0,24.0,40-ft,RTC,1,MF,14878269,14878366,640,640,53104,55096,Scott Road Station @ Bay 1,Scott Road Station @ Bay 7,53104,Scott Road Station,48990,50250,in_service_layover,55.568351827678555,70.19136831143624,82.47381296839336,1260,21.0,13:36:30,13:57:30,False,,no_dispenser,0
2161519,heavy,319.0,6.0,40-ft,STC,1,MF,14905104,14905166,319,319,53104,55200,Scott Road Station @ Bay 1,Scott Road Station @ Bay 4,53104,Scott Road Station,49470,49650,in_service_layover,53.019188768681445,55.35993735117655,13.201822005272334,180,3.0,13:44:30,13:47:30,False,,no_dispenser,0
2161501,heavy,312.0,3.0,40-ft,STC,1,MF,14862240,14862284,312,312,53104,57566,Scott Road Station @ Bay 1,Scott Road Station @ Bay 8,53104,Scott Road Station,49890,50310,in_service_layover,69.45421978596583,73.83358782382356,24.699635733517653,420,7.0,13:51:30,13:58:30,False,,no_dispenser,0
2162557,heavy,620.0,28.0,40-ft,RTC,1,MF,14878271,14878367,640,640,53104,55096,Scott Road Station @ Bay 1,Scott Road Station @ Bay 7,53104,Scott Road Station,50310,50790,in_service_layover,50.713059175149,56.96202878353841,35.24418859131629,480,8.0,13:58:30,14:06:30,False,,no_dispenser,0
2165010,heavy,319.0,3.0,40-ft,STC,1,MF,14905105,14905167,319,319,53104,55200,Scott Road Station @ Bay 1,Scott Road Station @ Bay 4,53104,Scott Road Station,50370,50550,in_service_layover,53.90616395363574,56.255539214150176,13.250476469301361,180,3.0,13:59:30,14:02:30,False,,no_dispenser,0
2161502,heavy,319.0,9.0,40-ft,STC,1,MF,14905106,14905168,319,319,53104,55200,Scott Road Station @ Bay 1,Scott Road Station @ Bay 4,53104,Scott Road Station,51270,51450,in_service_layover,55.41413549275885,57.77817721198713,13.333195296447457,180,3.0,14:14:30,14:17:30,False,,no_dispenser,0
2161732,heavy,620.0,21.0,40-ft,RTC,1,MF,14878274,14878370,640,640,53104,55096,Scott Road Station @ Bay 1,Scott Road Station @ Bay 7,53104,Scott Road Station,51510,51990,in_service_layover,60.924919148364864,66.7661947905445,32.944794621893095,480,8.0,14:18:30,14:26:30,False,,no_dispenser,0
2161507,heavy,312.0,2.0,40-ft,STC,1,MF,14862224,14862276,312,312,53104,57566,Scott Road Station @ Bay 1,Scott Road Station @ Bay 8,53104,Scott Road Station,51690,52110,in_service_layover,67.94064621231264,72.47170472484216,25.555170010666473,420,7.0,14:21:30,14:28:30,False,,no_dispenser,0
2161736,heavy,620.0,30.0,40-ft,RTC,1,MF,14878277,14878373,640,640,53104,55096,Scott Road Station @ Bay 1,Scott Road Station @ Bay 7,53104,Scott Road Station,52710,53490,in_service_layover,63.86734553484415,72.33646929773259,47.76585802269085,780,13.0,14:38:30,14:51:30,False,,no_dispenser,0
2165007,heavy,319.0,5.0,40-ft,STC,1,MF,14905108,14905170,319,319,53104,55200,Scott Road Station @ Bay 1,Scott Road Station @ Bay 4,53104,Scott Road Station,53070,53250,in_service_layover,64.12490507112695,66.30841907569692,12.3150189857746,180,3.0,14:44:30,14:47:30,False,,no_dispenser,0
2161504,heavy,312.0,1.0,40-ft,STC,1,MF,14862260,14862274,312,312,53104,57566,Scott Road Station @ Bay 1,Scott Road Station @ Bay 8,53104,Scott Road Station,53550,53910,in_service_layover,67.22863016556624,71.22372697225576,22.532345989728924,360,6.0,14:52:30,14:58:30,False,,no_dispenser,0
2161596,heavy,319.0,1.0,40-ft,STC,1,MF,14905109,14905171,319,319,53104,55200,Scott Road Station @ Bay 1,Scott Road Station @ Bay 4,53104,Scott Road Station,53970,54270,in_service_layover,64.15341810169217,67.71997188514847,20.115363338693555,300,5.0,14:59:30,15:04:30,False,,no_dispenser,0
2162559,heavy,620.0,23.0,40-ft,RTC,1,MF,14878279,14878375,640,640,53104,55096,Scott Road Station @ Bay 1,Scott Road Station @ Bay 7,53104,Scott Road Station,53970,54390,in_service_layover,63.466135126170705,68.41263946521582,27.898284472214414,420,7.0,14:59:30,15:06:30,False,,no_dispenser,0
2161730,heavy,620.0,22.0,40-ft,RTC,1,MF,14878281,14878377,640,640,53104,55096,Scott Road Station @ Bay 1,Scott Road Station @ Bay 7,53104,Scott Road Station,54810,55350,in_service_layover,52.961257064885004,60.030853649767124,39.872524738735194,540,9.0,15:13:30,15:22:30,False,,no_dispenser,0
2165005,heavy,319.0,8.0,40-ft,STC,1,MF,14905110,14905173,319,319,53104,55200,Scott Road Station @ Bay 1,Scott Road Station @ Bay 4,53104,Scott Road Station,55050,56190,in_service_layover,63.95350402025246,75.31929238125068,64.10304635602995,1140,19.0,15:17:30,15:36:30,False,,no_dispenser,0
2162557,heavy,620.0,28.0,40-ft,RTC,1,MF,14878282,14878378,640,640,53104,55096,Scott Road Station @ Bay 1,Scott Road Station @ Bay 7,53104,Scott Road Station,55170,55530,in_service_layover,45.79874117518588,50.391370157678594,25.902427461258867,360,6.0,15:19:30,15:25:30,False,,no_dispenser,0
2161720,heavy,321.0,2.0,40-ft,STC,1,MF,14863757,14863891,321,321,56397,55835,Scott Rd Station @ Bay 2,Scott Road Station @ Bay 9,55835,Scott Road Station,55290,55710,in_service_layover,25.742200586284874,30.9723124045436,29.497830654979225,420,7.0,15:21:30,15:28:30,False,,no_dispenser,0
2161501,heavy,312.0,3.0,40-ft,STC,1,MF,14862266,14862318,312,312,53104,57566,Scott Road Station @ Bay 1,Scott Road Station @ Bay 8,53104,Scott Road Station,55410,55710,in_service_layover,68.1779034436927,71.485140360492,18.65281621074797,300,5.0,15:23:30,15:28:30,False,,no_dispenser,0
2161537,heavy,321.0,26.0,40-ft,STC,1,MF,14863758,14863873,321,321,56397,55835,Scott Rd Station @ Bay 2,Scott Road Station @ Bay 9,55835,Scott Road Station,55890,56310,in_service_layover,43.21976781946147,48.558536872493086,30.11065745909832,420,7.0,15:31:30,15:38:30,False,,no_dispenser,0
2161519,heavy,319.0,6.0,40-ft,STC,1,MF,14905111,14905174,319,319,53104,55200,Scott Road Station @ Bay 1,Scott Road Station @ Bay 4,53104,Scott Road Station,55950,56850,in_service_layover,57.46463760674017,68.2762503324745,60.97749577314164,900,15.0,15:32:30,15:47:30,False,,no_dispenser,0
2162556,heavy,620.0,41.0,40-ft,RTC,1,MF,14878283,14878381,640,640,53104,55096,Scott Road Station @ Bay 1,Scott Road Station @ Bay 7,53104,Scott Road Station,55950,57210,in_service_layover,66.46033643415609,77.94792985381561,64.79002688687967,1260,21.0,15:32:30,15:53:30,False,,no_dispenser,0
2161602,heavy,321.0,4.0,40-ft,STC,1,MF,14863788,14863901,321,321,56397,55835,Scott Rd Station @ Bay 2,Scott Road Station @ Bay 9,55835,Scott Road Station,56490,56910,in_service_layover,40.82163385703352,46.143546342014375,30.015586415292034,420,7.0,15:41:30,15:48:30,False,,no_dispenser,0
2163821,heavy,320.0,14.0,40-ft,STC,1,MF,14862235,14862277,312,312,53104,57566,Scott Road Station @ Bay 1,Scott Road Station @ Bay 8,53104,Scott Road Station,56610,56910,in_service_layover,66.08161719887059,69.52890493666783,19.442702841176413,300,5.0,15:43:30,15:48:30,False,,no_dispenser,0
2165010,heavy,319.0,3.0,40-ft,STC,1,MF,14905112,14905175,319,319,53104,55200,Scott Road Station @ Bay 1,Scott Road Station @ Bay 4,53104,Scott Road Station,56790,57510,in_service_layover,55.96625444570476,65.05166064545969,51.241690966617796,720,12.0,15:46:30,15:58:30,False,,no_dispenser,0
2162560,heavy,620.0,24.0,40-ft,RTC,1,MF,14878285,14878382,640,640,53104,55096,Scott Road Station @ Bay 1,Scott Road Station @ Bay 7,53104,Scott Road Station,56910,57090,in_service_layover,60.732449802464075,63.03626363925612,12.993510039507157,180,3.0,15:48:30,15:51:30,False,,no_dispenser,0
2161505,heavy,321.0,8.0,40-ft,STC,1,MF,14863797,14863874,321,321,56397,55835,Scott Rd Station @ Bay 2,Scott Road Station @ Bay 9,55835,Scott Road Station,57090,57510,in_service_layover,29.442886847836398,34.69551116777809,29.624801164471165,420,7.0,15:51:30,15:58:30,False,,no_dispenser,0
2161502,heavy,319.0,9.0,40-ft,STC,1,MF,14905113,14905176,319,319,53104,55200,Scott Road Station @ Bay 1,Scott Road Station @ Bay 4,53104,Scott Road Station,57450,58170,in_service_layover,54.42937397521521,63.64684528567813,51.98653819101088,720,12.0,15:57:30,16:09:30,False,,no_dispenser,0
2161719,heavy,321.0,7.0,40-ft,STC,1,MF,14863780,14863875,321,321,56397,55835,Scott Rd Station @ Bay 2,Scott Road Station @ Bay 9,55835,Scott Road Station,57690,57990,in_service_layover,29.459345519773795,33.20626797989582,21.13264267508825,300,5.0,16:01:30,16:06:30,False,,no_dispenser,0
2161736,heavy,620.0,30.0,40-ft,RTC,1,MF,14878288,14863947,640,321,53104,55835,Scott Road Station @ Bay 1,Scott Road Station @ Bay 9,53104,Scott Road Station,58050,58290,in_service_layover,61.173181689380066,64.195726290355,17.047151549498665,240,4.0,16:07:30,16:11:30,False,,no_dispenser,0
2161718,heavy,321.0,5.0,40-ft,STC,1,MF,14863759,14863892,321,321,56397,55835,Scott Rd Station @ Bay 2,Scott Road Station @ Bay 9,55835,Scott Road Station,58290,58950,in_service_layover,21.86485010615005,30.067474870330173,46.26280366997588,660,11.0,16:11:30,16:22:30,False,,no_dispenser,0
2161732,heavy,620.0,21.0,40-ft,RTC,1,MF,14878289,14878385,640,640,53104,55096,Scott Road Station @ Bay 1,Scott Road Station @ Bay 7,53104,Scott Road Station,58650,59010,in_service_layover,57.693158431409664,62.371730743519294,26.387147840298326,360,6.0,16:17:30,16:23:30,False,,no_dispenser,0
2161717,heavy,321.0,9.0,40-ft,STC,1,MF,14863760,14863876,321,321,56397,55835,Scott Rd Station @ Bay 2,Scott Road Station @ Bay 9,55835,Scott Road Station,58890,59370,in_service_layover,20.29356827118827,26.24058924574964,33.54119829652615,480,8.0,16:21:30,16:29:30,False,,no_dispenser,0
2161506,heavy,320.0,9.0,40-ft,STC,1,MF,14862250,14862306,312,312,53104,57566,Scott Road Station @ Bay 1,Scott Road Station @ Bay 8,53104,Scott Road Station,59010,59310,in_service_layover,69.64998736740323,72.8524081128197,18.061653004148923,300,5.0,16:23:30,16:28:30,False,,no_dispenser,0
2162559,heavy,620.0,23.0,40-ft,RTC,1,MF,14878290,14878386,640,640,53104,55096,Scott Road Station @ Bay 1,Scott Road Station @ Bay 7,53104,Scott Road Station,59010,59430,in_service_layover,57.24935185686329,62.68961188638451,30.68306656649969,420,7.0,16:23:30,16:30:30,False,,no_dispenser,0
2165007,heavy,319.0,5.0,40-ft,STC,1,MF,14905116,14905226,319,319,53104,55200,Scott Road Station @ Bay 1,Scott Road Station @ Bay 4,53104,Scott Road Station,59430,60150,in_service_layover,61.76651704955935,70.02231690573272,46.56271118881784,720,12.0,16:30:30,16:42:30,False,,no_dispenser,0
2161712,heavy,321.0,13.0,40-ft,STC,1,MF,14863761,14863877,321,321,56397,55835,Scott Rd Station @ Bay 2,Scott Road Station @ Bay 9,55835,Scott Road Station,59490,60210,in_service_layover,31.50347868532189,40.55962933322983,51.07668965420078,720,12.0,16:31:30,16:43:30,False,,no_dispenser,0
2161730,heavy,620.0,22.0,40-ft,RTC,1,MF,14878292,14878388,640,640,53104,55096,Scott Road Station @ Bay 1,Scott Road Station @ Bay 7,53104,Scott Road Station,59850,61110,in_service_layover,48.867566041414605,64.67546787502889,89.15656634158455,1260,21.0,16:37:30,16:58:30,False,,no_dispenser,0
2161722,heavy,502.0,44.0,40-ft,STC,1,MF,14863798,14863902,321,321,56397,55835,Scott Rd Station @ Bay 2,Scott Road Station @ Bay 9,55835,Scott Road Station,60090,60630,in_service_layover,69.31659717267335,74.8058354443078,30.95930385201825,540,9.0,16:41:30,16:50:30,False,,no_dispenser,0
2161596,heavy,319.0,1.0,40-ft,STC,1,MF,14905117,14905183,319,319,53104,55200,Scott Road Station @ Bay 1,Scott Road Station @ Bay 4,53104,Scott Road Station,60090,60810,in_service_layover,57.301617197495126,66.23864274909046,50.40482411099765,720,12.0,16:41:30,16:53:30,False,,no_dispenser,0
2161711,heavy,321.0,17.0,40-ft,STC,1,MF,14863762,14863878,321,321,56397,55835,Scott Rd Station @ Bay 2,Scott Road Station @ Bay 9,55835,Scott Road Station,60690,61110,in_service_layover,25.23010331843133,30.457046154928456,29.479957597843793,420,7.0,16:51:30,16:58:30,False,,no_dispenser,0
2161734,heavy,620.0,42.0,40-ft,RTC,1,MF,14878295,14863949,640,321,53104,55835,Scott Road Station @ Bay 1,Scott Road Station @ Bay 9,53104,Scott Road Station,60930,61410,in_service_layover,58.22121394216282,64.32012870742214,34.397879276062554,480,8.0,16:55:30,17:03:30,False,,no_dispenser,0
2161715,heavy,321.0,19.0,40-ft,STC,1,MF,14863781,14863879,321,321,56397,55835,Scott Rd Station @ Bay 2,Scott Road Station @ Bay 9,55835,Scott Road Station,61290,61950,in_service_layover,25.986252550926825,34.22947012542619,46.4917471201764,660,11.0,17:01:30,17:12:30,False,,no_dispenser,0
2162556,heavy,620.0,41.0,40-ft,RTC,1,MF,14878296,14863950,640,321,53104,55835,Scott Road Station @ Bay 1,Scott Road Station @ Bay 9,53104,Scott Road Station,61470,62070,in_service_layover,66.78464224546309,73.15715949827307,35.94099730584833,600,10.0,17:04:30,17:14:30,False,,no_dispenser,0
2162557,heavy,620.0,28.0,40-ft,RTC,1,MF,14878297,14878389,640,640,53104,55096,Scott Road Station @ Bay 1,Scott Road Station @ Bay 7,53104,Scott Road Station,61830,62190,in_service_layover,39.155278040105266,43.70520580611853,25.661592600314805,360,6.0,17:10:30,17:16:30,False,,no_dispenser,0
2161708,heavy,321.0,6.0,40-ft,STC,1,MF,14863763,14863880,321,321,56397,55835,Scott Rd Station @ Bay 2,Scott Road Station @ Bay 9,55835,Scott Road Station,61890,62730,in_service_layover,22.68700216210543,33.15862394422615,59.05994685116087,840,14.0,17:11:30,17:25:30,False,,no_dispenser,0
2165005,heavy,319.0,8.0,40-ft,STC,1,MF,14905041,14905208,319,319,53104,55200,Scott Road Station @ Bay 1,Scott Road Station @ Bay 4,53104,Scott Road Station,62010,62790,in_service_layover,66.87911719909502,74.80405423925745,44.696644906516156,780,13.0,17:13:30,17:26:30,False,,no_dispenser,0
2161714,heavy,321.0,28.0,40-ft,STC,1,MF,14863764,14863893,321,321,56397,55835,Scott Rd Station @ Bay 2,Scott Road Station @ Bay 9,55835,Scott Road Station,62490,63150,in_service_layover,22.81456321150756,31.026678757180854,46.31633167759736,660,11.0,17:21:30,17:32:30,False,,no_dispenser,0
2161733,heavy,620.0,44.0,40-ft,RTC,1,MF,14878299,14878390,640,640,53104,55096,Scott Road Station @ Bay 1,Scott Road Station @ Bay 7,53104,Scott Road Station,62670,63210,in_service_layover,60.262033213727705,66.83915064556696,37.09494231557335,540,9.0,17:24:30,17:33:30,False,,no_dispenser,0
2161519,heavy,319.0,6.0,40-ft,STC,1,MF,14905042,14905209,319,319,53104,55200,Scott Road Station @ Bay 1,Scott Road Station @ Bay 4,53104,Scott Road Station,62670,63450,in_service_layover,60.09817858015802,69.2168704089132,51.4294219141791,780,13.0,17:24:30,17:37:30,False,,no_dispenser,0
2165010,heavy,319.0,3.0,40-ft,STC,1,MF,14905043,14905210,319,319,53104,55200,Scott Road Station @ Bay 1,Scott Road Station @ Bay 4,53104,Scott Road Station,63330,64110,in_service_layover,56.9879827005084,66.62065452748232,54.328269104132914,780,13.0,17:35:30,17:48:30,False,,no_dispenser,0
2162560,heavy,620.0,24.0,40-ft,RTC,1,MF,14878301,14878391,640,640,53104,55096,Scott Road Station @ Bay 1,Scott Road Station @ Bay 7,53104,Scott Road Station,63450,64410,in_service_layover,54.244039725223715,66.18136425539383,67.32651035015954,960,16.0,17:37:30,17:53:30,False,,no_dispenser,0
2161594,heavy,321.0,30.0,40-ft,STC,1,MF,14863766,14863882,321,321,56397,55835,Scott Rd Station @ Bay 2,Scott Road Station @ Bay 9,55835,Scott Road Station,63630,64650,in_service_layover,24.412786345747524,37.18029064586258,72.0087242526489,1020,17.0,17:40:30,17:57:30,False,,no_dispenser,0
2161502,heavy,319.0,9.0,40-ft,STC,1,MF,14905044,14905211,319,319,53104,55200,Scott Road Station @ Bay 1,Scott Road Station @ Bay 4,53104,Scott Road Station,63930,64770,in_service_layover,55.608650166286,66.07266843840772,59.01706305476654,840,14.0,17:45:30,17:59:30,False,,no_dispenser,0
2161731,heavy,620.0,43.0,40-ft,RTC,1,MF,14878302,14863952,640,321,53104,55835,Scott Road Station @ Bay 1,Scott Road Station @ Bay 9,53104,Scott Road Station,64170,65010,in_service_layover,56.722576701367785,67.0349295376203,58.161669996464184,840,14.0,17:49:30,18:03:30,False,,no_dispenser,0
2161713,heavy,502.0,42.0,40-ft,STC,1,MF,14863795,14863883,321,321,56397,55835,Scott Rd Station @ Bay 2,Scott Road Station @ Bay 9,55835,Scott Road Station,64230,65670,in_service_layover,57.136660232380635,72.7846854999935,88.25486250933665,1440,24.0,17:50:30,18:14:30,False,,no_dispenser,0
2165041,heavy,319.0,10.0,40-ft,STC,1,MF,14905045,14905212,319,319,53104,55200,Scott Road Station @ Bay 1,Scott Road Station @ Bay 4,53104,Scott Road Station,64590,65430,in_service_layover,66.0796867515631,74.64947843823373,48.33362511282235,840,14.0,17:56:30,18:10:30,False,,no_dispenser,0
2164444,heavy,312.0,4.0,40-ft,STC,1,MF,14863767,14862321,321,312,56397,57566,Scott Rd Station @ Bay 2,Scott Road Station @ Bay 8,57566,Scott Road Station,65310,66450,in_service_layover,66.8912740761393,77.47426363186806,59.68806109431023,1140,19.0,18:08:30,18:27:30,False,,no_dispenser,0
2162559,heavy,620.0,23.0,40-ft,RTC,1,MF,14878303,14878392,640,640,53104,55096,Scott Road Station @ Bay 1,Scott Road Station @ Bay 7,53104,Scott Road Station,65430,65730,in_service_layover,49.24438686882115,53.10212256673596,21.75762933623946,300,5.0,18:10:30,18:15:30,False,,no_dispenser,0
2165007,heavy,319.0,5.0,40-ft,STC,1,MF,14905047,14905213,319,319,53104,55200,Scott Road Station @ Bay 1,Scott Road Station @ Bay 4,53104,Scott Road Station,65790,66090,in_service_layover,61.782327899045384,65.48904610832166,20.905890700318196,300,5.0,18:16:30,18:21:30,False,,no_dispenser,0
2161596,heavy,319.0,1.0,40-ft,STC,1,MF,14905125,14905229,319,319,53104,55200,Scott Road Station @ Bay 1,Scott Road Station @ Bay 4,53104,Scott Road Station,66390,66750,in_service_layover,58.87530396497772,63.48970142798562,26.0252016913646,360,6.0,18:26:30,18:32:30,False,,no_dispenser,0
2161537,heavy,321.0,26.0,40-ft,STC,1,MF,14863769,14863885,321,321,56397,55835,Scott Rd Station @ Bay 2,Scott Road Station @ Bay 9,55835,Scott Road Station,66510,66930,in_service_layover,27.26383356213867,32.503189057000895,29.54996499102296,420,7.0,18:28:30,18:35:30,False,,no_dispenser,0
2162558,heavy,620.0,47.0,40-ft,RTC,1,MF,14878304,14878393,640,640,53104,55096,Scott Road Station @ Bay 1,Scott Road Station @ Bay 7,53104,Scott Road Station,66510,66930,in_service_layover,57.418976022002525,62.85035246949937,30.632963163882266,420,7.0,18:28:30,18:35:30,False,,no_dispenser,0
2161730,heavy,620.0,22.0,40-ft,RTC,1,MF,14878305,14863953,640,321,53104,55835,Scott Road Station @ Bay 1,Scott Road Station @ Bay 9,53104,Scott Road Station,66990,67230,in_service_layover,51.24955719736748,54.35428532554376,17.51066664291426,240,4.0,18:36:30,18:40:30,False,,no_dispenser,0
2165039,heavy,319.0,11.0,40-ft,STC,1,MF,14905049,14905185,319,319,53104,55200,Scott Road Station @ Bay 1,Scott Road Station @ Bay 4,53104,Scott Road Station,67050,67410,in_service_layover,67.32050804079778,71.30807658907959,22.489886612309476,360,6.0,18:37:30,18:43:30,False,,no_dispenser,0
2161602,heavy,321.0,4.0,40-ft,STC,1,MF,14863796,14863843,321,321,56397,55835,Scott Rd Station @ Bay 2,Scott Road Station @ Bay 9,55835,Scott Road Station,67110,68010,in_service_layover,24.84884303165996,36.104915114848296,63.48424654918222,900,15.0,18:38:30,18:53:30,False,,no_dispenser,0
2161657,heavy,320.0,20.0,40-ft,STC,1,MF,14905126,14905186,319,319,53104,55200,Scott Road Station @ Bay 1,Scott Road Station @ Bay 4,53104,Scott Road Station,67710,68070,in_service_layover,44.86366531703389,49.44722282225536,25.851264329449123,360,6.0,18:48:30,18:54:30,False,,no_dispenser,0
2162557,heavy,620.0,28.0,40-ft,RTC,1,MF,14878306,14878394,640,640,53104,55096,Scott Road Station @ Bay 1,Scott Road Station @ Bay 7,53104,Scott Road Station,67950,68130,in_service_layover,30.163334908925954,32.41031139006742,12.67294735363788,180,3.0,18:52:30,18:55:30,False,,no_dispenser,0
2165005,heavy,319.0,8.0,40-ft,STC,1,MF,14905063,14905187,319,319,53104,55200,Scott Road Station @ Bay 1,Scott Road Station @ Bay 4,53104,Scott Road Station,68370,68730,in_service_layover,68.40282380471513,72.30014151642044,21.980871894017923,360,6.0,18:59:30,19:05:30,False,,no_dispenser,0
2161508,heavy,503.0,10.0,40-ft,STC,1,MF,14862257,14862288,312,312,53104,57566,Scott Road Station @ Bay 1,Scott Road Station @ Bay 8,53104,Scott Road Station,68610,69870,in_service_layover,63.715645729149465,75.98301120855464,69.18794130384521,1260,21.0,19:03:30,19:24:30,False,,no_dispenser,0
2161519,heavy,319.0,6.0,40-ft,STC,1,MF,14905064,14905279,319,319,53104,55200,Scott Road Station @ Bay 1,Scott Road Station @ Bay 4,53104,Scott Road Station,68970,69390,in_service_layover,63.259475262252195,68.2239761248769,27.999784865203253,420,7.0,19:09:30,19:16:30,False,,no_dispenser,0
2161733,heavy,620.0,44.0,40-ft,RTC,1,MF,14878307,14878395,640,640,53104,55096,Scott Road Station @ Bay 1,Scott Road Station @ Bay 7,53104,Scott Road Station,69090,69330,in_service_layover,55.64223124482067,58.80392328855185,17.831943126643864,240,4.0,19:11:30,19:15:30,False,,no_dispenser,0
2165010,heavy,319.0,3.0,40-ft,STC,1,MF,14905065,14905188,319,319,53104,55200,Scott Road Station @ Bay 1,Scott Road Station @ Bay 4,53104,Scott Road Station,69630,70050,in_service_layover,61.54334114295401,66.65323017367886,28.81977413328815,420,7.0,19:20:30,19:27:30,False,,no_dispenser,0
2162560,heavy,620.0,24.0,40-ft,RTC,1,MF,14878308,14878396,640,640,53104,55096,Scott Road Station @ Bay 1,Scott Road Station @ Bay 7,53104,Scott Road Station,70230,70530,in_service_layover,55.75288512473164,59.70840879713344,22.309153512346086,300,5.0,19:30:30,19:35:30,False,,no_dispenser,0
2161502,heavy,319.0,9.0,40-ft,STC,1,MF,14905066,14905189,319,319,53104,55200,Scott Road Station @ Bay 1,Scott Road Station @ Bay 4,53104,Scott Road Station,70290,70770,in_service_layover,61.72839835522799,67.49186095550468,32.505929065560565,480,8.0,19:31:30,19:39:30,False,,no_dispenser,0
2161506,heavy,320.0,9.0,40-ft,STC,1,MF,14862249,14862298,312,312,53104,57566,Scott Road Station @ Bay 1,Scott Road Station @ Bay 8,53104,Scott Road Station,70350,71010,in_service_layover,68.53819523253522,75.17681471150482,37.441813861388596,660,11.0,19:32:30,19:43:30,False,,no_dispenser,0
2165041,heavy,319.0,10.0,40-ft,STC,1,MF,14905067,14905190,319,319,53104,55200,Scott Road Station @ Bay 1,Scott Road Station @ Bay 4,53104,Scott Road Station,70890,71670,in_service_layover,69.40525940921958,76.85653049585119,42.02516892860223,780,13.0,19:41:30,19:54:30,False,,no_dispenser,0
2162559,heavy,620.0,23.0,40-ft,RTC,1,MF,14878309,14878397,640,640,53104,55096,Scott Road Station @ Bay 1,Scott Road Station @ Bay 7,53104,Scott Road Station,71370,71730,in_service_layover,41.88558354583656,46.449761778092004,25.74196522992071,360,6.0,19:49:30,19:55:30,False,,no_dispenser,0
2165007,heavy,319.0,5.0,40-ft,STC,1,MF,14905068,14862322,319,312,53104,57566,Scott Road Station @ Bay 1,Scott Road Station @ Bay 8,53104,Scott Road Station,71550,72150,in_service_layover,61.203497209037664,68.31810698638316,40.12639914422857,600,10.0,19:52:30,20:02:30,False,,no_dispenser,0
2164444,heavy,312.0,4.0,40-ft,STC,1,MF,14862239,14862312,312,312,53104,57566,Scott Road Station @ Bay 1,Scott Road Station @ Bay 8,53104,Scott Road Station,72090,73230,in_service_layover,67.92012130723849,78.2348236861585,58.17492141710892,1140,19.0,20:01:30,20:20:30,False,,no_dispenser,0
2161596,heavy,319.0,1.0,40-ft,STC,1,MF,14905069,14905191,319,319,53104,55200,Scott Road Station @ Bay 1,Scott Road Station @ Bay 4,53104,Scott Road Station,72210,72570,in_service_layover,60.091176863888954,64.61662531325854,25.52352925444444,360,6.0,20:03:30,20:09:30,False,,no_dispenser,0
2162558,heavy,620.0,47.0,40-ft,RTC,1,MF,14878310,14878398,640,640,53104,55096,Scott Road Station @ Bay 1,Scott Road Station @ Bay 7,53104,Scott Road Station,72570,72930,in_service_layover,53.3200000515747,58.03740176021409,26.606145636726183,360,6.0,20:09:30,20:15:30,False,,no_dispenser,0
2165039,heavy,319.0,11.0,40-ft,STC,1,MF,14905070,14905192,319,319,53104,55200,Scott Road Station @ Bay 1,Scott Road Station @ Bay 4,53104,Scott Road Station,72810,73470,in_service_layover,67.60751807258751,74.39298320751625,38.27002336099804,660,11.0,20:13:30,20:24:30,False,,no_dispenser,0
2162557,heavy,620.0,28.0,40-ft,RTC,1,MF,14878311,14878399,640,640,53104,55096,Scott Road Station @ Bay 1,Scott Road Station @ Bay 7,53104,Scott Road Station,73770,74130,in_service_layover,22.57952719122699,27.041826777563134,25.167369666935826,360,6.0,20:29:30,20:35:30,False,,no_dispenser,0
2165005,heavy,319.0,8.0,40-ft,STC,1,MF,14905071,14905193,319,319,53104,55200,Scott Road Station @ Bay 1,Scott Road Station @ Bay 4,53104,Scott Road Station,74130,74370,in_service_layover,69.00715223206365,71.64144949770171,14.857436578198758,240,4.0,20:35:30,20:39:30,False,,no_dispenser,0
2161519,heavy,319.0,6.0,40-ft,STC,1,MF,14905072,14905194,319,319,53104,55200,Scott Road Station @ Bay 1,Scott Road Station @ Bay 4,53104,Scott Road Station,74910,75270,in_service_layover,66.69464695746532,70.733087363419,22.776803889578787,360,6.0,20:48:30,20:54:30,False,,no_dispenser,0
2161733,heavy,620.0,44.0,40-ft,RTC,1,MF,14878312,14878400,640,640,53104,55096,Scott Road Station @ Bay 1,Scott Road Station @ Bay 7,53104,Scott Road Station,74910,75330,in_service_layover,49.25551202118015,54.67986030085793,30.59332429738265,420,7.0,20:48:30,20:55:30,False,,no_dispenser,0
2161502,heavy,319.0,9.0,40-ft,STC,1,MF,14905073,14905195,319,319,53104,55200,Scott Road Station @ Bay 1,Scott Road Station @ Bay 4,53104,Scott Road Station,75810,76170,in_service_layover,62.34243745875957,66.7082220361525,24.62302501649617,360,6.0,21:03:30,21:09:30,False,,no_dispenser,0
2162560,heavy,620.0,24.0,40-ft,RTC,1,MF,14878313,14878401,640,640,53104,55096,Scott Road Station @ Bay 1,Scott Road Station @ Bay 7,53104,Scott Road Station,76110,76530,in_service_layover,50.183367459285634,55.62750774998242,30.70495123952992,420,7.0,21:08:30,21:15:30,False,,no_dispenser,0
2165041,heavy,319.0,10.0,40-ft,STC,1,MF,14905074,14905196,319,319,53104,55200,Scott Road Station @ Bay 1,Scott Road Station @ Bay 4,53104,Scott Road Station,76650,77070,in_service_layover,66.61348398992287,71.2729089066486,26.27915653033307,420,7.0,21:17:30,21:24:30,False,,no_dispenser,0
2162559,heavy,620.0,23.0,40-ft,RTC,1,MF,14878314,14878402,640,640,53104,55096,Scott Road Station @ Bay 1,Scott Road Station @ Bay 7,53104,Scott Road Station,77310,77730,in_service_layover,36.71681637205218,42.01373355033318,29.87461288550483,420,7.0,21:28:30,21:35:30,False,,no_dispenser,0
2164444,heavy,312.0,4.0,40-ft,STC,1,MF,14862262,14862281,312,312,53104,57566,Scott Road Station @ Bay 1,Scott Road Station @ Bay 8,53104,Scott Road Station,77370,77610,in_service_layover,68.68068136152894,71.33334410045758,14.96101784755757,240,4.0,21:29:30,21:33:30,False,,no_dispenser,0
2161596,heavy,319.0,1.0,40-ft,STC,1,MF,14905075,14905197,319,319,53104,55200,Scott Road Station @ Bay 1,Scott Road Station @ Bay 4,53104,Scott Road Station,77550,77970,in_service_layover,60.417112328214394,65.62018814030067,29.345347580166617,420,7.0,21:32:30,21:39:30,False,,no_dispenser,0
2165039,heavy,319.0,11.0,40-ft,STC,1,MF,14905076,14905198,319,319,53104,55200,Scott Road Station @ Bay 1,Scott Road Station @ Bay 4,53104,Scott Road Station,78390,78870,in_service_layover,69.1783051506188,74.14457712749997,28.009773949609894,480,8.0,21:46:30,21:54:30,False,,no_dispenser,0
2162558,heavy,620.0,47.0,40-ft,RTC,1,MF,14878315,14878403,640,640,53104,55096,Scott Road Station @ Bay 1,Scott Road Station @ Bay 7,53104,Scott Road Station,78510,78930,in_service_layover,48.46911008872429,53.87869632904332,30.510066395399292,420,7.0,21:48:30,21:55:30,False,,no_dispenser,0
2165005,heavy,319.0,8.0,40-ft,STC,1,MF,14905077,14905199,319,319,53104,55200,Scott Road Station @ Bay 1,Scott Road Station @ Bay 4,53104,Scott Road Station,79290,79770,in_service_layover,66.73347975436796,71.97643103502188,29.570245222888047,480,8.0,22:01:30,22:09:30,False,,no_dispenser,0
2161519,heavy,319.0,6.0,40-ft,STC,1,MF,14905078,14905200,319,319,53104,55200,Scott Road Station @ Bay 1,Scott Road Station @ Bay 4,53104,Scott Road Station,80190,80670,in_service_layover,65.92227801364277,71.25378032117403,30.069673014476336,480,8.0,22:16:30,22:24:30,False,,no_dispenser,0
2161733,heavy,620.0,44.0,40-ft,RTC,1,MF,14878317,14878405,640,640,53104,55096,Scott Road Station @ Bay 1,Scott Road Station @ Bay 7,53104,Scott Road Station,80910,81330,in_service_layover,43.480595986787826,48.82174505030197,30.12408071821983,420,7.0,22:28:30,22:35:30,False,,no_dispenser,0
2161502,heavy,319.0,9.0,40-ft,STC,1,MF,14905079,14905201,319,319,53104,55200,Scott Road Station @ Bay 1,Scott Road Station @ Bay 4,53104,Scott Road Station,81090,81570,in_service_layover,63.61091862614175,69.1858433670431,31.442575538683684,480,8.0,22:31:30,22:39:30,False,,no_dispenser,0
2165041,heavy,319.0,10.0,40-ft,STC,1,MF,14905080,14905202,319,319,53104,55200,Scott Road Station @ Bay 1,Scott Road Station @ Bay 4,53104,Scott Road Station,81750,82470,in_service_layover,67.57716019727657,74.87894490898992,41.18206577406323,720,12.0,22:42:30,22:54:30,False,,no_dispenser,0
2161596,heavy,319.0,1.0,40-ft,STC,1,MF,14905081,14905203,319,319,53104,55200,Scott Road Station @ Bay 1,Scott Road Station @ Bay 4,53104,Scott Road Station,82650,83370,in_service_layover,62.660481738192765,70.77491832633144,45.76542235710224,720,12.0,22:57:30,23:09:30,False,,no_dispenser,0
2165005,heavy,319.0,8.0,40-ft,STC,1,MF,14905083,14905205,319,319,53104,55200,Scott Road Station @ Bay 1,Scott Road Station @ Bay 4,53104,Scott Road Station,84450,85170,in_service_layover,68.7331732185427,75.83524288169151,40.05567290015921,720,12.0,23:27:30,23:39:30,False,,no_dispenser,0
2161519,heavy,319.0,6.0,40-ft,STC,1,MF,14905084,14905206,319,319,53104,55200,Scott Road Station @ Bay 1,Scott Road Station @ Bay 4,53104,Scott Road Station,85230,86070,in_service_layover,68.120611846819,76.28280123378244,46.0347481424738,840,14.0,23:40:30,23:54:30,False,,no_dispenser,0
2161502,heavy,319.0,9.0,40-ft,STC,1,MF,14905085,14905207,319,319,53104,55200,Scott Road Station @ Bay 1,Scott Road Station @ Bay 4,53104,Scott Road Station,86130,86970,in_service_layover,66.36060304053645,74.87490168103763,48.020644332426684,840,14.0,23:55:30,24:09:30,False,,no_dispenser,0
2161596,heavy,319.0,1.0,40-ft,STC,1,MF,14905034,14905215,319,319,53104,55200,Scott Road Station @ Bay 1,Scott Road Station @ Bay 4,53104,Scott Road Station,87930,88770,in_service_layover,68.26330188636028,76.39660987680618,45.8718570661149,840,14.0,24:25:30,24:39:30,False,,no_dispenser,0
2165039,heavy,319.0,11.0,40-ft,STC,1,MF,14905035,14905216,319,319,53104,55200,Scott Road Station @ Bay 1,Scott Road Station @ Bay 4,53104,Scott Road Station,88650,89670,in_service_layover,67.65407801484021,77.2288878041849,54.00192721190393,1020,17.0,24:37:30,24:54:30,False,,no_dispenser,0
2165005,heavy,319.0,8.0,40-ft,STC,1,MF,14905036,14905217,319,319,53104,55200,Scott Road Station @ Bay 1,Scott Road Station @ Bay 4,53104,Scott Road Station,89550,90570,in_service_layover,65.5921963757632,75.66775190959684,56.826133210821865,1020,17.0,24:52:30,25:09:30,False,,no_dispenser,0
2161519,heavy,319.0,6.0,40-ft,STC,1,MF,14905037,14905218,319,319,53104,55200,Scott Road Station @ Bay 1,Scott Road Station @ Bay 4,53104,Scott Road Station,90450,91530,in_service_layover,66.03975472785412,76.43539905068852,58.63143398078597,1080,18.0,25:07:30,25:25:30,False,,no_dispenser,0
2164444,heavy,312.0,4.0,40-ft,STC,1,MF,14862251,14862282,312,312,53104,57566,Scott Road Station @ Bay 1,Scott Road Station @ Bay 8,53104,Scott Road Station,91950,92190,in_service_layover,65.83763942232066,68.6391414897975,15.800471660569372,240,4.0,25:32:30,25:36:30,False,,no_dispenser,0
2161596,heavy,319.0,1.0,40-ft,STC,1,MF,14905039,14905219,319,319,53104,55200,Scott Road Station @ Bay 1,Scott Road Station @ Bay 4,53104,Scott Road Station,92430,92730,in_service_layover,66.15356337087786,69.59622356178488,19.416603476715522,300,5.0,25:40:30,25:45:30,False,,no_dispenser,0
2165039,heavy,319.0,11.0,40-ft,STC,1,MF,14905040,14905220,319,319,53104,55200,Scott Road Station @ Bay 1,Scott Road Station @ Bay 4,53104,Scott Road Station,93630,93930,in_service_layover,66.98584129825656,70.37404601484832,19.10947460157746,300,5.0,26:00:30,26:05:30,False,,no_dispenser,0
2161506,heavy,320.0,9.0,40-ft,STC,1,MF,14862663,14862607,316,316,54793,55041,Scottsdale Exchange @ Bay 6,Scottsdale Exchange @ Bay 2,54793,Scottsdale Exchange,27030,27510,in_service_layover,67.66451470143828,72.80383642748936,28.985774534928055,480,8.0,07:30:30,07:38:30,False,,no_dispenser,0
2161625,heavy,320.0,12.0,40-ft,STC,1,MF,14869430,14869399,364,364,56394,55192,Scottsdale Exchange @ Bay 1,Scottsdale Exchange @ Bay 9,56394,Scottsdale Exchange,27330,28530,in_service_layover,67.96230392835318,78.65496012613757,60.30658095550399,1200,20.0,07:35:30,07:55:30,False,,no_dispenser,0
2161507,heavy,312.0,2.0,40-ft,STC,1,MF,14862286,14862236,312,312,56394,54793,Scottsdale Exchange @ Bay 1,Scottsdale Exchange @ Bay 6,56394,Scottsdale Exchange,28470,28710,in_service_layover,69.89456913716268,72.47761857321234,14.568398819320123,240,4.0,07:54:30,07:58:30,False,,no_dispenser,0
2161504,heavy,312.0,1.0,40-ft,STC,1,MF,14862297,14862253,312,312,56394,54793,Scottsdale Exchange @ Bay 1,Scottsdale Exchange @ Bay 6,56394,Scottsdale Exchange,29670,29910,in_service_layover,69.13604626186397,71.76302035167717,14.816133866546409,240,4.0,08:14:30,08:18:30,False,,no_dispenser,0
2161649,heavy,503.0,2.0,40-ft,STC,1,MF,14869423,14869355,364,364,56394,55192,Scottsdale Exchange @ Bay 1,Scottsdale Exchange @ Bay 9,56394,Scottsdale Exchange,29970,30330,in_service_layover,59.38619678639356,63.96571574686858,25.828486937079106,360,6.0,08:19:30,08:25:30,False,,no_dispenser,0
2161501,heavy,312.0,3.0,40-ft,STC,1,MF,14862309,14862269,312,312,56394,54793,Scottsdale Exchange @ Bay 1,Scottsdale Exchange @ Bay 6,56394,Scottsdale Exchange,30870,31110,in_service_layover,67.08698681111953,69.82553449110132,15.445408915097289,240,4.0,08:34:30,08:38:30,False,,no_dispenser,0
2165191,heavy,801.0,16.0,40-ft,STC,1,MF,14862642,14862605,316,316,54793,55041,Scottsdale Exchange @ Bay 6,Scottsdale Exchange @ Bay 2,54793,Scottsdale Exchange,30870,31110,in_service_layover,66.92366209626313,69.67065803296782,15.493057083014492,240,4.0,08:34:30,08:38:30,False,,no_dispenser,0
2161467,heavy,301.0,41.0,40-ft,RTC,1,MF,14862012,14862048,310,310,56394,56394,Scottsdale Exchange @ Bay 1,Scottsdale Exchange @ Bay 1,56394,Scottsdale Exchange,31110,31290,in_service_layover,56.48943929383253,58.86393936614913,13.392180407865567,180,3.0,08:38:30,08:41:30,False,,no_dispenser,0
2161916,heavy,320.0,42.0,40-ft,STC,1,MF,14869422,14869354,364,364,56394,55192,Scottsdale Exchange @ Bay 1,Scottsdale Exchange @ Bay 9,56394,Scottsdale Exchange,32070,32610,in_service_layover,63.6227216358936,69.81962329049409,34.95052533194678,540,9.0,08:54:30,09:03:30,False,,no_dispenser,0
2161464,heavy,301.0,42.0,40-ft,RTC,1,MF,14862024,14862040,310,310,56394,56394,Scottsdale Exchange @ Bay 1,Scottsdale Exchange @ Bay 1,56394,Scottsdale Exchange,32250,32910,in_service_layover,56.48943929383253,64.83788381800557,47.08522711633583,660,11.0,08:57:30,09:08:30,False,,no_dispenser,0
2163903,heavy,502.0,13.0,40-ft,STC,1,MF,14869431,14869382,364,364,56394,55192,Scottsdale Exchange @ Bay 1,Scottsdale Exchange @ Bay 9,56394,Scottsdale Exchange,33030,33810,in_service_layover,56.670049811279554,66.34472444096937,54.56516491145055,780,13.0,09:10:30,09:23:30,False,,no_dispenser,0
2161507,heavy,312.0,2.0,40-ft,STC,1,MF,14862293,14862228,312,312,56394,54793,Scottsdale Exchange @ Bay 1,Scottsdale Exchange @ Bay 6,56394,Scottsdale Exchange,33210,33510,in_service_layover,64.99765843844929,68.51311967624069,19.82720138114348,300,5.0,09:13:30,09:18:30,False,,no_dispenser,0
2161469,heavy,301.0,43.0,40-ft,RTC,1,MF,14862001,14862049,310,310,56394,56394,Scottsdale Exchange @ Bay 1,Scottsdale Exchange @ Bay 1,56394,Scottsdale Exchange,33570,34710,in_service_layover,56.48943929383253,69.8120715829447,75.13964611059254,1140,19.0,09:19:30,09:38:30,False,,no_dispenser,0
2161504,heavy,312.0,1.0,40-ft,STC,1,MF,14862292,14862246,312,312,56394,54793,Scottsdale Exchange @ Bay 1,Scottsdale Exchange @ Bay 6,56394,Scottsdale Exchange,34410,35070,in_service_layover,64.31131870186314,71.59971512203755,41.10655580978374,660,11.0,09:33:30,09:44:30,False,,no_dispenser,0
2161543,heavy,319.0,7.0,40-ft,STC,1,MF,14866026,14866014,329,329,54793,55041,Scottsdale Exchange @ Bay 6,Scottsdale Exchange @ Bay 2,54793,Scottsdale Exchange,34590,34950,in_service_layover,65.74018725718236,69.85435227248423,23.203890686302543,360,6.0,09:36:30,09:42:30,False,,no_dispenser,0
2161466,heavy,301.0,44.0,40-ft,RTC,1,MF,14862013,14862041,310,310,56394,56394,Scottsdale Exchange @ Bay 1,Scottsdale Exchange @ Bay 1,56394,Scottsdale Exchange,35190,36510,in_service_layover,56.48943929383253,71.38520720026756,84.01213099229358,1320,22.0,09:46:30,10:08:30,False,,no_dispenser,0
2161645,heavy,320.0,11.0,40-ft,STC,1,MF,14869432,14869352,364,364,56394,55192,Scottsdale Exchange @ Bay 1,Scottsdale Exchange @ Bay 9,56394,Scottsdale Exchange,35550,36210,in_service_layover,63.91824732996536,71.26483259744975,41.434740908612014,660,11.0,09:52:30,10:03:30,False,,no_dispenser,0
2161501,heavy,312.0,3.0,40-ft,STC,1,MF,14862304,14862256,312,312,56394,54793,Scottsdale Exchange @ Bay 1,Scottsdale Exchange @ Bay 6,56394,Scottsdale Exchange,36210,36870,in_service_layover,68.95124576296904,75.52400851757889,37.070381935999535,660,11.0,10:03:30,10:14:30,False,,no_dispenser,0
2161625,heavy,320.0,12.0,40-ft,STC,1,MF,14869420,14869383,364,364,56394,55192,Scottsdale Exchange @ Bay 1,Scottsdale Exchange @ Bay 9,56394,Scottsdale Exchange,36450,37410,in_service_layover,61.80036442051613,72.26122912374274,58.99927692619809,960,16.0,10:07:30,10:23:30,False,,no_dispenser,0
2161467,heavy,301.0,41.0,40-ft,RTC,1,MF,14862002,14862050,310,310,56394,56394,Scottsdale Exchange @ Bay 1,Scottsdale Exchange @ Bay 1,56394,Scottsdale Exchange,36870,38010,in_service_layover,44.904705465258765,59.58330510844084,82.78730198754693,1140,19.0,10:14:30,10:33:30,False,,no_dispenser,0
2163821,heavy,320.0,14.0,40-ft,STC,1,MF,14862656,14862601,316,316,54793,55041,Scottsdale Exchange @ Bay 6,Scottsdale Exchange @ Bay 2,54793,Scottsdale Exchange,36930,37470,in_service_layover,64.46273992898804,70.56026105196518,34.39001913359101,540,9.0,10:15:30,10:24:30,False,,no_dispenser,0
2161984,heavy,503.0,7.0,40-ft,STC,1,MF,14869419,14869346,364,364,56394,55192,Scottsdale Exchange @ Bay 1,Scottsdale Exchange @ Bay 9,56394,Scottsdale Exchange,37530,38610,in_service_layover,57.715588481982195,70.20418719877648,70.43569676271977,1080,18.0,10:25:30,10:43:30,False,,no_dispenser,0
2161507,heavy,312.0,2.0,40-ft,STC,1,MF,14862310,14862226,312,312,56394,54793,Scottsdale Exchange @ Bay 1,Scottsdale Exchange @ Bay 6,56394,Scottsdale Exchange,38010,38670,in_service_layover,62.510596928808404,70.06244592532681,42.592428340363824,660,11.0,10:33:30,10:44:30,False,,no_dispenser,0
2161653,heavy,320.0,41.0,40-ft,STC,1,MF,14866024,14866012,329,329,54793,55041,Scottsdale Exchange @ Bay 6,Scottsdale Exchange @ Bay 2,54793,Scottsdale Exchange,38310,38910,in_service_layover,55.19554158271165,62.936038658571945,43.656403507852076,600,10.0,10:38:30,10:48:30,False,,no_dispenser,0
2161464,heavy,301.0,42.0,40-ft,RTC,1,MF,14862018,14862042,310,310,56394,56394,Scottsdale Exchange @ Bay 1,Scottsdale Exchange @ Bay 1,56394,Scottsdale Exchange,38610,39750,in_service_layover,50.87864991711519,65.1716185494138,80.61234308616406,1140,19.0,10:43:30,11:02:30,False,,no_dispenser,0
2161506,heavy,320.0,9.0,40-ft,STC,1,MF,14862628,14862600,316,316,54793,55041,Scottsdale Exchange @ Bay 6,Scottsdale Exchange @ Bay 2,54793,Scottsdale Exchange,38730,39210,in_service_layover,67.75250533738253,72.88192280666883,28.929914526774724,480,8.0,10:45:30,10:53:30,False,,no_dispenser,0
2161547,heavy,503.0,17.0,40-ft,STC,1,MF,14869434,14869372,364,364,56394,55192,Scottsdale Exchange @ Bay 1,Scottsdale Exchange @ Bay 9,56394,Scottsdale Exchange,38730,39810,in_service_layover,62.362940872152315,73.68395814118665,63.85053739735366,1080,18.0,10:45:30,11:03:30,False,,no_dispenser,0
2161504,heavy,312.0,1.0,40-ft,STC,1,MF,14862295,14862222,312,312,56394,54793,Scottsdale Exchange @ Bay 1,Scottsdale Exchange @ Bay 6,56394,Scottsdale Exchange,39810,40470,in_service_layover,67.77055292108562,74.53044694934535,38.125802319384775,660,11.0,11:03:30,11:14:30,False,,no_dispenser,0
2161986,heavy,503.0,8.0,40-ft,STC,1,MF,14869418,14869384,364,364,56394,55192,Scottsdale Exchange @ Bay 1,Scottsdale Exchange @ Bay 9,56394,Scottsdale Exchange,39930,41010,in_service_layover,62.31929366293551,73.65109673463233,63.911369324370185,1080,18.0,11:05:30,11:23:30,False,,no_dispenser,0
2161469,heavy,301.0,43.0,40-ft,RTC,1,MF,14862003,14862051,310,310,56394,56394,Scottsdale Exchange @ Bay 1,Scottsdale Exchange @ Bay 1,56394,Scottsdale Exchange,40410,41610,in_service_layover,55.852837682054336,69.87008857383827,79.05729502966147,1200,20.0,11:13:30,11:33:30,False,,no_dispenser,0
2163904,heavy,502.0,16.0,40-ft,STC,1,MF,14869417,14869364,364,364,56394,55192,Scottsdale Exchange @ Bay 1,Scottsdale Exchange @ Bay 9,56394,Scottsdale Exchange,41130,42210,in_service_layover,65.0004152740049,75.6610163608148,60.12579012960782,1080,18.0,11:25:30,11:43:30,False,,no_dispenser,0
2161501,heavy,312.0,3.0,40-ft,STC,1,MF,14862299,14862254,312,312,56394,54793,Scottsdale Exchange @ Bay 1,Scottsdale Exchange @ Bay 6,56394,Scottsdale Exchange,41610,42270,in_service_layover,65.96986619294931,73.00854684132987,39.69815885686637,660,11.0,11:33:30,11:44:30,False,,no_dispenser,0
2161538,heavy,319.0,4.0,40-ft,STC,1,MF,14866027,14866018,329,329,54793,55041,Scottsdale Exchange @ Bay 6,Scottsdale Exchange @ Bay 2,54793,Scottsdale Exchange,42090,42510,in_service_layover,50.39129018001758,55.84014904562139,30.731564002005484,420,7.0,11:41:30,11:48:30,False,,no_dispenser,0
2161846,heavy,320.0,26.0,40-ft,STC,1,MF,14869433,14869363,364,364,56394,55192,Scottsdale Exchange @ Bay 1,Scottsdale Exchange @ Bay 9,56394,Scottsdale Exchange,42330,43410,in_service_layover,67.18476417262613,77.28734191635422,56.97853847462642,1080,18.0,11:45:30,12:03:30,False,,no_dispenser,0
2163821,heavy,320.0,14.0,40-ft,STC,1,MF,14862637,14862611,316,316,54793,55041,Scottsdale Exchange @ Bay 6,Scottsdale Exchange @ Bay 2,54793,Scottsdale Exchange,42390,42810,in_service_layover,65.30047347440068,70.08262758470924,26.971349182140273,420,7.0,11:46:30,11:53:30,False,,no_dispenser,0
2161467,heavy,301.0,41.0,40-ft,RTC,1,MF,14862004,14862043,310,310,56394,56394,Scottsdale Exchange @ Bay 1,Scottsdale Exchange @ Bay 1,56394,Scottsdale Exchange,43410,43590,in_service_layover,45.624071207550486,47.911395316501455,12.900507974483446,180,3.0,12:03:30,12:06:30,False,,no_dispenser,0
2161507,heavy,312.0,2.0,40-ft,STC,1,MF,14862311,14862248,312,312,56394,54793,Scottsdale Exchange @ Bay 1,Scottsdale Exchange @ Bay 6,56394,Scottsdale Exchange,43470,44070,in_service_layover,65.23003966935524,71.81697129060039,37.150294343822736,600,10.0,12:04:30,12:14:30,False,,no_dispenser,0
2165212,heavy,320.0,38.0,40-ft,STC,1,MF,14869416,14869385,364,364,56394,55192,Scottsdale Exchange @ Bay 1,Scottsdale Exchange @ Bay 9,56394,Scottsdale Exchange,43590,44610,in_service_layover,67.71984480687051,77.27854040640474,53.91104318137309,1020,17.0,12:06:30,12:23:30,False,,no_dispenser,0
2161506,heavy,320.0,9.0,40-ft,STC,1,MF,14862654,14862617,316,316,54793,55041,Scottsdale Exchange @ Bay 6,Scottsdale Exchange @ Bay 2,54793,Scottsdale Exchange,44310,44610,in_service_layover,67.40125388965761,70.76163995199465,18.952577391580974,300,5.0,12:18:30,12:23:30,False,,no_dispenser,0
2161600,heavy,503.0,1.0,40-ft,STC,1,MF,14869435,14869351,364,364,56394,55192,Scottsdale Exchange @ Bay 1,Scottsdale Exchange @ Bay 9,56394,Scottsdale Exchange,44790,45810,in_service_layover,62.043258890810435,72.9562107407042,61.5490484334008,1020,17.0,12:26:30,12:43:30,False,,no_dispenser,0
2161504,heavy,312.0,1.0,40-ft,STC,1,MF,14862290,14862255,312,312,56394,54793,Scottsdale Exchange @ Bay 1,Scottsdale Exchange @ Bay 6,56394,Scottsdale Exchange,45270,45870,in_service_layover,64.97630462471577,71.59766636691494,37.34448022600333,600,10.0,12:34:30,12:44:30,False,,no_dispenser,0
2161464,heavy,301.0,42.0,40-ft,RTC,1,MF,14862014,14862052,310,310,56394,56394,Scottsdale Exchange @ Bay 1,Scottsdale Exchange @ Bay 1,56394,Scottsdale Exchange,45330,45510,in_service_layover,51.21238464852343,53.53556034098395,13.102710905477295,180,3.0,12:35:30,12:38:30,False,,no_dispenser,0
2161657,heavy,320.0,20.0,40-ft,STC,1,MF,14866028,14866019,329,329,54793,55041,Scottsdale Exchange @ Bay 6,Scottsdale Exchange @ Bay 2,54793,Scottsdale Exchange,45750,46350,in_service_layover,52.35004786815545,60.18971977380949,44.215749547888834,600,10.0,12:42:30,12:52:30,False,,no_dispenser,0
2161649,heavy,503.0,2.0,40-ft,STC,1,MF,14869415,14869350,364,364,56394,55192,Scottsdale Exchange @ Bay 1,Scottsdale Exchange @ Bay 9,56394,Scottsdale Exchange,45990,47010,in_service_layover,57.80352742946081,69.7163798066607,67.18848740740737,1020,17.0,12:46:30,13:03:30,False,,no_dispenser,0
2161469,heavy,301.0,43.0,40-ft,RTC,1,MF,14862005,14862044,310,310,56394,56394,Scottsdale Exchange @ Bay 1,Scottsdale Exchange @ Bay 1,56394,Scottsdale Exchange,47130,47310,in_service_layover,55.91085467294792,58.279727459049546,13.36044251361318,180,3.0,13:05:30,13:08:30,False,,no_dispenser,0
2161501,heavy,312.0,3.0,40-ft,STC,1,MF,14862291,14862240,312,312,56394,54793,Scottsdale Exchange @ Bay 1,Scottsdale Exchange @ Bay 6,56394,Scottsdale Exchange,47130,47670,in_service_layover,67.89010894598111,73.5641341074996,32.00150191096429,540,9.0,13:05:30,13:14:30,False,,no_dispenser,0
2161508,heavy,503.0,10.0,40-ft,STC,1,MF,14869414,14869386,364,364,56394,55192,Scottsdale Exchange @ Bay 1,Scottsdale Exchange @ Bay 9,56394,Scottsdale Exchange,47190,48210,in_service_layover,65.88400628001342,75.88932538771195,56.429999767419645,1020,17.0,13:06:30,13:23:30,False,,no_dispenser,0
2163821,heavy,320.0,14.0,40-ft,STC,1,MF,14862650,14862598,316,316,54793,55041,Scottsdale Exchange @ Bay 6,Scottsdale Exchange @ Bay 2,54793,Scottsdale Exchange,47910,48210,in_service_layover,64.86663531801013,68.39014087670866,19.872571351059776,300,5.0,13:18:30,13:23:30,False,,no_dispenser,0
2161507,heavy,312.0,2.0,40-ft,STC,1,MF,14862307,14862224,312,312,56394,54793,Scottsdale Exchange @ Bay 1,Scottsdale Exchange @ Bay 6,56394,Scottsdale Exchange,48990,49470,in_service_layover,66.81679522700038,72.05056053384642,29.51843633061162,480,8.0,13:36:30,13:44:30,False,,no_dispenser,0
2161467,heavy,301.0,41.0,40-ft,RTC,1,MF,14862015,14862053,310,310,56394,56394,Scottsdale Exchange @ Bay 1,Scottsdale Exchange @ Bay 1,56394,Scottsdale Exchange,49110,49290,in_service_layover,33.952161415611094,36.2090255346227,12.728713631225446,180,3.0,13:38:30,13:41:30,False,,no_dispenser,0
2161548,heavy,320.0,3.0,40-ft,STC,1,MF,14866029,14866020,329,329,54793,55041,Scottsdale Exchange @ Bay 6,Scottsdale Exchange @ Bay 2,54793,Scottsdale Exchange,49470,49950,in_service_layover,59.35065488471756,65.3477858889639,33.823818863949384,480,8.0,13:44:30,13:52:30,False,,no_dispenser,0
2163903,heavy,502.0,13.0,40-ft,STC,1,MF,14869413,14869348,364,364,56394,55192,Scottsdale Exchange @ Bay 1,Scottsdale Exchange @ Bay 9,56394,Scottsdale Exchange,49650,50610,in_service_layover,58.7391613982992,69.8805959596583,62.83769092606531,960,16.0,13:47:30,14:03:30,False,,no_dispenser,0
2161506,heavy,320.0,9.0,40-ft,STC,1,MF,14862648,14862597,316,316,54793,55041,Scottsdale Exchange @ Bay 6,Scottsdale Exchange @ Bay 2,54793,Scottsdale Exchange,49710,50010,in_service_layover,65.48321890749558,68.96849940922701,19.65698202976523,300,5.0,13:48:30,13:53:30,False,,no_dispenser,0
2161504,heavy,312.0,1.0,40-ft,STC,1,MF,14862308,14862260,312,312,56394,54793,Scottsdale Exchange @ Bay 1,Scottsdale Exchange @ Bay 6,56394,Scottsdale Exchange,50790,51270,in_service_layover,66.01733479520081,71.33854448710001,30.01162266231148,480,8.0,14:06:30,14:14:30,False,,no_dispenser,0
2164208,heavy,320.0,36.0,40-ft,STC,1,MF,14869412,14869347,364,364,56394,55192,Scottsdale Exchange @ Bay 1,Scottsdale Exchange @ Bay 9,56394,Scottsdale Exchange,50970,51810,in_service_layover,63.37611168697027,72.47005323663744,51.289830340122876,840,14.0,14:09:30,14:23:30,False,,no_dispenser,0
2161464,heavy,301.0,42.0,40-ft,RTC,1,MF,14862006,14862067,310,310,56394,56394,Scottsdale Exchange @ Bay 1,Scottsdale Exchange @ Bay 1,56394,Scottsdale Exchange,51030,52350,in_service_layover,39.57632644009358,56.55703792351707,95.77121276650848,1320,22.0,14:10:30,14:32:30,False,,no_dispenser,0
2161645,heavy,320.0,11.0,40-ft,STC,1,MF,14869437,14869387,364,364,56394,55192,Scottsdale Exchange @ Bay 1,Scottsdale Exchange @ Bay 9,56394,Scottsdale Exchange,52170,53010,in_service_layover,61.69159049888421,71.10301361423319,53.08042637056826,840,14.0,14:29:30,14:43:30,False,,no_dispenser,0
2161501,heavy,312.0,3.0,40-ft,STC,1,MF,14862284,14862266,312,312,56394,54793,Scottsdale Exchange @ Bay 1,Scottsdale Exchange @ Bay 6,56394,Scottsdale Exchange,52710,53070,in_service_layover,68.38935982072776,72.28781776522648,21.987302806972707,360,6.0,14:38:30,14:44:30,False,,no_dispenser,0
2161543,heavy,319.0,7.0,40-ft,STC,1,MF,14866030,14866015,329,329,54793,55041,Scottsdale Exchange @ Bay 6,Scottsdale Exchange @ Bay 2,54793,Scottsdale Exchange,53250,53670,in_service_layover,69.76148143882835,74.10936641594145,24.522071270917877,420,7.0,14:47:30,14:54:30,False,,no_dispenser,0
2161469,heavy,301.0,43.0,40-ft,RTC,1,MF,14862016,14862064,310,310,56394,56394,Scottsdale Exchange @ Bay 1,Scottsdale Exchange @ Bay 1,56394,Scottsdale Exchange,53430,54810,in_service_layover,44.32049355815919,61.844565244807924,98.83576431269887,1380,23.0,14:50:30,15:13:30,False,,no_dispenser,0
2161872,heavy,503.0,11.0,40-ft,STC,1,MF,14869411,14869345,364,364,56394,55192,Scottsdale Exchange @ Bay 1,Scottsdale Exchange @ Bay 9,56394,Scottsdale Exchange,53610,54210,in_service_layover,60.61321200403985,67.80182257295107,40.543763608659276,600,10.0,14:53:30,15:03:30,False,,no_dispenser,0
2163821,heavy,320.0,14.0,40-ft,STC,1,MF,14862643,14862235,316,312,54793,54793,Scottsdale Exchange @ Bay 6,Scottsdale Exchange @ Bay 6,54793,Scottsdale Exchange,53610,54270,in_service_layover,62.66144675375311,70.19153152040435,42.46967808391304,660,11.0,14:53:30,15:04:30,False,,no_dispenser,0
2161507,heavy,312.0,2.0,40-ft,STC,1,MF,14862276,14862252,312,312,56394,54793,Scottsdale Exchange @ Bay 1,Scottsdale Exchange @ Bay 6,56394,Scottsdale Exchange,54690,55470,in_service_layover,67.02747672174635,74.92503050167831,44.54220331881618,780,13.0,15:11:30,15:24:30,False,,no_dispenser,0
2161984,heavy,503.0,7.0,40-ft,STC,1,MF,14869410,14869377,364,364,56394,55192,Scottsdale Exchange @ Bay 1,Scottsdale Exchange @ Bay 9,56394,Scottsdale Exchange,55050,55410,in_service_layover,59.28784066384918,63.874410386651405,25.868253236604573,360,6.0,15:17:30,15:23:30,False,,no_dispenser,0
2161506,heavy,320.0,9.0,40-ft,STC,1,MF,14862644,14862250,316,312,54793,54793,Scottsdale Exchange @ Bay 6,Scottsdale Exchange @ Bay 6,54793,Scottsdale Exchange,55530,56670,in_service_layover,61.83696144786946,73.759901688937,67.24538295962088,1140,19.0,15:25:30,15:44:30,False,,no_dispenser,0
2161467,heavy,301.0,41.0,40-ft,RTC,1,MF,14862007,14862057,310,310,56394,56394,Scottsdale Exchange @ Bay 1,Scottsdale Exchange @ Bay 1,56394,Scottsdale Exchange,56010,57330,in_service_layover,22.24979163373234,38.785855696126795,93.26340131190474,1320,22.0,15:33:30,15:55:30,False,,no_dispenser,0
2161547,heavy,503.0,17.0,40-ft,STC,1,MF,14869438,14869388,364,364,56394,55192,Scottsdale Exchange @ Bay 1,Scottsdale Exchange @ Bay 9,56394,Scottsdale Exchange,56250,56610,in_service_layover,61.45421518767645,65.88299425238024,24.97831392492941,360,6.0,15:37:30,15:43:30,False,,no_dispenser,0
2161504,heavy,312.0,1.0,40-ft,STC,1,MF,14862274,14866016,312,329,56394,55041,Scottsdale Exchange @ Bay 1,Scottsdale Exchange @ Bay 2,56394,Scottsdale Exchange,56490,56790,in_service_layover,65.77949896915996,69.24607872565926,19.551509826656,300,5.0,15:41:30,15:46:30,False,,no_dispenser,0
2161986,heavy,503.0,8.0,40-ft,STC,1,MF,14869409,14869376,364,364,56394,55192,Scottsdale Exchange @ Bay 1,Scottsdale Exchange @ Bay 9,56394,Scottsdale Exchange,57510,57750,in_service_layover,60.82703521899732,63.865946083347325,17.139457274934045,240,4.0,15:58:30,16:02:30,False,,no_dispenser,0
2161501,heavy,312.0,3.0,40-ft,STC,1,MF,14862318,14869389,312,364,56394,55192,Scottsdale Exchange @ Bay 1,Scottsdale Exchange @ Bay 9,56394,Scottsdale Exchange,58290,58650,in_service_layover,66.0409123573962,70.13146054426483,23.070691773939075,360,6.0,16:11:30,16:17:30,False,,no_dispenser,0
2161464,heavy,301.0,42.0,40-ft,RTC,1,MF,14862025,14862069,310,310,56394,56394,Scottsdale Exchange @ Bay 1,Scottsdale Exchange @ Bay 1,56394,Scottsdale Exchange,58770,60030,in_service_layover,42.59780402262672,58.79494349597113,91.35186662966248,1260,21.0,16:19:30,16:40:30,False,,no_dispenser,0
2163821,heavy,320.0,14.0,40-ft,STC,1,MF,14862277,14866017,312,329,56394,55041,Scottsdale Exchange @ Bay 1,Scottsdale Exchange @ Bay 2,56394,Scottsdale Exchange,59490,59910,in_service_layover,64.08467693357203,68.97668821234895,27.590943612301828,420,7.0,16:31:30,16:38:30,False,,no_dispenser,0
2163903,heavy,502.0,13.0,40-ft,STC,1,MF,14869439,14869392,364,364,56394,55192,Scottsdale Exchange @ Bay 1,Scottsdale Exchange @ Bay 9,56394,Scottsdale Exchange,59970,60510,in_service_layover,62.30879920338561,68.65766459853613,35.8076008286489,540,9.0,16:39:30,16:48:30,False,,no_dispenser,0
2161469,heavy,301.0,43.0,40-ft,RTC,1,MF,14861998,14862039,310,310,56394,56394,Scottsdale Exchange @ Bay 1,Scottsdale Exchange @ Bay 1,56394,Scottsdale Exchange,61050,62430,in_service_layover,47.885331343917564,65.07235211764002,96.93479716379466,1380,23.0,16:57:30,17:20:30,False,,no_dispenser,0
2161506,heavy,320.0,9.0,40-ft,STC,1,MF,14862306,14862230,312,312,56394,54793,Scottsdale Exchange @ Bay 1,Scottsdale Exchange @ Bay 6,56394,Scottsdale Exchange,61890,62910,in_service_layover,67.4081801097239,77.04324166797517,54.34174718853711,1020,17.0,17:11:30,17:28:30,False,,no_dispenser,0
2165212,heavy,320.0,38.0,40-ft,STC,1,MF,14869428,14862610,364,316,56394,55041,Scottsdale Exchange @ Bay 1,Scottsdale Exchange @ Bay 2,56394,Scottsdale Exchange,62490,62670,in_service_layover,64.51648673613674,66.68611486606098,12.236702652772635,180,3.0,17:21:30,17:24:30,False,,no_dispenser,0
2161546,heavy,320.0,2.0,40-ft,STC,1,MF,14862641,14869373,316,364,54793,55192,Scottsdale Exchange @ Bay 6,Scottsdale Exchange @ Bay 9,54793,Scottsdale Exchange,62910,63210,in_service_layover,36.90722683458707,40.686543649183896,21.315346834326107,300,5.0,17:28:30,17:33:30,False,,no_dispenser,0
2161467,heavy,301.0,41.0,40-ft,RTC,1,MF,14862020,14862059,310,310,56394,56394,Scottsdale Exchange @ Bay 1,Scottsdale Exchange @ Bay 1,56394,Scottsdale Exchange,63510,64830,in_service_layover,24.826621795236438,41.41288107055392,93.54650231279061,1320,22.0,17:38:30,18:00:30,False,,no_dispenser,0
2161649,heavy,503.0,2.0,40-ft,STC,1,MF,14869407,14869371,364,364,56394,55192,Scottsdale Exchange @ Bay 1,Scottsdale Exchange @ Bay 9,56394,Scottsdale Exchange,64350,65130,in_service_layover,55.64957911227148,65.44551196560992,55.2490612928288,780,13.0,17:52:30,18:05:30,False,,no_dispenser,0
2161984,heavy,503.0,7.0,40-ft,STC,1,MF,14869444,14869391,364,364,56394,55192,Scottsdale Exchange @ Bay 1,Scottsdale Exchange @ Bay 9,56394,Scottsdale Exchange,65250,66210,in_service_layover,57.382513582730475,68.80642865103653,64.43088098524612,960,16.0,18:07:30,18:23:30,False,,no_dispenser,0
2161516,heavy,320.0,48.0,40-ft,STC,1,MF,14862289,14862619,312,316,56394,55041,Scottsdale Exchange @ Bay 1,Scottsdale Exchange @ Bay 2,56394,Scottsdale Exchange,65550,66390,in_service_layover,69.32402484982887,77.24106931480642,44.652130782473364,840,14.0,18:12:30,18:26:30,False,,no_dispenser,0
2161464,heavy,301.0,42.0,40-ft,RTC,1,MF,14862027,14862055,310,310,56394,56394,Scottsdale Exchange @ Bay 1,Scottsdale Exchange @ Bay 1,56394,Scottsdale Exchange,65850,66330,in_service_layover,44.83570959508077,50.96660240290339,34.5782354361196,480,8.0,18:17:30,18:25:30,False,,no_dispenser,0
2161508,heavy,503.0,10.0,40-ft,STC,1,MF,14869406,14862257,364,312,56394,54793,Scottsdale Exchange @ Bay 1,Scottsdale Exchange @ Bay 6,56394,Scottsdale Exchange,66090,66510,in_service_layover,62.82343168014985,67.82556005068324,28.212004009808254,420,7.0,18:21:30,18:28:30,False,,no_dispenser,0
2161463,heavy,301.0,47.0,40-ft,RTC,1,MF,14862009,14862071,310,310,56394,56394,Scottsdale Exchange @ Bay 1,Scottsdale Exchange @ Bay 1,56394,Scottsdale Exchange,66810,67710,in_service_layover,56.48943929383253,67.46633542664424,61.90969418905797,900,15.0,18:33:30,18:48:30,False,,no_dispenser,0
2161623,heavy,502.0,49.0,40-ft,STC,1,MF,14869405,14869370,364,364,56394,55192,Scottsdale Exchange @ Bay 1,Scottsdale Exchange @ Bay 9,56394,Scottsdale Exchange,66930,67410,in_service_layover,62.4992973045584,68.18660810129953,32.07643289361994,480,8.0,18:35:30,18:43:30,False,,no_dispenser,0
2163937,heavy,503.0,20.0,40-ft,STC,1,MF,14869440,14869369,364,364,56394,55192,Scottsdale Exchange @ Bay 1,Scottsdale Exchange @ Bay 9,56394,Scottsdale Exchange,67710,68610,in_service_layover,60.21326666728633,70.46473257606358,57.81826772550369,900,15.0,18:48:30,19:03:30,False,,no_dispenser,0
2161506,heavy,320.0,9.0,40-ft,STC,1,MF,14862294,14862249,312,312,56394,54793,Scottsdale Exchange @ Bay 1,Scottsdale Exchange @ Bay 6,56394,Scottsdale Exchange,67830,68310,in_service_layover,67.4890993433456,72.64810955406898,29.09681758847995,480,8.0,18:50:30,18:58:30,False,,no_dispenser,0
2161465,heavy,301.0,48.0,40-ft,RTC,1,MF,14862028,14862072,310,310,56394,56394,Scottsdale Exchange @ Bay 1,Scottsdale Exchange @ Bay 1,56394,Scottsdale Exchange,69030,69510,in_service_layover,56.48943929383253,62.703491185928385,35.04725267142061,480,8.0,19:10:30,19:18:30,False,,no_dispenser,0
2163903,heavy,502.0,13.0,40-ft,STC,1,MF,14869427,14869394,364,364,56394,55192,Scottsdale Exchange @ Bay 1,Scottsdale Exchange @ Bay 9,56394,Scottsdale Exchange,69390,69810,in_service_layover,61.867300853469374,66.95029624533356,28.668094010114032,420,7.0,19:16:30,19:23:30,False,,no_dispenser,0
2161572,heavy,320.0,49.0,40-ft,STC,1,MF,14862655,14862614,316,316,54793,55041,Scottsdale Exchange @ Bay 6,Scottsdale Exchange @ Bay 2,54793,Scottsdale Exchange,69750,70110,in_service_layover,65.4376318511573,69.5753327808372,23.3366332433946,360,6.0,19:22:30,19:28:30,False,,no_dispenser,0
2161574,heavy,320.0,52.0,40-ft,STC,1,MF,14869441,14869368,364,364,56394,55192,Scottsdale Exchange @ Bay 1,Scottsdale Exchange @ Bay 9,56394,Scottsdale Exchange,70410,71250,in_service_layover,62.023571468837005,71.37297897657405,52.73065834363695,840,14.0,19:33:30,19:47:30,False,,no_dispenser,0
2161464,heavy,301.0,42.0,40-ft,RTC,1,MF,14862029,14862073,310,310,56394,56394,Scottsdale Exchange @ Bay 1,Scottsdale Exchange @ Bay 1,56394,Scottsdale Exchange,71610,71910,in_service_layover,37.00736850201303,40.78712088003188,21.317803412026308,300,5.0,19:53:30,19:58:30,False,,no_dispenser,0
2161737,heavy,320.0,37.0,40-ft,STC,1,MF,14869403,14869367,364,364,56394,55192,Scottsdale Exchange @ Bay 1,Scottsdale Exchange @ Bay 9,56394,Scottsdale Exchange,72630,73050,in_service_layover,61.44711283995298,66.56496402340841,28.8646806746886,420,7.0,20:10:30,20:17:30,False,,no_dispenser,0
2161463,heavy,301.0,47.0,40-ft,RTC,1,MF,14862030,14862074,310,310,56394,56394,Scottsdale Exchange @ Bay 1,Scottsdale Exchange @ Bay 1,56394,Scottsdale Exchange,72930,74310,in_service_layover,53.507101525753875,69.69073395447077,91.27568689796328,1380,23.0,20:15:30,20:38:30,False,,no_dispenser,0
2161506,heavy,320.0,9.0,40-ft,STC,1,MF,14862298,14862242,312,312,56394,54793,Scottsdale Exchange @ Bay 1,Scottsdale Exchange @ Bay 6,56394,Scottsdale Exchange,73230,73710,in_service_layover,69.73258670840903,74.63408344387355,27.6444415880199,480,8.0,20:20:30,20:28:30,False,,no_dispenser,0
2161543,heavy,319.0,7.0,40-ft,STC,1,MF,14862633,14862599,316,316,54793,55041,Scottsdale Exchange @ Bay 6,Scottsdale Exchange @ Bay 2,54793,Scottsdale Exchange,73770,73950,in_service_layover,61.850473037652776,64.11464066043105,12.769905392469468,180,3.0,20:29:30,20:32:30,False,,no_dispenser,0
2161984,heavy,503.0,7.0,40-ft,STC,1,MF,14869402,14869366,364,364,56394,55192,Scottsdale Exchange @ Bay 1,Scottsdale Exchange @ Bay 9,56394,Scottsdale Exchange,74430,74850,in_service_layover,63.035232145773854,68.01914234341945,28.109253514721104,420,7.0,20:40:30,20:47:30,False,,no_dispenser,0
2161987,heavy,503.0,25.0,40-ft,STC,1,MF,14869400,14869365,364,364,56394,55192,Scottsdale Exchange @ Bay 1,Scottsdale Exchange @ Bay 9,56394,Scottsdale Exchange,76110,76770,in_service_layover,61.71700980056142,69.38242830151879,43.23296034539959,660,11.0,21:08:30,21:19:30,False,,no_dispenser,0
2161464,heavy,301.0,42.0,40-ft,RTC,1,MF,14862032,14900920,310,310,56394,56394,Scottsdale Exchange @ Bay 1,Scottsdale Exchange @ Bay 1,56394,Scottsdale Exchange,76950,77910,in_service_layover,26.827886979141525,38.86982946674944,67.91655563010866,960,16.0,21:22:30,21:38:30,False,,no_dispenser,0
2161506,heavy,320.0,9.0,40-ft,STC,1,MF,14862313,14862263,312,312,56394,54793,Scottsdale Exchange @ Bay 1,Scottsdale Exchange @ Bay 6,56394,Scottsdale Exchange,77910,79110,in_service_layover,65.07994111924398,76.55492393862177,64.71890310129072,1200,20.0,21:38:30,21:58:30,False,,no_dispenser,0
2165205,heavy,502.0,22.0,40-ft,STC,1,MF,14869429,14869397,364,364,56394,55192,Scottsdale Exchange @ Bay 1,Scottsdale Exchange @ Bay 9,56394,Scottsdale Exchange,79590,80250,in_service_layover,54.90948754591094,63.385036874926314,47.802098215646765,660,11.0,22:06:30,22:17:30,False,,no_dispenser,0
2164444,heavy,312.0,4.0,40-ft,STC,1,MF,14862281,14862229,312,312,56394,54793,Scottsdale Exchange @ Bay 1,Scottsdale Exchange @ Bay 6,56394,Scottsdale Exchange,79710,80910,in_service_layover,65.88911609736179,77.14138367838274,63.46278915695814,1200,20.0,22:08:30,22:28:30,False,,no_dispenser,0
2161540,heavy,320.0,21.0,40-ft,STC,1,MF,14869448,14869398,364,364,56394,55192,Scottsdale Exchange @ Bay 1,Scottsdale Exchange @ Bay 9,56394,Scottsdale Exchange,83070,83730,in_service_layover,53.42771971960363,61.985007000243264,48.26310026280754,660,11.0,23:04:30,23:15:30,False,,no_dispenser,0
2161506,heavy,320.0,9.0,40-ft,STC,1,MF,14862273,14862244,312,312,56394,54793,Scottsdale Exchange @ Bay 1,Scottsdale Exchange @ Bay 6,56394,Scottsdale Exchange,83190,84510,in_service_layover,67.00078161399219,78.71636019923542,66.07586322077185,1320,22.0,23:06:30,23:28:30,False,,no_dispenser,0
2164444,heavy,312.0,4.0,40-ft,STC,1,MF,14862315,14862265,312,312,56394,54793,Scottsdale Exchange @ Bay 1,Scottsdale Exchange @ Bay 6,56394,Scottsdale Exchange,84930,86310,in_service_layover,67.58724135375316,79.50169606848401,67.19752459108196,1380,23.0,23:35:30,23:58:30,False,,no_dispenser,0
2165004,heavy,312.0,53.0,40-ft,STC,1,MF,14904800,14886049,323,N19,55538,55210,Newton Exchange @ Bay 1,Surrey Central Station @ Bay 2,55210,Surrey Central Station,4290,4590,interline_end,63.795828807404966,67.38354578096259,20.234723730865028,300,5.0,01:11:30,01:16:30,False,,no_dispenser,0
2161630,heavy,502.0,21.0,40-ft,STC,1,MF,14863331,14863324,320,320,58223,55713,Eastbound 88 Ave @ 156 St,Surrey Central Station @ Bay 5,55713,Surrey Central Station,7650,7950,interline_end,50.4139352368648,54.28964814078814,21.859020778127615,300,5.0,02:07:30,02:12:30,False,,no_dispenser,0
2161642,heavy,321.0,3.0,40-ft,STC,1,MF,14863388,14865922,320,326,61035,54993,Surrey Central Station @ Bay 12,Surrey Central Station @ Bay 8,61035,Surrey Central Station,24330,25050,in_service_layover,63.81307659084518,71.74234870544059,44.7210947263182,720,12.0,06:45:30,06:57:30,False,,no_dispenser,0
2161917,heavy,502.0,1.0,40-ft,STC,1,MF,14874868,14874828,502,502,56395,55070,Surrey Central Station @ Bay 1 Unloading Only,Surrey Central Station @ Bay 9,56395,Surrey Central Station,24930,25290,in_service_layover,62.725765855311785,67.06436402160173,24.46969365787527,360,6.0,06:55:30,07:01:30,False,,no_dispenser,0
2161573,heavy,502.0,7.0,40-ft,STC,1,MF,14875424,14863367,503,320,56395,55713,Surrey Central Station @ Bay 1 Unloading Only,Surrey Central Station @ Bay 5,56395,Surrey Central Station,25050,25350,in_service_layover,68.41543162723394,71.70611698591458,18.559465422958738,300,5.0,06:57:30,07:02:30,False,,no_dispenser,0
2161548,heavy,320.0,3.0,40-ft,STC,1,MF,14866262,14863361,335,320,55714,55713,Surrey Central Station @ Bay 6,Surrey Central Station @ Bay 5,55714,Surrey Central Station,25050,26190,in_service_layover,66.34505729005194,77.07206334570965,60.50031415390953,1140,19.0,06:57:30,07:16:30,False,,no_dispenser,0
2161637,heavy,320.0,1.0,40-ft,STC,1,MF,14863444,14866591,320,337,61035,61677,Surrey Central Station @ Bay 12,Surrey Central Station @ Bay 5A,61035,Surrey Central Station,25290,25530,in_service_layover,67.63567688153282,70.34536151753386,15.282621347045904,240,4.0,07:01:30,07:05:30,False,,no_dispenser,0
2161728,heavy,502.0,3.0,40-ft,STC,1,MF,14874913,14874792,502,502,56395,55070,Surrey Central Station @ Bay 1 Unloading Only,Surrey Central Station @ Bay 9,56395,Surrey Central Station,25710,26010,in_service_layover,61.39204683602236,65.12183130197849,21.035984387992528,300,5.0,07:08:30,07:13:30,False,,no_dispenser,0
2161845,heavy,320.0,6.0,40-ft,STC,1,MF,14865951,14866129,326,335,56395,55836,Surrey Central Station @ Bay 1 Unloading Only,Surrey Central Station @ Bay 3,56395,Surrey Central Station,26310,26550,in_service_layover,68.14070156009149,70.82316473230424,15.129092291279846,240,4.0,07:18:30,07:22:30,False,,no_dispenser,0
2161638,heavy,320.0,8.0,40-ft,STC,1,MF,14874856,14874748,502,502,56395,55070,Surrey Central Station @ Bay 1 Unloading Only,Surrey Central Station @ Bay 9,56395,Surrey Central Station,26430,26670,in_service_layover,66.97979051436981,69.72389055930483,15.476724253433531,240,4.0,07:20:30,07:24:30,False,,no_dispenser,0
2161721,heavy,503.0,6.0,40-ft,STC,1,MF,14875328,14875234,503,503,56395,55441,Surrey Central Station @ Bay 1 Unloading Only,Surrey Central Station @ Bay 10,56395,Surrey Central Station,26670,27330,in_service_layover,64.236118840513,71.53567751505719,41.16951092442923,660,11.0,07:24:30,07:35:30,False,,no_dispenser,0
2161651,heavy,502.0,12.0,40-ft,STC,1,MF,14863730,14863305,321,320,56397,55713,Scott Rd Station @ Bay 2,Surrey Central Station @ Bay 5,55713,Surrey Central Station,26790,27090,interline_end,65.68761917051674,69.16002140309728,19.58434859175418,300,5.0,07:26:30,07:31:30,False,,no_dispenser,0
2161639,heavy,320.0,24.0,40-ft,STC,1,MF,14866185,14865935,335,326,55714,60419,Surrey Central Station @ Bay 6,Guildford @ Layover,55714,Surrey Central Station,27150,27450,interline_start,69.00021364905515,72.2495579733137,18.32630198881816,300,5.0,07:32:30,07:37:30,False,,no_dispenser,0
2161660,heavy,502.0,9.0,40-ft,STC,1,MF,14870744,14874518,395,501,54990,55210,King George Station @ Bay 2,Surrey Central Station @ Bay 2,55210,Surrey Central Station,27210,27510,interline_end,66.4061654109593,69.83247831150034,19.32440475905139,300,5.0,07:33:30,07:38:30,False,,no_dispenser,0
2161990,heavy,502.0,4.0,40-ft,STC,1,MF,14874850,14874557,502,501,56395,55210,Surrey Central Station @ Bay 1 Unloading Only,Surrey Central Station @ Bay 2,56395,Surrey Central Station,27330,28110,in_service_layover,62.725765855311785,71.3953199282001,48.8962849710901,780,13.0,07:35:30,07:48:30,False,,no_dispenser,0
2164234,heavy,320.0,10.0,40-ft,STC,1,MF,14862472,14862514,314,314,56395,61787,Surrey Central Station @ Bay 1 Unloading Only,Surrey Central Station @ Bay 14,56395,Surrey Central Station,27390,27810,in_service_layover,65.56345455697556,70.32136767248342,26.834629971464267,420,7.0,07:36:30,07:43:30,False,,no_dispenser,0
2161540,heavy,320.0,21.0,40-ft,STC,1,MF,14866167,14865705,335,325,55714,55738,Surrey Central Station @ Bay 6,Surrey Central Station @ Bay 7,55714,Surrey Central Station,27570,28110,in_service_layover,66.34505729005194,72.21357401118827,33.098434307209004,540,9.0,07:39:30,07:48:30,False,,no_dispenser,0
2162408,heavy,502.0,8.0,40-ft,STC,1,MF,14875329,14874750,503,502,56395,55070,Surrey Central Station @ Bay 1 Unloading Only,Surrey Central Station @ Bay 9,56395,Surrey Central Station,28110,28290,in_service_layover,61.214883607663964,63.50158986271134,12.897023278467202,180,3.0,07:48:30,07:51:30,False,,no_dispenser,0
2161546,heavy,320.0,2.0,40-ft,STC,1,MF,14865690,14866609,325,337,56395,61677,Surrey Central Station @ Bay 1 Unloading Only,Surrey Central Station @ Bay 5A,56395,Surrey Central Station,28170,28350,in_service_layover,59.225972823170395,61.58278975822462,13.292447513705838,180,3.0,07:49:30,07:52:30,False,,no_dispenser,0
2161575,heavy,320.0,5.0,40-ft,STC,1,MF,14874855,14865437,502,324,56395,54993,Surrey Central Station @ Bay 1 Unloading Only,Surrey Central Station @ Bay 8,56395,Surrey Central Station,28230,28530,in_service_layover,62.725765855311785,66.37672532012787,20.59141138156275,300,5.0,07:50:30,07:55:30,False,,no_dispenser,0
2162193,heavy,503.0,5.0,40-ft,STC,1,MF,14870694,14875235,394,503,54990,55441,King George Station @ Bay 2,Surrey Central Station @ Bay 10,55441,Surrey Central Station,28230,28530,interline_end,63.221868670775514,66.84350763822377,20.426043776408164,300,5.0,07:50:30,07:55:30,False,,no_dispenser,0
2161969,heavy,321.0,18.0,40-ft,STC,1,MF,14897508,14870452,335,375,55714,60419,Surrey Central Station @ Bay 6,Guildford @ Layover,55714,Surrey Central Station,28290,28590,interline_start,66.34505729005194,69.77533925325949,19.34679027249058,300,5.0,07:51:30,07:56:30,False,,no_dispenser,0
2161637,heavy,320.0,1.0,40-ft,STC,1,MF,14866651,14866610,337,337,61035,61677,Surrey Central Station @ Bay 12,Surrey Central Station @ Bay 5A,61035,Surrey Central Station,28350,29190,in_service_layover,63.48003068590544,72.55415841989756,51.17808041971557,840,14.0,07:52:30,08:06:30,False,,no_dispenser,0
2161898,heavy,801.0,6.0,40-ft,STC,1,MF,14870676,14865928,393,326,61035,54993,Surrey Central Station @ Bay 12,Surrey Central Station @ Bay 8,61035,Surrey Central Station,28350,29250,in_service_layover,68.3954548560101,76.94825477631866,48.23779155054024,900,15.0,07:52:30,08:07:30,False,,no_dispenser,0
2163821,heavy,320.0,14.0,40-ft,STC,1,MF,14862626,14862662,316,316,56395,55738,Surrey Central Station @ Bay 1 Unloading Only,Surrey Central Station @ Bay 7,56395,Surrey Central Station,28470,29790,in_service_layover,65.0948062539207,77.35920475687583,69.17120755666696,1320,22.0,07:54:30,08:16:30,False,,no_dispenser,0
2161576,heavy,320.0,31.0,40-ft,STC,1,MF,14870739,14863346,395,320,54990,55713,King George Station @ Bay 2,Surrey Central Station @ Bay 5,55713,Surrey Central Station,28530,28830,interline_end,68.38863527317643,71.68119482172797,18.570035853830632,300,5.0,07:55:30,08:00:30,False,,no_dispenser,0
2161539,heavy,319.0,2.0,40-ft,STC,1,MF,14865961,14862501,326,314,56395,61787,Surrey Central Station @ Bay 1 Unloading Only,Surrey Central Station @ Bay 14,56395,Surrey Central Station,28590,29550,in_service_layover,62.404295510032256,72.734130376234,58.260268645377835,960,16.0,07:56:30,08:12:30,False,,no_dispenser,0
2161624,heavy,320.0,25.0,40-ft,STC,1,MF,14875353,14866099,503,335,56395,55836,Surrey Central Station @ Bay 1 Unloading Only,Surrey Central Station @ Bay 3,56395,Surrey Central Station,28710,29610,in_service_layover,64.236118840513,73.67302122897485,53.224129470924765,900,15.0,07:58:30,08:13:30,False,,no_dispenser,0
2161861,heavy,320.0,27.0,40-ft,STC,1,MF,14866231,14866061,335,335,55714,55836,Surrey Central Station @ Bay 6,Surrey Central Station @ Bay 3,55714,Surrey Central Station,28770,29010,in_service_layover,66.34505729005194,69.12145418089159,15.658878464335714,240,4.0,07:59:30,08:03:30,False,,no_dispenser,0
2161905,heavy,502.0,11.0,40-ft,STC,1,MF,14874486,14874534,501,501,61035,55210,Surrey Central Station @ Bay 12,Surrey Central Station @ Bay 2,61035,Surrey Central Station,28830,29730,in_service_layover,62.942682994609264,72.64583404519152,54.72577192528394,900,15.0,08:00:30,08:15:30,False,,no_dispenser,0
2161573,heavy,502.0,7.0,40-ft,STC,1,MF,14863447,14874743,320,502,61035,55070,Surrey Central Station @ Bay 12,Surrey Central Station @ Bay 9,61035,Surrey Central Station,29010,29250,in_service_layover,64.53664736494474,67.4001628559639,16.150227369348045,240,4.0,08:03:30,08:07:30,False,,no_dispenser,0
2161727,heavy,503.0,13.0,40-ft,STC,1,MF,14875426,14875253,503,503,56395,55441,Surrey Central Station @ Bay 1 Unloading Only,Surrey Central Station @ Bay 10,56395,Surrey Central Station,29130,29430,in_service_layover,67.88883890558762,71.21603138801302,18.765365600879306,300,5.0,08:05:30,08:10:30,False,,no_dispenser,0
2161632,heavy,502.0,10.0,40-ft,STC,1,MF,14874917,14863345,502,320,56395,55713,Surrey Central Station @ Bay 1 Unloading Only,Surrey Central Station @ Bay 5,56395,Surrey Central Station,29250,29670,in_service_layover,62.725765855311785,67.73625737394005,28.259172165063376,420,7.0,08:07:30,08:14:30,False,,no_dispenser,0
2161878,heavy,321.0,21.0,40-ft,STC,1,MF,14875330,14865706,503,325,56395,55738,Surrey Central Station @ Bay 1 Unloading Only,Surrey Central Station @ Bay 7,56395,Surrey Central Station,29490,29910,in_service_layover,64.236118840513,69.1146443160678,27.51488368212904,420,7.0,08:11:30,08:18:30,False,,no_dispenser,0
2161648,heavy,502.0,14.0,40-ft,STC,1,MF,14874454,14874502,501,501,61035,55210,Surrey Central Station @ Bay 12,Surrey Central Station @ Bay 2,61035,Surrey Central Station,29730,30630,in_service_layover,64.80261360298594,74.12160825157027,52.55912981801555,900,15.0,08:15:30,08:30:30,False,,no_dispenser,0
2161506,heavy,320.0,9.0,40-ft,STC,1,MF,14862607,14862659,316,316,56395,55738,Surrey Central Station @ Bay 1 Unloading Only,Surrey Central Station @ Bay 7,56395,Surrey Central Station,29730,30990,in_service_layover,67.71692311400587,78.85680752381565,62.828948071327204,1260,21.0,08:15:30,08:36:30,False,,no_dispenser,0
2162399,heavy,502.0,5.0,40-ft,STC,1,MF,14875427,14875236,503,503,56395,55441,Surrey Central Station @ Bay 1 Unloading Only,Surrey Central Station @ Bay 10,56395,Surrey Central Station,29910,30150,in_service_layover,67.96895792681464,70.66074869866436,15.18169995323251,240,4.0,08:18:30,08:22:30,False,,no_dispenser,0
2161578,heavy,320.0,15.0,40-ft,STC,1,MF,14867889,14865438,345,324,54990,54993,King George Station @ Bay 2,Surrey Central Station @ Bay 8,54993,Surrey Central Station,29970,30270,interline_end,60.70537178508759,64.47573988289565,21.264876071637502,300,5.0,08:19:30,08:24:30,False,,no_dispenser,0
2161921,heavy,320.0,34.0,40-ft,STC,1,MF,14897509,14866119,335,335,55714,55836,Surrey Central Station @ Bay 6,Surrey Central Station @ Bay 3,55714,Surrey Central Station,29970,30330,in_service_layover,66.34505729005194,70.41149400826485,22.93470309072086,360,6.0,08:19:30,08:25:30,False,,no_dispenser,0
2161538,heavy,319.0,4.0,40-ft,STC,1,MF,14863424,14863344,320,320,61035,55713,Surrey Central Station @ Bay 12,Surrey Central Station @ Bay 5,61035,Surrey Central Station,30030,30570,in_service_layover,62.063773628016975,68.44050756449136,35.964779401715475,540,9.0,08:20:30,08:29:30,False,,no_dispenser,0
2161654,heavy,320.0,23.0,40-ft,STC,1,MF,14874847,14874791,502,502,56395,55070,Surrey Central Station @ Bay 1 Unloading Only,Surrey Central Station @ Bay 9,56395,Surrey Central Station,30090,30270,in_service_layover,65.11436439584595,67.26279119031949,12.117127120830787,180,3.0,08:21:30,08:24:30,False,,no_dispenser,0
2161852,heavy,801.0,9.0,40-ft,STC,1,MF,14865354,14865707,324,325,56395,55738,Surrey Central Station @ Bay 1 Unloading Only,Surrey Central Station @ Bay 7,56395,Surrey Central Station,30270,30810,in_service_layover,68.39664032000331,74.00562297413006,31.634662169274748,540,9.0,08:24:30,08:33:30,False,,no_dispenser,0
2161650,heavy,801.0,8.0,40-ft,STC,1,MF,14866657,14866612,337,337,61035,61677,Surrey Central Station @ Bay 12,Surrey Central Station @ Bay 5A,61035,Surrey Central Station,30330,30870,in_service_layover,67.27857550745007,73.03028370443404,32.43963423098961,540,9.0,08:25:30,08:34:30,False,,no_dispenser,0
2161877,heavy,503.0,15.0,40-ft,STC,1,MF,14875354,14875254,503,503,56395,55441,Surrey Central Station @ Bay 1 Unloading Only,Surrey Central Station @ Bay 10,56395,Surrey Central Station,30330,30870,in_service_layover,64.236118840513,70.36062184416501,34.542196940597364,540,9.0,08:25:30,08:34:30,False,,no_dispenser,0
2161639,heavy,320.0,24.0,40-ft,STC,1,MF,14865935,14865924,326,326,56395,54993,Surrey Central Station @ Bay 1 Unloading Only,Surrey Central Station @ Bay 8,56395,Surrey Central Station,30390,31050,in_service_layover,65.76518433625218,72.83504916798863,39.874037650993614,660,11.0,08:26:30,08:37:30,False,,no_dispenser,0
2164208,heavy,320.0,36.0,40-ft,STC,1,MF,14866188,14866062,335,335,55714,55836,Surrey Central Station @ Bay 6,Surrey Central Station @ Bay 3,55714,Surrey Central Station,30750,31830,in_service_layover,66.34505729005194,76.6623672114479,58.18962795667329,1080,18.0,08:32:30,08:50:30,False,,no_dispenser,0
2161858,heavy,502.0,20.0,40-ft,STC,1,MF,14865645,14874814,325,502,56395,55070,Surrey Central Station @ Bay 1 Unloading Only,Surrey Central Station @ Bay 9,56395,Surrey Central Station,30810,31170,in_service_layover,67.63102544205074,71.59299574496735,22.345512508449644,360,6.0,08:33:30,08:39:30,False,,no_dispenser,0
2165318,heavy,801.0,14.0,40-ft,STC,1,MF,14870677,14863343,393,320,61035,55713,Surrey Central Station @ Bay 12,Surrey Central Station @ Bay 5,61035,Surrey Central Station,30810,31470,in_service_layover,69.09971119274736,75.64869972431556,36.93629531804464,660,11.0,08:33:30,08:44:30,False,,no_dispenser,0
2165212,heavy,320.0,38.0,40-ft,STC,1,MF,14862623,14862661,316,316,56395,55738,Surrey Central Station @ Bay 1 Unloading Only,Surrey Central Station @ Bay 7,56395,Surrey Central Station,30990,32190,in_service_layover,66.63389339647333,77.68329513550682,62.31862580814902,1200,20.0,08:36:30,08:56:30,False,,no_dispenser,0
2161651,heavy,502.0,12.0,40-ft,STC,1,MF,14863445,14874516,320,501,61035,55210,Surrey Central Station @ Bay 12,Surrey Central Station @ Bay 2,61035,Surrey Central Station,31050,32490,in_service_layover,61.99055178212743,75.98144477665195,78.90863648911824,1440,24.0,08:37:30,09:01:30,False,,no_dispenser,0
2161838,heavy,320.0,40.0,40-ft,STC,1,MF,14865388,14865429,324,324,56395,54993,Surrey Central Station @ Bay 1 Unloading Only,Surrey Central Station @ Bay 8,56395,Surrey Central Station,31170,31470,in_service_layover,68.39664032000331,71.68864027748579,18.56687976020106,300,5.0,08:39:30,08:44:30,False,,no_dispenser,0
2161537,heavy,321.0,26.0,40-ft,STC,1,MF,14862487,14862515,314,314,56395,61787,Surrey Central Station @ Bay 1 Unloading Only,Surrey Central Station @ Bay 14,56395,Surrey Central Station,31230,31410,in_service_layover,65.2291925492986,67.37354742343696,12.094161490140266,180,3.0,08:40:30,08:43:30,False,,no_dispenser,0
2161546,heavy,320.0,2.0,40-ft,STC,1,MF,14866658,14866613,337,337,61035,61677,Surrey Central Station @ Bay 12,Surrey Central Station @ Bay 5A,61035,Surrey Central Station,31290,31650,in_service_layover,54.71745892659621,59.455391194944575,26.7219379934848,360,6.0,08:41:30,08:47:30,False,,no_dispenser,0
2161991,heavy,503.0,18.0,40-ft,STC,1,MF,14875331,14875255,503,503,56395,55441,Surrey Central Station @ Bay 1 Unloading Only,Surrey Central Station @ Bay 10,56395,Surrey Central Station,31410,31710,in_service_layover,64.236118840513,67.79774514080535,20.08757233364878,300,5.0,08:43:30,08:48:30,False,,no_dispenser,0
2161543,heavy,319.0,7.0,40-ft,STC,1,MF,14865957,14866026,326,329,56395,61787,Surrey Central Station @ Bay 1 Unloading Only,Surrey Central Station @ Bay 14,56395,Surrey Central Station,31650,32490,in_service_layover,60.921102218391944,70.47541008014922,53.88629634031105,840,14.0,08:47:30,09:01:30,False,,no_dispenser,0
2162112,heavy,502.0,19.0,40-ft,STC,1,MF,14874894,14874813,502,502,56395,55070,Surrey Central Station @ Bay 1 Unloading Only,Surrey Central Station @ Bay 9,56395,Surrey Central Station,31770,32130,in_service_layover,64.14962373795717,68.38499597060019,23.887499392106577,360,6.0,08:49:30,08:55:30,False,,no_dispenser,0
2162188,heavy,503.0,12.0,40-ft,STC,1,MF,14875355,14875237,503,503,56395,55441,Surrey Central Station @ Bay 1 Unloading Only,Surrey Central Station @ Bay 10,56395,Surrey Central Station,31770,32610,in_service_layover,59.447522057440274,69.28498241179129,55.483276398539715,840,14.0,08:49:30,09:03:30,False,,no_dispenser,0
2161737,heavy,320.0,37.0,40-ft,STC,1,MF,14865662,14865724,325,325,56395,55738,Surrey Central Station @ Bay 1 Unloading Only,Surrey Central Station @ Bay 7,56395,Surrey Central Station,31950,32130,in_service_layover,68.04177632919017,70.08307527454562,11.512926051804754,180,3.0,08:52:30,08:55:30,False,,no_dispenser,0
2161637,heavy,320.0,1.0,40-ft,STC,1,MF,14866659,14866593,337,337,61035,61677,Surrey Central Station @ Bay 12,Surrey Central Station @ Bay 5A,61035,Surrey Central Station,32130,32550,in_service_layover,65.68882758826913,70.43512396904799,26.769111587592647,420,7.0,08:55:30,09:02:30,False,,no_dispenser,0
2161544,heavy,320.0,13.0,40-ft,STC,1,MF,14875332,14865439,503,324,56395,54993,Surrey Central Station @ Bay 1 Unloading Only,Surrey Central Station @ Bay 8,56395,Surrey Central Station,32190,32670,in_service_layover,53.859990184777764,60.15415409729319,35.499084466586964,480,8.0,08:56:30,09:04:30,False,,no_dispenser,0
2161917,heavy,502.0,1.0,40-ft,STC,1,MF,14874846,14874815,502,502,56395,55070,Surrey Central Station @ Bay 1 Unloading Only,Surrey Central Station @ Bay 9,56395,Surrey Central Station,32670,33090,in_service_layover,55.39914885577466,60.90543189030376,31.0554363147441,420,7.0,09:04:30,09:11:30,False,,no_dispenser,0
2161711,heavy,321.0,17.0,40-ft,STC,1,MF,14863743,14863906,321,321,61035,61035,Surrey Central Station @ Bay 12,Surrey Central Station @ Bay 12,61035,Surrey Central Station,32670,33210,in_service_layover,54.86261035030956,61.887750500144826,39.62179044507093,540,9.0,09:04:30,09:13:30,False,,no_dispenser,0
2163935,heavy,503.0,3.0,40-ft,STC,1,MF,14875356,14875256,503,503,56395,55441,Surrey Central Station @ Bay 1 Unloading Only,Surrey Central Station @ Bay 10,56395,Surrey Central Station,32730,33510,in_service_layover,57.71664006042643,67.24547583772842,53.74263378398325,780,13.0,09:05:30,09:18:30,False,,no_dispenser,0
2161576,heavy,320.0,31.0,40-ft,STC,1,MF,14863422,14863341,320,320,61035,55713,Surrey Central Station @ Bay 12,Surrey Central Station @ Bay 5,61035,Surrey Central Station,32850,33990,in_service_layover,64.51172520075814,75.72873211329797,63.26391898672466,1140,19.0,09:07:30,09:26:30,False,,no_dispenser,0
2161540,heavy,320.0,21.0,40-ft,STC,1,MF,14865352,14863330,324,320,56395,55713,Surrey Central Station @ Bay 1 Unloading Only,Surrey Central Station @ Bay 5,56395,Surrey Central Station,32910,33150,in_service_layover,69.84572087418496,72.43164169866976,14.584593450094303,240,4.0,09:08:30,09:12:30,False,,no_dispenser,0
2165312,heavy,320.0,35.0,40-ft,STC,1,MF,14866660,14866614,337,337,61035,61677,Surrey Central Station @ Bay 12,Surrey Central Station @ Bay 5A,61035,Surrey Central Station,32970,33390,in_service_layover,63.55058201454044,68.48970216648996,27.856637656995304,420,7.0,09:09:30,09:16:30,False,,no_dispenser,0
2161551,heavy,320.0,39.0,40-ft,STC,1,MF,14865647,14865735,325,325,56395,55738,Surrey Central Station @ Bay 1 Unloading Only,Surrey Central Station @ Bay 7,56395,Surrey Central Station,33090,33510,in_service_layover,68.90822441344989,73.34296260156654,25.01192338097792,420,7.0,09:11:30,09:18:30,False,,no_dispenser,0
2161663,heavy,502.0,17.0,40-ft,STC,1,MF,14874452,14874539,501,501,61787,55210,Surrey Central Station @ Bay 14,Surrey Central Station @ Bay 2,61787,Surrey Central Station,33150,34290,in_service_layover,61.998817800548856,73.87954181461512,67.00728343933378,1140,19.0,09:12:30,09:31:30,False,,no_dispenser,0
2161715,heavy,321.0,19.0,40-ft,STC,1,MF,14863737,14863907,321,321,61035,61035,Surrey Central Station @ Bay 12,Surrey Central Station @ Bay 12,61035,Surrey Central Station,33210,33810,in_service_layover,54.86261035030956,62.62161882572145,43.7608078013231,600,10.0,09:13:30,09:23:30,False,,no_dispenser,0
2161728,heavy,502.0,3.0,40-ft,STC,1,MF,14874901,14874790,502,502,56395,55070,Surrey Central Station @ Bay 1 Unloading Only,Surrey Central Station @ Bay 9,56395,Surrey Central Station,33570,33990,in_service_layover,55.76564707744298,61.26334193518993,31.00699899769279,420,7.0,09:19:30,09:26:30,False,,no_dispenser,0
2161708,heavy,321.0,6.0,40-ft,STC,1,MF,14863834,14863908,321,321,61035,61035,Surrey Central Station @ Bay 12,Surrey Central Station @ Bay 12,61035,Surrey Central Station,33690,34410,in_service_layover,50.83747706429057,60.2114683136032,52.86931064612327,720,12.0,09:21:30,09:33:30,False,,no_dispenser,0
2165313,heavy,320.0,29.0,40-ft,STC,1,MF,14863421,14863323,320,320,61035,55713,Surrey Central Station @ Bay 12,Surrey Central Station @ Bay 5,61035,Surrey Central Station,33750,34830,in_service_layover,65.54856466244634,76.0697607681716,59.33954603629047,1080,18.0,09:22:30,09:40:30,False,,no_dispenser,0
2161920,heavy,320.0,22.0,40-ft,STC,1,MF,14875374,14866079,503,335,56395,55836,Surrey Central Station @ Bay 1 Unloading Only,Surrey Central Station @ Bay 3,56395,Surrey Central Station,33870,34170,in_service_layover,53.859990184777764,57.79156336336803,22.174072727249097,300,5.0,09:24:30,09:29:30,False,,no_dispenser,0
2161622,heavy,320.0,32.0,40-ft,STC,1,MF,14863794,14866050,321,335,61035,55836,Surrey Central Station @ Bay 12,Surrey Central Station @ Bay 3,61035,Surrey Central Station,34170,35010,in_service_layover,54.86261035030956,65.41443142341123,59.512270852293454,840,14.0,09:29:30,09:43:30,False,,no_dispenser,0
2161539,heavy,319.0,2.0,40-ft,STC,1,MF,14862469,14865925,314,326,56395,54993,Surrey Central Station @ Bay 1 Unloading Only,Surrey Central Station @ Bay 8,56395,Surrey Central Station,34290,34650,in_service_layover,62.15276264461562,66.53199933648686,24.698894942153743,360,6.0,09:31:30,09:37:30,False,,no_dispenser,0
2161638,heavy,320.0,8.0,40-ft,STC,1,MF,14874463,14866615,501,337,61035,61677,Surrey Central Station @ Bay 12,Surrey Central Station @ Bay 5A,61035,Surrey Central Station,34350,35250,in_service_layover,55.600610159559906,66.71169395845448,62.666512625765336,900,15.0,09:32:30,09:47:30,False,,no_dispenser,0
2161577,heavy,320.0,28.0,40-ft,STC,1,MF,14874897,14874770,502,502,56395,55070,Surrey Central Station @ Bay 1 Unloading Only,Surrey Central Station @ Bay 9,56395,Surrey Central Station,34410,34890,in_service_layover,61.057083541035105,66.88566864424392,32.87321998209768,480,8.0,09:33:30,09:41:30,False,,no_dispenser,0
2163821,heavy,320.0,14.0,40-ft,STC,1,MF,14862604,14862656,316,316,56395,55738,Surrey Central Station @ Bay 1 Unloading Only,Surrey Central Station @ Bay 7,56395,Surrey Central Station,34590,34770,in_service_layover,67.33317914047069,69.4018522319097,11.667316235715987,180,3.0,09:36:30,09:39:30,False,,no_dispenser,0
2161538,heavy,319.0,4.0,40-ft,STC,1,MF,14863446,14862492,320,314,61787,61787,Surrey Central Station @ Bay 14,Surrey Central Station @ Bay 14,61787,Surrey Central Station,34650,34830,in_service_layover,61.077813666967494,63.369380558209784,12.924437266606503,180,3.0,09:37:30,09:40:30,False,,no_dispenser,0
2161714,heavy,321.0,28.0,40-ft,STC,1,MF,14863753,14863909,321,321,61035,61035,Surrey Central Station @ Bay 12,Surrey Central Station @ Bay 12,61035,Surrey Central Station,34650,35010,in_service_layover,54.86261035030956,59.60103914043621,26.724738376314292,360,6.0,09:37:30,09:43:30,False,,no_dispenser,0
2161861,heavy,320.0,27.0,40-ft,STC,1,MF,14865652,14865725,325,325,56395,55738,Surrey Central Station @ Bay 1 Unloading Only,Surrey Central Station @ Bay 7,56395,Surrey Central Station,34710,35310,in_service_layover,64.30961842112775,71.02069075129666,37.85044794215264,600,10.0,09:38:30,09:48:30,False,,no_dispenser,0
2161578,heavy,320.0,15.0,40-ft,STC,1,MF,14865353,14865452,324,324,56395,54993,Surrey Central Station @ Bay 1 Unloading Only,Surrey Central Station @ Bay 8,56395,Surrey Central Station,34770,35070,in_service_layover,55.65614711646189,59.61146794025418,22.30800944618852,300,5.0,09:39:30,09:44:30,False,,no_dispenser,0
2163786,heavy,503.0,9.0,40-ft,STC,1,MF,14875334,14875257,503,503,56395,55441,Surrey Central Station @ Bay 1 Unloading Only,Surrey Central Station @ Bay 10,56395,Surrey Central Station,34890,35310,in_service_layover,53.859990184777764,59.37810924951727,31.12219152513086,420,7.0,09:41:30,09:48:30,False,,no_dispenser,0
2161710,heavy,321.0,1.0,40-ft,STC,1,MF,14863787,14863910,321,321,61035,61035,Surrey Central Station @ Bay 12,Surrey Central Station @ Bay 12,61035,Surrey Central Station,35130,35610,in_service_layover,41.85649058847461,47.9516034517866,34.37643654907967,480,8.0,09:45:30,09:53:30,False,,no_dispenser,0
2161631,heavy,502.0,15.0,40-ft,STC,1,MF,14874886,14874801,502,502,56395,55070,Surrey Central Station @ Bay 1 Unloading Only,Surrey Central Station @ Bay 9,56395,Surrey Central Station,35310,35790,in_service_layover,58.22959157415936,64.32782689484804,34.394047208684185,480,8.0,09:48:30,09:56:30,False,,no_dispenser,0
2161637,heavy,320.0,1.0,40-ft,STC,1,MF,14866662,14863322,337,320,61035,55713,Surrey Central Station @ Bay 12,Surrey Central Station @ Bay 5,61035,Surrey Central Station,35370,35730,in_service_layover,63.56979313741956,67.847801254165,24.12796577844432,360,6.0,09:49:30,09:55:30,False,,no_dispenser,0
2161661,heavy,320.0,30.0,40-ft,STC,1,MF,14866222,14866080,335,335,55714,55836,Surrey Central Station @ Bay 6,Surrey Central Station @ Bay 3,55714,Surrey Central Station,35430,35910,in_service_layover,65.2544301973936,70.65761888533555,30.47398419999257,480,8.0,09:50:30,09:58:30,False,,no_dispenser,0
2161659,heavy,502.0,18.0,40-ft,STC,1,MF,14874464,14874540,501,501,61035,55210,Surrey Central Station @ Bay 12,Surrey Central Station @ Bay 2,61035,Surrey Central Station,35430,36090,in_service_layover,65.28603614583308,72.42849760675884,40.28348263962124,660,11.0,09:50:30,10:01:30,False,,no_dispenser,0
2161629,heavy,320.0,19.0,40-ft,STC,1,MF,14863420,14863321,320,320,61035,55713,Surrey Central Station @ Bay 12,Surrey Central Station @ Bay 5,61035,Surrey Central Station,35550,36630,in_service_layover,55.11515108158357,68.14976772596147,73.51523787429136,1080,18.0,09:52:30,10:10:30,False,,no_dispenser,0
2161594,heavy,321.0,30.0,40-ft,STC,1,MF,14863754,14863911,321,321,61035,61035,Surrey Central Station @ Bay 12,Surrey Central Station @ Bay 12,61035,Surrey Central Station,35730,36210,in_service_layover,54.86261035030956,61.13969993361571,35.402785249846715,480,8.0,09:55:30,10:03:30,False,,no_dispenser,0
2161653,heavy,320.0,41.0,40-ft,STC,1,MF,14875335,14866024,503,329,56395,61787,Surrey Central Station @ Bay 1 Unloading Only,Surrey Central Station @ Bay 14,56395,Surrey Central Station,35970,36150,in_service_layover,57.549331923167166,59.9307644056785,13.431279201363964,180,3.0,09:59:30,10:02:30,False,,no_dispenser,0
2161838,heavy,320.0,40.0,40-ft,STC,1,MF,14865392,14865453,324,324,56395,54993,Surrey Central Station @ Bay 1 Unloading Only,Surrey Central Station @ Bay 8,56395,Surrey Central Station,35970,36270,in_service_layover,62.86904751105201,66.51153879290473,20.543650829649323,300,5.0,09:59:30,10:04:30,False,,no_dispenser,0
2162408,heavy,502.0,8.0,40-ft,STC,1,MF,14874874,14874795,502,502,56395,55070,Surrey Central Station @ Bay 1 Unloading Only,Surrey Central Station @ Bay 9,56395,Surrey Central Station,36090,36690,in_service_layover,57.095539155805675,64.69535045746308,42.86293574134777,600,10.0,10:01:30,10:11:30,False,,no_dispenser,0
2161506,heavy,320.0,9.0,40-ft,STC,1,MF,14862603,14862628,316,316,56395,55738,Surrey Central Station @ Bay 1 Unloading Only,Surrey Central Station @ Bay 7,56395,Surrey Central Station,36210,36570,in_service_layover,68.83078190741053,72.69161764030419,21.775113533520255,360,6.0,10:03:30,10:09:30,False,,no_dispenser,0
2161537,heavy,321.0,26.0,40-ft,STC,1,MF,14862475,14863913,314,321,56395,61035,Surrey Central Station @ Bay 1 Unloading Only,Surrey Central Station @ Bay 12,56395,Surrey Central Station,36210,37410,in_service_layover,56.792179691818575,70.58159101647732,77.77227987107528,1200,20.0,10:03:30,10:23:30,False,,no_dispenser,0
2161720,heavy,321.0,2.0,40-ft,STC,1,MF,14863755,14863912,321,321,61035,61035,Surrey Central Station @ Bay 12,Surrey Central Station @ Bay 12,61035,Surrey Central Station,36330,36810,in_service_layover,47.15025182104336,53.3196624784975,34.79547610804133,480,8.0,10:05:30,10:13:30,False,,no_dispenser,0
2161727,heavy,503.0,13.0,40-ft,STC,1,MF,14875359,14875258,503,503,56395,55441,Surrey Central Station @ Bay 1 Unloading Only,Surrey Central Station @ Bay 10,56395,Surrey Central Station,36450,37110,in_service_layover,61.40147390313652,69.1116169381654,43.4852067175629,660,11.0,10:07:30,10:18:30,False,,no_dispenser,0
2161639,heavy,320.0,24.0,40-ft,STC,1,MF,14865933,14866616,326,337,56395,61677,Surrey Central Station @ Bay 1 Unloading Only,Surrey Central Station @ Bay 5A,56395,Surrey Central Station,36510,36930,in_service_layover,62.30182350081456,67.3483469538323,28.462392275020136,420,7.0,10:08:30,10:15:30,False,,no_dispenser,0
2161660,heavy,502.0,9.0,40-ft,STC,1,MF,14874440,14874541,501,501,61035,55210,Surrey Central Station @ Bay 12,Surrey Central Station @ Bay 2,61035,Surrey Central Station,36690,37890,in_service_layover,60.26629259169041,73.0733031746713,72.23153968801228,1200,20.0,10:11:30,10:31:30,False,,no_dispenser,0
2161602,heavy,321.0,4.0,40-ft,STC,1,MF,14863756,14863914,321,321,61035,61035,Surrey Central Station @ Bay 12,Surrey Central Station @ Bay 12,61035,Surrey Central Station,36930,38010,in_service_layover,56.01544525184663,68.87623213979256,72.53483804801505,1080,18.0,10:15:30,10:33:30,False,,no_dispenser,0
2161990,heavy,502.0,4.0,40-ft,STC,1,MF,14874871,14874800,502,502,56395,55070,Surrey Central Station @ Bay 1 Unloading Only,Surrey Central Station @ Bay 9,56395,Surrey Central Station,36990,37590,in_service_layover,65.41063324212513,71.97296255686719,37.01153733514519,600,10.0,10:16:30,10:26:30,False,,no_dispenser,0
2161546,heavy,320.0,2.0,40-ft,STC,1,MF,14866663,14863320,337,320,61035,55713,Surrey Central Station @ Bay 12,Surrey Central Station @ Bay 5,61035,Surrey Central Station,37110,37530,in_service_layover,47.60854941986057,53.00322149138883,30.425950483419342,420,7.0,10:18:30,10:25:30,False,,no_dispenser,0
2161624,heavy,320.0,25.0,40-ft,STC,1,MF,14866213,14863319,335,320,55714,55713,Surrey Central Station @ Bay 6,Surrey Central Station @ Bay 5,55714,Surrey Central Station,37110,38430,in_service_layover,66.53381750316554,78.3826145031671,66.82721508000884,1320,22.0,10:18:30,10:40:30,False,,no_dispenser,0
2161544,heavy,320.0,13.0,40-ft,STC,1,MF,14865393,14865454,324,324,56395,54993,Surrey Central Station @ Bay 1 Unloading Only,Surrey Central Station @ Bay 8,56395,Surrey Central Station,37170,37470,in_service_layover,54.49668188658141,58.43857578665711,22.232281596426958,300,5.0,10:19:30,10:24:30,False,,no_dispenser,0
2161543,heavy,319.0,7.0,40-ft,STC,1,MF,14866014,14865926,329,326,56395,54993,Surrey Central Station @ Bay 1 Unloading Only,Surrey Central Station @ Bay 8,56395,Surrey Central Station,37170,38250,in_service_layover,65.12741581144762,75.75578332926308,59.94399280047918,1080,18.0,10:19:30,10:37:30,False,,no_dispenser,0
2161657,heavy,320.0,20.0,40-ft,STC,1,MF,14863418,14862509,320,314,61787,61787,Surrey Central Station @ Bay 14,Surrey Central Station @ Bay 14,61787,Surrey Central Station,37350,38190,in_service_layover,52.18495462746684,62.967404086160215,60.81301494703064,840,14.0,10:22:30,10:36:30,False,,no_dispenser,0
2161505,heavy,321.0,8.0,40-ft,STC,1,MF,14863802,14863915,321,321,61035,61035,Surrey Central Station @ Bay 12,Surrey Central Station @ Bay 12,61035,Surrey Central Station,37590,38610,in_service_layover,44.53600154879035,57.72815545581367,74.40374803561147,1020,17.0,10:26:30,10:43:30,False,,no_dispenser,0
2161877,heavy,503.0,15.0,40-ft,STC,1,MF,14875360,14875240,503,503,56395,55441,Surrey Central Station @ Bay 1 Unloading Only,Surrey Central Station @ Bay 10,56395,Surrey Central Station,37770,37950,in_service_layover,59.221081446066826,61.578037711782905,13.293233338638743,180,3.0,10:29:30,10:32:30,False,,no_dispenser,0
2161632,heavy,502.0,10.0,40-ft,STC,1,MF,14874885,14874774,502,502,56395,55070,Surrey Central Station @ Bay 1 Unloading Only,Surrey Central Station @ Bay 9,56395,Surrey Central Station,37890,38490,in_service_layover,55.689591684254026,63.39924188668032,43.4824271416843,600,10.0,10:31:30,10:41:30,False,,no_dispenser,0
2161921,heavy,320.0,34.0,40-ft,STC,1,MF,14866172,14866052,335,335,55714,55836,Surrey Central Station @ Bay 6,Surrey Central Station @ Bay 3,55714,Surrey Central Station,38010,38610,in_service_layover,65.43640869596908,71.99521952026474,36.9916930490275,600,10.0,10:33:30,10:43:30,False,,no_dispenser,0
2161719,heavy,321.0,7.0,40-ft,STC,1,MF,14863803,14863916,321,321,61035,61035,Surrey Central Station @ Bay 12,Surrey Central Station @ Bay 12,61035,Surrey Central Station,38190,39210,in_service_layover,45.31623358867266,58.50628058794262,74.39186507588252,1020,17.0,10:36:30,10:53:30,False,,no_dispenser,0
2161576,heavy,320.0,31.0,40-ft,STC,1,MF,14863417,14866617,320,337,61035,61677,Surrey Central Station @ Bay 12,Surrey Central Station @ Bay 5A,61035,Surrey Central Station,38250,38790,in_service_layover,68.55926249232814,74.14722939097182,31.516133308350277,540,9.0,10:37:30,10:46:30,False,,no_dispenser,0
2161575,heavy,320.0,5.0,40-ft,STC,1,MF,14865394,14865455,324,324,56395,54993,Surrey Central Station @ Bay 1 Unloading Only,Surrey Central Station @ Bay 8,56395,Surrey Central Station,38370,38670,in_service_layover,58.64094291786155,62.531323506221895,21.941746518352318,300,5.0,10:39:30,10:44:30,False,,no_dispenser,0
2161721,heavy,503.0,6.0,40-ft,STC,1,MF,14875337,14875259,503,503,56395,55441,Surrey Central Station @ Bay 1 Unloading Only,Surrey Central Station @ Bay 10,56395,Surrey Central Station,38370,38790,in_service_layover,47.37783361051143,52.768727316913065,30.40464050410526,420,7.0,10:39:30,10:46:30,False,,no_dispenser,0
2161905,heavy,502.0,11.0,40-ft,STC,1,MF,14874472,14874542,501,501,61787,55210,Surrey Central Station @ Bay 14,Surrey Central Station @ Bay 2,61787,Surrey Central Station,38490,39690,in_service_layover,57.6362606304674,71.20597415134434,76.53318425774597,1200,20.0,10:41:30,11:01:30,False,,no_dispenser,0
2161858,heavy,502.0,20.0,40-ft,STC,1,MF,14874829,14874799,502,502,56395,55070,Surrey Central Station @ Bay 1 Unloading Only,Surrey Central Station @ Bay 9,56395,Surrey Central Station,38790,39390,in_service_layover,60.389293657318014,67.60575128903305,40.70082104287286,600,10.0,10:46:30,10:56:30,False,,no_dispenser,0
2161718,heavy,321.0,5.0,40-ft,STC,1,MF,14863804,14863917,321,321,61035,61035,Surrey Central Station @ Bay 12,Surrey Central Station @ Bay 12,61035,Surrey Central Station,38790,39810,in_service_layover,39.43298980581928,52.4992895926157,73.6939307975318,1020,17.0,10:46:30,11:03:30,False,,no_dispenser,0
2165312,heavy,320.0,35.0,40-ft,STC,1,MF,14866664,14863318,337,320,61035,55713,Surrey Central Station @ Bay 12,Surrey Central Station @ Bay 5,61035,Surrey Central Station,38910,39270,in_service_layover,56.64286039140596,61.359086299053935,26.599514119134597,360,6.0,10:48:30,10:54:30,False,,no_dispenser,0
2161518,heavy,320.0,33.0,40-ft,STC,1,MF,14866232,14866082,335,335,55714,55836,Surrey Central Station @ Bay 6,Surrey Central Station @ Bay 3,55714,Surrey Central Station,38910,39510,in_service_layover,61.9741181603385,68.9908275849047,39.57424115455336,600,10.0,10:48:30,10:58:30,False,,no_dispenser,0
2161991,heavy,503.0,18.0,40-ft,STC,1,MF,14875361,14875241,503,503,56395,55441,Surrey Central Station @ Bay 1 Unloading Only,Surrey Central Station @ Bay 10,56395,Surrey Central Station,39030,39630,in_service_layover,61.516010614819,68.5910941900584,39.903471364350196,600,10.0,10:50:30,11:00:30,False,,no_dispenser,0
2161644,heavy,320.0,4.0,40-ft,STC,1,MF,14863416,14863317,320,320,61035,55713,Surrey Central Station @ Bay 12,Surrey Central Station @ Bay 5,61035,Surrey Central Station,39150,40170,in_service_layover,45.12214453273699,58.313363242470054,74.39847352289445,1020,17.0,10:52:30,11:09:30,False,,no_dispenser,0
2161717,heavy,321.0,9.0,40-ft,STC,1,MF,14863805,14863918,321,321,61035,61035,Surrey Central Station @ Bay 12,Surrey Central Station @ Bay 12,61035,Surrey Central Station,39390,40410,in_service_layover,38.650586000874725,51.69302418443468,73.55935135527815,1020,17.0,10:56:30,11:13:30,False,,no_dispenser,0
2161578,heavy,320.0,15.0,40-ft,STC,1,MF,14865395,14865456,324,324,56395,54993,Surrey Central Station @ Bay 1 Unloading Only,Surrey Central Station @ Bay 8,56395,Surrey Central Station,39570,39870,in_service_layover,53.94695821023448,57.879941133551014,22.18202368750525,300,5.0,10:59:30,11:04:30,False,,no_dispenser,0
2161538,heavy,319.0,4.0,40-ft,STC,1,MF,14862470,14866027,314,329,56395,61787,Surrey Central Station @ Bay 1 Unloading Only,Surrey Central Station @ Bay 14,56395,Surrey Central Station,39630,39810,in_service_layover,52.78801282659141,55.126513002984446,13.1891409948567,180,3.0,11:00:30,11:03:30,False,,no_dispenser,0
2162112,heavy,502.0,19.0,40-ft,STC,1,MF,14874870,14874769,502,502,56395,55070,Surrey Central Station @ Bay 1 Unloading Only,Surrey Central Station @ Bay 9,56395,Surrey Central Station,39690,40290,in_service_layover,56.657339577870125,64.29488485088561,43.0757553398073,600,10.0,11:01:30,11:11:30,False,,no_dispenser,0
2163821,heavy,320.0,14.0,40-ft,STC,1,MF,14862601,14862637,316,316,56395,55738,Surrey Central Station @ Bay 1 Unloading Only,Surrey Central Station @ Bay 7,56395,Surrey Central Station,39750,40170,in_service_layover,65.47334773848169,70.23958577732233,26.88158253906124,420,7.0,11:02:30,11:09:30,False,,no_dispenser,0
2164234,heavy,320.0,10.0,40-ft,STC,1,MF,14866173,14866065,335,335,55714,55836,Surrey Central Station @ Bay 6,Surrey Central Station @ Bay 3,55714,Surrey Central Station,39810,40410,in_service_layover,52.371906394739355,60.21132453583782,44.21431831579537,600,10.0,11:03:30,11:13:30,False,,no_dispenser,0
2162193,heavy,503.0,5.0,40-ft,STC,1,MF,14875338,14875260,503,503,56395,55441,Surrey Central Station @ Bay 1 Unloading Only,Surrey Central Station @ Bay 10,56395,Surrey Central Station,39930,40470,in_service_layover,42.685663733678005,49.56175941729873,38.78117965562092,540,9.0,11:05:30,11:14:30,False,,no_dispenser,0
2161712,heavy,321.0,13.0,40-ft,STC,1,MF,14863806,14863919,321,321,61035,61035,Surrey Central Station @ Bay 12,Surrey Central Station @ Bay 12,61035,Surrey Central Station,39990,41010,in_service_layover,49.76723369885035,62.81223141345668,73.57378711037967,1020,17.0,11:06:30,11:23:30,False,,no_dispenser,0
2161539,heavy,319.0,2.0,40-ft,STC,1,MF,14865947,14866618,326,337,56395,61677,Surrey Central Station @ Bay 1 Unloading Only,Surrey Central Station @ Bay 5A,56395,Surrey Central Station,40050,40530,in_service_layover,55.99877366931278,62.23644106055498,35.18044408660597,480,8.0,11:07:30,11:15:30,False,,no_dispenser,0
2161637,heavy,320.0,1.0,40-ft,STC,1,MF,14863415,14863340,320,320,61035,55713,Surrey Central Station @ Bay 12,Surrey Central Station @ Bay 5,61035,Surrey Central Station,40050,41010,in_service_layover,60.678331633195185,71.3802433521034,60.35878209464238,960,16.0,11:07:30,11:23:30,False,,no_dispenser,0
2161648,heavy,502.0,14.0,40-ft,STC,1,MF,14874445,14874496,501,501,61035,55210,Surrey Central Station @ Bay 12,Surrey Central Station @ Bay 2,61035,Surrey Central Station,40230,41490,in_service_layover,66.82572751636565,78.21161515831857,64.21640630061444,1260,21.0,11:10:30,11:31:30,False,,no_dispenser,0
2161917,heavy,502.0,1.0,40-ft,STC,1,MF,14874902,14874798,502,502,56395,55070,Surrey Central Station @ Bay 1 Unloading Only,Surrey Central Station @ Bay 9,56395,Surrey Central Station,40590,41190,in_service_layover,50.11474499285086,57.93853126978431,44.12615460190466,600,10.0,11:16:30,11:26:30,False,,no_dispenser,0
2161716,heavy,321.0,12.0,40-ft,STC,1,MF,14863807,14863920,321,321,61035,61035,Surrey Central Station @ Bay 12,Surrey Central Station @ Bay 12,61035,Surrey Central Station,40590,41610,in_service_layover,43.10919319398124,56.287278686304944,74.32440217670566,1020,17.0,11:16:30,11:33:30,False,,no_dispenser,0
2161853,heavy,320.0,18.0,40-ft,STC,1,MF,14866178,14866083,335,335,55714,55836,Surrey Central Station @ Bay 6,Surrey Central Station @ Bay 3,55714,Surrey Central Station,40710,41310,in_service_layover,50.217212690716416,58.0435323953184,44.14044313395516,600,10.0,11:18:30,11:28:30,False,,no_dispenser,0
2161638,heavy,320.0,8.0,40-ft,STC,1,MF,14866665,14863339,337,320,61035,55713,Surrey Central Station @ Bay 12,Surrey Central Station @ Bay 5,61035,Surrey Central Station,40710,41910,in_service_layover,54.86485218337047,69.10281564661896,80.30211393272151,1200,20.0,11:18:30,11:38:30,False,,no_dispenser,0
2161838,heavy,320.0,40.0,40-ft,STC,1,MF,14865396,14865457,324,324,56395,54993,Surrey Central Station @ Bay 1 Unloading Only,Surrey Central Station @ Bay 8,56395,Surrey Central Station,40770,41070,in_service_layover,60.67385335965596,64.4460842485652,21.27538221344804,300,5.0,11:19:30,11:24:30,False,,no_dispenser,0
2163935,heavy,503.0,3.0,40-ft,STC,1,MF,14875362,14875242,503,503,56395,55441,Surrey Central Station @ Bay 1 Unloading Only,Surrey Central Station @ Bay 10,56395,Surrey Central Station,40830,41310,in_service_layover,61.033903708725305,66.86471793322079,32.885792226154535,480,8.0,11:20:30,11:28:30,False,,no_dispenser,0
2161548,heavy,320.0,3.0,40-ft,STC,1,MF,14863414,14862499,320,314,61787,61787,Surrey Central Station @ Bay 14,Surrey Central Station @ Bay 14,61787,Surrey Central Station,40950,41670,in_service_layover,58.19301666362667,67.01136671112666,49.73549426789987,720,12.0,11:22:30,11:34:30,False,,no_dispenser,0
2161653,heavy,320.0,41.0,40-ft,STC,1,MF,14866012,14865907,329,326,56395,54993,Surrey Central Station @ Bay 1 Unloading Only,Surrey Central Station @ Bay 8,56395,Surrey Central Station,41250,41850,in_service_layover,58.209102197535344,65.69874086672141,42.24156209420937,600,10.0,11:27:30,11:37:30,False,,no_dispenser,0
2161711,heavy,321.0,17.0,40-ft,STC,1,MF,14863808,14863921,321,321,61035,61035,Surrey Central Station @ Bay 12,Surrey Central Station @ Bay 12,61035,Surrey Central Station,41250,42210,in_service_layover,43.43760364241996,55.83840073552723,69.940495605125,960,16.0,11:27:30,11:43:30,False,,no_dispenser,0
2161506,heavy,320.0,9.0,40-ft,STC,1,MF,14862600,14862654,316,316,56395,55738,Surrey Central Station @ Bay 1 Unloading Only,Surrey Central Station @ Bay 7,56395,Surrey Central Station,41550,41970,in_service_layover,67.79500949318535,72.34036619257927,25.635811784581733,420,7.0,11:32:30,11:39:30,False,,no_dispenser,0
2161728,heavy,502.0,3.0,40-ft,STC,1,MF,14874837,14874818,502,502,56395,55070,Surrey Central Station @ Bay 1 Unloading Only,Surrey Central Station @ Bay 9,56395,Surrey Central Station,41610,42090,in_service_layover,50.47845673089504,56.721341720357984,35.209871340571055,480,8.0,11:33:30,11:41:30,False,,no_dispenser,0
2161920,heavy,320.0,22.0,40-ft,STC,1,MF,14866174,14866120,335,335,55714,55836,Surrey Central Station @ Bay 6,Surrey Central Station @ Bay 3,55714,Surrey Central Station,41610,42210,in_service_layover,53.47320268348151,61.28970672750822,44.08508280831063,600,10.0,11:33:30,11:43:30,False,,no_dispenser,0
2162399,heavy,502.0,5.0,40-ft,STC,1,MF,14875339,14875261,503,503,56395,55441,Surrey Central Station @ Bay 1 Unloading Only,Surrey Central Station @ Bay 10,56395,Surrey Central Station,41730,42210,in_service_layover,46.50290479411861,52.66059821010146,34.72939086614326,480,8.0,11:35:30,11:43:30,False,,no_dispenser,0
2161715,heavy,321.0,19.0,40-ft,STC,1,MF,14863809,14863922,321,321,61035,61035,Surrey Central Station @ Bay 12,Surrey Central Station @ Bay 12,61035,Surrey Central Station,41850,42810,in_service_layover,44.17147196799658,56.588676024981034,70.0330308813923,960,16.0,11:37:30,11:53:30,False,,no_dispenser,0
2161546,heavy,320.0,2.0,40-ft,STC,1,MF,14863413,14866619,320,337,61035,61677,Surrey Central Station @ Bay 12,Surrey Central Station @ Bay 5A,61035,Surrey Central Station,41910,42270,in_service_layover,45.833751870419,50.42675021851923,25.904510683285366,360,6.0,11:38:30,11:44:30,False,,no_dispenser,0
2161544,heavy,320.0,13.0,40-ft,STC,1,MF,14865397,14865458,324,324,56395,54993,Surrey Central Station @ Bay 1 Unloading Only,Surrey Central Station @ Bay 8,56395,Surrey Central Station,41970,42270,in_service_layover,52.75885606635116,56.67257994908568,22.073402698622715,300,5.0,11:39:30,11:44:30,False,,no_dispenser,0
2161651,heavy,502.0,12.0,40-ft,STC,1,MF,14874442,14874548,501,501,61035,55210,Surrey Central Station @ Bay 12,Surrey Central Station @ Bay 2,61035,Surrey Central Station,42030,42690,in_service_layover,67.77993799460211,74.53835802714377,38.11748898353494,660,11.0,11:40:30,11:51:30,False,,no_dispenser,0
2161708,heavy,321.0,6.0,40-ft,STC,1,MF,14863810,14863923,321,321,61035,61035,Surrey Central Station @ Bay 12,Surrey Central Station @ Bay 12,61035,Surrey Central Station,42450,43350,in_service_layover,41.76132145587834,53.3150549802512,65.16305707746292,900,15.0,11:47:30,12:02:30,False,,no_dispenser,0
2161639,heavy,320.0,24.0,40-ft,STC,1,MF,14866666,14863338,337,320,61035,55713,Surrey Central Station @ Bay 12,Surrey Central Station @ Bay 5,61035,Surrey Central Station,42510,42810,in_service_layover,55.50150517874831,59.456180840776504,22.30437073383905,300,5.0,11:48:30,11:53:30,False,,no_dispenser,0
2161577,heavy,320.0,28.0,40-ft,STC,1,MF,14874873,14874805,502,502,56395,55070,Surrey Central Station @ Bay 1 Unloading Only,Surrey Central Station @ Bay 9,56395,Surrey Central Station,42510,42990,in_service_layover,57.38293058836247,63.543763704156085,34.747098773076004,480,8.0,11:48:30,11:56:30,False,,no_dispenser,0
2161622,heavy,320.0,32.0,40-ft,STC,1,MF,14866163,14866084,335,335,55714,55836,Surrey Central Station @ Bay 6,Surrey Central Station @ Bay 3,55714,Surrey Central Station,42510,43110,in_service_layover,60.949649965133304,68.09618868374248,40.30647837295584,600,10.0,11:48:30,11:58:30,False,,no_dispenser,0
2163786,heavy,503.0,9.0,40-ft,STC,1,MF,14875363,14875243,503,503,56395,55441,Surrey Central Station @ Bay 1 Unloading Only,Surrey Central Station @ Bay 10,56395,Surrey Central Station,42630,43110,in_service_layover,53.88313096350434,60.17708800455873,35.49791771154679,480,8.0,11:50:30,11:58:30,False,,no_dispenser,0
2161573,heavy,502.0,7.0,40-ft,STC,1,MF,14863412,14863337,320,320,61035,55713,Surrey Central Station @ Bay 12,Surrey Central Station @ Bay 5,61035,Surrey Central Station,42810,43710,in_service_layover,49.155946807584364,60.795755077787184,65.64851864394393,900,15.0,11:53:30,12:08:30,False,,no_dispenser,0
2161657,heavy,320.0,20.0,40-ft,STC,1,MF,14862476,14866028,314,329,56395,61787,Surrey Central Station @ Bay 1 Unloading Only,Surrey Central Station @ Bay 14,56395,Surrey Central Station,43050,43410,in_service_layover,52.38603635454183,57.085270691122304,26.503681658313837,360,6.0,11:57:30,12:03:30,False,,no_dispenser,0
2161714,heavy,321.0,28.0,40-ft,STC,1,MF,14863811,14863924,321,321,61035,61035,Surrey Central Station @ Bay 12,Surrey Central Station @ Bay 12,61035,Surrey Central Station,43050,43950,in_service_layover,41.15089228271133,52.686959935760015,65.06342156319457,900,15.0,11:57:30,12:12:30,False,,no_dispenser,0
2161575,heavy,320.0,5.0,40-ft,STC,1,MF,14865398,14865459,324,324,56395,54993,Surrey Central Station @ Bay 1 Unloading Only,Surrey Central Station @ Bay 8,56395,Surrey Central Station,43170,43470,in_service_layover,56.86570024939596,60.81243907401607,22.25960697085742,300,5.0,11:59:30,12:04:30,False,,no_dispenser,0
2161631,heavy,502.0,15.0,40-ft,STC,1,MF,14874839,14874778,502,502,56395,55070,Surrey Central Station @ Bay 1 Unloading Only,Surrey Central Station @ Bay 9,56395,Surrey Central Station,43410,43890,in_service_layover,55.021895661508104,61.294742317436636,35.37885513943695,480,8.0,12:03:30,12:11:30,False,,no_dispenser,0
2161661,heavy,320.0,30.0,40-ft,STC,1,MF,14866175,14866066,335,335,55714,55836,Surrey Central Station @ Bay 6,Surrey Central Station @ Bay 3,55714,Surrey Central Station,43410,44010,in_service_layover,65.12280338926065,71.72430575703083,37.23247335422383,600,10.0,12:03:30,12:13:30,False,,no_dispenser,0
2162017,heavy,502.0,6.0,40-ft,STC,1,MF,14867903,14874497,345,501,54990,55210,King George Station @ Bay 2,Surrey Central Station @ Bay 2,55210,Surrey Central Station,43590,43890,interline_end,26.435634605691575,30.169415210082356,21.058522608764008,300,5.0,12:06:30,12:11:30,False,,no_dispenser,0
2162188,heavy,503.0,12.0,40-ft,STC,1,MF,14875340,14875262,503,503,56395,55441,Surrey Central Station @ Bay 1 Unloading Only,Surrey Central Station @ Bay 10,56395,Surrey Central Station,43590,44010,in_service_layover,45.127138507245526,50.486061788450165,30.224327305994166,420,7.0,12:06:30,12:13:30,False,,no_dispenser,0
2161551,heavy,320.0,39.0,40-ft,STC,1,MF,14865672,14865738,325,325,56395,55738,Surrey Central Station @ Bay 1 Unloading Only,Surrey Central Station @ Bay 7,56395,Surrey Central Station,43650,44310,in_service_layover,69.98702396207497,76.39279619449714,36.12855539086104,660,11.0,12:07:30,12:18:30,False,,no_dispenser,0
2161710,heavy,321.0,1.0,40-ft,STC,1,MF,14863812,14863925,321,321,61035,61035,Surrey Central Station @ Bay 12,Surrey Central Station @ Bay 12,61035,Surrey Central Station,43650,44550,in_service_layover,29.501456594061743,40.81812806722733,63.8260271086539,900,15.0,12:07:30,12:22:30,False,,no_dispenser,0
2161543,heavy,319.0,7.0,40-ft,STC,1,MF,14865948,14862498,326,314,56395,61787,Surrey Central Station @ Bay 1 Unloading Only,Surrey Central Station @ Bay 14,56395,Surrey Central Station,43650,45210,in_service_layover,65.222557662089,78.92681067463248,77.29198699074516,1560,26.0,12:07:30,12:33:30,False,,no_dispenser,0
2165312,heavy,320.0,35.0,40-ft,STC,1,MF,14863404,14866620,320,337,61035,61677,Surrey Central Station @ Bay 12,Surrey Central Station @ Bay 5A,61035,Surrey Central Station,43710,44070,in_service_layover,54.18961667808411,58.92280508509794,26.695182615557997,360,6.0,12:08:30,12:14:30,False,,no_dispenser,0
2161663,heavy,502.0,17.0,40-ft,STC,1,MF,14874446,14874503,501,501,61035,55210,Surrey Central Station @ Bay 12,Surrey Central Station @ Bay 2,61035,Surrey Central Station,43830,44850,in_service_layover,66.25127185452459,76.16789542751114,55.92975695164404,1020,17.0,12:10:30,12:27:30,False,,no_dispenser,0
2161594,heavy,321.0,30.0,40-ft,STC,1,MF,14863813,14863926,321,321,61035,61035,Surrey Central Station @ Bay 12,Surrey Central Station @ Bay 12,61035,Surrey Central Station,44250,45150,in_service_layover,42.68955307589084,54.27140011225615,65.32161728510036,900,15.0,12:17:30,12:32:30,False,,no_dispenser,0
2161576,heavy,320.0,31.0,40-ft,STC,1,MF,14866667,14863336,337,320,61035,55713,Surrey Central Station @ Bay 12,Surrey Central Station @ Bay 5,61035,Surrey Central Station,44310,44610,in_service_layover,62.30038761588781,65.97648763858948,20.733204128037414,300,5.0,12:18:30,12:23:30,False,,no_dispenser,0
2162408,heavy,502.0,8.0,40-ft,STC,1,MF,14874907,14874757,502,502,56395,55070,Surrey Central Station @ Bay 1 Unloading Only,Surrey Central Station @ Bay 9,56395,Surrey Central Station,44310,44790,in_service_layover,55.36745401435355,61.62965942010155,35.31883848841869,480,8.0,12:18:30,12:26:30,False,,no_dispenser,0
2161916,heavy,320.0,42.0,40-ft,STC,1,MF,14866214,14866085,335,335,55714,55836,Surrey Central Station @ Bay 6,Surrey Central Station @ Bay 3,55714,Surrey Central Station,44310,44910,in_service_layover,63.377217939359994,70.21192056780738,38.54772282444321,600,10.0,12:18:30,12:28:30,False,,no_dispenser,0
2161578,heavy,320.0,15.0,40-ft,STC,1,MF,14865399,14865460,324,324,56395,54993,Surrey Central Station @ Bay 1 Unloading Only,Surrey Central Station @ Bay 8,56395,Surrey Central Station,44370,44670,in_service_layover,52.19297707486214,56.097528104473135,22.021667807005997,300,5.0,12:19:30,12:24:30,False,,no_dispenser,0
2161727,heavy,503.0,13.0,40-ft,STC,1,MF,14875364,14875244,503,503,56395,55441,Surrey Central Station @ Bay 1 Unloading Only,Surrey Central Station @ Bay 10,56395,Surrey Central Station,44490,44910,in_service_layover,62.65994475771694,67.67605987558618,28.290889264782436,420,7.0,12:21:30,12:28:30,False,,no_dispenser,0
2165313,heavy,320.0,29.0,40-ft,STC,1,MF,14863403,14863335,320,320,61035,55713,Surrey Central Station @ Bay 12,Surrey Central Station @ Bay 5,61035,Surrey Central Station,44610,45510,in_service_layover,68.89128159382962,77.33584731036538,47.62735064126167,900,15.0,12:23:30,12:38:30,False,,no_dispenser,0
2161538,heavy,319.0,4.0,40-ft,STC,1,MF,14866018,14865908,329,326,56395,54993,Surrey Central Station @ Bay 1 Unloading Only,Surrey Central Station @ Bay 8,56395,Surrey Central Station,44850,45450,in_service_layover,51.11321258458479,58.954290921871824,44.223681822298886,600,10.0,12:27:30,12:37:30,False,,no_dispenser,0
2161720,heavy,321.0,2.0,40-ft,STC,1,MF,14863814,14863927,321,321,61035,61035,Surrey Central Station @ Bay 12,Surrey Central Station @ Bay 12,61035,Surrey Central Station,44970,45750,in_service_layover,34.86951562077264,44.72497250326972,55.58477681728351,780,13.0,12:29:30,12:42:30,False,,no_dispenser,0
2163821,heavy,320.0,14.0,40-ft,STC,1,MF,14862611,14862650,316,316,56395,55738,Surrey Central Station @ Bay 1 Unloading Only,Surrey Central Station @ Bay 7,56395,Surrey Central Station,45150,45570,in_service_layover,64.99571427122575,69.80574762093178,27.128588092341943,420,7.0,12:32:30,12:39:30,False,,no_dispenser,0
2161737,heavy,320.0,37.0,40-ft,STC,1,MF,14866176,14866090,335,335,55714,55836,Surrey Central Station @ Bay 6,Surrey Central Station @ Bay 3,55714,Surrey Central Station,45210,45810,in_service_layover,65.06230057511449,71.67201132317595,37.278768619066625,600,10.0,12:33:30,12:43:30,False,,no_dispenser,0
2161990,heavy,502.0,4.0,40-ft,STC,1,MF,14874857,14874777,502,502,56395,55070,Surrey Central Station @ Bay 1 Unloading Only,Surrey Central Station @ Bay 9,56395,Surrey Central Station,45270,45690,in_service_layover,62.032942329559326,67.10208941449277,28.589989559024616,420,7.0,12:34:30,12:41:30,False,,no_dispenser,0
2161861,heavy,320.0,27.0,40-ft,STC,1,MF,14865668,14865729,325,325,56395,55738,Surrey Central Station @ Bay 1 Unloading Only,Surrey Central Station @ Bay 7,56395,Surrey Central Station,45450,46110,in_service_layover,68.30960529232087,74.98448902003801,37.64634422432465,660,11.0,12:37:30,12:48:30,False,,no_dispenser,0
2161637,heavy,320.0,1.0,40-ft,STC,1,MF,14863402,14866621,320,337,61035,61677,Surrey Central Station @ Bay 12,Surrey Central Station @ Bay 5A,61035,Surrey Central Station,45570,45870,in_service_layover,64.21077373113357,67.7739120621648,20.096100187016077,300,5.0,12:39:30,12:44:30,False,,no_dispenser,0
2161838,heavy,320.0,40.0,40-ft,STC,1,MF,14865400,14865461,324,324,56395,54993,Surrey Central Station @ Bay 1 Unloading Only,Surrey Central Station @ Bay 8,56395,Surrey Central Station,45570,45870,in_service_layover,58.70630241824156,62.5936158603504,21.924447813493828,300,5.0,12:39:30,12:44:30,False,,no_dispenser,0
2161537,heavy,321.0,26.0,40-ft,STC,1,MF,14863815,14863928,321,321,61035,61035,Surrey Central Station @ Bay 12,Surrey Central Station @ Bay 12,61035,Surrey Central Station,45570,46350,in_service_layover,52.13144415875244,62.20253973644632,56.800979058193434,780,13.0,12:39:30,12:52:30,False,,no_dispenser,0
2161659,heavy,502.0,18.0,40-ft,STC,1,MF,14874444,14874549,501,501,61035,55210,Surrey Central Station @ Bay 12,Surrey Central Station @ Bay 2,61035,Surrey Central Station,45630,45810,in_service_layover,63.388700392159116,65.59832094562866,12.462259921568204,180,3.0,12:40:30,12:43:30,False,,no_dispenser,0
2161539,heavy,319.0,2.0,40-ft,STC,1,MF,14866668,14863334,337,320,61035,55713,Surrey Central Station @ Bay 12,Surrey Central Station @ Bay 5,61035,Surrey Central Station,46110,46350,in_service_layover,50.38959928547098,53.48317553455384,17.447770044827337,240,4.0,12:48:30,12:52:30,False,,no_dispenser,0
2161921,heavy,320.0,34.0,40-ft,STC,1,MF,14866164,14866086,335,335,55714,55836,Surrey Central Station @ Bay 6,Surrey Central Station @ Bay 3,55714,Surrey Central Station,46110,46710,in_service_layover,65.15906400179148,71.75564217260771,37.20470088340352,600,10.0,12:48:30,12:58:30,False,,no_dispenser,0
2161632,heavy,502.0,10.0,40-ft,STC,1,MF,14874872,14874756,502,502,56395,55070,Surrey Central Station @ Bay 1 Unloading Only,Surrey Central Station @ Bay 9,56395,Surrey Central Station,46170,46590,in_service_layover,52.62162222459838,58.121095995503666,31.017032067905745,420,7.0,12:49:30,12:56:30,False,,no_dispenser,0
2161602,heavy,321.0,4.0,40-ft,STC,1,MF,14863816,14863929,321,321,61035,61035,Surrey Central Station @ Bay 12,Surrey Central Station @ Bay 12,61035,Surrey Central Station,46170,46890,in_service_layover,50.42608528206768,59.80440577401836,52.893727574601826,720,12.0,12:49:30,13:01:30,False,,no_dispenser,0
2161721,heavy,503.0,6.0,40-ft,STC,1,MF,14875365,14875245,503,503,56395,55441,Surrey Central Station @ Bay 1 Unloading Only,Surrey Central Station @ Bay 10,56395,Surrey Central Station,46350,46710,in_service_layover,48.77847563800742,53.41021934000233,26.12303447925126,360,6.0,12:52:30,12:58:30,False,,no_dispenser,0
2161625,heavy,320.0,12.0,40-ft,STC,1,MF,14863401,14863303,320,320,61035,55713,Surrey Central Station @ Bay 12,Surrey Central Station @ Bay 5,61035,Surrey Central Station,46470,47250,in_service_layover,66.06664466731388,74.14058484969824,45.53702262864783,780,13.0,12:54:30,13:07:30,False,,no_dispenser,0
2161548,heavy,320.0,3.0,40-ft,STC,1,MF,14862471,14866029,314,329,56395,61787,Surrey Central Station @ Bay 1 Unloading Only,Surrey Central Station @ Bay 14,56395,Surrey Central Station,46530,47130,in_service_layover,56.42999897950827,64.08587770768442,43.17915602691346,600,10.0,12:55:30,13:05:30,False,,no_dispenser,0
2161544,heavy,320.0,13.0,40-ft,STC,1,MF,14865401,14865462,324,324,56395,54993,Surrey Central Station @ Bay 1 Unloading Only,Surrey Central Station @ Bay 8,56395,Surrey Central Station,46770,47070,in_service_layover,50.18570711136008,54.057720455650696,21.838155261799102,300,5.0,12:59:30,13:04:30,False,,no_dispenser,0
2161505,heavy,321.0,8.0,40-ft,STC,1,MF,14863817,14863930,321,321,61035,61035,Surrey Central Station @ Bay 12,Surrey Central Station @ Bay 12,61035,Surrey Central Station,46770,47490,in_service_layover,39.278008598088796,48.425658764821236,51.59274694037097,720,12.0,12:59:30,13:11:30,False,,no_dispenser,0
2161506,heavy,320.0,9.0,40-ft,STC,1,MF,14862617,14862648,316,316,56395,55738,Surrey Central Station @ Bay 1 Unloading Only,Surrey Central Station @ Bay 7,56395,Surrey Central Station,46950,47370,in_service_layover,65.67472663851119,70.42233121041724,26.77648978555021,420,7.0,13:02:30,13:09:30,False,,no_dispenser,0
2161518,heavy,320.0,33.0,40-ft,STC,1,MF,14866177,14866067,335,335,55714,55836,Surrey Central Station @ Bay 6,Surrey Central Station @ Bay 3,55714,Surrey Central Station,47010,47610,in_service_layover,62.68000758966884,69.6057561310697,39.06122177350079,600,10.0,13:03:30,13:13:30,False,,no_dispenser,0
2161858,heavy,502.0,20.0,40-ft,STC,1,MF,14874858,14874775,502,502,56395,55070,Surrey Central Station @ Bay 1 Unloading Only,Surrey Central Station @ Bay 9,56395,Surrey Central Station,47130,47490,in_service_layover,56.638620783759286,61.354961038574,26.600159037154924,360,6.0,13:05:30,13:11:30,False,,no_dispenser,0
2161653,heavy,320.0,41.0,40-ft,STC,1,MF,14865950,14863302,326,320,56395,55713,Surrey Central Station @ Bay 1 Unloading Only,Surrey Central Station @ Bay 5,56395,Surrey Central Station,47310,48150,in_service_layover,55.16551519954732,65.68301766888153,59.31871392704494,840,14.0,13:08:30,13:22:30,False,,no_dispenser,0
2161639,heavy,320.0,24.0,40-ft,STC,1,MF,14863410,14866622,320,337,61035,61677,Surrey Central Station @ Bay 12,Surrey Central Station @ Bay 5A,61035,Surrey Central Station,47370,47610,in_service_layover,52.28671121980668,55.40488909488278,17.586523215429224,240,4.0,13:09:30,13:13:30,False,,no_dispenser,0
2161660,heavy,502.0,9.0,40-ft,STC,1,MF,14874441,14874498,501,501,61035,55210,Surrey Central Station @ Bay 12,Surrey Central Station @ Bay 2,61035,Surrey Central Station,47430,47730,in_service_layover,63.4017095240344,67.01271959944607,20.366096825321847,300,5.0,13:10:30,13:15:30,False,,no_dispenser,0
2161719,heavy,321.0,7.0,40-ft,STC,1,MF,14863818,14863931,321,321,61035,61035,Surrey Central Station @ Bay 12,Surrey Central Station @ Bay 12,61035,Surrey Central Station,47430,48090,in_service_layover,40.05613373021774,48.442117436758636,47.29694810489062,660,11.0,13:10:30,13:21:30,False,,no_dispenser,0
2164234,heavy,320.0,10.0,40-ft,STC,1,MF,14866215,14866097,335,335,55714,55836,Surrey Central Station @ Bay 6,Surrey Central Station @ Bay 3,55714,Surrey Central Station,47910,48510,in_service_layover,55.05903214458502,62.807338891030554,43.70045004995279,600,10.0,13:18:30,13:28:30,False,,no_dispenser,0
2161546,heavy,320.0,2.0,40-ft,STC,1,MF,14866669,14862507,337,314,61035,61787,Surrey Central Station @ Bay 12,Surrey Central Station @ Bay 14,61035,Surrey Central Station,47910,48870,in_service_layover,38.579908443435244,50.832817305823696,69.10640598387084,960,16.0,13:18:30,13:34:30,False,,no_dispenser,0
2161575,heavy,320.0,5.0,40-ft,STC,1,MF,14865402,14865463,324,324,56395,54993,Surrey Central Station @ Bay 1 Unloading Only,Surrey Central Station @ Bay 8,56395,Surrey Central Station,48030,48270,in_service_layover,51.9928463075823,55.1072133613082,17.565030183014073,240,4.0,13:20:30,13:24:30,False,,no_dispenser,0
2162112,heavy,502.0,19.0,40-ft,STC,1,MF,14874909,14874755,502,502,56395,55070,Surrey Central Station @ Bay 1 Unloading Only,Surrey Central Station @ Bay 9,56395,Surrey Central Station,48030,48390,in_service_layover,52.73066706014254,57.43660512008126,26.541490658054443,360,6.0,13:20:30,13:26:30,False,,no_dispenser,0
2161718,heavy,321.0,5.0,40-ft,STC,1,MF,14863819,14863932,321,321,61035,61035,Surrey Central Station @ Bay 12,Surrey Central Station @ Bay 12,61035,Surrey Central Station,48090,48630,in_service_layover,34.049142734890836,40.847622023134896,38.34342318569648,540,9.0,13:21:30,13:30:30,False,,no_dispenser,0
2162193,heavy,503.0,5.0,40-ft,STC,1,MF,14875366,14875269,503,503,56395,55441,Surrey Central Station @ Bay 1 Unloading Only,Surrey Central Station @ Bay 10,56395,Surrey Central Station,48150,48510,in_service_layover,47.06599637444528,51.67336176773066,25.985540818129607,360,6.0,13:22:30,13:28:30,False,,no_dispenser,0
2161540,heavy,320.0,21.0,40-ft,STC,1,MF,14863400,14863301,320,320,61035,55713,Surrey Central Station @ Bay 12,Surrey Central Station @ Bay 5,61035,Surrey Central Station,48270,49050,in_service_layover,58.53310389217947,67.93305540017313,53.015726505084274,780,13.0,13:24:30,13:37:30,False,,no_dispenser,0
2161657,heavy,320.0,20.0,40-ft,STC,1,MF,14866019,14865914,329,326,56395,54993,Surrey Central Station @ Bay 1 Unloading Only,Surrey Central Station @ Bay 8,56395,Surrey Central Station,48750,49050,in_service_layover,55.46278331277288,59.417235204427286,22.30310866893086,300,5.0,13:32:30,13:37:30,False,,no_dispenser,0
2161717,heavy,321.0,9.0,40-ft,STC,1,MF,14863820,14863933,321,321,61035,61035,Surrey Central Station @ Bay 12,Surrey Central Station @ Bay 12,61035,Surrey Central Station,48750,49230,in_service_layover,33.24287732670982,39.27634018817311,34.02873053865298,480,8.0,13:32:30,13:40:30,False,,no_dispenser,0
2161853,heavy,320.0,18.0,40-ft,STC,1,MF,14866179,14866098,335,335,55714,55836,Surrey Central Station @ Bay 6,Surrey Central Station @ Bay 3,55714,Surrey Central Station,48810,49410,in_service_layover,52.22936964827948,60.070292335553745,44.22280395622681,600,10.0,13:33:30,13:43:30,False,,no_dispenser,0
2161917,heavy,502.0,1.0,40-ft,STC,1,MF,14874911,14874754,502,502,56395,55070,Surrey Central Station @ Bay 1 Unloading Only,Surrey Central Station @ Bay 9,56395,Surrey Central Station,48930,49290,in_service_layover,46.31535162503454,50.91364880196912,25.934396077911003,360,6.0,13:35:30,13:41:30,False,,no_dispenser,0
2161877,heavy,503.0,15.0,40-ft,STC,1,MF,14875343,14875270,503,503,56395,55441,Surrey Central Station @ Bay 1 Unloading Only,Surrey Central Station @ Bay 10,56395,Surrey Central Station,48990,49230,in_service_layover,37.420193807237155,40.443422711215746,17.051011018439283,240,4.0,13:36:30,13:40:30,False,,no_dispenser,0
2161551,heavy,320.0,39.0,40-ft,STC,1,MF,14865669,14865727,325,325,56395,55738,Surrey Central Station @ Bay 1 Unloading Only,Surrey Central Station @ Bay 7,56395,Surrey Central Station,49110,49710,in_service_layover,69.27123705384717,75.28842599978596,33.936945655094746,600,10.0,13:38:30,13:48:30,False,,no_dispenser,0
2161576,heavy,320.0,31.0,40-ft,STC,1,MF,14863399,14866623,320,337,61035,61677,Surrey Central Station @ Bay 12,Surrey Central Station @ Bay 5A,61035,Surrey Central Station,49170,49410,in_service_layover,58.80701801761965,61.938992773629295,17.664337623894426,240,4.0,13:39:30,13:43:30,False,,no_dispenser,0
2161578,heavy,320.0,15.0,40-ft,STC,1,MF,14865403,14865464,324,324,56395,54993,Surrey Central Station @ Bay 1 Unloading Only,Surrey Central Station @ Bay 8,56395,Surrey Central Station,49230,49470,in_service_layover,47.27793533803937,50.33969212924247,17.26830830238555,240,4.0,13:40:30,13:44:30,False,,no_dispenser,0
2161905,heavy,502.0,11.0,40-ft,STC,1,MF,14874447,14874551,501,501,61035,55210,Surrey Central Station @ Bay 12,Surrey Central Station @ Bay 2,61035,Surrey Central Station,49230,49650,in_service_layover,60.83159509218476,66.00037564011274,29.15192229031379,420,7.0,13:40:30,13:47:30,False,,no_dispenser,0
2161712,heavy,321.0,13.0,40-ft,STC,1,MF,14863821,14863934,321,321,61035,61035,Surrey Central Station @ Bay 12,Surrey Central Station @ Bay 12,61035,Surrey Central Station,49350,49830,in_service_layover,44.3620845557318,50.48625060230674,34.540296502682594,480,8.0,13:42:30,13:50:30,False,,no_dispenser,0
2165312,heavy,320.0,35.0,40-ft,STC,1,MF,14866670,14863300,337,320,61035,55713,Surrey Central Station @ Bay 12,Surrey Central Station @ Bay 5,61035,Surrey Central Station,49710,49950,in_service_layover,47.07596331001393,50.136276072334105,17.260163979485753,240,4.0,13:48:30,13:52:30,False,,no_dispenser,0
2161920,heavy,320.0,22.0,40-ft,STC,1,MF,14866165,14866068,335,335,55714,55836,Surrey Central Station @ Bay 6,Surrey Central Station @ Bay 3,55714,Surrey Central Station,49710,50130,in_service_layover,55.358437072910505,60.8655361630285,31.06003886826545,420,7.0,13:48:30,13:55:30,False,,no_dispenser,0
2161728,heavy,502.0,3.0,40-ft,STC,1,MF,14874908,14874776,502,502,56395,55070,Surrey Central Station @ Bay 1 Unloading Only,Surrey Central Station @ Bay 9,56395,Surrey Central Station,49830,50190,in_service_layover,46.646623716782734,51.24880132068233,25.95628168599376,360,6.0,13:50:30,13:56:30,False,,no_dispenser,0
2161716,heavy,321.0,12.0,40-ft,STC,1,MF,14863822,14874522,321,501,61035,55210,Surrey Central Station @ Bay 12,Surrey Central Station @ Bay 2,61035,Surrey Central Station,49950,50550,in_service_layover,37.83713182858007,45.42897285335971,42.81798337975718,600,10.0,13:52:30,14:02:30,False,,no_dispenser,0
2161654,heavy,320.0,23.0,40-ft,STC,1,MF,14863398,14863299,320,320,61035,55713,Surrey Central Station @ Bay 12,Surrey Central Station @ Bay 5,61035,Surrey Central Station,50070,50850,in_service_layover,46.27828881880621,56.38031430903847,56.97542376490992,780,13.0,13:54:30,14:07:30,False,,no_dispenser,0
2161543,heavy,319.0,7.0,40-ft,STC,1,MF,14862479,14866030,314,329,56395,61787,Surrey Central Station @ Bay 1 Unloading Only,Surrey Central Station @ Bay 14,56395,Surrey Central Station,50250,50850,in_service_layover,68.34544294301409,74.49670426179522,34.69311383792552,600,10.0,13:57:30,14:07:30,False,,no_dispenser,0
2161838,heavy,320.0,40.0,40-ft,STC,1,MF,14865404,14865465,324,324,56395,54993,Surrey Central Station @ Bay 1 Unloading Only,Surrey Central Station @ Bay 8,56395,Surrey Central Station,50430,50670,in_service_layover,53.774023093916625,56.91148833406587,17.695303954441783,240,4.0,14:00:30,14:04:30,False,,no_dispenser,0
2161711,heavy,321.0,17.0,40-ft,STC,1,MF,14863823,14863936,321,321,61035,61035,Surrey Central Station @ Bay 12,Surrey Central Station @ Bay 12,61035,Surrey Central Station,50430,50970,in_service_layover,37.388253877802356,44.21287523541617,38.49086445694192,540,9.0,14:00:30,14:09:30,False,,no_dispenser,0
2161577,heavy,320.0,28.0,40-ft,STC,1,MF,14874849,14866087,502,335,56395,55836,Surrey Central Station @ Bay 1 Unloading Only,Surrey Central Station @ Bay 3,56395,Surrey Central Station,50610,50850,in_service_layover,53.52769538675369,56.6619662649817,17.677287753205917,240,4.0,14:03:30,14:07:30,False,,no_dispenser,0
2163821,heavy,320.0,14.0,40-ft,STC,1,MF,14862598,14862643,316,316,56395,55738,Surrey Central Station @ Bay 1 Unloading Only,Surrey Central Station @ Bay 7,56395,Surrey Central Station,50610,50970,in_service_layover,63.303227563225185,67.60055905667477,24.236949623055693,360,6.0,14:03:30,14:09:30,False,,no_dispenser,0
2161622,heavy,320.0,32.0,40-ft,STC,1,MF,14866180,14866147,335,335,55714,55836,Surrey Central Station @ Bay 6,Surrey Central Station @ Bay 3,55714,Surrey Central Station,50670,51570,in_service_layover,61.340711176925,71.367906686368,56.55338267325851,900,15.0,14:04:30,14:19:30,False,,no_dispenser,0
2161991,heavy,503.0,18.0,40-ft,STC,1,MF,14875344,14874789,503,502,56395,55070,Surrey Central Station @ Bay 1 Unloading Only,Surrey Central Station @ Bay 9,56395,Surrey Central Station,50730,51090,in_service_layover,44.433250285512635,49.01314648991819,25.830614592847326,360,6.0,14:05:30,14:11:30,False,,no_dispenser,0
2161861,heavy,320.0,27.0,40-ft,STC,1,MF,14865679,14865698,325,325,56395,55738,Surrey Central Station @ Bay 1 Unloading Only,Surrey Central Station @ Bay 7,56395,Surrey Central Station,50910,51510,in_service_layover,67.86292987938805,74.08323185179083,35.08250312435172,600,10.0,14:08:30,14:18:30,False,,no_dispenser,0
2161539,heavy,319.0,2.0,40-ft,STC,1,MF,14863397,14866624,320,337,61035,61677,Surrey Central Station @ Bay 12,Surrey Central Station @ Bay 5A,61035,Surrey Central Station,50970,51150,in_service_layover,46.31370591358401,48.60283523726018,12.910689385533601,180,3.0,14:09:30,14:12:30,False,,no_dispenser,0
2161648,heavy,502.0,14.0,40-ft,STC,1,MF,14874448,14874552,501,501,61035,55210,Surrey Central Station @ Bay 12,Surrey Central Station @ Bay 2,61035,Surrey Central Station,51030,51450,in_service_layover,65.61143847788709,70.36491025555746,26.809580826060937,420,7.0,14:10:30,14:17:30,False,,no_dispenser,0
2161715,heavy,321.0,19.0,40-ft,STC,1,MF,14863824,14863937,321,321,61035,61035,Surrey Central Station @ Bay 12,Surrey Central Station @ Bay 12,61035,Surrey Central Station,51030,51570,in_service_layover,38.138529167256166,44.969024467911666,38.52399349569703,540,9.0,14:10:30,14:19:30,False,,no_dispenser,0
2161538,heavy,319.0,4.0,40-ft,STC,1,MF,14865959,14862500,326,314,56395,61787,Surrey Central Station @ Bay 1 Unloading Only,Surrey Central Station @ Bay 14,56395,Surrey Central Station,51030,52290,in_service_layover,48.42106525469775,64.27341939132609,89.40727733058378,1260,21.0,14:10:30,14:31:30,False,,no_dispenser,0
2161631,heavy,502.0,15.0,40-ft,STC,1,MF,14874844,14874784,502,502,56395,55070,Surrey Central Station @ Bay 1 Unloading Only,Surrey Central Station @ Bay 9,56395,Surrey Central Station,51510,51990,in_service_layover,51.30439584740872,57.568702287941484,35.33068832460475,480,8.0,14:18:30,14:26:30,False,,no_dispenser,0
2161637,heavy,320.0,1.0,40-ft,STC,1,MF,14866671,14866625,337,337,61035,61677,Surrey Central Station @ Bay 12,Surrey Central Station @ Bay 5A,61035,Surrey Central Station,51510,52590,in_service_layover,55.927070287080795,68.80563157646078,72.63508567210312,1080,18.0,14:18:30,14:36:30,False,,no_dispenser,0
2161661,heavy,320.0,30.0,40-ft,STC,1,MF,14866216,14866121,335,335,55714,55836,Surrey Central Station @ Bay 6,Surrey Central Station @ Bay 3,55714,Surrey Central Station,51570,52290,in_service_layover,64.39324244739845,72.22807308410589,44.188444791029895,720,12.0,14:19:30,14:31:30,False,,no_dispenser,0
2161708,heavy,321.0,6.0,40-ft,STC,1,MF,14863825,14863938,321,321,61035,61035,Surrey Central Station @ Bay 12,Surrey Central Station @ Bay 12,61035,Surrey Central Station,51630,52170,in_service_layover,34.86490812252633,41.669774079090274,38.37944399502064,540,9.0,14:20:30,14:29:30,False,,no_dispenser,0
2162188,heavy,503.0,12.0,40-ft,STC,1,MF,14875368,14875274,503,503,56395,55441,Surrey Central Station @ Bay 1 Unloading Only,Surrey Central Station @ Bay 10,56395,Surrey Central Station,51690,51930,in_service_layover,48.8140517492095,51.8891266350438,17.343422356105464,240,4.0,14:21:30,14:25:30,False,,no_dispenser,0
2161638,heavy,320.0,8.0,40-ft,STC,1,MF,14863396,14874537,320,501,61035,55210,Surrey Central Station @ Bay 12,Surrey Central Station @ Bay 2,61035,Surrey Central Station,51930,53070,in_service_layover,62.46677508242286,74.22507805922025,66.31682878913722,1140,19.0,14:25:30,14:44:30,False,,no_dispenser,0
2161714,heavy,321.0,28.0,40-ft,STC,1,MF,14863826,14863890,321,321,61035,61035,Surrey Central Station @ Bay 12,Surrey Central Station @ Bay 12,61035,Surrey Central Station,52170,52770,in_service_layover,34.23681307803515,41.797335128492406,42.64134436457891,600,10.0,14:29:30,14:39:30,False,,no_dispenser,0
2161548,heavy,320.0,3.0,40-ft,STC,1,MF,14866020,14865917,329,326,56395,54993,Surrey Central Station @ Bay 1 Unloading Only,Surrey Central Station @ Bay 8,56395,Surrey Central Station,52470,52650,in_service_layover,60.62084942792729,62.928620724809306,13.015830114414541,180,3.0,14:34:30,14:37:30,False,,no_dispenser,0
2162408,heavy,502.0,8.0,40-ft,STC,1,MF,14874842,14863333,502,320,56395,55713,Surrey Central Station @ Bay 1 Unloading Only,Surrey Central Station @ Bay 5,56395,Surrey Central Station,52470,53490,in_service_layover,51.6407760076658,64.5343076612353,72.71951852613199,1020,17.0,14:34:30,14:51:30,False,,no_dispenser,0
2161506,heavy,320.0,9.0,40-ft,STC,1,MF,14862597,14862644,316,316,56395,55738,Surrey Central Station @ Bay 1 Unloading Only,Surrey Central Station @ Bay 7,56395,Surrey Central Station,52530,52770,in_service_layover,63.881586095743536,66.77607375079113,16.324910374468402,240,4.0,14:35:30,14:39:30,False,,no_dispenser,0
2161916,heavy,320.0,42.0,40-ft,STC,1,MF,14866181,14866057,335,335,55714,55836,Surrey Central Station @ Bay 6,Surrey Central Station @ Bay 3,55714,Surrey Central Station,52650,53010,in_service_layover,62.54146480049888,66.89313396358408,24.54341407980047,360,6.0,14:37:30,14:43:30,False,,no_dispenser,0
2161710,heavy,321.0,1.0,40-ft,STC,1,MF,14863827,14863869,321,321,61035,61035,Surrey Central Station @ Bay 12,Surrey Central Station @ Bay 12,61035,Surrey Central Station,52770,53370,in_service_layover,22.36798120950246,29.824254285594765,42.0533801491606,600,10.0,14:39:30,14:49:30,False,,no_dispenser,0
2161653,heavy,320.0,41.0,40-ft,STC,1,MF,14863387,14866626,320,337,61035,61677,Surrey Central Station @ Bay 12,Surrey Central Station @ Bay 5A,61035,Surrey Central Station,52770,53490,in_service_layover,58.51354804791171,67.28536638382789,49.473055414567284,720,12.0,14:39:30,14:51:30,False,,no_dispenser,0
2161990,heavy,502.0,4.0,40-ft,STC,1,MF,14874905,14874780,502,502,56395,55070,Surrey Central Station @ Bay 1 Unloading Only,Surrey Central Station @ Bay 9,56395,Surrey Central Station,53370,53670,in_service_layover,56.88017737966552,60.82666631543895,22.25819759776215,300,5.0,14:49:30,14:54:30,False,,no_dispenser,0
2161594,heavy,321.0,30.0,40-ft,STC,1,MF,14863828,14863900,321,321,61035,61035,Surrey Central Station @ Bay 12,Surrey Central Station @ Bay 12,61035,Surrey Central Station,53370,53970,in_service_layover,35.821253254531285,43.395558262732365,42.719080246254066,600,10.0,14:49:30,14:59:30,False,,no_dispenser,0
2161639,heavy,320.0,24.0,40-ft,STC,1,MF,14866672,14866627,337,337,61035,61677,Surrey Central Station @ Bay 12,Surrey Central Station @ Bay 5A,61035,Surrey Central Station,53430,54390,in_service_layover,43.55804731979879,55.96195069103882,69.95801501379381,960,16.0,14:50:30,15:06:30,False,,no_dispenser,0
2161737,heavy,320.0,37.0,40-ft,STC,1,MF,14866166,14865740,335,325,55714,55738,Surrey Central Station @ Bay 6,Surrey Central Station @ Bay 7,55714,Surrey Central Station,53550,54030,in_service_layover,63.78778213538232,69.34454540523942,31.34014484199406,480,8.0,14:52:30,15:00:30,False,,no_dispenser,0
2161624,heavy,320.0,25.0,40-ft,STC,1,MF,14863386,14863370,320,320,61035,55713,Surrey Central Station @ Bay 12,Surrey Central Station @ Bay 5,61035,Surrey Central Station,53730,54390,in_service_layover,58.09589150130618,66.27163544017513,46.111195815220924,660,11.0,14:55:30,15:06:30,False,,no_dispenser,0
2161546,heavy,320.0,2.0,40-ft,STC,1,MF,14862473,14866022,314,329,56395,61787,Surrey Central Station @ Bay 1 Unloading Only,Surrey Central Station @ Bay 14,56395,Surrey Central Station,53970,54630,in_service_layover,40.25144957420532,48.640381739781084,47.31357741384733,660,11.0,14:59:30,15:10:30,False,,no_dispenser,0
2161663,heavy,502.0,17.0,40-ft,STC,1,MF,14874462,14874536,501,501,61035,55210,Surrey Central Station @ Bay 12,Surrey Central Station @ Bay 2,61035,Surrey Central Station,54270,54510,in_service_layover,61.05548269821522,64.08359226331143,17.078537947142593,240,4.0,15:04:30,15:08:30,False,,no_dispenser,0
2163786,heavy,503.0,9.0,40-ft,STC,1,MF,14875346,14875277,503,503,56395,55441,Surrey Central Station @ Bay 1 Unloading Only,Surrey Central Station @ Bay 10,56395,Surrey Central Station,54330,54810,in_service_layover,36.01924410001298,42.07202813067429,34.137701932929815,480,8.0,15:05:30,15:13:30,False,,no_dispenser,0
2161539,heavy,319.0,2.0,40-ft,STC,1,MF,14866673,14866628,337,337,61787,61677,Surrey Central Station @ Bay 14,Surrey Central Station @ Bay 5A,61787,Surrey Central Station,54330,55290,in_service_layover,41.56438895143173,53.905069913985926,69.60144062880568,960,16.0,15:05:30,15:21:30,False,,no_dispenser,0
2161921,heavy,320.0,34.0,40-ft,STC,1,MF,14866182,14866117,335,335,55714,55836,Surrey Central Station @ Bay 6,Surrey Central Station @ Bay 3,55714,Surrey Central Station,54510,55050,in_service_layover,63.28082300708759,69.51767697321576,35.1758563689628,540,9.0,15:08:30,15:17:30,False,,no_dispenser,0
2165312,heavy,320.0,35.0,40-ft,STC,1,MF,14863385,14863360,320,320,61035,55713,Surrey Central Station @ Bay 12,Surrey Central Station @ Bay 5,61035,Surrey Central Station,54570,55290,in_service_layover,42.96680645136428,52.18706256756052,52.00224449534673,720,12.0,15:09:30,15:21:30,False,,no_dispenser,0
2161632,heavy,502.0,10.0,40-ft,STC,1,MF,14874841,14874763,502,502,56395,55070,Surrey Central Station @ Bay 1 Unloading Only,Surrey Central Station @ Bay 9,56395,Surrey Central Station,54870,55110,in_service_layover,48.073605877539414,51.14174555487935,17.304307780197234,240,4.0,15:14:30,15:18:30,False,,no_dispenser,0
2161657,heavy,320.0,20.0,40-ft,STC,1,MF,14865954,14865912,326,326,56395,54993,Surrey Central Station @ Bay 1 Unloading Only,Surrey Central Station @ Bay 8,56395,Surrey Central Station,55050,55710,in_service_layover,48.88400953725322,57.46918498840958,48.42038954452187,660,11.0,15:17:30,15:28:30,False,,no_dispenser,0
2161659,heavy,502.0,18.0,40-ft,STC,1,MF,14874471,14874501,501,501,61035,55210,Surrey Central Station @ Bay 12,Surrey Central Station @ Bay 2,61035,Surrey Central Station,55230,55410,in_service_layover,50.45255089090289,52.76833647675567,13.061030704209713,180,3.0,15:20:30,15:23:30,False,,no_dispenser,0
2161576,heavy,320.0,31.0,40-ft,STC,1,MF,14866674,14865726,337,325,61035,55738,Surrey Central Station @ Bay 12,Surrey Central Station @ Bay 7,61035,Surrey Central Station,55230,56070,in_service_layover,50.09215099854529,60.971759639537595,61.36099273519653,840,14.0,15:20:30,15:34:30,False,,no_dispenser,0
2161518,heavy,320.0,33.0,40-ft,STC,1,MF,14866218,14866128,335,335,55714,55836,Surrey Central Station @ Bay 6,Surrey Central Station @ Bay 3,55714,Surrey Central Station,55410,55710,in_service_layover,61.41255462240618,65.14112704424979,21.029148459197927,300,5.0,15:23:30,15:28:30,False,,no_dispenser,0
2165313,heavy,320.0,29.0,40-ft,STC,1,MF,14863384,14863369,320,320,61035,55713,Surrey Central Station @ Bay 12,Surrey Central Station @ Bay 5,61035,Surrey Central Station,55530,56190,in_service_layover,64.98375816537438,72.17172630874725,40.540140328622954,660,11.0,15:25:30,15:36:30,False,,no_dispenser,0
2161861,heavy,320.0,27.0,40-ft,STC,1,MF,14865658,14865413,325,324,56395,54993,Surrey Central Station @ Bay 1 Unloading Only,Surrey Central Station @ Bay 8,56395,Surrey Central Station,55710,56190,in_service_layover,66.77394652035022,72.01243826540974,29.54509344213568,480,8.0,15:28:30,15:36:30,False,,no_dispenser,0
2161637,heavy,320.0,1.0,40-ft,STC,1,MF,14866675,14866561,337,337,61035,61677,Surrey Central Station @ Bay 12,Surrey Central Station @ Bay 5A,61035,Surrey Central Station,55830,57030,in_service_layover,61.94030074483236,74.28930463685597,69.6483819510131,1200,20.0,15:30:30,15:50:30,False,,no_dispenser,0
2161644,heavy,320.0,4.0,40-ft,STC,1,MF,14874481,14874535,501,501,61035,55210,Surrey Central Station @ Bay 12,Surrey Central Station @ Bay 2,61035,Surrey Central Station,55950,56310,in_service_layover,42.70602974765813,47.27449018968022,25.766116893004664,360,6.0,15:32:30,15:38:30,False,,no_dispenser,0
2161838,heavy,320.0,40.0,40-ft,STC,1,MF,14865409,14865713,324,325,56395,55738,Surrey Central Station @ Bay 1 Unloading Only,Surrey Central Station @ Bay 7,56395,Surrey Central Station,56130,57150,in_service_layover,54.38172426543619,66.93221614539908,70.78477420299066,1020,17.0,15:35:30,15:52:30,False,,no_dispenser,0
2161727,heavy,503.0,13.0,40-ft,STC,1,MF,14875347,14875314,503,503,56395,55441,Surrey Central Station @ Bay 1 Unloading Only,Surrey Central Station @ Bay 10,56395,Surrey Central Station,56190,56610,in_service_layover,43.518215971040405,48.85971825243604,30.1260728670714,420,7.0,15:36:30,15:43:30,False,,no_dispenser,0
2161543,heavy,319.0,7.0,40-ft,STC,1,MF,14866015,14866069,329,335,56395,55836,Surrey Central Station @ Bay 1 Unloading Only,Surrey Central Station @ Bay 3,56395,Surrey Central Station,56310,56610,in_service_layover,69.38242995490485,72.60429828497398,18.17133738158992,300,5.0,15:38:30,15:43:30,False,,no_dispenser,0
2164234,heavy,320.0,10.0,40-ft,STC,1,MF,14866219,14866104,335,335,55714,55836,Surrey Central Station @ Bay 6,Surrey Central Station @ Bay 3,55714,Surrey Central Station,56670,57030,in_service_layover,56.06241219920559,60.7916288027631,26.672781644064344,360,6.0,15:44:30,15:50:30,False,,no_dispenser,0
2165204,heavy,502.0,40.0,40-ft,STC,1,MF,14874460,14874555,501,501,61787,55210,Surrey Central Station @ Bay 14,Surrey Central Station @ Bay 2,61787,Surrey Central Station,56670,57210,in_service_layover,69.11456858667023,74.63028220027894,31.108624780753132,540,9.0,15:44:30,15:53:30,False,,no_dispenser,0
2161653,heavy,320.0,41.0,40-ft,STC,1,MF,14866676,14866562,337,337,61035,61677,Surrey Central Station @ Bay 12,Surrey Central Station @ Bay 5A,61035,Surrey Central Station,56730,57810,in_service_layover,60.42003555219947,72.21659575701686,66.53259955517007,1080,18.0,15:45:30,16:03:30,False,,no_dispenser,0
2162112,heavy,502.0,19.0,40-ft,STC,1,MF,14874899,14874761,502,502,56395,55070,Surrey Central Station @ Bay 1 Unloading Only,Surrey Central Station @ Bay 9,56395,Surrey Central Station,56850,57270,in_service_layover,47.37580035140388,52.76666122131664,30.40445530630791,420,7.0,15:47:30,15:54:30,False,,no_dispenser,0
2161853,heavy,320.0,18.0,40-ft,STC,1,MF,14866252,14865470,335,324,55714,54993,Surrey Central Station @ Bay 6,Surrey Central Station @ Bay 8,55714,Surrey Central Station,57270,57870,in_service_layover,49.581936085411776,57.39029623922516,44.039151267507464,600,10.0,15:54:30,16:04:30,False,,no_dispenser,0
2161625,heavy,320.0,12.0,40-ft,STC,1,MF,14863450,14863368,320,320,61035,55713,Surrey Central Station @ Bay 12,Surrey Central Station @ Bay 5,61035,Surrey Central Station,57330,57990,in_service_layover,61.837108558588774,69.48543969848633,43.136587629022245,660,11.0,15:55:30,16:06:30,False,,no_dispenser,0
2162410,heavy,503.0,19.0,40-ft,STC,1,MF,14875371,14875280,503,503,56395,55441,Surrey Central Station @ Bay 1 Unloading Only,Surrey Central Station @ Bay 10,56395,Surrey Central Station,57390,57810,in_service_layover,67.00451593641293,71.62657030435246,26.06838663517891,420,7.0,15:56:30,16:03:30,False,,no_dispenser,0
2161660,heavy,502.0,9.0,40-ft,STC,1,MF,14874466,14874533,501,501,61035,55210,Surrey Central Station @ Bay 12,Surrey Central Station @ Bay 2,61035,Surrey Central Station,57510,58110,in_service_layover,54.71767598250307,62.484174468499155,43.8030514610179,600,10.0,15:58:30,16:08:30,False,,no_dispenser,0
2161639,heavy,320.0,24.0,40-ft,STC,1,MF,14866677,14866105,337,335,61035,55836,Surrey Central Station @ Bay 12,Surrey Central Station @ Bay 3,61035,Surrey Central Station,57630,57870,in_service_layover,49.09661985941041,52.17459421184941,17.359775347756,240,4.0,16:00:30,16:04:30,False,,no_dispenser,0
2161538,heavy,319.0,4.0,40-ft,STC,1,MF,14862478,14862516,314,314,61035,61787,Surrey Central Station @ Bay 12,Surrey Central Station @ Bay 14,61035,Surrey Central Station,57690,58290,in_service_layover,53.67450742917927,61.48465512213625,44.04923298827737,600,10.0,16:01:30,16:11:30,False,,no_dispenser,0
2161917,heavy,502.0,1.0,40-ft,STC,1,MF,14874903,14874788,502,502,56395,55070,Surrey Central Station @ Bay 1 Unloading Only,Surrey Central Station @ Bay 9,56395,Surrey Central Station,57750,57990,in_service_layover,39.99729102018363,43.029487134793385,17.10158608639898,240,4.0,16:02:30,16:06:30,False,,no_dispenser,0
2161544,heavy,320.0,13.0,40-ft,STC,1,MF,14865389,14866629,324,337,56395,61677,Surrey Central Station @ Bay 1 Unloading Only,Surrey Central Station @ Bay 5A,56395,Surrey Central Station,58110,58710,in_service_layover,50.11760141690927,57.94145954112443,44.12655982057356,600,10.0,16:08:30,16:18:30,False,,no_dispenser,0
2161728,heavy,502.0,3.0,40-ft,STC,1,MF,14875348,14875281,503,503,56395,55441,Surrey Central Station @ Bay 1 Unloading Only,Surrey Central Station @ Bay 10,56395,Surrey Central Station,58170,58410,in_service_layover,43.26544844801726,46.30901637114239,17.165723086425714,240,4.0,16:09:30,16:13:30,False,,no_dispenser,0
2162408,heavy,502.0,8.0,40-ft,STC,1,MF,14863381,14863312,320,320,61035,55713,Surrey Central Station @ Bay 12,Surrey Central Station @ Bay 5,61035,Surrey Central Station,58170,58830,in_service_layover,57.364838040265475,65.62508566082074,46.58779657993176,660,11.0,16:09:30,16:20:30,False,,no_dispenser,0
2161630,heavy,502.0,21.0,40-ft,STC,1,MF,14874482,14874509,501,501,61787,55210,Surrey Central Station @ Bay 14,Surrey Central Station @ Bay 2,61787,Surrey Central Station,58410,59070,in_service_layover,69.11456858667023,75.6611751158285,36.92286082445264,660,11.0,16:13:30,16:24:30,False,,no_dispenser,0
2161920,heavy,320.0,22.0,40-ft,STC,1,MF,14866254,14866054,335,335,55714,55836,Surrey Central Station @ Bay 6,Surrey Central Station @ Bay 3,55714,Surrey Central Station,58470,59070,in_service_layover,54.788753673627056,62.551620198993085,43.782567203064445,600,10.0,16:14:30,16:24:30,False,,no_dispenser,0
2161539,heavy,319.0,2.0,40-ft,STC,1,MF,14866678,14865416,337,324,61035,54993,Surrey Central Station @ Bay 12,Surrey Central Station @ Bay 8,61035,Surrey Central Station,58530,58710,in_service_layover,47.039739082357514,49.33132432894929,12.924540790777655,180,3.0,16:15:30,16:18:30,False,,no_dispenser,0
2161548,heavy,320.0,3.0,40-ft,STC,1,MF,14865937,14865918,326,326,56395,54993,Surrey Central Station @ Bay 1 Unloading Only,Surrey Central Station @ Bay 8,56395,Surrey Central Station,58650,59310,in_service_layover,52.39539505763523,60.988193283304845,48.46338199277665,660,11.0,16:17:30,16:28:30,False,,no_dispenser,0
2161575,heavy,320.0,5.0,40-ft,STC,1,MF,14865368,14866563,324,337,56395,61677,Surrey Central Station @ Bay 1 Unloading Only,Surrey Central Station @ Bay 5A,56395,Surrey Central Station,59010,59610,in_service_layover,44.8995297685322,52.59266795971966,43.38929939829731,600,10.0,16:23:30,16:33:30,False,,no_dispenser,0
2161721,heavy,503.0,6.0,40-ft,STC,1,MF,14875430,14875283,503,503,56395,55441,Surrey Central Station @ Bay 1 Unloading Only,Surrey Central Station @ Bay 10,56395,Surrey Central Station,59310,59610,in_service_layover,29.252375435456567,32.99839768490207,21.12756548687267,300,5.0,16:28:30,16:33:30,False,,no_dispenser,0
2161577,heavy,320.0,28.0,40-ft,STC,1,MF,14866208,14870685,335,393,55714,55612,Surrey Central Station @ Bay 6,Surrey Central Station @ Bay 4,55714,Surrey Central Station,59550,59730,in_service_layover,52.19866235187387,54.53143053387498,13.156812546486265,180,3.0,16:32:30,16:35:30,False,,no_dispenser,0
2161504,heavy,312.0,1.0,40-ft,STC,1,MF,14866016,14875757,329,509,61035,55210,Surrey Central Station @ Bay 12,Surrey Central Station @ Bay 2,61035,Surrey Central Station,59610,59970,in_service_layover,64.5062441465712,68.7149824411174,23.737283981240523,360,6.0,16:33:30,16:39:30,False,,no_dispenser,0
2161905,heavy,502.0,11.0,40-ft,STC,1,MF,14874889,14874779,502,502,56395,55070,Surrey Central Station @ Bay 1 Unloading Only,Surrey Central Station @ Bay 9,56395,Surrey Central Station,59670,60150,in_service_layover,58.83794487382866,64.88389320896172,34.09914861015045,480,8.0,16:34:30,16:42:30,False,,no_dispenser,0
2161546,heavy,320.0,2.0,40-ft,STC,1,MF,14862594,14862641,316,316,56395,55738,Surrey Central Station @ Bay 1 Unloading Only,Surrey Central Station @ Bay 7,56395,Surrey Central Station,59730,59970,in_service_layover,38.818245603330745,41.84633913750872,17.07844753276376,240,4.0,16:35:30,16:39:30,False,,no_dispenser,0
2161654,heavy,320.0,23.0,40-ft,STC,1,MF,14875375,14875284,503,503,56395,55441,Surrey Central Station @ Bay 1 Unloading Only,Surrey Central Station @ Bay 10,56395,Surrey Central Station,59850,60210,in_service_layover,45.740266821266886,50.33228386038886,25.89897610064793,360,6.0,16:37:30,16:43:30,False,,no_dispenser,0
2161622,heavy,320.0,32.0,40-ft,STC,1,MF,14866234,14899941,335,335,55714,55836,Surrey Central Station @ Bay 6,Surrey Central Station @ Bay 3,55714,Surrey Central Station,60090,60270,in_service_layover,63.357936579292996,65.5686480481124,12.468412684141413,180,3.0,16:41:30,16:44:30,False,,no_dispenser,0
2161573,heavy,502.0,7.0,40-ft,STC,1,MF,14874461,14874510,501,501,61035,55210,Surrey Central Station @ Bay 12,Surrey Central Station @ Bay 2,61035,Surrey Central Station,60270,60810,in_service_layover,42.95561975490621,49.835489544875834,38.80246561542867,540,9.0,16:44:30,16:53:30,False,,no_dispenser,0
2161637,heavy,320.0,1.0,40-ft,STC,1,MF,14866680,14866564,337,337,61035,61677,Surrey Central Station @ Bay 12,Surrey Central Station @ Bay 5A,61035,Surrey Central Station,60330,60510,in_service_layover,67.42397380522755,69.48920843105404,11.647923289661435,180,3.0,16:45:30,16:48:30,False,,no_dispenser,0
2162193,heavy,503.0,5.0,40-ft,STC,1,MF,14875376,14875285,503,503,56395,55441,Surrey Central Station @ Bay 1 Unloading Only,Surrey Central Station @ Bay 10,56395,Surrey Central Station,60450,60810,in_service_layover,27.5155178631849,32.00469344995662,25.31895030939245,360,6.0,16:47:30,16:53:30,False,,no_dispenser,0
2161991,heavy,503.0,18.0,40-ft,STC,1,MF,14874861,14874767,502,502,56395,55070,Surrey Central Station @ Bay 1 Unloading Only,Surrey Central Station @ Bay 9,56395,Surrey Central Station,60570,60870,in_service_layover,45.85513577628102,49.676631164778485,21.553233991125694,300,5.0,16:49:30,16:54:30,False,,no_dispenser,0
2161661,heavy,320.0,30.0,40-ft,STC,1,MF,14866236,14899942,335,335,55714,55836,Surrey Central Station @ Bay 6,Surrey Central Station @ Bay 3,55714,Surrey Central Station,60630,61410,in_service_layover,61.057011809939645,70.0137797687021,50.51617128742021,780,13.0,16:50:30,17:03:30,False,,no_dispenser,0
2161551,heavy,320.0,39.0,40-ft,STC,1,MF,14865364,14865930,324,326,56395,54993,Surrey Central Station @ Bay 1 Unloading Only,Surrey Central Station @ Bay 8,56395,Surrey Central Station,60810,61110,in_service_layover,58.54967090105018,62.444219580149365,21.965254550119425,300,5.0,16:53:30,16:58:30,False,,no_dispenser,0
2161631,heavy,502.0,15.0,40-ft,STC,1,MF,14874914,14874785,502,502,56395,55070,Surrey Central Station @ Bay 1 Unloading Only,Surrey Central Station @ Bay 9,56395,Surrey Central Station,60930,61590,in_service_layover,52.21528088261138,60.81247261229233,48.488161355400564,660,11.0,16:55:30,17:06:30,False,,no_dispenser,0
2161653,heavy,320.0,41.0,40-ft,STC,1,MF,14866681,14866565,337,337,61035,61677,Surrey Central Station @ Bay 12,Surrey Central Station @ Bay 5A,61035,Surrey Central Station,61110,61470,in_service_layover,65.35126492538843,69.49564270879925,23.374290698436994,360,6.0,16:58:30,17:04:30,False,,no_dispenser,0
2164208,heavy,320.0,36.0,40-ft,STC,1,MF,14863411,14865697,320,325,61035,55738,Surrey Central Station @ Bay 12,Surrey Central Station @ Bay 7,61035,Surrey Central Station,61230,61650,in_service_layover,62.58068670992293,67.60355878969712,28.328998529926366,420,7.0,17:00:30,17:07:30,False,,no_dispenser,0
2162399,heavy,502.0,5.0,40-ft,STC,1,MF,14875378,14875287,503,503,56395,55441,Surrey Central Station @ Bay 1 Unloading Only,Surrey Central Station @ Bay 10,56395,Surrey Central Station,61650,62010,in_service_layover,25.305323684652354,29.782925970821843,25.25367689399593,360,6.0,17:07:30,17:13:30,False,,no_dispenser,0
2161645,heavy,320.0,11.0,40-ft,STC,1,MF,14863377,14863316,320,320,61035,55713,Surrey Central Station @ Bay 12,Surrey Central Station @ Bay 5,61035,Surrey Central Station,61950,62310,in_service_layover,52.940805296973835,57.65083094569621,26.564544658794205,360,6.0,17:12:30,17:18:30,False,,no_dispenser,0
2161657,heavy,320.0,20.0,40-ft,STC,1,MF,14865938,14865449,326,324,56395,54993,Surrey Central Station @ Bay 1 Unloading Only,Surrey Central Station @ Bay 8,56395,Surrey Central Station,61950,62310,in_service_layover,46.9359593212355,51.541683195798726,25.976282652536554,360,6.0,17:12:30,17:18:30,False,,no_dispenser,0
2161544,heavy,320.0,13.0,40-ft,STC,1,MF,14866682,14874783,337,502,61035,55070,Surrey Central Station @ Bay 12,Surrey Central Station @ Bay 9,61035,Surrey Central Station,62070,62370,in_service_layover,51.07612870949602,54.96257571656713,21.91956111988111,300,5.0,17:14:30,17:19:30,False,,no_dispenser,0
2161916,heavy,320.0,42.0,40-ft,STC,1,MF,14866198,14866566,335,337,55714,61677,Surrey Central Station @ Bay 6,Surrey Central Station @ Bay 5A,55714,Surrey Central Station,62070,62370,in_service_layover,63.59271476639544,67.19243611589926,20.302428411201504,300,5.0,17:14:30,17:19:30,False,,no_dispenser,0
2161838,heavy,320.0,40.0,40-ft,STC,1,MF,14865384,14865417,324,324,56395,54993,Surrey Central Station @ Bay 1 Unloading Only,Surrey Central Station @ Bay 8,56395,Surrey Central Station,62250,63030,in_service_layover,64.59315524190382,72.93317893719527,47.03773364144382,780,13.0,17:17:30,17:30:30,False,,no_dispenser,0
2161651,heavy,502.0,12.0,40-ft,STC,1,MF,14874853,14874793,502,502,56395,55070,Surrey Central Station @ Bay 1 Unloading Only,Surrey Central Station @ Bay 9,56395,Surrey Central Station,62310,63150,in_service_layover,57.09293143405828,67.34940280678605,57.84649854218452,840,14.0,17:18:30,17:32:30,False,,no_dispenser,0
2163821,heavy,320.0,14.0,40-ft,STC,1,MF,14866017,14865742,329,325,56395,55738,Surrey Central Station @ Bay 1 Unloading Only,Surrey Central Station @ Bay 7,56395,Surrey Central Station,62610,62790,in_service_layover,64.24975175131235,66.4288385686417,12.290049649737512,180,3.0,17:23:30,17:26:30,False,,no_dispenser,0
2161628,heavy,502.0,41.0,40-ft,STC,1,MF,14863409,14863362,320,320,61035,55713,Surrey Central Station @ Bay 12,Surrey Central Station @ Bay 5,61035,Surrey Central Station,62670,63090,in_service_layover,63.81307659084518,68.72913144294063,27.726549365818357,420,7.0,17:24:30,17:31:30,False,,no_dispenser,0
2161877,heavy,503.0,15.0,40-ft,STC,1,MF,14875379,14875289,503,503,56395,55441,Surrey Central Station @ Bay 1 Unloading Only,Surrey Central Station @ Bay 10,56395,Surrey Central Station,62850,63150,in_service_layover,32.91250878480134,36.67445068335671,21.21735230785228,300,5.0,17:27:30,17:32:30,False,,no_dispenser,0
2161507,heavy,312.0,2.0,40-ft,STC,1,MF,14862620,14863315,316,320,56395,55713,Surrey Central Station @ Bay 1 Unloading Only,Surrey Central Station @ Bay 5,56395,Surrey Central Station,63330,63810,in_service_layover,60.28397486356525,66.1861994627553,33.288546739431865,480,8.0,17:35:30,17:43:30,False,,no_dispenser,0
2161845,heavy,320.0,6.0,40-ft,STC,1,MF,14867407,14870681,341,393,60419,55612,Guildford @ Layover,Surrey Central Station @ Bay 4,55612,Surrey Central Station,63390,63690,interline_end,22.39458655870445,26.109483573387966,20.95201916281502,300,5.0,17:36:30,17:41:30,False,,no_dispenser,0
2164981,heavy,312.0,51.0,40-ft,STC,1,MF,14904642,14904762,323,323,61035,55612,Surrey Central Station @ Bay 12,Surrey Central Station @ Bay 4,61035,Surrey Central Station,63390,63690,in_service_layover,66.68026594201405,70.08866247001808,19.223356417942796,300,5.0,17:36:30,17:41:30,False,,no_dispenser,0
2161921,heavy,320.0,34.0,40-ft,STC,1,MF,14866237,14874530,335,501,55714,55210,Surrey Central Station @ Bay 6,Surrey Central Station @ Bay 2,55714,Surrey Central Station,63390,63750,in_service_layover,58.54348015207462,63.17822225956184,26.13994548622793,360,6.0,17:36:30,17:42:30,False,,no_dispenser,0
2161552,heavy,502.0,58.0,40-ft,STC,1,MF,14863408,14862491,320,314,61787,61787,Surrey Central Station @ Bay 14,Surrey Central Station @ Bay 14,61787,Surrey Central Station,63390,63810,in_service_layover,68.19770531990109,72.70339891583528,25.412111881068824,420,7.0,17:36:30,17:43:30,False,,no_dispenser,0
2161655,heavy,502.0,56.0,40-ft,STC,1,MF,14865674,14875762,325,509,56395,55210,Surrey Central Station @ Bay 1 Unloading Only,Surrey Central Station @ Bay 2,56395,Surrey Central Station,63630,63810,in_service_layover,67.49586117106202,69.55835896297476,11.632487546387836,180,3.0,17:40:30,17:43:30,False,,no_dispenser,0
2161853,heavy,320.0,18.0,40-ft,STC,1,MF,14865351,14875291,324,503,56395,55441,Surrey Central Station @ Bay 1 Unloading Only,Surrey Central Station @ Bay 10,56395,Surrey Central Station,63630,64110,in_service_layover,53.87002864046543,60.1641061863544,35.49859735881381,480,8.0,17:40:30,17:48:30,False,,no_dispenser,0
2161861,heavy,320.0,27.0,40-ft,STC,1,MF,14866204,14866073,335,335,55714,55836,Surrey Central Station @ Bay 6,Surrey Central Station @ Bay 3,55714,Surrey Central Station,63810,64530,in_service_layover,68.8396047216207,75.92312301983596,39.951043201934,720,12.0,17:43:30,17:55:30,False,,no_dispenser,0
2161637,heavy,320.0,1.0,40-ft,STC,1,MF,14866684,14865728,337,325,61035,55738,Surrey Central Station @ Bay 12,Surrey Central Station @ Bay 7,61035,Surrey Central Station,63930,64590,in_service_layover,62.623877599425626,70.15938817561211,42.50027964969172,660,11.0,17:45:30,17:56:30,False,,no_dispenser,0
2161633,heavy,320.0,44.0,40-ft,STC,1,MF,14863407,14863314,320,320,61035,55713,Surrey Central Station @ Bay 12,Surrey Central Station @ Bay 5,61035,Surrey Central Station,64110,64530,in_service_layover,63.81307659084518,68.72913144294063,27.726549365818357,420,7.0,17:48:30,17:55:30,False,,no_dispenser,0
2162188,heavy,503.0,12.0,40-ft,STC,1,MF,14875381,14905304,503,502,56395,55070,Surrey Central Station @ Bay 1 Unloading Only,Surrey Central Station @ Bay 9,56395,Surrey Central Station,64170,64710,in_service_layover,27.73128273049804,34.48029917445975,38.06445274394406,540,9.0,17:49:30,17:58:30,False,,no_dispenser,0
2161518,heavy,320.0,33.0,40-ft,STC,1,MF,14866168,14865434,335,324,55714,54993,Surrey Central Station @ Bay 6,Surrey Central Station @ Bay 8,55714,Surrey Central Station,64290,64470,in_service_layover,58.007130120182694,60.38644959199934,13.419361821045811,180,3.0,17:51:30,17:54:30,False,,no_dispenser,0
2164234,heavy,320.0,10.0,40-ft,STC,1,MF,14865365,14865919,324,326,56395,54993,Surrey Central Station @ Bay 1 Unloading Only,Surrey Central Station @ Bay 8,56395,Surrey Central Station,64350,64710,in_service_layover,58.046364013655236,62.708180888995116,26.292647176916887,360,6.0,17:52:30,17:58:30,False,,no_dispenser,0
2161858,heavy,502.0,20.0,40-ft,STC,1,MF,14874843,14866125,502,335,56395,55836,Surrey Central Station @ Bay 1 Unloading Only,Surrey Central Station @ Bay 3,56395,Surrey Central Station,64410,64950,in_service_layover,38.1268499050072,44.95725376813013,38.52347778801331,540,9.0,17:53:30,18:02:30,False,,no_dispenser,0
2163904,heavy,502.0,16.0,40-ft,STC,1,MF,14875382,14865435,503,324,56395,54993,Surrey Central Station @ Bay 1 Unloading Only,Surrey Central Station @ Bay 8,56395,Surrey Central Station,64830,65190,in_service_layover,50.52045564204185,55.18340088192871,26.299011152961896,360,6.0,18:00:30,18:06:30,False,,no_dispenser,0
2161663,heavy,502.0,17.0,40-ft,STC,1,MF,14863378,14875758,320,509,61035,55210,Surrey Central Station @ Bay 12,Surrey Central Station @ Bay 2,61035,Surrey Central Station,64830,65310,in_service_layover,55.16005173957437,61.42888127788271,35.35619859605907,480,8.0,18:00:30,18:08:30,False,,no_dispenser,0
2161653,heavy,320.0,41.0,40-ft,STC,1,MF,14866685,14866124,337,335,61035,55836,Surrey Central Station @ Bay 12,Surrey Central Station @ Bay 3,61035,Surrey Central Station,64890,65310,in_service_layover,62.63031187717084,67.64895484005781,28.305146310682574,420,7.0,18:01:30,18:08:30,False,,no_dispenser,0
2161543,heavy,319.0,7.0,40-ft,STC,1,MF,14866200,14862635,335,316,55714,55738,Surrey Central Station @ Bay 6,Surrey Central Station @ Bay 7,55714,Surrey Central Station,65070,65370,in_service_layover,64.4101274725506,67.96133100272831,20.028787910202368,300,5.0,18:04:30,18:09:30,False,,no_dispenser,0
2161504,heavy,312.0,1.0,40-ft,STC,1,MF,14875757,14865699,509,325,57210,55738,Westbound 88 Ave @ 212 St,Surrey Central Station @ Bay 7,55738,Surrey Central Station,65190,65490,interline_end,56.818298511026136,60.76582888345197,22.264071300481703,300,5.0,18:06:30,18:11:30,False,,no_dispenser,0
2165212,heavy,320.0,38.0,40-ft,STC,1,MF,14862610,14866569,316,337,56395,61677,Surrey Central Station @ Bay 1 Unloading Only,Surrey Central Station @ Bay 5A,56395,Surrey Central Station,65190,65550,in_service_layover,61.59920155257749,66.01769789636633,24.920319378968998,360,6.0,18:06:30,18:12:30,False,,no_dispenser,0
2161548,heavy,320.0,3.0,40-ft,STC,1,MF,14865940,14866088,326,335,56395,55836,Surrey Central Station @ Bay 1 Unloading Only,Surrey Central Station @ Bay 3,56395,Surrey Central Station,65430,65730,in_service_layover,50.45496761613077,54.33134565163521,21.862772120244983,300,5.0,18:10:30,18:15:30,False,,no_dispenser,0
2165312,heavy,320.0,35.0,40-ft,STC,1,MF,14874473,14874529,501,501,61035,55210,Surrey Central Station @ Bay 12,Surrey Central Station @ Bay 2,61035,Surrey Central Station,65430,65790,in_service_layover,38.53556606047172,43.082259322277636,25.64334999658533,360,6.0,18:10:30,18:16:30,False,,no_dispenser,0
2161540,heavy,320.0,21.0,40-ft,STC,1,MF,14862467,14863365,314,320,56395,55713,Surrey Central Station @ Bay 1 Unloading Only,Surrey Central Station @ Bay 5,56395,Surrey Central Station,65430,66030,in_service_layover,50.92039962063139,58.759420079900714,44.212075390278926,600,10.0,18:10:30,18:20:30,False,,no_dispenser,0
2161539,heavy,319.0,2.0,40-ft,STC,1,MF,14866199,14862512,335,314,61787,61787,Surrey Central Station @ Bay 14,Surrey Central Station @ Bay 14,61787,Surrey Central Station,65550,66090,in_service_layover,40.66425501048984,47.51614100362343,38.64463700127345,540,9.0,18:12:30,18:21:30,False,,no_dispenser,0
2161577,heavy,320.0,28.0,40-ft,STC,1,MF,14865383,14866150,324,335,56395,55836,Surrey Central Station @ Bay 1 Unloading Only,Surrey Central Station @ Bay 3,56395,Surrey Central Station,65730,66090,in_service_layover,44.33191085940896,48.91099209965631,25.8260181949951,360,6.0,18:15:30,18:21:30,False,,no_dispenser,0
2162112,heavy,502.0,19.0,40-ft,STC,1,MF,14874863,14874773,502,502,56395,55070,Surrey Central Station @ Bay 1 Unloading Only,Surrey Central Station @ Bay 9,56395,Surrey Central Station,65850,66030,in_service_layover,41.09329115910943,43.3687913663037,12.83382116857564,180,3.0,18:17:30,18:20:30,False,,no_dispenser,0
2161552,heavy,502.0,58.0,40-ft,STC,1,MF,14862491,14865743,314,325,54909,55738,Eastbound 96 Ave @ Scott Rd,Surrey Central Station @ Bay 7,55738,Surrey Central Station,65910,66210,interline_end,68.41656005612762,71.70716644844629,18.559020052677226,300,5.0,18:18:30,18:23:30,False,,no_dispenser,0
2161639,heavy,320.0,24.0,40-ft,STC,1,MF,14866220,14865916,335,326,55714,54993,Surrey Central Station @ Bay 6,Surrey Central Station @ Bay 8,55714,Surrey Central Station,66150,66510,in_service_layover,42.941217114341015,47.51093081719605,25.773185284102368,360,6.0,18:22:30,18:28:30,False,,no_dispenser,0
2161644,heavy,320.0,4.0,40-ft,STC,1,MF,14863405,14866130,320,335,61035,55836,Surrey Central Station @ Bay 12,Surrey Central Station @ Bay 3,61035,Surrey Central Station,66210,66510,in_service_layover,35.44959851138362,39.222575411768815,21.279589718172474,300,5.0,18:23:30,18:28:30,False,,no_dispenser,0
2161917,heavy,502.0,1.0,40-ft,STC,1,MF,14874869,14874812,502,502,56395,55070,Surrey Central Station @ Bay 1 Unloading Only,Surrey Central Station @ Bay 9,56395,Surrey Central Station,66570,67230,in_service_layover,31.321433704901775,39.61563716824937,46.77930753328042,660,11.0,18:29:30,18:40:30,False,,no_dispenser,0
2164361,heavy,320.0,50.0,40-ft,STC,1,MF,14866206,14865747,335,325,55714,55738,Surrey Central Station @ Bay 6,Surrey Central Station @ Bay 7,55714,Surrey Central Station,66630,66930,in_service_layover,66.34505729005194,69.77533925325949,19.34679027249058,300,5.0,18:30:30,18:35:30,False,,no_dispenser,0
2161601,heavy,502.0,2.0,40-ft,STC,1,MF,14867409,14866138,341,335,60419,55836,Guildford @ Layover,Surrey Central Station @ Bay 3,55836,Surrey Central Station,66690,66990,interline_end,24.029909983326288,27.752806663473418,20.997137276029804,300,5.0,18:31:30,18:36:30,False,,no_dispenser,0
2161629,heavy,320.0,19.0,40-ft,STC,1,MF,14863451,14863359,320,320,61035,55713,Surrey Central Station @ Bay 12,Surrey Central Station @ Bay 5,61035,Surrey Central Station,66870,67470,in_service_layover,51.142653550467486,58.98399417956755,44.22516114812436,600,10.0,18:34:30,18:44:30,False,,no_dispenser,0
2163821,heavy,320.0,14.0,40-ft,STC,1,MF,14865676,14874520,325,501,56395,55210,Surrey Central Station @ Bay 1 Unloading Only,Surrey Central Station @ Bay 2,56395,Surrey Central Station,67170,67350,in_service_layover,66.18394814520582,68.29444643792903,11.903210370958845,180,3.0,18:39:30,18:42:30,False,,no_dispenser,0
2161551,heavy,320.0,39.0,40-ft,STC,1,MF,14865941,14862510,326,314,56395,61787,Surrey Central Station @ Bay 1 Unloading Only,Surrey Central Station @ Bay 14,56395,Surrey Central Station,67170,67590,in_service_layover,51.910993912975286,57.39434076466925,30.92607624355395,420,7.0,18:39:30,18:46:30,False,,no_dispenser,0
2161648,heavy,502.0,14.0,40-ft,STC,1,MF,14865374,14865708,324,325,56395,55738,Surrey Central Station @ Bay 1 Unloading Only,Surrey Central Station @ Bay 7,56395,Surrey Central Station,67170,67650,in_service_layover,55.48243401239928,61.7406612630645,35.29640169375182,480,8.0,18:39:30,18:47:30,False,,no_dispenser,0
2161920,heavy,320.0,22.0,40-ft,STC,1,MF,14866202,14866571,335,337,55714,61677,Surrey Central Station @ Bay 6,Surrey Central Station @ Bay 5A,55714,Surrey Central Station,67230,67470,in_service_layover,53.46115025795719,56.59455818321932,17.672420698478447,240,4.0,18:40:30,18:44:30,False,,no_dispenser,0
2165004,heavy,312.0,53.0,40-ft,STC,1,MF,14904652,14904772,323,323,61035,55612,Surrey Central Station @ Bay 12,Surrey Central Station @ Bay 4,61035,Surrey Central Station,67410,67890,in_service_layover,66.90212145394506,72.12646037023417,29.465271487870552,480,8.0,18:43:30,18:51:30,False,,no_dispenser,0
2161625,heavy,320.0,12.0,40-ft,STC,1,MF,14863443,14863358,320,320,61035,55713,Surrey Central Station @ Bay 12,Surrey Central Station @ Bay 5,61035,Surrey Central Station,67590,68250,in_service_layover,54.63251705981864,63.12610184994719,47.90381821632502,660,11.0,18:46:30,18:57:30,False,,no_dispenser,0
2161857,heavy,502.0,54.0,40-ft,STC,1,MF,14874875,14865441,502,324,56395,54993,Surrey Central Station @ Bay 1 Unloading Only,Surrey Central Station @ Bay 8,56395,Surrey Central Station,67650,68070,in_service_layover,62.725765855311785,67.73625737394005,28.259172165063376,420,7.0,18:47:30,18:54:30,False,,no_dispenser,0
2161727,heavy,503.0,13.0,40-ft,STC,1,MF,14875387,14875298,503,503,56395,55441,Surrey Central Station @ Bay 1 Unloading Only,Surrey Central Station @ Bay 10,56395,Surrey Central Station,67950,68670,in_service_layover,24.70187434789028,33.68703429998708,50.676302129825984,720,12.0,18:52:30,19:04:30,False,,no_dispenser,0
2161660,heavy,502.0,9.0,40-ft,STC,1,MF,14874468,14865714,501,325,61035,55738,Surrey Central Station @ Bay 12,Surrey Central Station @ Bay 7,61035,Surrey Central Station,68010,68370,in_service_layover,51.935122164487524,56.62558536158644,26.454212431637927,360,6.0,18:53:30,18:59:30,False,,no_dispenser,0
2161547,heavy,503.0,17.0,40-ft,STC,1,MF,14865386,14874782,324,502,56395,55070,Surrey Central Station @ Bay 1 Unloading Only,Surrey Central Station @ Bay 9,56395,Surrey Central Station,68070,68430,in_service_layover,60.62988025993133,65.11712279468797,25.30804789602746,360,6.0,18:54:30,19:00:30,False,,no_dispenser,0
2161846,heavy,320.0,26.0,40-ft,STC,1,MF,14865677,14862639,325,316,56395,55738,Surrey Central Station @ Bay 1 Unloading Only,Surrey Central Station @ Bay 7,56395,Surrey Central Station,68070,68970,in_service_layover,61.556474657776626,71.5403935719809,56.30930267611211,900,15.0,18:54:30,19:09:30,False,,no_dispenser,0
2161622,heavy,320.0,32.0,40-ft,STC,1,MF,14866211,14866072,335,335,55714,55836,Surrey Central Station @ Bay 6,Surrey Central Station @ Bay 3,55714,Surrey Central Station,68310,68550,in_service_layover,58.55476568346483,61.695139810423505,17.711710076046984,240,4.0,18:58:30,19:02:30,False,,no_dispenser,0
2161630,heavy,502.0,21.0,40-ft,STC,1,MF,14863376,14863357,320,320,61035,55713,Surrey Central Station @ Bay 12,Surrey Central Station @ Bay 5,61035,Surrey Central Station,68310,68970,in_service_layover,58.32330699527384,66.47059965565184,45.95073060453194,660,11.0,18:58:30,19:09:30,False,,no_dispenser,0
2161905,heavy,502.0,11.0,40-ft,STC,1,MF,14874898,14874741,502,502,56395,55070,Surrey Central Station @ Bay 1 Unloading Only,Surrey Central Station @ Bay 9,56395,Surrey Central Station,68370,69030,in_service_layover,54.06750415107442,62.593950576391364,48.08915783878763,660,11.0,18:59:30,19:10:30,False,,no_dispenser,0
2165212,heavy,320.0,38.0,40-ft,STC,1,MF,14866689,14865415,337,324,61035,54993,Surrey Central Station @ Bay 12,Surrey Central Station @ Bay 8,61035,Surrey Central Station,68610,68970,in_service_layover,59.15236706473791,63.74838430606621,25.92153724109164,360,6.0,19:03:30,19:09:30,False,,no_dispenser,0
2164983,heavy,312.0,57.0,40-ft,STC,1,MF,14904654,14904775,323,323,61035,55612,Surrey Central Station @ Bay 12,Surrey Central Station @ Bay 4,61035,Surrey Central Station,68850,69330,in_service_layover,66.90212145394506,72.12646037023417,29.465271487870552,480,8.0,19:07:30,19:15:30,False,,no_dispenser,0
2161661,heavy,320.0,30.0,40-ft,STC,1,MF,14866207,14866131,335,335,55714,55836,Surrey Central Station @ Bay 6,Surrey Central Station @ Bay 3,55714,Surrey Central Station,68910,69150,in_service_layover,57.06255778436615,60.231118622702716,17.870683128218218,240,4.0,19:08:30,19:12:30,False,,no_dispenser,0
2161986,heavy,503.0,8.0,40-ft,STC,1,MF,14865376,14863939,324,321,56395,61035,Surrey Central Station @ Bay 1 Unloading Only,Surrey Central Station @ Bay 12,56395,Surrey Central Station,68910,69210,in_service_layover,60.29438844793267,64.08904634108087,21.401870517355803,300,5.0,19:08:30,19:13:30,False,,no_dispenser,0
2162410,heavy,503.0,19.0,40-ft,STC,1,MF,14875388,14875315,503,503,56395,55441,Surrey Central Station @ Bay 1 Unloading Only,Surrey Central Station @ Bay 10,56395,Surrey Central Station,68910,69270,in_service_layover,47.468726399806705,52.08136321586386,26.015271642562368,360,6.0,19:08:30,19:14:30,False,,no_dispenser,0
2161539,heavy,319.0,2.0,40-ft,STC,1,MF,14862465,14862496,314,314,61035,61787,Surrey Central Station @ Bay 12,Surrey Central Station @ Bay 14,61035,Surrey Central Station,68910,69510,in_service_layover,42.15738929349162,49.80086372860525,43.10919581404087,600,10.0,19:08:30,19:18:30,False,,no_dispenser,0
2161991,heavy,503.0,18.0,40-ft,STC,1,MF,14874893,14863356,502,320,56395,55713,Surrey Central Station @ Bay 1 Unloading Only,Surrey Central Station @ Bay 5,56395,Surrey Central Station,68910,69690,in_service_layover,38.754834095807816,48.66869079460561,55.914151781219516,780,13.0,19:08:30,19:21:30,False,,no_dispenser,0
2161861,heavy,320.0,27.0,40-ft,STC,1,MF,14865936,14865447,326,324,56395,54993,Surrey Central Station @ Bay 1 Unloading Only,Surrey Central Station @ Bay 8,56395,Surrey Central Station,69030,69870,in_service_layover,67.98050777325861,76.17100697154146,46.19441547831536,840,14.0,19:10:30,19:24:30,False,,no_dispenser,0
2164981,heavy,312.0,51.0,40-ft,STC,1,MF,14904655,14904776,323,323,61035,55612,Surrey Central Station @ Bay 12,Surrey Central Station @ Bay 4,61035,Surrey Central Station,69270,69870,in_service_layover,65.32021980729826,71.89487555559344,37.08105842038486,600,10.0,19:14:30,19:24:30,False,,no_dispenser,0
2161728,heavy,502.0,3.0,40-ft,STC,1,MF,14875389,14875299,503,503,56395,55441,Surrey Central Station @ Bay 1 Unloading Only,Surrey Central Station @ Bay 10,56395,Surrey Central Station,69450,69870,in_service_layover,22.151172466596634,27.35805628263726,29.366824722469147,420,7.0,19:17:30,19:24:30,False,,no_dispenser,0
2165202,heavy,502.0,88.0,40-ft,STC,1,MF,14866169,14866056,335,335,55714,55836,Surrey Central Station @ Bay 6,Surrey Central Station @ Bay 3,55714,Surrey Central Station,69510,69750,in_service_layover,66.51575549559529,69.28356434162649,15.610441891615949,240,4.0,19:18:30,19:22:30,False,,no_dispenser,0
2161631,heavy,502.0,15.0,40-ft,STC,1,MF,14874840,14874781,502,502,56395,55070,Surrey Central Station @ Bay 1 Unloading Only,Surrey Central Station @ Bay 9,56395,Surrey Central Station,69630,70470,in_service_layover,52.37688779611586,63.14680333458741,60.742323636979506,840,14.0,19:20:30,19:34:30,False,,no_dispenser,0
2161535,heavy,320.0,47.0,40-ft,STC,1,MF,14865657,14865715,325,325,56395,55738,Surrey Central Station @ Bay 1 Unloading Only,Surrey Central Station @ Bay 7,56395,Surrey Central Station,69750,70350,in_service_layover,66.60032378955046,72.9985735088231,36.086128416697704,600,10.0,19:22:30,19:32:30,False,,no_dispenser,0
2161540,heavy,320.0,21.0,40-ft,STC,1,MF,14863441,14863355,320,320,61035,55713,Surrey Central Station @ Bay 12,Surrey Central Station @ Bay 5,61035,Surrey Central Station,69750,70410,in_service_layover,51.58995045893088,60.19823134363873,48.55070418975225,660,11.0,19:22:30,19:33:30,False,,no_dispenser,0
2161851,heavy,320.0,51.0,40-ft,STC,1,MF,14865356,14866581,324,337,56395,61677,Surrey Central Station @ Bay 1 Unloading Only,Surrey Central Station @ Bay 5A,56395,Surrey Central Station,69870,70230,in_service_layover,67.74780097034613,71.70008338433853,22.29087281491701,360,6.0,19:24:30,19:30:30,False,,no_dispenser,0
2161573,heavy,502.0,7.0,40-ft,STC,1,MF,14874477,14865909,501,326,61035,54993,Surrey Central Station @ Bay 12,Surrey Central Station @ Bay 8,61035,Surrey Central Station,69990,70170,in_service_layover,36.06591954754998,38.328299906198524,12.759825222777806,180,3.0,19:26:30,19:29:30,False,,no_dispenser,0
2161576,heavy,320.0,31.0,40-ft,STC,1,MF,14863440,14874527,320,501,61035,55210,Surrey Central Station @ Bay 12,Surrey Central Station @ Bay 2,61035,Surrey Central Station,70410,70950,in_service_layover,52.05105781543404,59.12079772266574,39.873333076786764,540,9.0,19:33:30,19:42:30,False,,no_dispenser,0
2161920,heavy,320.0,22.0,40-ft,STC,1,MF,14866691,14866574,337,337,61035,61677,Surrey Central Station @ Bay 12,Surrey Central Station @ Bay 5A,61035,Surrey Central Station,70410,71250,in_service_layover,49.72922735159091,60.618324912893584,61.41451024574707,840,14.0,19:33:30,19:47:30,False,,no_dispenser,0
2161543,heavy,319.0,7.0,40-ft,STC,1,MF,14862606,14862633,316,316,56395,55738,Surrey Central Station @ Bay 1 Unloading Only,Surrey Central Station @ Bay 7,56395,Surrey Central Station,70650,71370,in_service_layover,57.935305386323186,66.78958534057443,49.938138941977,720,12.0,19:37:30,19:49:30,False,,no_dispenser,0
2161654,heavy,320.0,23.0,40-ft,STC,1,MF,14875393,14875300,503,503,56395,55441,Surrey Central Station @ Bay 1 Unloading Only,Surrey Central Station @ Bay 10,56395,Surrey Central Station,70890,71070,in_service_layover,26.1744399558431,28.411009112346918,12.614250042681562,180,3.0,19:41:30,19:44:30,False,,no_dispenser,0
2164361,heavy,320.0,50.0,40-ft,STC,1,MF,14865681,14865700,325,325,56395,55738,Surrey Central Station @ Bay 1 Unloading Only,Surrey Central Station @ Bay 7,56395,Surrey Central Station,70890,71550,in_service_layover,69.62605584833524,76.09032369825883,36.45847067356897,660,11.0,19:41:30,19:52:30,False,,no_dispenser,0
2161651,heavy,502.0,12.0,40-ft,STC,1,MF,14874867,14874811,502,502,56395,55070,Surrey Central Station @ Bay 1 Unloading Only,Surrey Central Station @ Bay 9,56395,Surrey Central Station,70950,71190,in_service_layover,60.4418543045901,63.498977032505465,17.242172185442655,240,4.0,19:42:30,19:46:30,False,,no_dispenser,0
2161645,heavy,320.0,11.0,40-ft,STC,1,MF,14874469,14863844,501,321,61035,61035,Surrey Central Station @ Bay 12,Surrey Central Station @ Bay 12,61035,Surrey Central Station,71010,71190,in_service_layover,42.51830268729847,44.79752172350923,12.854795364228636,180,3.0,19:43:30,19:46:30,False,,no_dispenser,0
2161518,heavy,320.0,33.0,40-ft,STC,1,MF,14866223,14866126,335,335,55714,55836,Surrey Central Station @ Bay 6,Surrey Central Station @ Bay 3,55714,Surrey Central Station,71190,71550,in_service_layover,59.27003848199139,63.85786564061109,25.875345174615063,360,6.0,19:46:30,19:52:30,False,,no_dispenser,0
2162188,heavy,503.0,12.0,40-ft,STC,1,MF,14874866,14874771,502,502,56395,55070,Surrey Central Station @ Bay 1 Unloading Only,Surrey Central Station @ Bay 9,56395,Surrey Central Station,71670,72090,in_service_layover,21.99359500708379,27.19940582212217,29.360772996816465,420,7.0,19:54:30,20:01:30,False,,no_dispenser,0
2161632,heavy,502.0,10.0,40-ft,STC,1,MF,14863438,14863353,320,320,61035,55713,Surrey Central Station @ Bay 12,Surrey Central Station @ Bay 5,61035,Surrey Central Station,71850,72090,in_service_layover,38.71163429775588,41.739356869586004,17.076355305121922,240,4.0,19:57:30,20:01:30,False,,no_dispenser,0
2161552,heavy,502.0,58.0,40-ft,STC,1,MF,14866233,14866144,335,335,55714,55836,Surrey Central Station @ Bay 6,Surrey Central Station @ Bay 3,55714,Surrey Central Station,71850,72750,in_service_layover,66.78398763206233,75.68437360261976,50.19817687394385,900,15.0,19:57:30,20:12:30,False,,no_dispenser,0
2161539,heavy,319.0,2.0,40-ft,STC,1,MF,14862463,14862513,314,314,61035,61787,Surrey Central Station @ Bay 12,Surrey Central Station @ Bay 14,61035,Surrey Central Station,71910,72990,in_service_layover,44.44211201847344,58.39012105809991,78.66677098349325,1080,18.0,19:58:30,20:16:30,False,,no_dispenser,0
2162423,heavy,503.0,23.0,40-ft,STC,1,MF,14875392,14875302,503,503,56395,55441,Surrey Central Station @ Bay 1 Unloading Only,Surrey Central Station @ Bay 10,56395,Surrey Central Station,71970,72450,in_service_layover,50.92384060206049,57.17827701052358,35.27502134373185,480,8.0,19:59:30,20:07:30,False,,no_dispenser,0
2161648,heavy,502.0,14.0,40-ft,STC,1,MF,14865691,14865716,325,325,56395,55738,Surrey Central Station @ Bay 1 Unloading Only,Surrey Central Station @ Bay 7,56395,Surrey Central Station,72090,72750,in_service_layover,67.4769251907784,74.28282527262913,38.385276461638114,660,11.0,20:01:30,20:12:30,False,,no_dispenser,0
2161637,heavy,320.0,1.0,40-ft,STC,1,MF,14866693,14866575,337,337,61787,61677,Surrey Central Station @ Bay 14,Surrey Central Station @ Bay 5A,61787,Surrey Central Station,72150,73050,in_service_layover,63.43569209318682,73.03784349441919,54.156133902950614,900,15.0,20:02:30,20:17:30,False,,no_dispenser,0
2161572,heavy,320.0,49.0,40-ft,STC,1,MF,14862614,14865451,316,324,56395,54993,Surrey Central Station @ Bay 1 Unloading Only,Surrey Central Station @ Bay 8,56395,Surrey Central Station,72270,72930,in_service_layover,64.48841946735372,71.75047466027195,40.95799128805879,660,11.0,20:04:30,20:15:30,False,,no_dispenser,0
2161575,heavy,320.0,5.0,40-ft,STC,1,MF,14874478,14874521,501,501,61035,55210,Surrey Central Station @ Bay 12,Surrey Central Station @ Bay 2,61035,Surrey Central Station,72450,72750,in_service_layover,51.014421174012746,54.89986790687663,21.913919573352302,300,5.0,20:07:30,20:12:30,False,,no_dispenser,0
2161630,heavy,502.0,21.0,40-ft,STC,1,MF,14863437,14863311,320,320,61035,55713,Surrey Central Station @ Bay 12,Surrey Central Station @ Bay 5,61035,Surrey Central Station,72570,72990,in_service_layover,59.30113003468202,64.60205291147068,29.897205025088056,420,7.0,20:09:30,20:16:30,False,,no_dispenser,0
2165205,heavy,502.0,22.0,40-ft,STC,1,MF,14905305,14874809,502,502,56395,55070,Surrey Central Station @ Bay 1 Unloading Only,Surrey Central Station @ Bay 9,56395,Surrey Central Station,72570,72990,in_service_layover,62.98367553779969,67.97203022166275,28.134320416987634,420,7.0,20:09:30,20:16:30,False,,no_dispenser,0
2161653,heavy,320.0,41.0,40-ft,STC,1,MF,14866224,14866145,335,335,55714,55836,Surrey Central Station @ Bay 6,Surrey Central Station @ Bay 3,55714,Surrey Central Station,72570,73350,in_service_layover,59.04558871968983,68.35788090604102,52.52132793102072,780,13.0,20:09:30,20:22:30,False,,no_dispenser,0
2165004,heavy,312.0,53.0,40-ft,STC,1,MF,14904661,14904782,323,323,61035,55612,Surrey Central Station @ Bay 12,Surrey Central Station @ Bay 4,61035,Surrey Central Station,72690,73230,in_service_layover,65.29147179317467,71.28924350033138,33.82743242836392,540,9.0,20:11:30,20:20:30,False,,no_dispenser,0
2161851,heavy,320.0,51.0,40-ft,STC,1,MF,14866652,14866583,337,337,61035,61677,Surrey Central Station @ Bay 12,Surrey Central Station @ Bay 5A,61035,Surrey Central Station,73050,73950,in_service_layover,64.8347525527101,74.1470358374347,52.52127772584669,900,15.0,20:17:30,20:32:30,False,,no_dispenser,0
2161548,heavy,320.0,3.0,40-ft,STC,1,MF,14866256,14866152,335,335,55714,55836,Surrey Central Station @ Bay 6,Surrey Central Station @ Bay 3,55714,Surrey Central Station,73290,73950,in_service_layover,50.04098232789732,58.64892031835193,48.54877026616401,660,11.0,20:21:30,20:32:30,False,,no_dispenser,0
2161546,heavy,320.0,2.0,40-ft,STC,1,MF,14865370,14865910,324,326,56395,54993,Surrey Central Station @ Bay 1 Unloading Only,Surrey Central Station @ Bay 8,56395,Surrey Central Station,73350,74250,in_service_layover,37.719490067863894,49.168388270021055,64.57178586016639,900,15.0,20:22:30,20:37:30,False,,no_dispenser,0
2162112,heavy,502.0,19.0,40-ft,STC,1,MF,14874900,14874816,502,502,56395,55070,Surrey Central Station @ Bay 1 Unloading Only,Surrey Central Station @ Bay 9,56395,Surrey Central Station,73470,73890,in_service_layover,36.98649751323331,42.28505685047988,29.88387466207064,420,7.0,20:24:30,20:31:30,False,,no_dispenser,0
2161633,heavy,320.0,44.0,40-ft,STC,1,MF,14863436,14863352,320,320,61035,55713,Surrey Central Station @ Bay 12,Surrey Central Station @ Bay 5,61035,Surrey Central Station,73530,73950,in_service_layover,61.2440713892511,66.37872269274095,28.959433351682833,420,7.0,20:25:30,20:32:30,False,,no_dispenser,0
2165010,heavy,319.0,3.0,40-ft,STC,1,MF,14905188,14865423,319,324,55456,54993,Newton Exchange @ Bay 5,Surrey Central Station @ Bay 8,54993,Surrey Central Station,73830,74130,interline_end,58.60774706075429,62.499659583373614,21.950386627572982,300,5.0,20:30:30,20:35:30,False,,no_dispenser,0
2161660,heavy,502.0,9.0,40-ft,STC,1,MF,14866225,14866140,335,335,55714,55836,Surrey Central Station @ Bay 6,Surrey Central Station @ Bay 3,55714,Surrey Central Station,74010,74550,in_service_layover,54.8418514863519,61.867799526841274,39.62634694836004,540,9.0,20:33:30,20:42:30,False,,no_dispenser,0
2161920,heavy,320.0,22.0,40-ft,STC,1,MF,14866694,14866576,337,337,61035,61677,Surrey Central Station @ Bay 12,Surrey Central Station @ Bay 5A,61035,Surrey Central Station,74010,74790,in_service_layover,53.75299408126516,63.72282423646074,56.229842075303054,780,13.0,20:33:30,20:46:30,False,,no_dispenser,0
2165312,heavy,320.0,35.0,40-ft,STC,1,MF,14874451,14874526,501,501,61035,55210,Surrey Central Station @ Bay 12,Surrey Central Station @ Bay 2,61035,Surrey Central Station,74250,74550,in_service_layover,30.789844105701754,34.54255353274752,21.165281168538144,300,5.0,20:37:30,20:42:30,False,,no_dispenser,0
2161917,heavy,502.0,1.0,40-ft,STC,1,MF,14874865,14874806,502,502,56395,55070,Surrey Central Station @ Bay 1 Unloading Only,Surrey Central Station @ Bay 9,56395,Surrey Central Station,74370,74790,in_service_layover,30.919233757807042,36.180847940013045,29.67550398764186,420,7.0,20:39:30,20:46:30,False,,no_dispenser,0
2161853,heavy,320.0,18.0,40-ft,STC,1,MF,14875418,14875320,503,503,56395,55441,Surrey Central Station @ Bay 1 Unloading Only,Surrey Central Station @ Bay 10,56395,Surrey Central Station,74430,74670,in_service_layover,36.006262281808645,39.02457130083186,17.023262867290896,240,4.0,20:40:30,20:44:30,False,,no_dispenser,0
2161540,heavy,320.0,21.0,40-ft,STC,1,MF,14863435,14863351,320,320,61035,55713,Surrey Central Station @ Bay 12,Surrey Central Station @ Bay 5,61035,Surrey Central Station,74550,74850,in_service_layover,53.0287617226689,56.94686075447213,22.098078539370192,300,5.0,20:42:30,20:47:30,False,,no_dispenser,0
2161729,heavy,502.0,61.0,40-ft,STC,1,MF,14863726,14863940,321,321,61035,61035,Surrey Central Station @ Bay 12,Surrey Central Station @ Bay 12,61035,Surrey Central Station,74550,74850,in_service_layover,46.69462064139414,50.523219504030656,21.593297585269966,300,5.0,20:42:30,20:47:30,False,,no_dispenser,0
2161573,heavy,502.0,7.0,40-ft,STC,1,MF,14865942,14863846,326,321,56395,61035,Surrey Central Station @ Bay 1 Unloading Only,Surrey Central Station @ Bay 12,56395,Surrey Central Station,75030,75570,in_service_layover,27.795074239024448,34.54459010992038,38.06726951185303,540,9.0,20:50:30,20:59:30,False,,no_dispenser,0
2161716,heavy,321.0,12.0,40-ft,STC,1,MF,14874862,14874765,502,502,56395,55070,Surrey Central Station @ Bay 1 Unloading Only,Surrey Central Station @ Bay 9,56395,Surrey Central Station,75210,75690,in_service_layover,30.07406650076768,36.08547711369045,33.90435585688439,480,8.0,20:53:30,21:01:30,False,,no_dispenser,0
2161632,heavy,502.0,10.0,40-ft,STC,1,MF,14863434,14863350,320,320,61035,55713,Surrey Central Station @ Bay 12,Surrey Central Station @ Bay 5,61035,Surrey Central Station,75570,75750,in_service_layover,34.569887248616176,36.82836343651745,12.737805699763186,180,3.0,20:59:30,21:02:30,False,,no_dispenser,0
2161539,heavy,319.0,2.0,40-ft,STC,1,MF,14862485,14863894,314,321,56395,61035,Surrey Central Station @ Bay 1 Unloading Only,Surrey Central Station @ Bay 12,56395,Surrey Central Station,75630,76290,in_service_layover,53.05582732277892,61.62794152174988,48.34672408219626,660,11.0,21:00:30,21:11:30,False,,no_dispenser,0
2164361,heavy,320.0,50.0,40-ft,STC,1,MF,14865692,14865734,325,325,56395,55738,Surrey Central Station @ Bay 1 Unloading Only,Surrey Central Station @ Bay 7,56395,Surrey Central Station,75630,76590,in_service_layover,68.96876455760885,77.81653758034862,49.90143984825232,960,16.0,21:00:30,21:16:30,False,,no_dispenser,0
2161637,heavy,320.0,1.0,40-ft,STC,1,MF,14866695,14866577,337,337,61035,61677,Surrey Central Station @ Bay 12,Surrey Central Station @ Bay 5A,61035,Surrey Central Station,75690,76590,in_service_layover,66.17251266279078,75.20311783418221,50.932613166647684,900,15.0,21:01:30,21:16:30,False,,no_dispenser,0
2161622,heavy,320.0,32.0,40-ft,STC,1,MF,14866226,14862494,335,314,61787,61787,Surrey Central Station @ Bay 14,Surrey Central Station @ Bay 14,61787,Surrey Central Station,75750,76470,in_service_layover,56.31398537534685,65.36407645098794,51.042513666615775,720,12.0,21:02:30,21:14:30,False,,no_dispenser,0
2163821,heavy,320.0,14.0,40-ft,STC,1,MF,14874436,14874508,501,501,61035,55210,Surrey Central Station @ Bay 12,Surrey Central Station @ Bay 2,61035,Surrey Central Station,75930,76350,in_service_layover,60.16088383526264,65.38516058648204,29.464920876877443,420,7.0,21:05:30,21:12:30,False,,no_dispenser,0
2161905,heavy,502.0,11.0,40-ft,STC,1,MF,14874864,14874760,502,502,56395,55070,Surrey Central Station @ Bay 1 Unloading Only,Surrey Central Station @ Bay 9,56395,Surrey Central Station,76110,76590,in_service_layover,55.5643182020489,61.81957882950903,35.27966993887509,480,8.0,21:08:30,21:16:30,False,,no_dispenser,0
2161543,heavy,319.0,7.0,40-ft,STC,1,MF,14862599,14863840,316,321,56395,61035,Surrey Central Station @ Bay 1 Unloading Only,Surrey Central Station @ Bay 12,56395,Surrey Central Station,76110,77010,in_service_layover,59.027727346947565,69.53502231090187,59.26114359670231,900,15.0,21:08:30,21:23:30,False,,no_dispenser,0
2161516,heavy,320.0,48.0,40-ft,STC,1,MF,14865749,14863313,325,320,55538,55713,Newton Exchange @ Bay 1,Surrey Central Station @ Bay 5,55713,Surrey Central Station,76350,76650,interline_end,67.45995464691556,70.81637545403466,18.930213352151668,300,5.0,21:12:30,21:17:30,False,,no_dispenser,0
2161989,heavy,320.0,53.0,40-ft,STC,1,MF,14875399,14875307,503,503,56395,55441,Surrey Central Station @ Bay 1 Unloading Only,Surrey Central Station @ Bay 10,56395,Surrey Central Station,76590,76890,in_service_layover,46.42997643248072,50.256202820753835,21.579916829860395,300,5.0,21:16:30,21:21:30,False,,no_dispenser,0
2161625,heavy,320.0,12.0,40-ft,STC,1,MF,14863433,14866146,320,335,61035,55836,Surrey Central Station @ Bay 12,Surrey Central Station @ Bay 3,61035,Surrey Central Station,76590,76950,in_service_layover,52.30701245524037,57.004709626527664,26.495012046060367,360,6.0,21:16:30,21:22:30,False,,no_dispenser,0
2161851,heavy,320.0,51.0,40-ft,STC,1,MF,14866654,14866141,337,335,61035,55836,Surrey Central Station @ Bay 12,Surrey Central Station @ Bay 3,61035,Surrey Central Station,76590,78150,in_service_layover,67.28170500580627,80.33987296833853,73.6480673086819,1560,26.0,21:16:30,21:42:30,False,,no_dispenser,0
2165202,heavy,502.0,88.0,40-ft,STC,1,MF,14866246,14866153,335,335,55714,55836,Surrey Central Station @ Bay 6,Surrey Central Station @ Bay 3,55714,Surrey Central Station,76650,77550,in_service_layover,59.84896907023916,70.17694045642607,58.24975861809418,900,15.0,21:17:30,21:32:30,False,,no_dispenser,0
2161648,heavy,502.0,14.0,40-ft,STC,1,MF,14865649,14865748,325,325,56395,55738,Surrey Central Station @ Bay 1 Unloading Only,Surrey Central Station @ Bay 7,56395,Surrey Central Station,76830,77910,in_service_layover,67.16126613197916,77.26981098220512,57.01219295527437,1080,18.0,21:20:30,21:38:30,False,,no_dispenser,0
2161631,heavy,502.0,15.0,40-ft,STC,1,MF,14874832,14874759,502,502,56395,55070,Surrey Central Station @ Bay 1 Unloading Only,Surrey Central Station @ Bay 9,56395,Surrey Central Station,76950,77490,in_service_layover,50.79321881122496,57.84063798069317,39.74744411580065,540,9.0,21:22:30,21:31:30,False,,no_dispenser,0
2161572,heavy,320.0,49.0,40-ft,STC,1,MF,14865371,14865424,324,324,56395,54993,Surrey Central Station @ Bay 1 Unloading Only,Surrey Central Station @ Bay 8,56395,Surrey Central Station,77070,77310,in_service_layover,62.930881893838176,65.87032010216734,16.578431494976485,240,4.0,21:24:30,21:28:30,False,,no_dispenser,0
2161920,heavy,320.0,22.0,40-ft,STC,1,MF,14866641,14863349,337,320,61035,55713,Surrey Central Station @ Bay 12,Surrey Central Station @ Bay 5,61035,Surrey Central Station,77430,78030,in_service_layover,56.857493404832326,64.4781960968036,42.980763182717965,600,10.0,21:30:30,21:40:30,False,,no_dispenser,0
2165004,heavy,312.0,53.0,40-ft,STC,1,MF,14904668,14904789,323,323,61035,55612,Surrey Central Station @ Bay 12,Surrey Central Station @ Bay 4,61035,Surrey Central Station,77490,78030,in_service_layover,64.48571085364478,70.58048914818427,34.37454958120276,540,9.0,21:31:30,21:40:30,False,,no_dispenser,0
2161916,heavy,320.0,42.0,40-ft,STC,1,MF,14866257,14866578,335,337,55714,61677,Surrey Central Station @ Bay 6,Surrey Central Station @ Bay 5A,55714,Surrey Central Station,77550,77970,in_service_layover,59.34154257880696,64.63902342957067,29.87779199830726,420,7.0,21:32:30,21:39:30,False,,no_dispenser,0
2161991,heavy,503.0,18.0,40-ft,STC,1,MF,14874450,14874525,501,501,61035,55210,Surrey Central Station @ Bay 12,Surrey Central Station @ Bay 2,61035,Surrey Central Station,77730,78150,in_service_layover,34.98807352363161,40.27446393480066,29.815241918993422,420,7.0,21:35:30,21:42:30,False,,no_dispenser,0
2161651,heavy,502.0,12.0,40-ft,STC,1,MF,14874848,14874742,502,502,56395,55070,Surrey Central Station @ Bay 1 Unloading Only,Surrey Central Station @ Bay 9,56395,Surrey Central Station,77910,78390,in_service_layover,54.23439558144209,60.52412557264191,35.47407715036695,480,8.0,21:38:30,21:46:30,False,,no_dispenser,0
2161633,heavy,320.0,44.0,40-ft,STC,1,MF,14863432,14865431,320,324,61035,54993,Surrey Central Station @ Bay 12,Surrey Central Station @ Bay 8,61035,Surrey Central Station,78150,78930,in_service_layover,59.20925307177113,68.49245019508324,52.35723177548033,780,13.0,21:42:30,21:55:30,False,,no_dispenser,0
2162410,heavy,503.0,19.0,40-ft,STC,1,MF,14875402,14875309,503,503,56395,55441,Surrey Central Station @ Bay 1 Unloading Only,Surrey Central Station @ Bay 10,56395,Surrey Central Station,78390,79050,in_service_layover,27.923519311318103,36.1852086776878,46.59592802632508,660,11.0,21:46:30,21:57:30,False,,no_dispenser,0
2161535,heavy,320.0,47.0,40-ft,STC,1,MF,14865363,14865745,324,325,56395,55738,Surrey Central Station @ Bay 1 Unloading Only,Surrey Central Station @ Bay 7,56395,Surrey Central Station,78930,79230,in_service_layover,66.01927095891452,69.47055828461804,19.465260516967817,300,5.0,21:55:30,22:00:30,False,,no_dispenser,0
2161552,heavy,502.0,58.0,40-ft,STC,1,MF,14866227,14866110,335,335,55714,55836,Surrey Central Station @ Bay 6,Surrey Central Station @ Bay 3,55714,Surrey Central Station,79050,79590,in_service_layover,65.5720468066807,71.53566415111253,33.63480182259542,540,9.0,21:57:30,22:06:30,False,,no_dispenser,0
2161546,heavy,320.0,2.0,40-ft,STC,1,MF,14865946,14863348,326,320,56395,55713,Surrey Central Station @ Bay 1 Unloading Only,Surrey Central Station @ Bay 5,56395,Surrey Central Station,79050,79830,in_service_layover,38.635162602846975,48.5468270504786,55.90178748464231,780,13.0,21:57:30,22:10:30,False,,no_dispenser,0
2161622,heavy,320.0,32.0,40-ft,STC,1,MF,14862484,14862506,314,314,61035,61787,Surrey Central Station @ Bay 12,Surrey Central Station @ Bay 14,61035,Surrey Central Station,79170,80070,in_service_layover,60.00532474085614,70.29781140333279,58.04962477636826,900,15.0,21:59:30,22:14:30,False,,no_dispenser,0
2161576,heavy,320.0,31.0,40-ft,STC,1,MF,14874437,14874504,501,501,61035,55210,Surrey Central Station @ Bay 12,Surrey Central Station @ Bay 2,61035,Surrey Central Station,79410,80130,in_service_layover,55.65663651941838,64.77178722460462,51.409449977250404,720,12.0,22:03:30,22:15:30,False,,no_dispenser,0
2161737,heavy,320.0,37.0,40-ft,STC,1,MF,14874884,14863944,502,321,56395,61035,Surrey Central Station @ Bay 1 Unloading Only,Surrey Central Station @ Bay 12,56395,Surrey Central Station,79470,80490,in_service_layover,54.93410850446746,67.39739848055908,70.2929554651567,1020,17.0,22:04:30,22:21:30,False,,no_dispenser,0
2161504,heavy,312.0,1.0,40-ft,STC,1,MF,14863431,14866579,320,337,61035,61677,Surrey Central Station @ Bay 12,Surrey Central Station @ Bay 5A,61035,Surrey Central Station,79830,80250,in_service_layover,44.22974392275145,49.5783918150888,30.16637411278265,420,7.0,22:10:30,22:17:30,False,,no_dispenser,0
2161653,heavy,320.0,41.0,40-ft,STC,1,MF,14866248,14866142,335,335,55714,55836,Surrey Central Station @ Bay 6,Surrey Central Station @ Bay 3,55714,Surrey Central Station,79950,81030,in_service_layover,62.15490083047032,73.52728248211882,64.14023251529761,1080,18.0,22:12:30,22:30:30,False,,no_dispenser,0
2162112,heavy,502.0,19.0,40-ft,STC,1,MF,14874831,14874822,502,502,56395,55070,Surrey Central Station @ Bay 1 Unloading Only,Surrey Central Station @ Bay 9,56395,Surrey Central Station,80370,80550,in_service_layover,33.60723034775624,35.863194305864965,12.723636723733193,180,3.0,22:19:30,22:22:30,False,,no_dispenser,0
2161916,heavy,320.0,42.0,40-ft,STC,1,MF,14866696,14866154,337,335,61035,55836,Surrey Central Station @ Bay 12,Surrey Central Station @ Bay 3,61035,Surrey Central Station,80550,81750,in_service_layover,57.77369259794224,71.30628698939557,76.3238323677968,1200,20.0,22:22:30,22:42:30,False,,no_dispenser,0
2161853,heavy,320.0,18.0,40-ft,STC,1,MF,14875406,14875312,503,503,56395,55441,Surrey Central Station @ Bay 1 Unloading Only,Surrey Central Station @ Bay 10,56395,Surrey Central Station,80790,81210,in_service_layover,34.023445893684915,39.30396243505344,29.782113293318474,420,7.0,22:26:30,22:33:30,False,,no_dispenser,0
2161575,heavy,320.0,5.0,40-ft,STC,1,MF,14874449,14870427,501,375,61035,60419,Surrey Central Station @ Bay 12,Guildford @ Layover,61035,Surrey Central Station,81090,81390,interline_start,50.44351398376412,54.31970635680536,21.86172498395257,300,5.0,22:31:30,22:36:30,False,,no_dispenser,0
2161917,heavy,502.0,1.0,40-ft,STC,1,MF,14874910,14874803,502,502,56395,55070,Surrey Central Station @ Bay 1 Unloading Only,Surrey Central Station @ Bay 9,56395,Surrey Central Station,81570,81750,in_service_layover,31.24761912841262,33.497425248148424,12.68890651530998,180,3.0,22:39:30,22:42:30,False,,no_dispenser,0
2161905,heavy,502.0,11.0,40-ft,STC,1,MF,14874882,14874810,502,502,56395,55070,Surrey Central Station @ Bay 1 Unloading Only,Surrey Central Station @ Bay 9,56395,Surrey Central Station,82710,82950,in_service_layover,51.04323208680926,54.145284604173625,17.495576197934952,240,4.0,22:58:30,23:02:30,False,,no_dispenser,0
2161622,heavy,320.0,32.0,40-ft,STC,1,MF,14862483,14862508,314,314,61035,61787,Surrey Central Station @ Bay 12,Surrey Central Station @ Bay 14,61035,Surrey Central Station,82770,83670,in_service_layover,64.93905969320099,74.22953910725924,52.39830389528862,900,15.0,22:59:30,23:14:30,False,,no_dispenser,0
2165312,heavy,320.0,35.0,40-ft,STC,1,MF,14874438,14874513,501,501,61035,55210,Surrey Central Station @ Bay 12,Surrey Central Station @ Bay 2,61035,Surrey Central Station,82770,83850,in_service_layover,29.76083189217219,43.37266123970438,76.77071752008155,1080,18.0,22:59:30,23:17:30,False,,no_dispenser,0
2161625,heavy,320.0,12.0,40-ft,STC,1,MF,14866191,14866134,335,335,55714,55836,Surrey Central Station @ Bay 6,Surrey Central Station @ Bay 3,55714,Surrey Central Station,83370,84150,in_service_layover,52.70655755146445,62.746701943501,56.62641437108613,780,13.0,23:09:30,23:22:30,False,,no_dispenser,0
2161851,heavy,320.0,51.0,40-ft,STC,1,MF,14865678,14865732,325,325,56395,55738,Surrey Central Station @ Bay 1 Unloading Only,Surrey Central Station @ Bay 7,56395,Surrey Central Station,83730,84510,in_service_layover,69.10278814961936,76.61160235086419,42.34971209502089,780,13.0,23:15:30,23:28:30,False,,no_dispenser,0
2161631,heavy,502.0,15.0,40-ft,STC,1,MF,14874836,14874746,502,502,56395,55070,Surrey Central Station @ Bay 1 Unloading Only,Surrey Central Station @ Bay 9,56395,Surrey Central Station,83910,84090,in_service_layover,50.95431463647701,53.27498035240363,13.088554637826178,180,3.0,23:18:30,23:21:30,False,,no_dispenser,0
2161633,heavy,320.0,44.0,40-ft,STC,1,MF,14866259,14866155,335,335,55714,55836,Surrey Central Station @ Bay 6,Surrey Central Station @ Bay 3,55714,Surrey Central Station,84270,85050,in_service_layover,64.20625308125179,72.61525684857489,47.426781247702365,780,13.0,23:24:30,23:37:30,False,,no_dispenser,0
2161543,heavy,319.0,7.0,40-ft,STC,1,MF,14863777,14863904,321,321,61035,61035,Surrey Central Station @ Bay 12,Surrey Central Station @ Bay 12,61035,Surrey Central Station,84570,84810,in_service_layover,49.32266095678537,52.403055471194335,17.373425061266573,240,4.0,23:29:30,23:33:30,False,,no_dispenser,0
2161920,heavy,320.0,22.0,40-ft,STC,1,MF,14863428,14863328,320,320,61035,55713,Surrey Central Station @ Bay 12,Surrey Central Station @ Bay 5,61035,Surrey Central Station,84990,85290,in_service_layover,50.13925685486393,54.010517244217546,21.83390859595437,300,5.0,23:36:30,23:41:30,False,,no_dispenser,0
2161989,heavy,320.0,53.0,40-ft,STC,1,MF,14875433,14865472,503,324,56395,54993,Surrey Central Station @ Bay 1 Unloading Only,Surrey Central Station @ Bay 8,56395,Surrey Central Station,85350,86130,in_service_layover,26.098358916208074,35.85466856207142,55.025586402669234,780,13.0,23:42:30,23:55:30,False,,no_dispenser,0
2161622,heavy,320.0,32.0,40-ft,STC,1,MF,14862482,14863327,314,320,56395,55713,Surrey Central Station @ Bay 1 Unloading Only,Surrey Central Station @ Bay 5,56395,Surrey Central Station,86310,87030,in_service_layover,68.89524537193824,75.96905245260255,39.89627193494664,720,12.0,23:58:30,24:10:30,False,,no_dispenser,0
2161546,heavy,320.0,2.0,40-ft,STC,1,MF,14863427,14862505,320,314,61787,61787,Surrey Central Station @ Bay 14,Surrey Central Station @ Bay 14,61787,Surrey Central Station,86790,87330,in_service_layover,28.29783491981995,35.05128692941604,38.08946933412193,540,9.0,24:06:30,24:15:30,False,,no_dispenser,0
2161576,heavy,320.0,31.0,40-ft,STC,1,MF,14874439,14874505,501,501,61035,55210,Surrey Central Station @ Bay 12,Surrey Central Station @ Bay 2,61035,Surrey Central Station,87270,88410,in_service_layover,51.91598074121849,66.07666135821873,79.86623867988135,1140,19.0,24:14:30,24:33:30,False,,no_dispenser,0
2161653,heavy,320.0,41.0,40-ft,STC,1,MF,14866193,14866115,335,335,55714,55836,Surrey Central Station @ Bay 6,Surrey Central Station @ Bay 3,55714,Surrey Central Station,87390,88650,in_service_layover,68.3035701564043,79.2831207145282,61.92466514781876,1260,21.0,24:16:30,24:37:30,False,,no_dispenser,0
2161920,heavy,320.0,22.0,40-ft,STC,1,MF,14863426,14863326,320,320,61035,55713,Surrey Central Station @ Bay 12,Surrey Central Station @ Bay 5,61035,Surrey Central Station,88530,88830,in_service_layover,46.84104762324772,50.671011828123405,21.60099811549884,300,5.0,24:35:30,24:40:30,False,,no_dispenser,0
2161625,heavy,320.0,12.0,40-ft,STC,1,MF,14866194,14866116,335,335,55714,55836,Surrey Central Station @ Bay 6,Surrey Central Station @ Bay 3,55714,Surrey Central Station,89670,90630,in_service_layover,53.064254707143355,65.14398727913495,68.12969170603265,960,16.0,24:54:30,25:10:30,False,,no_dispenser,0
2161546,heavy,320.0,2.0,40-ft,STC,1,MF,14862481,14863855,314,321,56395,61035,Surrey Central Station @ Bay 1 Unloading Only,Surrey Central Station @ Bay 12,56395,Surrey Central Station,89970,90390,in_service_layover,29.71699319409505,34.971286619232814,29.634214917777,420,7.0,24:59:30,25:06:30,False,,no_dispenser,0
2161630,heavy,502.0,21.0,40-ft,STC,1,MF,14874830,14863331,502,320,56395,55713,Surrey Central Station @ Bay 1 Unloading Only,Surrey Central Station @ Bay 5,56395,Surrey Central Station,91290,92310,in_service_layover,43.1068783665323,56.2849231708695,74.3241726964618,1020,17.0,25:21:30,25:38:30,False,,no_dispenser,0
2160687,heavy,130.0,6.0,40-ft,BTC,1,MF,14886021,14886149,N17,N24,60358,59832,UBC Exchange @ Unloading Only,Southbound Howe St @ Dunsmuir St,60358,UBC Exchange,10530,10830,interline_start,48.470166656402185,52.31785233506163,21.70094722763929,300,5.0,02:55:30,03:00:30,False,,no_dispenser,0
2164521,heavy,9.0,1.0,40-ft,VTC,1,MF,14901840,14901736,009,009,58895,58895,UBC Exchange @ Bay 9,UBC Exchange @ Bay 9,58895,UBC Exchange,27510,27990,in_service_layover,62.04518656329091,67.77753341299746,32.33043623234494,480,8.0,07:38:30,07:46:30,False,,no_dispenser,0
2164522,heavy,9.0,2.0,40-ft,VTC,1,MF,14901841,14901738,009,009,58895,58895,UBC Exchange @ Bay 9,UBC Exchange @ Bay 9,58895,UBC Exchange,28110,29070,in_service_layover,62.04518656329091,72.45304070616562,58.70029736581341,960,16.0,07:48:30,08:04:30,False,,no_dispenser,0
2164524,heavy,9.0,10.0,40-ft,VTC,1,MF,14901847,14901744,009,009,58895,58895,UBC Exchange @ Bay 9,UBC Exchange @ Bay 9,58895,UBC Exchange,31410,32190,in_service_layover,60.013042854033735,69.14600252909099,51.509892567322936,780,13.0,08:43:30,08:56:30,False,,no_dispenser,0
2164525,heavy,9.0,3.0,40-ft,VTC,1,MF,14901850,14901746,009,009,58895,58895,UBC Exchange @ Bay 9,UBC Exchange @ Bay 9,58895,UBC Exchange,32790,33270,in_service_layover,62.04518656329091,67.77753341299746,32.33043623234494,480,8.0,09:06:30,09:14:30,False,,no_dispenser,0
2160107,heavy,33.0,81.0,40-ft,VTC,1,MF,14838475,14838415,033,033,60358,60158,UBC Exchange @ Unloading Only,UBC Exchange @ Bay 1,60358,UBC Exchange,33390,33930,in_service_layover,64.61437284032274,70.69376880118709,34.28779321927493,540,9.0,09:16:30,09:25:30,False,,no_dispenser,0
2160156,heavy,44.0,21.0,40-ft,BTC,1,MF,14839225,14839186,044,044,60358,60160,UBC Exchange @ Unloading Only,UBC Exchange @ Bay 3,60358,UBC Exchange,34410,35010,in_service_layover,56.246003034146156,63.91608585428913,43.25926710560634,600,10.0,09:33:30,09:43:30,False,,no_dispenser,0
2160104,heavy,33.0,82.0,40-ft,VTC,1,MF,14838494,14838453,033,033,60358,60158,UBC Exchange @ Unloading Only,UBC Exchange @ Bay 1,60358,UBC Exchange,35130,35670,in_service_layover,64.61437284032274,70.69376880118709,34.28779321927493,540,9.0,09:45:30,09:54:30,False,,no_dispenser,0
2160165,heavy,44.0,28.0,40-ft,BTC,1,MF,14839265,14839187,044,044,60358,60160,UBC Exchange @ Unloading Only,UBC Exchange @ Bay 3,60358,UBC Exchange,35310,36210,in_service_layover,68.85559054309951,77.30796713523274,47.671403979631464,900,15.0,09:48:30,10:03:30,False,,no_dispenser,0
2160105,heavy,33.0,83.0,40-ft,VTC,1,MF,14838530,14838417,033,033,60358,60158,UBC Exchange @ Unloading Only,UBC Exchange @ Bay 1,60358,UBC Exchange,35850,36630,in_service_layover,64.61437284032274,72.95060162482864,47.016330344613266,780,13.0,09:57:30,10:10:30,False,,no_dispenser,0
2164521,heavy,9.0,1.0,40-ft,VTC,1,MF,14901857,14901750,009,009,58895,58895,UBC Exchange @ Bay 9,UBC Exchange @ Bay 9,58895,UBC Exchange,35970,36210,in_service_layover,51.68466779363368,54.79503840813948,17.542490265812717,240,4.0,09:59:30,10:03:30,False,,no_dispenser,0
2164522,heavy,9.0,2.0,40-ft,VTC,1,MF,14901859,14901752,009,009,58895,58895,UBC Exchange @ Bay 9,UBC Exchange @ Bay 9,58895,UBC Exchange,36930,37650,in_service_layover,56.36017508680185,65.40541026947557,51.01512643027979,720,12.0,10:15:30,10:27:30,False,,no_dispenser,0
2160113,heavy,33.0,84.0,40-ft,VTC,1,MF,14838478,14838429,033,033,60358,60158,UBC Exchange @ Unloading Only,UBC Exchange @ Bay 1,60358,UBC Exchange,37170,37530,in_service_layover,64.61437284032274,68.81497372096113,23.69138896680056,360,6.0,10:19:30,10:25:30,False,,no_dispenser,0
2160110,heavy,33.0,85.0,40-ft,VTC,1,MF,14838479,14838430,033,033,60358,60158,UBC Exchange @ Unloading Only,UBC Exchange @ Bay 1,60358,UBC Exchange,37890,38430,in_service_layover,64.61437284032274,70.69376880118709,34.28779321927493,540,9.0,10:31:30,10:40:30,False,,no_dispenser,0
2164528,heavy,9.0,6.0,40-ft,VTC,1,MF,14901861,14901754,009,009,58895,58895,UBC Exchange @ Bay 9,UBC Exchange @ Bay 9,58895,UBC Exchange,37950,38910,in_service_layover,58.152022804855065,69.42019804368876,63.55250834702207,960,16.0,10:32:30,10:48:30,False,,no_dispenser,0
2160160,heavy,44.0,1.0,40-ft,BTC,1,MF,14839229,14839199,044,044,60358,60160,UBC Exchange @ Unloading Only,UBC Exchange @ Bay 3,60358,UBC Exchange,38010,38310,in_service_layover,61.62995652423472,65.34568013391352,20.956681158588424,300,5.0,10:33:30,10:38:30,False,,no_dispenser,0
2160103,heavy,33.0,86.0,40-ft,VTC,1,MF,14838480,14838431,033,033,60358,60158,UBC Exchange @ Unloading Only,UBC Exchange @ Bay 1,60358,UBC Exchange,38610,39330,in_service_layover,64.61437284032274,72.41298893864831,43.98419479455623,720,12.0,10:43:30,10:55:30,False,,no_dispenser,0
2160109,heavy,33.0,87.0,40-ft,VTC,1,MF,14838531,14838433,033,033,60358,60158,UBC Exchange @ Unloading Only,UBC Exchange @ Bay 1,60358,UBC Exchange,39330,40110,in_service_layover,64.61437284032274,72.95060162482864,47.016330344613266,780,13.0,10:55:30,11:08:30,False,,no_dispenser,0
2160107,heavy,33.0,81.0,40-ft,VTC,1,MF,14838482,14838434,033,033,60358,60158,UBC Exchange @ Unloading Only,UBC Exchange @ Bay 1,60358,UBC Exchange,40830,41010,in_service_layover,56.44319675218156,58.817247071760534,13.389643802425496,180,3.0,11:20:30,11:23:30,False,,no_dispenser,0
2160114,heavy,33.0,88.0,40-ft,VTC,1,MF,14838483,14838435,033,033,60358,60158,UBC Exchange @ Unloading Only,UBC Exchange @ Bay 1,60358,UBC Exchange,41670,41910,in_service_layover,64.61437284032274,67.47421336796705,16.129500575913937,240,4.0,11:34:30,11:38:30,False,,no_dispenser,0
2160104,heavy,33.0,82.0,40-ft,VTC,1,MF,14838484,14838436,033,033,60358,60158,UBC Exchange @ Unloading Only,UBC Exchange @ Bay 1,60358,UBC Exchange,42570,42810,in_service_layover,56.44319675218156,59.61265546130448,17.875747119453308,240,4.0,11:49:30,11:53:30,False,,no_dispenser,0
2160105,heavy,33.0,83.0,40-ft,VTC,1,MF,14838485,14838437,033,033,60358,60158,UBC Exchange @ Unloading Only,UBC Exchange @ Bay 1,60358,UBC Exchange,43470,43710,in_service_layover,58.700029575823095,61.83569526061968,17.68515446225274,240,4.0,12:04:30,12:08:30,False,,no_dispenser,0
2160113,heavy,33.0,84.0,40-ft,VTC,1,MF,14838486,14838425,033,033,60358,60158,UBC Exchange @ Unloading Only,UBC Exchange @ Bay 1,60358,UBC Exchange,44370,44610,in_service_layover,54.5644016719556,57.71211649085563,17.753111578596133,240,4.0,12:19:30,12:23:30,False,,no_dispenser,0
2160110,heavy,33.0,85.0,40-ft,VTC,1,MF,14838487,14838449,033,033,60358,60158,UBC Exchange @ Unloading Only,UBC Exchange @ Bay 1,60358,UBC Exchange,45270,45510,in_service_layover,56.44319675218156,59.61265546130448,17.875747119453308,240,4.0,12:34:30,12:38:30,False,,no_dispenser,0
2160103,heavy,33.0,86.0,40-ft,VTC,1,MF,14838488,14838438,033,033,60358,60158,UBC Exchange @ Unloading Only,UBC Exchange @ Bay 1,60358,UBC Exchange,46170,46410,in_service_layover,58.16241688964278,61.313765981944194,17.773608880580014,240,4.0,12:49:30,12:53:30,False,,no_dispenser,0
2160107,heavy,33.0,81.0,40-ft,VTC,1,MF,14838468,14838440,033,033,60358,60158,UBC Exchange @ Unloading Only,UBC Exchange @ Bay 1,60358,UBC Exchange,47970,48150,in_service_layover,44.56667502275501,46.85123966237105,12.884944567434502,180,3.0,13:19:30,13:22:30,False,,no_dispenser,0
2160114,heavy,33.0,88.0,40-ft,VTC,1,MF,14838490,14838441,033,033,60358,60158,UBC Exchange @ Unloading Only,UBC Exchange @ Bay 1,60358,UBC Exchange,48870,49050,in_service_layover,53.22364131896151,55.56637839713431,13.213037120894512,180,3.0,13:34:30,13:37:30,False,,no_dispenser,0
2160104,heavy,33.0,82.0,40-ft,VTC,1,MF,14838495,14838442,033,033,60358,60158,UBC Exchange @ Unloading Only,UBC Exchange @ Bay 1,60358,UBC Exchange,49770,49950,in_service_layover,45.362083412298944,47.648723816033716,12.89665187706413,180,3.0,13:49:30,13:52:30,False,,no_dispenser,0
2160105,heavy,33.0,83.0,40-ft,VTC,1,MF,14838496,14838461,033,033,60358,60158,UBC Exchange @ Unloading Only,UBC Exchange @ Bay 1,60358,UBC Exchange,50730,51690,in_service_layover,47.58512321161415,59.99802196956948,70.00874899486809,960,16.0,14:05:30,14:21:30,False,,no_dispenser,0
2160113,heavy,33.0,84.0,40-ft,VTC,1,MF,14838497,14838444,033,033,60358,60158,UBC Exchange @ Unloading Only,UBC Exchange @ Bay 1,60358,UBC Exchange,51630,52470,in_service_layover,43.46154444185009,54.273057387618394,60.976933014133294,840,14.0,14:20:30,14:34:30,False,,no_dispenser,0
2160110,heavy,33.0,85.0,40-ft,VTC,1,MF,14838498,14838445,033,033,60358,60158,UBC Exchange @ Unloading Only,UBC Exchange @ Bay 1,60358,UBC Exchange,52590,53370,in_service_layover,45.362083412298944,55.43591595243943,56.81641552639235,780,13.0,14:36:30,14:49:30,False,,no_dispenser,0
2160103,heavy,33.0,86.0,40-ft,VTC,1,MF,14838499,14838411,033,033,60358,60158,UBC Exchange @ Unloading Only,UBC Exchange @ Bay 1,60358,UBC Exchange,53550,53910,in_service_layover,47.06319393293866,51.67052360731774,25.985339363498042,360,6.0,14:52:30,14:58:30,False,,no_dispenser,0
2164530,heavy,9.0,5.0,40-ft,VTC,1,MF,14901884,14901784,009,009,58895,58895,UBC Exchange @ Bay 9,UBC Exchange @ Bay 9,58895,UBC Exchange,54030,54810,in_service_layover,36.4312539089769,46.30700969723632,55.69926264578311,780,13.0,15:00:30,15:13:30,False,,no_dispenser,0
2160109,heavy,33.0,87.0,40-ft,VTC,1,MF,14838500,14838412,033,033,60358,60158,UBC Exchange @ Unloading Only,UBC Exchange @ Bay 1,60358,UBC Exchange,54390,54930,in_service_layover,44.44945752681757,51.35251898115973,38.93326660248982,540,9.0,15:06:30,15:15:30,False,,no_dispenser,0
2164528,heavy,9.0,6.0,40-ft,VTC,1,MF,14901885,14901786,009,009,58895,58895,UBC Exchange @ Bay 9,UBC Exchange @ Bay 9,58895,UBC Exchange,54690,55590,in_service_layover,41.127630563397055,52.6630385149776,65.05970084691427,900,15.0,15:11:30,15:26:30,False,,no_dispenser,0
2164531,heavy,9.0,7.0,40-ft,VTC,1,MF,14901887,14901789,009,009,58895,58895,UBC Exchange @ Bay 9,UBC Exchange @ Bay 9,58895,UBC Exchange,55770,56550,in_service_layover,38.463397618234076,48.37195730931336,55.88427665768717,780,13.0,15:29:30,15:42:30,False,,no_dispenser,0
2160107,heavy,33.0,81.0,40-ft,VTC,1,MF,14838502,14838414,033,033,60358,60158,UBC Exchange @ Unloading Only,UBC Exchange @ Bay 1,60358,UBC Exchange,56130,56790,in_service_layover,32.60066761336551,40.907111860482026,46.848345553737175,660,11.0,15:35:30,15:46:30,False,,no_dispenser,0
2164534,heavy,9.0,8.0,40-ft,VTC,1,MF,14901889,14901791,009,009,58895,58895,UBC Exchange @ Bay 9,UBC Exchange @ Bay 9,58895,UBC Exchange,56790,57450,in_service_layover,36.4312539089769,44.7743524209957,47.05507560778605,660,11.0,15:46:30,15:57:30,False,,no_dispenser,0
2160114,heavy,33.0,88.0,40-ft,VTC,1,MF,14838503,14838418,033,033,60358,60158,UBC Exchange @ Unloading Only,UBC Exchange @ Bay 1,60358,UBC Exchange,57030,57690,in_service_layover,41.31580634812877,49.721980635195415,47.41082297905592,660,11.0,15:50:30,16:01:30,False,,no_dispenser,0
2160104,heavy,33.0,82.0,40-ft,VTC,1,MF,14838504,14838466,033,033,60358,60158,UBC Exchange @ Unloading Only,UBC Exchange @ Bay 1,60358,UBC Exchange,57870,58590,in_service_layover,33.398151767028175,42.47408040295552,51.18823750663023,720,12.0,16:04:30,16:16:30,False,,no_dispenser,0
2160105,heavy,33.0,83.0,40-ft,VTC,1,MF,14838505,14838420,033,033,60358,60158,UBC Exchange @ Unloading Only,UBC Exchange @ Bay 1,60358,UBC Exchange,59670,60390,in_service_layover,45.74744992056395,55.03817721272933,52.39970192781277,720,12.0,16:34:30,16:46:30,False,,no_dispenser,0
2160113,heavy,33.0,84.0,40-ft,VTC,1,MF,14838506,14838421,033,033,60358,60158,UBC Exchange @ Unloading Only,UBC Exchange @ Bay 1,60358,UBC Exchange,60570,61290,in_service_layover,40.02248533861286,49.182870186690096,51.664570543155605,720,12.0,16:49:30,17:01:30,False,,no_dispenser,0
2160151,heavy,44.0,11.0,40-ft,BTC,1,MF,14839207,14839209,044,044,54592,60160,Eastbound Marine Dr @ 25 St,UBC Exchange @ Bay 3,60160,UBC Exchange,61230,61530,interline_end,66.61554728746151,70.02819069723083,19.24730883109902,300,5.0,17:00:30,17:05:30,False,,no_dispenser,0
2160110,heavy,33.0,85.0,40-ft,VTC,1,MF,14838507,14838422,033,033,60358,60158,UBC Exchange @ Unloading Only,UBC Exchange @ Bay 1,60358,UBC Exchange,61470,62190,in_service_layover,41.18534390343389,50.367562575905424,51.78771331273941,720,12.0,17:04:30,17:16:30,False,,no_dispenser,0
2160103,heavy,33.0,86.0,40-ft,VTC,1,MF,14838523,14838423,033,033,60358,60158,UBC Exchange @ Unloading Only,UBC Exchange @ Bay 1,60358,UBC Exchange,62370,63210,in_service_layover,37.419951558312206,48.08482148016404,60.14986635924433,840,14.0,17:19:30,17:33:30,False,,no_dispenser,0
2160109,heavy,33.0,87.0,40-ft,VTC,1,MF,14838508,14838424,033,033,60358,60158,UBC Exchange @ Unloading Only,UBC Exchange @ Bay 1,60358,UBC Exchange,63270,64110,in_service_layover,37.10194693215419,47.760867334078974,60.116311066855786,840,14.0,17:34:30,17:48:30,False,,no_dispenser,0
2164530,heavy,9.0,5.0,40-ft,VTC,1,MF,14901906,14901804,009,009,58895,58895,UBC Exchange @ Bay 9,UBC Exchange @ Bay 9,58895,UBC Exchange,63750,64530,in_service_layover,30.214144077872536,40.01692407343146,55.28767917495233,780,13.0,17:42:30,17:55:30,False,,no_dispenser,0
2160112,heavy,33.0,95.0,40-ft,VTC,1,MF,14838509,14838446,033,033,60358,60158,UBC Exchange @ Unloading Only,UBC Exchange @ Bay 1,60358,UBC Exchange,64110,65070,in_service_layover,64.61437284032274,74.45705662118678,55.512736524073205,960,16.0,17:48:30,18:04:30,False,,no_dispenser,0
2160262,heavy,84.0,20.0,40-ft,VTC,1,MF,14840844,14840750,084,084,60358,60159,UBC Exchange @ Unloading Only,UBC Exchange @ Bay 2,60358,UBC Exchange,64290,64590,in_service_layover,69.15604931850501,72.39423487314515,18.263366528170422,300,5.0,17:51:30,17:56:30,False,,no_dispenser,0
2164528,heavy,9.0,6.0,40-ft,VTC,1,MF,14901908,14901805,009,009,58895,58895,UBC Exchange @ Bay 9,UBC Exchange @ Bay 9,58895,UBC Exchange,64590,65430,in_service_layover,36.570172895613815,47.21954165342695,60.06243979406605,840,14.0,17:56:30,18:10:30,False,,no_dispenser,0
2160107,heavy,33.0,81.0,40-ft,VTC,1,MF,14838510,14838447,033,033,60358,60158,UBC Exchange @ Unloading Only,UBC Exchange @ Bay 1,60358,UBC Exchange,65010,65970,in_service_layover,26.656539811476488,38.696097435780395,67.90310500107407,960,16.0,18:03:30,18:19:30,False,,no_dispenser,0
2160162,heavy,84.0,90.0,40-ft,VTC,1,MF,14839253,14839197,044,044,60358,60160,UBC Exchange @ Unloading Only,UBC Exchange @ Bay 3,60358,UBC Exchange,65550,65910,in_service_layover,66.45538950371582,70.51302304015786,22.885053145533163,360,6.0,18:12:30,18:18:30,False,,no_dispenser,0
2160104,heavy,33.0,82.0,40-ft,VTC,1,MF,14838474,14838448,033,033,60358,60158,UBC Exchange @ Unloading Only,UBC Exchange @ Bay 1,60358,UBC Exchange,66810,67050,in_service_layover,28.223508353949978,31.214736674033723,16.870527725272325,240,4.0,18:33:30,18:37:30,False,,no_dispenser,0
2160268,heavy,84.0,21.0,40-ft,VTC,1,MF,14840874,14840804,084,084,60358,60159,UBC Exchange @ Unloading Only,UBC Exchange @ Bay 2,60358,UBC Exchange,66990,67230,in_service_layover,68.62649961649171,71.28218505267586,14.978065860078573,240,4.0,18:36:30,18:40:30,False,,no_dispenser,0
2159982,heavy,25.0,39.0,40-ft,VTC,1,MF,14836704,14836565,025,025,60358,60164,UBC Exchange @ Unloading Only,UBC Exchange @ Bay 6,60358,UBC Exchange,67110,67950,in_service_layover,66.80045728988408,75.22747346474723,47.52837122622816,840,14.0,18:38:30,18:52:30,False,,no_dispenser,0
2160161,heavy,84.0,89.0,40-ft,VTC,1,MF,14839218,14839198,044,044,60358,60160,UBC Exchange @ Unloading Only,UBC Exchange @ Bay 3,60358,UBC Exchange,67230,67710,in_service_layover,61.41021469472406,67.20468234681718,32.680797557805136,480,8.0,18:40:30,18:48:30,False,,no_dispenser,0
2160108,heavy,33.0,94.0,40-ft,VTC,1,MF,14838511,14838450,033,033,60358,60158,UBC Exchange @ Unloading Only,UBC Exchange @ Bay 1,60358,UBC Exchange,67710,67950,in_service_layover,57.37311125262422,60.53883672858468,17.85469168441699,240,4.0,18:48:30,18:52:30,False,,no_dispenser,0
2160105,heavy,33.0,83.0,40-ft,VTC,1,MF,14838512,14838451,033,033,60358,60158,UBC Exchange @ Unloading Only,UBC Exchange @ Bay 1,60358,UBC Exchange,68610,69030,in_service_layover,40.787605163723796,46.1093104390957,30.014417753097575,420,7.0,19:03:30,19:10:30,False,,no_dispenser,0
2159961,heavy,25.0,41.0,40-ft,VTC,1,MF,14836631,14836575,025,025,60358,60164,UBC Exchange @ Unloading Only,UBC Exchange @ Bay 6,60358,UBC Exchange,68910,69750,in_service_layover,66.80045728988408,75.22747346474723,47.52837122622816,840,14.0,19:08:30,19:22:30,False,,no_dispenser,0
2160262,heavy,84.0,20.0,40-ft,VTC,1,MF,14840847,14840791,084,084,60358,60159,UBC Exchange @ Unloading Only,UBC Exchange @ Bay 2,60358,UBC Exchange,69690,70050,in_service_layover,64.68835909167764,68.88337536071286,23.65989175735865,360,6.0,19:21:30,19:27:30,False,,no_dispenser,0
2159970,heavy,25.0,35.0,40-ft,VTC,1,MF,14836634,14836566,025,025,60358,60164,UBC Exchange @ Unloading Only,UBC Exchange @ Bay 6,60358,UBC Exchange,71130,71550,in_service_layover,59.08506496192035,64.40393668216284,29.99843650216758,420,7.0,19:45:30,19:52:30,False,,no_dispenser,0
2160109,heavy,33.0,87.0,40-ft,VTC,1,MF,14838514,14838432,033,033,60358,60158,UBC Exchange @ Unloading Only,UBC Exchange @ Bay 1,60358,UBC Exchange,71310,71850,in_service_layover,33.51029528507343,40.30455590948453,38.31962992167857,540,9.0,19:48:30,19:57:30,False,,no_dispenser,0
2160268,heavy,84.0,21.0,40-ft,VTC,1,MF,14840831,14840793,084,084,60358,60159,UBC Exchange @ Unloading Only,UBC Exchange @ Bay 2,60358,UBC Exchange,72150,72450,in_service_layover,64.90217232886067,68.42350032822621,19.860289916421664,300,5.0,20:02:30,20:07:30,False,,no_dispenser,0
2160107,heavy,33.0,81.0,40-ft,VTC,1,MF,14838515,14838455,033,033,60358,60158,UBC Exchange @ Unloading Only,UBC Exchange @ Bay 1,60358,UBC Exchange,72810,73650,in_service_layover,24.445525386774857,34.93916955135239,59.18415308821727,840,14.0,20:13:30,20:27:30,False,,no_dispenser,0
2160262,heavy,84.0,20.0,40-ft,VTC,1,MF,14840833,14840795,084,084,60358,60159,UBC Exchange @ Unloading Only,UBC Exchange @ Bay 2,60358,UBC Exchange,74430,74850,in_service_layover,60.01360427990332,65.2500672827482,29.533651336045125,420,7.0,20:40:30,20:47:30,False,,no_dispenser,0
2160108,heavy,33.0,94.0,40-ft,VTC,1,MF,14838516,14838456,033,033,60358,60158,UBC Exchange @ Unloading Only,UBC Exchange @ Bay 1,60358,UBC Exchange,74550,75450,in_service_layover,46.28826467957914,57.956669596961916,65.80980373403884,900,15.0,20:42:30,20:57:30,False,,no_dispenser,0
2160110,heavy,33.0,85.0,40-ft,VTC,1,MF,14838517,14838457,033,033,60358,60158,UBC Exchange @ Unloading Only,UBC Exchange @ Bay 1,60358,UBC Exchange,76350,77250,in_service_layover,21.866418477894335,33.0827048328752,63.259855042092084,900,15.0,21:12:30,21:27:30,False,,no_dispenser,0
2160268,heavy,84.0,21.0,40-ft,VTC,1,MF,14840835,14840797,084,084,60358,60159,UBC Exchange @ Unloading Only,UBC Exchange @ Bay 2,60358,UBC Exchange,76890,77310,in_service_layover,60.27600277394337,65.49075431747052,29.41119870549312,420,7.0,21:21:30,21:28:30,False,,no_dispenser,0
2160109,heavy,33.0,87.0,40-ft,VTC,1,MF,14838518,14838458,033,033,60358,60158,UBC Exchange @ Unloading Only,UBC Exchange @ Bay 1,60358,UBC Exchange,78150,79050,in_service_layover,26.053983860478986,37.3257653228072,63.57284744753116,900,15.0,21:42:30,21:57:30,False,,no_dispenser,0
2160107,heavy,33.0,81.0,40-ft,VTC,1,MF,14838519,14838459,033,033,60358,60158,UBC Exchange @ Unloading Only,UBC Exchange @ Bay 1,60358,UBC Exchange,79950,80850,in_service_layover,20.688597502346845,31.89683442228627,63.214456228458346,900,15.0,22:12:30,22:27:30,False,,no_dispenser,0
2160108,heavy,33.0,94.0,40-ft,VTC,1,MF,14838520,14838460,033,033,60358,60158,UBC Exchange @ Unloading Only,UBC Exchange @ Bay 1,60358,UBC Exchange,81750,82650,in_service_layover,43.70609754795638,55.320461144400525,65.50501068394499,900,15.0,22:42:30,22:57:30,False,,no_dispenser,0
2160270,heavy,84.0,7.0,40-ft,VTC,1,MF,14840771,14840854,084,084,59767,59803,VCC-Clark Station @ Unloading Only,VCC-Clark Station @ Bay 1,59767,VCC-Clark Station,29190,29790,in_service_layover,69.96005609542682,75.87612049144623,33.36660319354945,600,10.0,08:06:30,08:16:30,False,,no_dispenser,0
2160262,heavy,84.0,20.0,40-ft,VTC,1,MF,14840765,14840844,084,084,59767,59803,VCC-Clark Station @ Unloading Only,VCC-Clark Station @ Bay 1,59767,VCC-Clark Station,61170,61710,in_service_layover,69.96005609542682,75.36430128588685,30.479942874194478,540,9.0,16:59:30,17:08:30,False,,no_dispenser,0
2160268,heavy,84.0,21.0,40-ft,VTC,1,MF,14840784,14840874,084,084,59767,59803,VCC-Clark Station @ Unloading Only,VCC-Clark Station @ Bay 1,59767,VCC-Clark Station,64050,64530,in_service_layover,69.96005609542682,74.83475158387355,27.49328255483954,480,8.0,17:47:30,17:55:30,False,,no_dispenser,0
2160262,heavy,84.0,20.0,40-ft,VTC,1,MF,14840750,14840847,084,084,59767,59803,VCC-Clark Station @ Unloading Only,VCC-Clark Station @ Bay 1,59767,VCC-Clark Station,66990,67290,in_service_layover,67.54601929822057,70.89661105905948,18.897337531131427,300,5.0,18:36:30,18:41:30,False,,no_dispenser,0
2160268,heavy,84.0,21.0,40-ft,VTC,1,MF,14840804,14840831,084,084,59767,59803,VCC-Clark Station @ Unloading Only,VCC-Clark Station @ Bay 1,59767,VCC-Clark Station,69570,69990,in_service_layover,66.43396947775129,71.11042429624251,26.375205176290535,420,7.0,19:19:30,19:26:30,False,,no_dispenser,0
2160262,heavy,84.0,20.0,40-ft,VTC,1,MF,14840791,14840833,084,084,59767,59803,VCC-Clark Station @ Unloading Only,VCC-Clark Station @ Bay 1,59767,VCC-Clark Station,72210,72390,in_service_layover,64.03515978578828,66.22185624728516,12.332968042842367,180,3.0,20:03:30,20:06:30,False,,no_dispenser,0
2160268,heavy,84.0,21.0,40-ft,VTC,1,MF,14840793,14840835,084,084,59767,59803,VCC-Clark Station @ Unloading Only,VCC-Clark Station @ Bay 1,59767,VCC-Clark Station,74610,74850,in_service_layover,63.575284753301645,66.4842547413252,16.406590732452912,240,4.0,20:43:30,20:47:30,False,,no_dispenser,0
2160262,heavy,84.0,20.0,40-ft,VTC,1,MF,14840795,14840837,084,084,59767,59803,VCC-Clark Station @ Unloading Only,VCC-Clark Station @ Bay 1,59767,VCC-Clark Station,76890,77250,in_service_layover,60.40185170782362,64.90526648031839,25.39925931687054,360,6.0,21:21:30,21:27:30,False,,no_dispenser,0
2162340,heavy,410.0,1.0,40-ft,HTC,2,SAT,14873425,14873483,410,410,58322,52230,22nd Street Station @ Unloading Only,22nd Street Station @ Bay 4,58322,22nd Street Station,26010,26850,in_service_layover,60.39867549853019,70.04903463864008,54.42802555021973,840,14.0,07:13:30,07:27:30,True,1,,2
2160396,heavy,100.0,2.0,40-ft,HTC,2,SAT,14842255,14842362,100,100,58322,55933,22nd Street Station @ Unloading Only,22nd Street Station @ Bay 6,58322,22nd Street Station,27270,27690,in_service_layover,69.38942574700471,73.7754026396099,24.73690967429326,420,7.0,07:34:30,07:41:30,True,2,,2
2160481,heavy,410.0,3.0,40-ft,HTC,2,SAT,14873411,14873513,410,410,58322,52230,22nd Street Station @ Unloading Only,22nd Street Station @ Bay 4,58322,22nd Street Station,28350,29250,in_service_layover,60.39867549853019,70.61347547211827,57.611471851036754,900,15.0,07:52:30,08:07:30,True,1,,2
2160397,heavy,100.0,3.0,40-ft,HTC,2,SAT,14842240,14842333,100,100,58322,55933,22nd Street Station @ Unloading Only,22nd Street Station @ Bay 6,58322,22nd Street Station,28770,29190,in_service_layover,69.73565342975722,74.08619382555895,24.53704783232166,420,7.0,07:59:30,08:06:30,True,2,,2
2160392,heavy,100.0,4.0,40-ft,HTC,2,SAT,14842252,14842338,100,100,58322,55933,22nd Street Station @ Unloading Only,22nd Street Station @ Bay 6,58322,22nd Street Station,29490,29910,in_service_layover,69.41926139449674,73.80219635641213,24.719753185202762,420,7.0,08:11:30,08:18:30,True,2,,2
2162335,heavy,410.0,4.0,40-ft,HTC,2,SAT,14873434,14873506,410,410,58322,52230,22nd Street Station @ Unloading Only,22nd Street Station @ Bay 4,58322,22nd Street Station,29490,30150,in_service_layover,60.39867549853019,68.24933124492902,44.277698409689435,660,11.0,08:11:30,08:22:30,True,1,,2
2160476,heavy,410.0,8.0,40-ft,HTC,2,SAT,14843699,14843728,104,104,58322,53497,22nd Street Station @ Unloading Only,22nd Street Station @ Bay 3,58322,22nd Street Station,30690,31110,in_service_layover,68.97846868772483,73.4061243446445,24.97197790502696,420,7.0,08:31:30,08:38:30,True,2,,2
2160480,heavy,410.0,6.0,40-ft,HTC,2,SAT,14873412,14873485,410,410,58322,52230,22nd Street Station @ Unloading Only,22nd Street Station @ Bay 4,58322,22nd Street Station,30750,31050,in_service_layover,60.39867549853019,64.18716985440902,21.36710816715663,300,5.0,08:32:30,08:37:30,True,1,,2
2160429,heavy,151.0,21.0,40-ft,PCT,2,SAT,14846597,14846562,128,128,58322,52183,22nd Street Station @ Unloading Only,22nd Street Station @ Bay 8,58322,22nd Street Station,31590,32010,in_service_layover,66.74105550988241,71.38832984819256,26.210627268069118,420,7.0,08:46:30,08:53:30,True,1,,2
2160391,heavy,100.0,5.0,40-ft,HTC,2,SAT,14842272,14842363,100,100,58322,55933,22nd Street Station @ Unloading Only,22nd Street Station @ Bay 6,58322,22nd Street Station,31650,32190,in_service_layover,68.40685612491063,74.01452057102415,31.627227476080236,540,9.0,08:47:30,08:56:30,True,2,,2
2160394,heavy,100.0,1.0,40-ft,HTC,2,SAT,14842251,14842327,100,100,58322,55933,22nd Street Station @ Unloading Only,22nd Street Station @ Bay 6,58322,22nd Street Station,32430,32850,in_service_layover,63.60149660032622,68.53615603544266,27.83147921405663,420,7.0,09:00:30,09:07:30,True,1,,2
2160478,heavy,410.0,9.0,40-ft,HTC,2,SAT,14843712,14843745,104,104,58322,53497,22nd Street Station @ Unloading Only,22nd Street Station @ Bay 3,58322,22nd Street Station,32490,32970,in_service_layover,65.15060434312045,70.56483893279828,30.53628308578294,480,8.0,09:01:30,09:09:30,True,2,,2
2160428,heavy,151.0,22.0,40-ft,PCT,2,SAT,14842660,14842627,101,101,58322,52373,22nd Street Station @ Unloading Only,22nd Street Station @ Bay 5,58322,22nd Street Station,32610,33330,in_service_layover,68.81862683567999,75.90580293734386,39.97167321338418,720,12.0,09:03:30,09:15:30,False,,busy,2
2162340,heavy,410.0,1.0,40-ft,HTC,2,SAT,14873414,14873487,410,410,58322,52230,22nd Street Station @ Unloading Only,22nd Street Station @ Bay 4,58322,22nd Street Station,32610,33630,in_service_layover,54.748742983448736,67.2419700600577,70.46180071207453,1020,17.0,09:03:30,09:20:30,False,,busy,2
2160396,heavy,100.0,2.0,40-ft,HTC,2,SAT,14842205,14842337,100,100,58322,55933,22nd Street Station @ Unloading Only,22nd Street Station @ Bay 6,58322,22nd Street Station,33150,33570,in_service_layover,64.91389539006583,69.73137455894299,27.17058251246715,420,7.0,09:12:30,09:19:30,True,1,,2
2160425,heavy,151.0,23.0,40-ft,PCT,2,SAT,14846598,14846563,128,128,58322,52183,22nd Street Station @ Unloading Only,22nd Street Station @ Bay 8,58322,22nd Street Station,33270,33810,in_service_layover,68.59774636612826,74.18073084824542,31.48803247914077,540,9.0,09:14:30,09:23:30,True,2,,2
2160475,heavy,410.0,7.0,40-ft,HTC,2,SAT,14873435,14873496,410,410,58322,52230,22nd Street Station @ Unloading Only,22nd Street Station @ Bay 4,58322,22nd Street Station,33510,34470,in_service_layover,58.2613331657735,69.50644060464352,63.42240595522685,960,16.0,09:18:30,09:34:30,False,,busy,2
2160393,heavy,100.0,6.0,40-ft,HTC,2,SAT,14842229,14842326,100,100,58322,55933,22nd Street Station @ Unloading Only,22nd Street Station @ Bay 6,58322,22nd Street Station,33930,34350,in_service_layover,66.89420218168318,71.52683688666737,26.1280597361108,420,7.0,09:25:30,09:32:30,True,1,,2
2160476,heavy,410.0,8.0,40-ft,HTC,2,SAT,14843700,14843733,104,104,58322,53497,22nd Street Station @ Unloading Only,22nd Street Station @ Bay 3,58322,22nd Street Station,34230,34770,in_service_layover,65.53225822817214,71.50073088319306,33.66218577431806,540,9.0,09:30:30,09:39:30,True,2,,2
2160427,heavy,151.0,29.0,40-ft,PCT,2,SAT,14842661,14842628,101,101,58322,52373,22nd Street Station @ Unloading Only,22nd Street Station @ Bay 5,58322,22nd Street Station,34470,35130,in_service_layover,67.78337740413194,74.54125725178206,38.11444234074668,660,11.0,09:34:30,09:45:30,True,1,,2
2160397,heavy,100.0,3.0,40-ft,HTC,2,SAT,14842204,14842347,100,100,58322,55933,22nd Street Station @ Unloading Only,22nd Street Station @ Bay 6,58322,22nd Street Station,34710,35250,in_service_layover,65.61278239716782,71.57142530502759,33.60674600032911,540,9.0,09:38:30,09:47:30,False,,busy,2
2160429,heavy,151.0,21.0,40-ft,PCT,2,SAT,14846599,14846564,128,128,58322,52183,22nd Street Station @ Unloading Only,22nd Street Station @ Bay 8,58322,22nd Street Station,35190,35610,in_service_layover,69.57283982511329,73.94008125688079,24.63124167516861,420,7.0,09:46:30,09:53:30,True,2,,2
2160481,heavy,410.0,3.0,40-ft,HTC,2,SAT,14873426,14873517,410,410,58322,52230,22nd Street Station @ Unloading Only,22nd Street Station @ Bay 4,58322,22nd Street Station,35430,36210,in_service_layover,55.31318381692694,65.14455656468743,55.44894229736917,780,13.0,09:50:30,10:03:30,True,1,,2
2160392,heavy,100.0,4.0,40-ft,HTC,2,SAT,14842273,14842360,100,100,58322,55933,22nd Street Station @ Unloading Only,22nd Street Station @ Bay 6,58322,22nd Street Station,35550,36150,in_service_layover,66.35344519687422,72.7860302887513,36.27977991818676,600,10.0,09:52:30,10:02:30,False,,busy,2
2160478,heavy,410.0,9.0,40-ft,HTC,2,SAT,14843701,14843750,104,104,58322,53497,22nd Street Station @ Unloading Only,22nd Street Station @ Bay 3,58322,22nd Street Station,36150,36570,in_service_layover,62.69097281632592,67.70443835576174,28.275945642418037,420,7.0,10:02:30,10:09:30,True,2,,2
2160388,heavy,100.0,7.0,40-ft,HTC,2,SAT,14842228,14842353,100,100,58322,55933,22nd Street Station @ Unloading Only,22nd Street Station @ Bay 6,58322,22nd Street Station,36270,36870,in_service_layover,68.55563489189448,74.67664239967642,34.5224823438902,600,10.0,10:04:30,10:14:30,True,1,,2
2162335,heavy,410.0,4.0,40-ft,HTC,2,SAT,14873406,14873518,410,410,58322,52230,22nd Street Station @ Unloading Only,22nd Street Station @ Bay 4,58322,22nd Street Station,36330,37050,in_service_layover,52.9490395897377,62.25683274925202,52.49595341966079,720,12.0,10:05:30,10:17:30,False,,busy,2
2160430,heavy,151.0,30.0,40-ft,PCT,2,SAT,14842662,14842629,101,101,58322,52373,22nd Street Station @ Unloading Only,22nd Street Station @ Bay 5,58322,22nd Street Station,36390,36930,in_service_layover,69.69787648781114,75.13687537662524,30.675953732911523,540,9.0,10:06:30,10:15:30,False,,busy,2
2160425,heavy,151.0,23.0,40-ft,PCT,2,SAT,14846600,14846565,128,128,58322,52183,22nd Street Station @ Unloading Only,22nd Street Station @ Bay 8,58322,22nd Street Station,36990,37410,in_service_layover,67.89119124824894,72.42711125196817,25.58258882097647,420,7.0,10:16:30,10:23:30,True,2,,2
2160389,heavy,100.0,8.0,40-ft,HTC,2,SAT,14842235,14842355,100,100,58322,55933,22nd Street Station @ Unloading Only,22nd Street Station @ Bay 6,58322,22nd Street Station,37110,37590,in_service_layover,68.39481943215092,73.45136034386907,28.51889074209032,480,8.0,10:18:30,10:26:30,True,1,,2
2160480,heavy,410.0,6.0,40-ft,HTC,2,SAT,14873437,14873519,410,410,58322,52230,22nd Street Station @ Unloading Only,22nd Street Station @ Bay 4,58322,22nd Street Station,37290,37890,in_service_layover,48.8868781992177,56.6757096444985,43.929009351383684,600,10.0,10:21:30,10:31:30,False,,busy,2
2160391,heavy,100.0,5.0,40-ft,HTC,2,SAT,14842227,14842345,100,100,58322,55933,22nd Street Station @ Unloading Only,22nd Street Station @ Bay 6,58322,22nd Street Station,37890,38430,in_service_layover,66.31553061415413,72.18770738980442,33.11907701466771,540,9.0,10:31:30,10:40:30,True,2,,2
2160476,heavy,410.0,8.0,40-ft,HTC,2,SAT,14843707,14843731,104,104,58322,53497,22nd Street Station @ Unloading Only,22nd Street Station @ Bay 3,58322,22nd Street Station,37950,38250,in_service_layover,63.6268647667207,67.22456779469229,20.291045077759748,300,5.0,10:32:30,10:37:30,True,1,,2
2160479,heavy,410.0,10.0,40-ft,HTC,2,SAT,14873405,14873520,410,410,58322,52230,22nd Street Station @ Unloading Only,22nd Street Station @ Bay 4,58322,22nd Street Station,38190,38790,in_service_layover,58.2613331657735,65.7453014753784,42.209581266171654,600,10.0,10:36:30,10:46:30,False,,busy,2
2160428,heavy,151.0,22.0,40-ft,PCT,2,SAT,14842663,14846566,101,128,58322,52183,22nd Street Station @ Unloading Only,22nd Street Station @ Bay 8,58322,22nd Street Station,38250,38910,in_service_layover,66.1548442697319,73.16525502639794,39.53871666759659,660,11.0,10:37:30,10:48:30,True,1,,2
2160394,heavy,100.0,1.0,40-ft,HTC,2,SAT,14842258,14842364,100,100,58322,55933,22nd Street Station @ Unloading Only,22nd Street Station @ Bay 6,58322,22nd Street Station,38610,39150,in_service_layover,62.50332400389881,68.82995978567675,35.68222580922759,540,9.0,10:43:30,10:52:30,True,2,,2
2160429,heavy,151.0,21.0,40-ft,PCT,2,SAT,14846601,14842631,128,101,58322,52373,22nd Street Station @ Unloading Only,22nd Street Station @ Bay 5,58322,22nd Street Station,38850,40110,in_service_layover,67.6505416568843,78.8086477577477,62.93171840886964,1260,21.0,10:47:30,11:08:30,False,,busy,2
2160578,heavy,410.0,5.0,40-ft,HTC,2,SAT,14873422,14873521,410,410,58322,52230,22nd Street Station @ Unloading Only,22nd Street Station @ Bay 4,58322,22nd Street Station,39090,39570,in_service_layover,48.464764524884025,54.66022536551661,34.94239914116781,480,8.0,10:51:30,10:59:30,True,1,,2
2160396,heavy,100.0,2.0,40-ft,HTC,2,SAT,14842191,14842325,100,100,58322,55933,22nd Street Station @ Unloading Only,22nd Street Station @ Bay 6,58322,22nd Street Station,39330,39810,in_service_layover,62.77338407342196,68.43326732458422,31.921741536555203,480,8.0,10:55:30,11:03:30,True,2,,2
2160478,heavy,410.0,9.0,40-ft,HTC,2,SAT,14843702,14843748,104,104,58322,53497,22nd Street Station @ Unloading Only,22nd Street Station @ Bay 3,58322,22nd Street Station,39750,40050,in_service_layover,59.83057223928937,63.654056697582696,21.564452344774338,300,5.0,11:02:30,11:07:30,True,1,,2
2162340,heavy,410.0,1.0,40-ft,HTC,2,SAT,14873424,14873522,410,410,58322,52230,22nd Street Station @ Unloading Only,22nd Street Station @ Bay 4,58322,22nd Street Station,39990,40410,in_service_layover,51.94167840486637,57.42572160697824,30.93000365991088,420,7.0,11:06:30,11:13:30,True,2,,2
2160427,heavy,151.0,29.0,40-ft,PCT,2,SAT,14842664,14846567,101,128,58322,52183,22nd Street Station @ Unloading Only,22nd Street Station @ Bay 8,58322,22nd Street Station,40110,40710,in_service_layover,69.70852904961964,75.66165534769202,33.57563232112824,600,10.0,11:08:30,11:18:30,True,1,,2
2160393,heavy,100.0,6.0,40-ft,HTC,2,SAT,14842236,14842324,100,100,58322,55933,22nd Street Station @ Unloading Only,22nd Street Station @ Bay 6,58322,22nd Street Station,40290,41250,in_service_layover,66.39825202801426,75.83895455218469,53.245562236321234,960,16.0,11:11:30,11:27:30,False,,busy,2
2160397,heavy,100.0,3.0,40-ft,HTC,2,SAT,14842226,14842282,100,100,58322,55933,22nd Street Station @ Unloading Only,22nd Street Station @ Bay 6,58322,22nd Street Station,41010,41970,in_service_layover,63.52104271140265,73.60622508184764,56.88042856930974,960,16.0,11:23:30,11:39:30,True,2,,2
2160475,heavy,410.0,7.0,40-ft,HTC,2,SAT,14873429,14873554,410,410,58322,52230,22nd Street Station @ Unloading Only,22nd Street Station @ Bay 4,58322,22nd Street Station,41190,41910,in_service_layover,54.206148949452185,63.43955834134841,52.07642897029473,720,12.0,11:26:30,11:38:30,True,1,,2
2160476,heavy,410.0,8.0,40-ft,HTC,2,SAT,14843693,14843740,104,104,58322,53497,22nd Street Station @ Unloading Only,22nd Street Station @ Bay 3,58322,22nd Street Station,41490,41790,in_service_layover,59.35070167821993,63.203984406433534,21.73251458712474,300,5.0,11:31:30,11:36:30,False,,busy,2
2160814,heavy,152.0,23.0,40-ft,PCT,2,SAT,14850732,14850697,155,155,58322,52183,22nd Street Station @ Unloading Only,22nd Street Station @ Bay 8,58322,22nd Street Station,41910,42210,in_service_layover,67.08274376647142,70.46449714294101,19.073089043288576,300,5.0,11:38:30,11:43:30,True,1,,2
2160430,heavy,151.0,30.0,40-ft,PCT,2,SAT,14842665,14846568,101,128,58322,52183,22nd Street Station @ Unloading Only,22nd Street Station @ Bay 8,58322,22nd Street Station,41910,42510,in_service_layover,65.38591670901329,71.95161721417303,37.03055084910096,600,10.0,11:38:30,11:48:30,False,,busy,2
2162337,heavy,410.0,11.0,40-ft,HTC,2,SAT,14873438,14873524,410,410,58322,52230,22nd Street Station @ Unloading Only,22nd Street Station @ Bay 4,58322,22nd Street Station,42150,42630,in_service_layover,58.2613331657735,64.35699387967982,34.37952642643165,480,8.0,11:42:30,11:50:30,True,2,,2
2160392,heavy,100.0,4.0,40-ft,HTC,2,SAT,14842257,14842323,100,100,58322,55933,22nd Street Station @ Unloading Only,22nd Street Station @ Bay 6,58322,22nd Street Station,42150,42690,in_service_layover,67.77397813379561,73.46282656312533,32.08510514141972,540,9.0,11:42:30,11:51:30,False,,busy,2
2160428,heavy,151.0,22.0,40-ft,PCT,2,SAT,14846603,14842633,128,101,58322,52373,22nd Street Station @ Unloading Only,22nd Street Station @ Bay 5,58322,22nd Street Station,42810,43710,in_service_layover,66.87571542640147,75.75648773395403,50.08755581459644,900,15.0,11:53:30,12:08:30,True,1,,2
2160388,heavy,100.0,7.0,40-ft,HTC,2,SAT,14842260,14842365,100,100,58322,55933,22nd Street Station @ Unloading Only,22nd Street Station @ Bay 6,58322,22nd Street Station,42870,43470,in_service_layover,68.18496336769627,74.35925133128222,34.822984114624774,600,10.0,11:54:30,12:04:30,True,2,,2
2160481,heavy,410.0,3.0,40-ft,HTC,2,SAT,14873439,14873525,410,410,58322,52230,22nd Street Station @ Unloading Only,22nd Street Station @ Bay 4,58322,22nd Street Station,43170,43350,in_service_layover,49.844264909496104,52.15413433512899,13.027663560569465,180,3.0,11:59:30,12:02:30,False,,busy,2
2160478,heavy,410.0,9.0,40-ft,HTC,2,SAT,14843692,14843723,104,104,58322,53497,22nd Street Station @ Unloading Only,22nd Street Station @ Bay 3,58322,22nd Street Station,43350,43590,in_service_layover,55.78019058111033,58.94367167267377,17.8420333564178,240,4.0,12:02:30,12:06:30,False,,busy,2
2160389,heavy,100.0,8.0,40-ft,HTC,2,SAT,14842274,14842322,100,100,58322,55933,22nd Street Station @ Unloading Only,22nd Street Station @ Bay 6,58322,22nd Street Station,43590,44190,in_service_layover,67.48053556994357,73.75514575622498,35.38880145062711,600,10.0,12:06:30,12:16:30,True,2,,2
2162335,heavy,410.0,4.0,40-ft,HTC,2,SAT,14873440,14873527,410,410,58322,52230,22nd Street Station @ Unloading Only,22nd Street Station @ Bay 4,58322,22nd Street Station,44070,44850,in_service_layover,46.9565410940607,57.07699244088621,57.07934559609589,780,13.0,12:14:30,12:27:30,True,1,,2
2160391,heavy,100.0,5.0,40-ft,HTC,2,SAT,14842241,14842350,100,100,58322,55933,22nd Street Station @ Unloading Only,22nd Street Station @ Bay 6,58322,22nd Street Station,44310,44910,in_service_layover,65.28122780368767,71.86119377756472,37.111008092666566,600,10.0,12:18:30,12:28:30,True,2,,2
2160427,heavy,151.0,29.0,40-ft,PCT,2,SAT,14846604,14842634,128,101,58322,52373,22nd Street Station @ Unloading Only,22nd Street Station @ Bay 5,58322,22nd Street Station,44610,45510,in_service_layover,69.37211574769555,77.71114312770071,47.03211442322913,900,15.0,12:23:30,12:38:30,False,,busy,2
2160476,heavy,410.0,8.0,40-ft,HTC,2,SAT,14843696,14843744,104,104,58322,53497,22nd Street Station @ Unloading Only,22nd Street Station @ Bay 3,58322,22nd Street Station,45090,45270,in_service_layover,55.33011828996117,57.69334286191303,13.328586585808523,180,3.0,12:31:30,12:34:30,True,1,,2
2160480,heavy,410.0,6.0,40-ft,HTC,2,SAT,14873441,14873555,410,410,58322,52230,22nd Street Station @ Unloading Only,22nd Street Station @ Bay 4,58322,22nd Street Station,45090,45510,in_service_layover,41.375417989307174,46.70070261063328,30.034605264279236,420,7.0,12:31:30,12:38:30,True,2,,2
2160394,heavy,100.0,1.0,40-ft,HTC,2,SAT,14842225,14842283,100,100,58322,55933,22nd Street Station @ Unloading Only,22nd Street Station @ Bay 6,58322,22nd Street Station,45090,45750,in_service_layover,62.94449380732663,70.43359155596896,42.23851130234277,660,11.0,12:31:30,12:42:30,False,,busy,2
2160424,heavy,152.0,25.0,40-ft,PCT,2,SAT,14850734,14850699,155,155,58322,52183,22nd Street Station @ Unloading Only,22nd Street Station @ Bay 8,58322,22nd Street Station,45450,45810,in_service_layover,67.6543660278466,71.6144027979111,22.3346073831637,360,6.0,12:37:30,12:43:30,True,1,,2
2160429,heavy,151.0,21.0,40-ft,PCT,2,SAT,14842667,14846570,101,128,58322,52183,22nd Street Station @ Unloading Only,22nd Street Station @ Bay 8,58322,22nd Street Station,45630,46110,in_service_layover,69.05768909013574,74.03795568572816,28.08870359914124,480,8.0,12:40:30,12:48:30,True,2,,2
2160396,heavy,100.0,2.0,40-ft,HTC,2,SAT,14842256,14842366,100,100,58322,55933,22nd Street Station @ Unloading Only,22nd Street Station @ Bay 6,58322,22nd Street Station,45750,46470,in_service_layover,62.0730341966375,70.28058565322961,46.29059021517952,720,12.0,12:42:30,12:54:30,False,,busy,2
2160479,heavy,410.0,10.0,40-ft,HTC,2,SAT,14873442,14873528,410,410,58322,52230,22nd Street Station @ Unloading Only,22nd Street Station @ Bay 4,58322,22nd Street Station,45990,46230,in_service_layover,50.44500982018708,53.539304629533305,17.451822724712713,240,4.0,12:46:30,12:50:30,True,1,,2
2160887,heavy,152.0,28.0,40-ft,PCT,2,SAT,14850735,14850700,155,155,58322,52183,22nd Street Station @ Unloading Only,22nd Street Station @ Bay 8,58322,22nd Street Station,47250,47610,in_service_layover,69.16340821075022,72.99557746597175,21.61343459944942,360,6.0,13:07:30,13:13:30,True,2,,2
2160578,heavy,410.0,5.0,40-ft,HTC,2,SAT,14873443,14873530,410,410,58322,52230,22nd Street Station @ Unloading Only,22nd Street Station @ Bay 4,58322,22nd Street Station,47310,47670,in_service_layover,39.35993371032529,43.910929649374,25.667617096234693,360,6.0,13:08:30,13:14:30,True,1,,2
2160393,heavy,100.0,6.0,40-ft,HTC,2,SAT,14842201,14842329,100,100,58322,55933,22nd Street Station @ Unloading Only,22nd Street Station @ Bay 6,58322,22nd Street Station,47310,47910,in_service_layover,67.93102454526719,74.14161804486564,35.02774733773515,600,10.0,13:08:30,13:18:30,False,,busy,2
2160845,heavy,152.0,22.0,40-ft,PCT,2,SAT,14842668,14846571,101,128,58322,52183,22nd Street Station @ Unloading Only,22nd Street Station @ Bay 8,58322,22nd Street Station,47430,47910,in_service_layover,65.86721955161015,71.20467341975117,30.10323981631541,480,8.0,13:10:30,13:18:30,False,,busy,2
2162340,heavy,410.0,1.0,40-ft,HTC,2,SAT,14873444,14873531,410,410,58322,52230,22nd Street Station @ Unloading Only,22nd Street Station @ Bay 4,58322,22nd Street Station,48030,48390,in_service_layover,42.12542995178691,46.690860030439815,25.74902564360238,360,6.0,13:20:30,13:26:30,True,2,,2
2160426,heavy,151.0,34.0,40-ft,PCT,2,SAT,14846606,14842636,128,101,58322,52373,22nd Street Station @ Unloading Only,22nd Street Station @ Bay 5,58322,22nd Street Station,48330,49110,in_service_layover,69.53312775107821,76.96000649476959,41.887596114419296,780,13.0,13:25:30,13:38:30,True,1,,2
2160476,heavy,410.0,8.0,40-ft,HTC,2,SAT,14843694,14843736,104,104,58322,53497,22nd Street Station @ Unloading Only,22nd Street Station @ Bay 3,58322,22nd Street Station,48690,48870,in_service_layover,49.81947674544067,52.129105082581304,13.02630382147322,180,3.0,13:31:30,13:34:30,True,2,,2
2160886,heavy,152.0,33.0,40-ft,PCT,2,SAT,14850736,14850701,155,155,58322,52183,22nd Street Station @ Unloading Only,22nd Street Station @ Bay 8,58322,22nd Street Station,49050,49410,in_service_layover,66.80428235756835,70.83388092353425,22.72693591204768,360,6.0,13:37:30,13:43:30,True,2,,2
2160428,heavy,151.0,22.0,40-ft,PCT,2,SAT,14842669,14846572,101,128,58322,52183,22nd Street Station @ Unloading Only,22nd Street Station @ Bay 8,58322,22nd Street Station,49230,49710,in_service_layover,66.00552906634206,71.32801852915061,30.018840570240172,480,8.0,13:40:30,13:48:30,True,1,,2
2160392,heavy,100.0,4.0,40-ft,HTC,2,SAT,14842190,14842305,100,100,58322,55933,22nd Street Station @ Unloading Only,22nd Street Station @ Bay 6,58322,22nd Street Station,49230,50010,in_service_layover,68.96966031359709,76.50373073837316,42.492157195737036,780,13.0,13:40:30,13:53:30,False,,busy,2
2160475,heavy,410.0,7.0,40-ft,HTC,2,SAT,14873475,14873532,410,410,58322,52230,22nd Street Station @ Unloading Only,22nd Street Station @ Bay 4,58322,22nd Street Station,49530,49830,in_service_layover,48.139266686157086,51.98297692376407,21.67852574010334,300,5.0,13:45:30,13:50:30,True,2,,2
2160429,heavy,151.0,21.0,40-ft,PCT,2,SAT,14846607,14842637,128,101,58322,52373,22nd Street Station @ Unloading Only,22nd Street Station @ Bay 5,58322,22nd Street Station,50130,50910,in_service_layover,67.74841608573168,75.51212794964111,43.78733491244918,780,13.0,13:55:30,14:08:30,True,1,,2
2162337,heavy,410.0,11.0,40-ft,HTC,2,SAT,14873446,14873533,410,410,58322,52230,22nd Street Station @ Unloading Only,22nd Street Station @ Bay 4,58322,22nd Street Station,50250,50610,in_service_layover,49.0567022244885,53.69289129715508,26.148106369839525,360,6.0,13:57:30,14:03:30,True,2,,2
2160478,heavy,410.0,9.0,40-ft,HTC,2,SAT,14843714,14843720,104,104,58322,53497,22nd Street Station @ Unloading Only,22nd Street Station @ Bay 3,58322,22nd Street Station,50490,50850,in_service_layover,43.195939439729045,47.76711583320573,25.781434859208503,360,6.0,14:01:30,14:07:30,False,,busy,2
2160389,heavy,100.0,8.0,40-ft,HTC,2,SAT,14842262,14842328,100,100,58322,55933,22nd Street Station @ Unloading Only,22nd Street Station @ Bay 6,58322,22nd Street Station,50730,51450,in_service_layover,69.2293400673664,76.24468177647493,39.566527239372135,720,12.0,14:05:30,14:17:30,True,2,,2
2160814,heavy,152.0,23.0,40-ft,PCT,2,SAT,14850737,14850702,155,155,58322,52183,22nd Street Station @ Unloading Only,22nd Street Station @ Bay 8,58322,22nd Street Station,50850,51210,in_service_layover,68.83578593429543,72.69619253786546,21.772693244134985,360,6.0,14:07:30,14:13:30,False,,busy,2
2160427,heavy,151.0,29.0,40-ft,PCT,2,SAT,14842670,14846573,101,128,58322,52183,22nd Street Station @ Unloading Only,22nd Street Station @ Bay 8,58322,22nd Street Station,50910,51510,in_service_layover,67.96018446008874,74.16661730209923,35.004281228939135,600,10.0,14:08:30,14:18:30,True,1,,2
2160481,heavy,410.0,3.0,40-ft,HTC,2,SAT,14873447,14873534,410,410,58322,52230,22nd Street Station @ Unloading Only,22nd Street Station @ Bay 4,58322,22nd Street Station,51090,51330,in_service_layover,36.85384267993767,39.875100921023076,17.039896479721705,240,4.0,14:11:30,14:15:30,False,,busy,2
2160391,heavy,100.0,5.0,40-ft,HTC,2,SAT,14842276,14842309,100,100,58322,55933,22nd Street Station @ Unloading Only,22nd Street Station @ Bay 6,58322,22nd Street Station,51450,52170,in_service_layover,67.71031426654139,74.98926285014626,41.05327001153148,720,12.0,14:17:30,14:29:30,True,2,,2
2160394,heavy,100.0,1.0,40-ft,HTC,2,SAT,14842238,14842285,100,100,58322,55933,22nd Street Station @ Unloading Only,22nd Street Station @ Bay 6,58322,22nd Street Station,52230,52890,in_service_layover,64.58705929359004,71.83440857690682,40.87504995790664,660,11.0,14:30:30,14:41:30,True,1,,2
2160476,heavy,410.0,8.0,40-ft,HTC,2,SAT,14843684,14843737,104,104,58322,53497,22nd Street Station @ Unloading Only,22nd Street Station @ Bay 3,58322,22nd Street Station,52290,52590,in_service_layover,44.25523896610895,48.06661135486427,21.49614027258002,300,5.0,14:31:30,14:36:30,True,2,,2
2162335,heavy,410.0,4.0,40-ft,HTC,2,SAT,14873449,14873557,410,410,58322,52230,22nd Street Station @ Unloading Only,22nd Street Station @ Bay 4,58322,22nd Street Station,52530,52770,in_service_layover,41.77670078569489,44.81508849528456,17.13650668208578,240,4.0,14:35:30,14:39:30,False,,busy,2
2160423,heavy,152.0,24.0,40-ft,PCT,2,SAT,14850738,14850703,155,155,58322,52183,22nd Street Station @ Unloading Only,22nd Street Station @ Bay 8,58322,22nd Street Station,52650,53010,in_service_layover,68.2571514775819,72.1667842932727,22.050329080496113,360,6.0,14:37:30,14:43:30,True,2,,2
2160396,heavy,100.0,2.0,40-ft,HTC,2,SAT,14842259,14842304,100,100,58322,55933,22nd Street Station @ Unloading Only,22nd Street Station @ Bay 6,58322,22nd Street Station,52950,53610,in_service_layover,64.02013235726832,71.35167189091614,41.34988296977366,660,11.0,14:42:30,14:53:30,True,1,,2
2160480,heavy,410.0,6.0,40-ft,HTC,2,SAT,14873476,14873536,410,410,58322,52230,22nd Street Station @ Unloading Only,22nd Street Station @ Bay 4,58322,22nd Street Station,53250,53490,in_service_layover,31.40041095544196,34.402693555759726,16.93287386579223,240,4.0,14:47:30,14:51:30,True,2,,2
2160395,heavy,100.0,9.0,40-ft,HTC,2,SAT,14842220,14842332,100,100,58322,55933,22nd Street Station @ Unloading Only,22nd Street Station @ Bay 6,58322,22nd Street Station,53670,54330,in_service_layover,69.57460356547108,76.04718323010506,36.50534930853564,660,11.0,14:54:30,15:05:30,True,2,,2
2160479,heavy,410.0,10.0,40-ft,HTC,2,SAT,14873450,14873538,410,410,58322,52230,22nd Street Station @ Unloading Only,22nd Street Station @ Bay 4,58322,22nd Street Station,53970,54810,in_service_layover,38.23901297434198,48.9200200931804,60.24088015024867,840,14.0,14:59:30,15:13:30,True,1,,2
2160424,heavy,152.0,25.0,40-ft,PCT,2,SAT,14850739,14850704,155,155,58322,52183,22nd Street Station @ Unloading Only,22nd Street Station @ Bay 8,58322,22nd Street Station,54390,54810,in_service_layover,68.19694386832379,72.70271285567117,25.412537088639283,420,7.0,15:06:30,15:13:30,True,2,,2
2160393,heavy,100.0,6.0,40-ft,HTC,2,SAT,14842263,14842358,100,100,58322,55933,22nd Street Station @ Unloading Only,22nd Street Station @ Bay 6,58322,22nd Street Station,54390,55050,in_service_layover,67.53588812966385,74.33256657193257,38.33326641439561,660,11.0,15:06:30,15:17:30,False,,busy,2
2160390,heavy,100.0,10.0,40-ft,HTC,2,SAT,14842277,14842303,100,100,58322,55933,22nd Street Station @ Unloading Only,22nd Street Station @ Bay 6,58322,22nd Street Station,55110,55770,in_service_layover,67.11563180731012,73.97784605414967,38.70288835217502,660,11.0,15:18:30,15:29:30,True,1,,2
2160427,heavy,151.0,29.0,40-ft,PCT,2,SAT,14846610,14842640,128,101,58322,52373,22nd Street Station @ Unloading Only,22nd Street Station @ Bay 5,58322,22nd Street Station,55410,56310,in_service_layover,67.87707770210274,76.54238647926154,48.87234150317562,900,15.0,15:23:30,15:38:30,True,2,,2
2160578,heavy,410.0,5.0,40-ft,HTC,2,SAT,14873452,14873558,410,410,58322,52230,22nd Street Station @ Unloading Only,22nd Street Station @ Bay 4,58322,22nd Street Station,55410,56370,in_service_layover,28.610637994182675,40.67739336626304,68.05650029853322,960,16.0,15:23:30,15:39:30,False,,busy,2
2160397,heavy,100.0,3.0,40-ft,HTC,2,SAT,14842239,14842368,100,100,58322,55933,22nd Street Station @ Unloading Only,22nd Street Station @ Bay 6,58322,22nd Street Station,55830,56490,in_service_layover,64.56798504411562,71.81818052645119,40.89110252037267,660,11.0,15:30:30,15:41:30,True,1,,2
2160476,heavy,410.0,8.0,40-ft,HTC,2,SAT,14843686,14843738,104,104,58322,53497,22nd Street Station @ Unloading Only,22nd Street Station @ Bay 3,58322,22nd Street Station,55950,56190,in_service_layover,40.1927452383919,43.225621451189106,17.105421840176234,240,4.0,15:32:30,15:36:30,False,,busy,2
2162340,heavy,410.0,1.0,40-ft,HTC,2,SAT,14873453,14873540,410,410,58322,52230,22nd Street Station @ Unloading Only,22nd Street Station @ Bay 4,58322,22nd Street Station,56130,57090,in_service_layover,31.390568375248503,43.4960421724436,68.27487221618037,960,16.0,15:35:30,15:51:30,False,,busy,2
2160429,heavy,151.0,21.0,40-ft,PCT,2,SAT,14842673,14846576,101,128,58322,52183,22nd Street Station @ Unloading Only,22nd Street Station @ Bay 8,58322,22nd Street Station,56310,56910,in_service_layover,65.76116928202916,72.27551527989603,36.740911427969195,600,10.0,15:38:30,15:48:30,True,2,,2
2160392,heavy,100.0,4.0,40-ft,HTC,2,SAT,14842212,14842286,100,100,58322,55933,22nd Street Station @ Unloading Only,22nd Street Station @ Bay 6,58322,22nd Street Station,56550,57210,in_service_layover,63.47224948714625,70.88439792586166,41.8045171943549,660,11.0,15:42:30,15:53:30,True,1,,2
2162336,heavy,410.0,12.0,40-ft,HTC,2,SAT,14873477,14873541,410,410,58322,52230,22nd Street Station @ Unloading Only,22nd Street Station @ Bay 4,58322,22nd Street Station,56850,57870,in_service_layover,58.2613331657735,70.07122862069492,66.60781036575685,1020,17.0,15:47:30,16:04:30,False,,busy,2
2160388,heavy,100.0,7.0,40-ft,HTC,2,SAT,14842219,14842302,100,100,58322,55933,22nd Street Station @ Unloading Only,22nd Street Station @ Bay 6,58322,22nd Street Station,57270,57930,in_service_layover,64.35785011866969,71.63933367132329,41.06756723696628,660,11.0,15:54:30,16:05:30,True,2,,2
2160475,heavy,410.0,7.0,40-ft,HTC,2,SAT,14873454,14873542,410,410,58322,52230,22nd Street Station @ Unloading Only,22nd Street Station @ Bay 4,58322,22nd Street Station,57570,58650,in_service_layover,36.68268526857275,50.45512755312288,77.67657448486275,1080,18.0,15:59:30,16:17:30,True,1,,2
2160478,heavy,410.0,9.0,40-ft,HTC,2,SAT,14843713,14843739,104,104,58322,53497,22nd Street Station @ Unloading Only,22nd Street Station @ Bay 3,58322,22nd Street Station,57750,57990,in_service_layover,32.019383600260994,35.02381996414388,16.9450210922995,240,4.0,16:02:30,16:06:30,False,,busy,2
2160886,heavy,152.0,33.0,40-ft,PCT,2,SAT,14850741,14850706,155,155,58322,52183,22nd Street Station @ Unloading Only,22nd Street Station @ Bay 8,58322,22nd Street Station,57990,58410,in_service_layover,67.5953562315934,72.16022978889075,25.74588686315701,420,7.0,16:06:30,16:13:30,True,2,,2
2160389,heavy,100.0,8.0,40-ft,HTC,2,SAT,14842278,14842342,100,100,58322,55933,22nd Street Station @ Unloading Only,22nd Street Station @ Bay 6,58322,22nd Street Station,57990,58650,in_service_layover,69.83068045268061,76.26182754604613,36.2716696065815,660,11.0,16:06:30,16:17:30,False,,busy,2
2162337,heavy,410.0,11.0,40-ft,HTC,2,SAT,14873455,14873543,410,410,58322,52230,22nd Street Station @ Unloading Only,22nd Street Station @ Bay 4,58322,22nd Street Station,58410,59670,in_service_layover,38.39259964196376,54.59549148527134,91.38430999625476,1260,21.0,16:13:30,16:34:30,True,2,,2
2160391,heavy,100.0,5.0,40-ft,HTC,2,SAT,14842218,14842359,100,100,58322,55933,22nd Street Station @ Unloading Only,22nd Street Station @ Bay 6,58322,22nd Street Station,58770,59370,in_service_layover,69.27374294023562,75.29056628253912,33.934883650591644,600,10.0,16:19:30,16:29:30,True,1,,2
2160481,heavy,410.0,3.0,40-ft,HTC,2,SAT,14873456,14843732,410,104,58322,53497,22nd Street Station @ Unloading Only,22nd Street Station @ Bay 3,58322,22nd Street Station,59130,59790,in_service_layover,24.574809265831757,32.804412066561014,46.41495979611298,660,11.0,16:25:30,16:36:30,False,,busy,2
2160394,heavy,100.0,1.0,40-ft,HTC,2,SAT,14842232,14842294,100,100,58322,55933,22nd Street Station @ Unloading Only,22nd Street Station @ Bay 6,58322,22nd Street Station,59490,60270,in_service_layover,66.32909446933117,74.35508052931442,45.26656137830548,780,13.0,16:31:30,16:44:30,True,1,,2
2162339,heavy,410.0,13.0,40-ft,HTC,2,SAT,14873457,14873544,410,410,58322,52230,22nd Street Station @ Unloading Only,22nd Street Station @ Bay 4,58322,22nd Street Station,59850,60450,in_service_layover,58.2613331657735,65.7453014753784,42.209581266171654,600,10.0,16:37:30,16:47:30,True,2,,2
2160428,heavy,151.0,22.0,40-ft,PCT,2,SAT,14842675,14846578,101,128,58322,52183,22nd Street Station @ Unloading Only,22nd Street Station @ Bay 8,58322,22nd Street Station,59910,60510,in_service_layover,69.55656982627741,75.53201082244651,33.70148721839371,600,10.0,16:38:30,16:48:30,False,,busy,2
2160396,heavy,100.0,2.0,40-ft,HTC,2,SAT,14842210,14842287,100,100,58322,55933,22nd Street Station @ Unloading Only,22nd Street Station @ Bay 6,58322,22nd Street Station,60210,61170,in_service_layover,66.06681902286746,75.58280006770451,53.670133092880974,960,16.0,16:43:30,16:59:30,False,,busy,2
2162335,heavy,410.0,4.0,40-ft,HTC,2,SAT,14873478,14873545,410,410,58322,52230,22nd Street Station @ Unloading Only,22nd Street Station @ Bay 4,58322,22nd Street Station,60630,61410,in_service_layover,29.51479684009325,39.30966817766658,55.24307434391358,780,13.0,16:50:30,17:03:30,True,1,,2
2160423,heavy,152.0,24.0,40-ft,PCT,2,SAT,14850743,14850708,155,155,58322,52183,22nd Street Station @ Unloading Only,22nd Street Station @ Bay 8,58322,22nd Street Station,61590,62010,in_service_layover,67.59571931762018,72.16055745411295,25.745687089819285,420,7.0,17:06:30,17:13:30,True,2,,2
2160393,heavy,100.0,6.0,40-ft,HTC,2,SAT,14842216,14842301,100,100,58322,55933,22nd Street Station @ Unloading Only,22nd Street Station @ Bay 6,58322,22nd Street Station,61590,62070,in_service_layover,68.22400770807661,73.30002814774834,28.628755279748532,480,8.0,17:06:30,17:14:30,True,1,,2
2160427,heavy,151.0,29.0,40-ft,PCT,2,SAT,14842676,14846579,101,128,58322,52183,22nd Street Station @ Unloading Only,22nd Street Station @ Bay 8,58322,22nd Street Station,61710,62310,in_service_layover,66.79142781164957,73.16299637738285,35.935646710735625,600,10.0,17:08:30,17:18:30,False,,busy,2
2160390,heavy,100.0,10.0,40-ft,HTC,2,SAT,14842233,14842351,100,100,58322,55933,22nd Street Station @ Unloading Only,22nd Street Station @ Bay 6,58322,22nd Street Station,62370,62970,in_service_layover,68.11310424055317,74.2976816209489,34.88101642543194,600,10.0,17:19:30,17:29:30,True,2,,2
2165156,heavy,152.0,39.0,40-ft,PCT,2,SAT,14846614,14842644,128,101,58322,52373,22nd Street Station @ Unloading Only,22nd Street Station @ Bay 5,58322,22nd Street Station,62610,63510,in_service_layover,66.86642696426279,75.74918650583211,50.09876381445099,900,15.0,17:23:30,17:38:30,True,1,,2
2160479,heavy,410.0,10.0,40-ft,HTC,2,SAT,14873460,14873547,410,410,58322,52230,22nd Street Station @ Unloading Only,22nd Street Station @ Bay 4,58322,22nd Street Station,62730,63210,in_service_layover,33.61972843798908,39.65581386508509,34.04352180882151,480,8.0,17:25:30,17:33:30,False,,busy,2
2160397,heavy,100.0,3.0,40-ft,HTC,2,SAT,14842209,14842300,100,100,58322,55933,22nd Street Station @ Unloading Only,22nd Street Station @ Bay 6,58322,22nd Street Station,63090,63870,in_service_layover,67.49053338438517,75.30226912336288,44.05818956783423,780,13.0,17:31:30,17:44:30,True,2,,2
2160481,heavy,410.0,3.0,40-ft,HTC,2,SAT,14843688,14843721,104,104,58322,53497,22nd Street Station @ Unloading Only,22nd Street Station @ Bay 3,58322,22nd Street Station,63210,63450,in_service_layover,24.930545950088646,27.910161484970676,16.805031616734652,240,4.0,17:33:30,17:37:30,False,,busy,2
2160392,heavy,100.0,4.0,40-ft,HTC,2,SAT,14842195,14842352,100,100,58322,55933,22nd Street Station @ Unloading Only,22nd Street Station @ Bay 6,58322,22nd Street Station,63810,64710,in_service_layover,66.92342888920396,75.79399306812094,50.02998196909169,900,15.0,17:43:30,17:58:30,True,1,,2
2160578,heavy,410.0,5.0,40-ft,HTC,2,SAT,14873479,14873549,410,410,58322,52230,22nd Street Station @ Unloading Only,22nd Street Station @ Bay 4,58322,22nd Street Station,64230,65010,in_service_layover,25.377101711071713,35.125280711534785,54.97972956261171,780,13.0,17:50:30,18:03:30,True,2,,2
2160428,heavy,151.0,22.0,40-ft,PCT,2,SAT,14846615,14842645,128,101,58322,52373,22nd Street Station @ Unloading Only,22nd Street Station @ Bay 5,58322,22nd Street Station,64350,65310,in_service_layover,69.24247122245002,78.02665856966348,49.54281663828391,960,16.0,17:52:30,18:08:30,False,,busy,2
2160887,heavy,152.0,28.0,40-ft,PCT,2,SAT,14850745,14850710,155,155,58322,52183,22nd Street Station @ Unloading Only,22nd Street Station @ Bay 8,58322,22nd Street Station,65070,65610,in_service_layover,67.39452530088195,73.13157556794776,32.35696350625108,540,9.0,18:04:30,18:13:30,True,1,,2
2162336,heavy,410.0,12.0,40-ft,HTC,2,SAT,14873463,14873550,410,410,58322,52230,22nd Street Station @ Unloading Only,22nd Street Station @ Bay 4,58322,22nd Street Station,65550,65910,in_service_layover,54.7709369655036,59.509091956964575,26.72319415183989,360,6.0,18:12:30,18:18:30,True,2,,2
2160427,heavy,151.0,29.0,40-ft,PCT,2,SAT,14846616,14842646,128,101,58322,52373,22nd Street Station @ Unloading Only,22nd Street Station @ Bay 5,58322,22nd Street Station,66150,67110,in_service_layover,66.87345677738637,76.20575433261723,52.634158211502154,960,16.0,18:22:30,18:38:30,True,1,,2
2160475,heavy,410.0,7.0,40-ft,HTC,2,SAT,14873464,14843752,410,104,58322,53497,22nd Street Station @ Unloading Only,22nd Street Station @ Bay 3,58322,22nd Street Station,66450,67230,in_service_layover,35.154835897931555,45.01368236506805,55.603894074649816,780,13.0,18:27:30,18:40:30,True,2,,2
2160394,heavy,100.0,1.0,40-ft,HTC,2,SAT,14842231,14842293,100,100,58322,55933,22nd Street Station @ Unloading Only,22nd Street Station @ Bay 6,58322,22nd Street Station,66570,67590,in_service_layover,68.2429783255718,77.6741037094477,53.191547165060115,1020,17.0,18:29:30,18:46:30,False,,busy,2
2160481,heavy,410.0,3.0,40-ft,HTC,2,SAT,14843690,14873551,104,410,58322,52230,22nd Street Station @ Unloading Only,22nd Street Station @ Bay 4,58322,22nd Street Station,66870,67050,in_service_layover,20.036295368498315,22.257375576385982,12.526892372486458,180,3.0,18:34:30,18:37:30,False,,busy,2
2160886,heavy,152.0,33.0,40-ft,PCT,2,SAT,14850746,14850711,155,155,58322,52183,22nd Street Station @ Unloading Only,22nd Street Station @ Bay 8,58322,22nd Street Station,66870,67410,in_service_layover,68.64290898704512,74.22004171558335,31.455028588955656,540,9.0,18:34:30,18:43:30,False,,busy,2
2162337,heavy,410.0,11.0,40-ft,HTC,2,SAT,14873465,14873552,410,410,58322,52230,22nd Street Station @ Unloading Only,22nd Street Station @ Bay 4,58322,22nd Street Station,67230,67830,in_service_layover,39.295199830080016,46.90087262078777,42.895994539591726,600,10.0,18:40:30,18:50:30,True,1,,2
2160393,heavy,100.0,6.0,40-ft,HTC,2,SAT,14842193,14842336,100,100,58322,55933,22nd Street Station @ Unloading Only,22nd Street Station @ Bay 6,58322,22nd Street Station,68070,68550,in_service_layover,64.47728844752099,69.9625122767719,30.936662396975123,480,8.0,18:54:30,19:02:30,True,2,,2
2160814,heavy,152.0,23.0,40-ft,PCT,2,SAT,14850747,14850712,155,155,58322,52183,22nd Street Station @ Unloading Only,22nd Street Station @ Bay 8,58322,22nd Street Station,68670,69030,in_service_layover,67.75520791604643,71.70687493240655,22.287401972271027,360,6.0,19:04:30,19:10:30,True,1,,2
2162335,heavy,410.0,4.0,40-ft,HTC,2,SAT,14873467,14873553,410,410,58322,52230,22nd Street Station @ Unloading Only,22nd Street Station @ Bay 4,58322,22nd Street Station,68790,68970,in_service_layover,24.009376522475257,26.239797682593707,12.579575343068058,180,3.0,19:06:30,19:09:30,True,2,,2
2165156,heavy,152.0,39.0,40-ft,PCT,2,SAT,14842680,14842647,101,101,58322,52373,22nd Street Station @ Unloading Only,22nd Street Station @ Bay 5,58322,22nd Street Station,68850,69330,in_service_layover,65.99822783822015,71.32150877264934,30.023304470180733,480,8.0,19:07:30,19:15:30,False,,busy,2
2160390,heavy,100.0,10.0,40-ft,HTC,2,SAT,14842265,14842299,100,100,58322,55933,22nd Street Station @ Unloading Only,22nd Street Station @ Bay 6,58322,22nd Street Station,69090,69450,in_service_layover,66.56680073952415,70.61551449204134,22.834745564196965,360,6.0,19:11:30,19:17:30,True,2,,2
2162338,heavy,410.0,15.0,40-ft,HTC,2,SAT,14873468,14873493,410,410,58322,52230,22nd Street Station @ Unloading Only,22nd Street Station @ Bay 4,58322,22nd Street Station,69690,69870,in_service_layover,58.2613331657735,60.63798503139148,13.404316522085423,180,3.0,19:21:30,19:24:30,True,1,,2
2160397,heavy,100.0,3.0,40-ft,HTC,2,SAT,14842234,14842340,100,100,58322,55933,22nd Street Station @ Unloading Only,22nd Street Station @ Bay 6,58322,22nd Street Station,69750,70290,in_service_layover,66.54213642516801,72.38617189176058,32.960360031582184,540,9.0,19:22:30,19:31:30,True,2,,2
2160423,heavy,152.0,24.0,40-ft,PCT,2,SAT,14850748,14850713,155,155,58322,52183,22nd Street Station @ Unloading Only,22nd Street Station @ Bay 8,58322,22nd Street Station,70410,70830,in_service_layover,69.14275795628242,73.55380145469167,24.87828533102811,420,7.0,19:33:30,19:40:30,True,1,,2
2160479,heavy,410.0,10.0,40-ft,HTC,2,SAT,14873469,14873494,410,410,58322,52230,22nd Street Station @ Unloading Only,22nd Street Station @ Bay 4,58322,22nd Street Station,70410,70890,in_service_layover,24.355522209893774,30.32694413604978,33.678819663519874,480,8.0,19:33:30,19:41:30,True,2,,2
2160475,heavy,410.0,7.0,40-ft,HTC,2,SAT,14843717,14843753,104,104,58322,53497,22nd Street Station @ Unloading Only,22nd Street Station @ Bay 3,58322,22nd Street Station,70590,70770,in_service_layover,37.13981624859568,39.40499913770349,12.775631494568074,180,3.0,19:36:30,19:39:30,False,,busy,2
2160428,heavy,151.0,22.0,40-ft,PCT,2,SAT,14842681,14842648,101,101,58322,52373,22nd Street Station @ Unloading Only,22nd Street Station @ Bay 5,58322,22nd Street Station,70590,71130,in_service_layover,68.27569990205151,73.9002697910361,31.722574173873,540,9.0,19:36:30,19:45:30,False,,busy,2
2160392,heavy,100.0,4.0,40-ft,HTC,2,SAT,14842266,14842298,100,100,58322,55933,22nd Street Station @ Unloading Only,22nd Street Station @ Bay 6,58322,22nd Street Station,70650,71130,in_service_layover,66.57648931483341,71.83670469735137,29.66761475740128,480,8.0,19:37:30,19:45:30,False,,busy,2
2160573,heavy,410.0,2.0,40-ft,HTC,2,SAT,14873470,14873508,410,410,58322,52230,22nd Street Station @ Unloading Only,22nd Street Station @ Bay 4,58322,22nd Street Station,71370,71790,in_service_layover,56.039968607528124,61.52978319399818,30.962554267691075,420,7.0,19:49:30,19:56:30,True,1,,2
2160389,heavy,100.0,8.0,40-ft,HTC,2,SAT,14842192,14842339,100,100,58322,55933,22nd Street Station @ Unloading Only,22nd Street Station @ Bay 6,58322,22nd Street Station,71430,72030,in_service_layover,63.5532846466727,70.3648062678812,38.41698194361601,600,10.0,19:50:30,20:00:30,True,2,,2
2160424,heavy,152.0,25.0,40-ft,PCT,2,SAT,14850749,14850714,155,155,58322,52183,22nd Street Station @ Unloading Only,22nd Street Station @ Bay 8,58322,22nd Street Station,72210,72630,in_service_layover,68.30345176213318,72.79866391195726,25.352996525007825,420,7.0,20:03:30,20:10:30,True,1,,2
2160427,heavy,151.0,29.0,40-ft,PCT,2,SAT,14842682,14842649,101,101,58322,52373,22nd Street Station @ Unloading Only,22nd Street Station @ Bay 5,58322,22nd Street Station,72270,72930,in_service_layover,66.45479566500528,73.4191837301617,39.27914868748229,660,11.0,20:04:30,20:15:30,True,2,,2
2160391,heavy,100.0,5.0,40-ft,HTC,2,SAT,14842208,14842344,100,100,58322,55933,22nd Street Station @ Unloading Only,22nd Street Station @ Bay 6,58322,22nd Street Station,72330,72930,in_service_layover,63.13945809765369,70.00534333010563,38.723592711028914,600,10.0,20:05:30,20:15:30,False,,busy,2
2160425,heavy,151.0,23.0,40-ft,PCT,2,SAT,14846620,14846585,128,128,58322,52183,22nd Street Station @ Unloading Only,22nd Street Station @ Bay 8,58322,22nd Street Station,72930,73410,in_service_layover,69.37050624339551,74.31440280324631,27.883576597558488,480,8.0,20:15:30,20:23:30,True,1,,2
2162336,heavy,410.0,12.0,40-ft,HTC,2,SAT,14873472,14873490,410,410,58322,52230,22nd Street Station @ Unloading Only,22nd Street Station @ Bay 4,58322,22nd Street Station,72930,73770,in_service_layover,44.20880030177325,55.042890008243496,61.10426594449214,840,14.0,20:15:30,20:29:30,True,2,,2
2160394,heavy,100.0,1.0,40-ft,HTC,2,SAT,14842269,14842330,100,100,58322,55933,22nd Street Station @ Unloading Only,22nd Street Station @ Bay 6,58322,22nd Street Station,73230,73770,in_service_layover,64.43738977100385,70.53793465854862,34.40707316575248,540,9.0,20:20:30,20:29:30,False,,busy,2
2165156,heavy,152.0,39.0,40-ft,PCT,2,SAT,14842683,14842650,101,101,58322,52373,22nd Street Station @ Unloading Only,22nd Street Station @ Bay 5,58322,22nd Street Station,73950,74610,in_service_layover,65.63497789194994,72.72462625226727,39.985616752189685,660,11.0,20:32:30,20:43:30,True,1,,2
2160475,heavy,410.0,7.0,40-ft,HTC,2,SAT,14843718,14843754,104,104,58322,53497,22nd Street Station @ Unloading Only,22nd Street Station @ Bay 3,58322,22nd Street Station,74130,74370,in_service_layover,31.531133021231128,34.533870479166296,16.93543926275433,240,4.0,20:35:30,20:39:30,True,2,,2
2160393,heavy,100.0,6.0,40-ft,HTC,2,SAT,14842215,14842343,100,100,58322,55933,22nd Street Station @ Unloading Only,22nd Street Station @ Bay 6,58322,22nd Street Station,74130,74670,in_service_layover,61.21110656873701,67.68366823862593,36.50524781817347,540,9.0,20:35:30,20:44:30,False,,busy,2
2160429,heavy,151.0,21.0,40-ft,PCT,2,SAT,14846621,14846586,128,128,58322,52183,22nd Street Station @ Unloading Only,22nd Street Station @ Bay 8,58322,22nd Street Station,74730,75210,in_service_layover,69.91676447844827,74.7965704506102,27.522105682993413,480,8.0,20:45:30,20:53:30,True,2,,2
2160390,heavy,100.0,10.0,40-ft,HTC,2,SAT,14842206,14842334,100,100,58322,55933,22nd Street Station @ Unloading Only,22nd Street Station @ Bay 6,58322,22nd Street Station,75030,75570,in_service_layover,63.28392863948314,69.52042088228286,35.17381624939043,540,9.0,20:50:30,20:59:30,True,1,,2
2160886,heavy,152.0,33.0,40-ft,PCT,2,SAT,14850751,14850716,155,155,58322,52183,22nd Street Station @ Unloading Only,22nd Street Station @ Bay 8,58322,22nd Street Station,75750,76230,in_service_layover,67.6453699690383,72.78684436021365,28.997915566228926,480,8.0,21:02:30,21:10:30,True,2,,2
2160397,heavy,100.0,3.0,40-ft,HTC,2,SAT,14842214,14842349,100,100,58322,55933,22nd Street Station @ Unloading Only,22nd Street Station @ Bay 6,58322,22nd Street Station,75870,76410,in_service_layover,64.86674269530117,70.9158472354115,34.11694960622225,540,9.0,21:04:30,21:13:30,True,1,,2
2162338,heavy,410.0,15.0,40-ft,HTC,2,SAT,14873415,14873489,410,410,58322,52230,22nd Street Station @ Unloading Only,22nd Street Station @ Bay 4,58322,22nd Street Station,76290,77190,in_service_layover,45.337693376200164,56.994912596695244,65.74671640359227,900,15.0,21:11:30,21:26:30,True,2,,2
2160425,heavy,151.0,23.0,40-ft,PCT,2,SAT,14846622,14846587,128,128,58322,52183,22nd Street Station @ Unloading Only,22nd Street Station @ Bay 8,58322,22nd Street Station,76530,77010,in_service_layover,68.02486320324982,73.12350367053219,28.75633223547254,480,8.0,21:15:30,21:23:30,True,1,,2
2160392,heavy,100.0,4.0,40-ft,HTC,2,SAT,14842242,14842320,100,100,58322,55933,22nd Street Station @ Unloading Only,22nd Street Station @ Bay 6,58322,22nd Street Station,76650,77190,in_service_layover,63.576788192985966,69.77907413664411,34.98089272223194,540,9.0,21:17:30,21:26:30,False,,busy,2
2160427,heavy,151.0,29.0,40-ft,PCT,2,SAT,14842685,14842654,101,101,58322,52373,22nd Street Station @ Unloading Only,22nd Street Station @ Bay 5,58322,22nd Street Station,77190,78210,in_service_layover,65.69246522481492,75.74391079781799,56.69015303173728,1020,17.0,21:26:30,21:43:30,True,1,,2
2160389,heavy,100.0,8.0,40-ft,HTC,2,SAT,14842270,14842315,100,100,58322,55933,22nd Street Station @ Unloading Only,22nd Street Station @ Bay 6,58322,22nd Street Station,77490,78210,in_service_layover,62.06697707501863,70.27548430002612,46.295980749042315,720,12.0,21:31:30,21:43:30,True,2,,2
2160573,heavy,410.0,2.0,40-ft,HTC,2,SAT,14873416,14873512,410,410,58322,52230,22nd Street Station @ Unloading Only,22nd Street Station @ Bay 4,58322,22nd Street Station,77970,78510,in_service_layover,46.22949153880685,53.165286479536576,39.11788346571569,540,9.0,21:39:30,21:48:30,False,,busy,2
2160391,heavy,100.0,5.0,40-ft,HTC,2,SAT,14842224,14842319,100,100,58322,55933,22nd Street Station @ Unloading Only,22nd Street Station @ Bay 6,58322,22nd Street Station,78270,79110,in_service_layover,60.759263442863364,70.3433980466969,54.054519165621116,840,14.0,21:44:30,21:58:30,True,1,,2
2160423,heavy,152.0,24.0,40-ft,PCT,2,SAT,14846627,14902903,128,128,58322,52183,22nd Street Station @ Unloading Only,22nd Street Station @ Bay 8,58322,22nd Street Station,78330,78810,in_service_layover,69.75521172615974,74.65404889249442,27.629441618127544,480,8.0,21:45:30,21:53:30,True,2,,2
2160429,heavy,151.0,21.0,40-ft,PCT,2,SAT,14903107,14850682,155,155,58322,52183,22nd Street Station @ Unloading Only,22nd Street Station @ Bay 8,58322,22nd Street Station,79290,79830,in_service_layover,68.02481331951438,73.681602739602,31.90429232929415,540,9.0,22:01:30,22:10:30,True,2,,2
2160394,heavy,100.0,1.0,40-ft,HTC,2,SAT,14842196,14842318,100,100,58322,55933,22nd Street Station @ Unloading Only,22nd Street Station @ Bay 6,58322,22nd Street Station,79290,79950,in_service_layover,63.214402972717345,70.66423251383907,42.01703861192652,660,11.0,22:01:30,22:12:30,True,1,,2
2160393,heavy,100.0,6.0,40-ft,HTC,2,SAT,14842244,14842356,100,100,58322,55933,22nd Street Station @ Unloading Only,22nd Street Station @ Bay 6,58322,22nd Street Station,80010,80850,in_service_layover,59.094559858437954,69.0018461027762,55.87709441806771,840,14.0,22:13:30,22:27:30,True,2,,2
2162336,heavy,410.0,12.0,40-ft,HTC,2,SAT,14873419,14873510,410,410,58322,52230,22nd Street Station @ Unloading Only,22nd Street Station @ Bay 4,58322,22nd Street Station,80010,81030,in_service_layover,39.74259835305217,52.818636417837396,73.74885468538864,1020,17.0,22:13:30,22:30:30,True,1,,2
2160425,heavy,151.0,23.0,40-ft,PCT,2,SAT,14846623,14846590,128,128,58322,52183,22nd Street Station @ Unloading Only,22nd Street Station @ Bay 8,58322,22nd Street Station,80130,80910,in_service_layover,66.8339640705357,74.76722397410519,44.743585856131915,780,13.0,22:15:30,22:28:30,False,,busy,2
2160390,heavy,100.0,10.0,40-ft,HTC,2,SAT,14842198,14842335,100,100,58322,55933,22nd Street Station @ Unloading Only,22nd Street Station @ Bay 6,58322,22nd Street Station,80970,81810,in_service_layover,60.623502358284064,70.23260949383071,54.19536424448307,840,14.0,22:29:30,22:43:30,True,2,,2
2160817,heavy,151.0,26.0,40-ft,PCT,2,SAT,14850720,14903105,155,155,58322,52183,22nd Street Station @ Unloading Only,22nd Street Station @ Bay 8,58322,22nd Street Station,81090,81630,in_service_layover,66.43653729346802,72.29370219323587,33.03441003469072,540,9.0,22:31:30,22:40:30,True,1,,2
2160423,heavy,152.0,24.0,40-ft,PCT,2,SAT,14902905,14902904,128,128,58322,52183,22nd Street Station @ Unloading Only,22nd Street Station @ Bay 8,58322,22nd Street Station,81870,82710,in_service_layover,68.36450929249793,76.47730226751526,45.75615237909767,840,14.0,22:44:30,22:58:30,True,1,,2
2160397,heavy,100.0,3.0,40-ft,HTC,2,SAT,14842245,14842348,100,100,58322,55933,22nd Street Station @ Unloading Only,22nd Street Station @ Bay 6,58322,22nd Street Station,81870,82890,in_service_layover,62.924910807606295,73.63272839843957,60.39209121229965,1020,17.0,22:44:30,23:01:30,True,2,,2
2160432,heavy,151.0,24.0,40-ft,PCT,2,SAT,14842690,14842651,101,101,58322,52373,22nd Street Station @ Unloading Only,22nd Street Station @ Bay 5,58322,22nd Street Station,81930,82110,in_service_layover,67.99762724886553,70.0406678467768,11.522748972219517,180,3.0,22:45:30,22:48:30,False,,busy,2
2160429,heavy,151.0,21.0,40-ft,PCT,2,SAT,14903108,14850684,155,155,58322,52183,22nd Street Station @ Unloading Only,22nd Street Station @ Bay 8,58322,22nd Street Station,82890,83430,in_service_layover,66.3404133605724,72.20950573184669,33.10168097398707,540,9.0,23:01:30,23:10:30,True,1,,2
2160389,heavy,100.0,8.0,40-ft,HTC,2,SAT,14842246,14842357,100,100,58322,55933,22nd Street Station @ Unloading Only,22nd Street Station @ Bay 6,58322,22nd Street Station,83550,84330,in_service_layover,63.41367383905296,71.96283543394114,48.21727139516929,780,13.0,23:12:30,23:25:30,True,2,,2
2160425,heavy,151.0,23.0,40-ft,PCT,2,SAT,14846625,14846591,128,128,58322,52183,22nd Street Station @ Unloading Only,22nd Street Station @ Bay 8,58322,22nd Street Station,83970,84510,in_service_layover,68.4776843741087,74.07620252647669,31.57564237935543,540,9.0,23:19:30,23:28:30,True,1,,2
2160817,heavy,151.0,26.0,40-ft,PCT,2,SAT,14850718,14903106,155,155,58322,52183,22nd Street Station @ Unloading Only,22nd Street Station @ Bay 8,58322,22nd Street Station,84690,85230,in_service_layover,67.59556761518371,73.30712294836344,32.21317207913364,540,9.0,23:31:30,23:40:30,True,2,,2
2160573,heavy,410.0,2.0,40-ft,HTC,2,SAT,14873433,14873511,410,410,58322,52230,22nd Street Station @ Unloading Only,22nd Street Station @ Bay 4,58322,22nd Street Station,84810,85410,in_service_layover,37.86499482434526,45.45707822778894,42.81935039542239,600,10.0,23:33:30,23:43:30,True,1,,2
2160394,heavy,100.0,1.0,40-ft,HTC,2,SAT,14842213,14842317,100,100,58322,55933,22nd Street Station @ Unloading Only,22nd Street Station @ Bay 6,58322,22nd Street Station,85230,85590,in_service_layover,64.53789123130377,68.74425100881568,23.7238691451671,360,6.0,23:40:30,23:46:30,True,2,,2
2160552,heavy,151.0,32.0,40-ft,PCT,2,SAT,14842687,14842652,101,101,58322,52373,22nd Street Station @ Unloading Only,22nd Street Station @ Bay 5,58322,22nd Street Station,85230,85710,in_service_layover,69.84373549210196,74.7321522457065,27.57067049032969,480,8.0,23:40:30,23:48:30,False,,busy,2
2160393,heavy,100.0,6.0,40-ft,HTC,2,SAT,14842203,14842297,100,100,58322,55933,22nd Street Station @ Unloading Only,22nd Street Station @ Bay 6,58322,22nd Street Station,86190,86790,in_service_layover,62.28812967452342,69.26452734856402,39.34688288158901,600,10.0,23:56:30,24:06:30,True,1,,2
2160429,heavy,151.0,21.0,40-ft,PCT,2,SAT,14903109,14850683,155,155,58322,52183,22nd Street Station @ Unloading Only,22nd Street Station @ Bay 8,58322,22nd Street Station,86490,87030,in_service_layover,67.51610068000082,73.23774524038393,32.27007532056075,540,9.0,24:01:30,24:10:30,True,2,,2
2162336,heavy,410.0,12.0,40-ft,HTC,2,SAT,14873417,14873499,410,410,58322,52230,22nd Street Station @ Unloading Only,22nd Street Station @ Bay 4,58322,22nd Street Station,87090,87390,in_service_layover,37.51834476264607,41.300319617825274,21.33033818321067,300,5.0,24:11:30,24:16:30,True,1,,2
2160397,heavy,100.0,3.0,40-ft,HTC,2,SAT,14842202,14842296,100,100,58322,55933,22nd Street Station @ Unloading Only,22nd Street Station @ Bay 6,58322,22nd Street Station,87930,88410,in_service_layover,65.03563554316848,70.46207106985611,30.605096370518254,480,8.0,24:25:30,24:33:30,True,2,,2
2160817,heavy,151.0,26.0,40-ft,PCT,2,SAT,14850719,14842653,155,101,58322,52373,22nd Street Station @ Unloading Only,22nd Street Station @ Bay 5,58322,22nd Street Station,88290,89310,in_service_layover,69.15256312590927,78.36427794519217,51.954071580755624,1020,17.0,24:31:30,24:48:30,True,1,,2
2160389,heavy,100.0,8.0,40-ft,HTC,2,SAT,14842268,14842295,100,100,58322,55933,22nd Street Station @ Unloading Only,22nd Street Station @ Bay 6,58322,22nd Street Station,89430,90210,in_service_layover,64.48901888748128,72.84764384979451,47.14264478744661,780,13.0,24:50:30,25:03:30,True,2,,2
2160552,heavy,151.0,32.0,40-ft,PCT,2,SAT,14842688,14846588,101,128,58322,52183,22nd Street Station @ Unloading Only,22nd Street Station @ Bay 8,58322,22nd Street Station,89670,89910,in_service_layover,66.95006580636522,69.69570040916025,15.485379159763966,240,4.0,24:54:30,24:58:30,True,1,,2
2160552,heavy,151.0,32.0,40-ft,PCT,2,SAT,14846624,14846589,128,128,58322,52183,22nd Street Station @ Unloading Only,22nd Street Station @ Bay 8,58322,22nd Street Station,92730,92970,in_service_layover,69.7732443507406,72.36341465376167,14.608560509038796,240,4.0,25:45:30,25:49:30,True,1,,2
2160847,heavy,152.0,21.0,40-ft,PCT,2,SAT,14903004,14903040,156,156,58079,58085,Braid Station @ Bay 1,Braid Station @ Bay 5,58079,Braid Station,27630,28410,in_service_layover,67.32296043302733,75.16581264268748,44.233686462483206,780,13.0,07:40:30,07:53:30,False,,no_dispenser,0
2160814,heavy,152.0,23.0,40-ft,PCT,2,SAT,14851953,14850727,169,155,58079,58086,Braid Station @ Bay 1,Braid Station @ Bay 6,58079,Braid Station,30030,31110,in_service_layover,68.225921547392,78.06584251289478,55.497154245435695,1080,18.0,08:20:30,08:38:30,False,,no_dispenser,0
2160846,heavy,152.0,27.0,40-ft,PCT,2,SAT,14903006,14903042,156,156,58079,58085,Braid Station @ Bay 1,Braid Station @ Bay 5,58079,Braid Station,31230,32010,in_service_layover,67.57948684645679,75.37467560901496,43.964864620827996,780,13.0,08:40:30,08:53:30,False,,no_dispenser,0
2160425,heavy,151.0,23.0,40-ft,PCT,2,SAT,14846561,14846598,128,128,58086,58086,Braid Station @ Bay 6,Braid Station @ Bay 6,58086,Braid Station,31590,31890,in_service_layover,68.74777884248397,72.0150722148338,18.427534620052995,300,5.0,08:46:30,08:51:30,False,,no_dispenser,0
2160844,heavy,152.0,31.0,40-ft,PCT,2,SAT,14903007,14903043,156,156,58079,58085,Braid Station @ Bay 1,Braid Station @ Bay 5,58079,Braid Station,33030,33810,in_service_layover,67.57948684645679,75.37467560901496,43.964864620827996,780,13.0,09:10:30,09:23:30,False,,no_dispenser,0
2160429,heavy,151.0,21.0,40-ft,PCT,2,SAT,14846562,14846599,128,128,58086,58086,Braid Station @ Bay 6,Braid Station @ Bay 6,58086,Braid Station,33390,33810,in_service_layover,68.5161160969016,72.99016567381882,25.23363961381318,420,7.0,09:16:30,09:23:30,False,,no_dispenser,0
2160424,heavy,152.0,25.0,40-ft,PCT,2,SAT,14851955,14850729,169,155,58079,58086,Braid Station @ Bay 1,Braid Station @ Bay 6,58079,Braid Station,33750,34950,in_service_layover,67.24630439117304,78.13042952707264,61.386465766473805,1200,20.0,09:22:30,09:42:30,False,,no_dispenser,0
2160845,heavy,152.0,22.0,40-ft,PCT,2,SAT,14903008,14903044,156,156,58079,58085,Braid Station @ Bay 1,Braid Station @ Bay 5,58079,Braid Station,34890,35610,in_service_layover,69.06644769921658,76.11033011780334,39.72749684082936,720,12.0,09:41:30,09:53:30,False,,no_dispenser,0
2160907,heavy,152.0,34.0,40-ft,PCT,2,SAT,14851337,14851307,159,159,58079,58083,Braid Station @ Bay 1,Braid Station @ Bay 3,58079,Braid Station,36210,37110,in_service_layover,66.05587748870144,75.11121633022657,51.07211106620173,900,15.0,10:03:30,10:18:30,False,,no_dispenser,0
2160423,heavy,152.0,24.0,40-ft,PCT,2,SAT,14850693,14851906,155,169,58086,58079,Braid Station @ Bay 6,Braid Station @ Bay 1,58086,Braid Station,36270,37110,in_service_layover,67.3361210499824,75.65619794587536,46.92523369283634,840,14.0,10:04:30,10:18:30,False,,no_dispenser,0
2160843,heavy,152.0,32.0,40-ft,PCT,2,SAT,14903009,14903045,156,156,58079,58085,Braid Station @ Bay 1,Braid Station @ Bay 5,58079,Braid Station,36690,37410,in_service_layover,66.15164138925843,73.69517098417575,42.54550691533359,720,12.0,10:11:30,10:23:30,False,,no_dispenser,0
2160886,heavy,152.0,33.0,40-ft,PCT,2,SAT,14851957,14850731,169,155,58079,58086,Braid Station @ Bay 1,Braid Station @ Bay 6,58079,Braid Station,37410,38550,in_service_layover,67.24630439117304,77.73627148045074,59.16341438352623,1140,19.0,10:23:30,10:42:30,False,,no_dispenser,0
2160904,heavy,152.0,35.0,40-ft,PCT,2,SAT,14851338,14851308,159,159,58079,58083,Braid Station @ Bay 1,Braid Station @ Bay 3,58079,Braid Station,38130,38910,in_service_layover,66.05587748870144,74.13178086772196,45.54809505767571,780,13.0,10:35:30,10:48:30,False,,no_dispenser,0
2160847,heavy,152.0,21.0,40-ft,PCT,2,SAT,14903010,14903046,156,156,58079,58085,Braid Station @ Bay 1,Braid Station @ Bay 5,58079,Braid Station,38610,39210,in_service_layover,66.07470589404471,72.54587788953542,36.49741005456764,600,10.0,10:43:30,10:53:30,False,,no_dispenser,0
2160425,heavy,151.0,23.0,40-ft,PCT,2,SAT,14846565,14846602,128,128,58086,58086,Braid Station @ Bay 6,Braid Station @ Bay 6,58086,Braid Station,38790,39510,in_service_layover,69.55489750067721,76.51300424335702,39.2437220287141,720,12.0,10:46:30,10:58:30,False,,no_dispenser,0
2160902,heavy,152.0,38.0,40-ft,PCT,2,SAT,14851339,14851309,159,159,58079,58083,Braid Station @ Bay 1,Braid Station @ Bay 3,58079,Braid Station,39930,40710,in_service_layover,66.05587748870144,74.13178086772196,45.54809505767571,780,13.0,11:05:30,11:18:30,False,,no_dispenser,0
2160887,heavy,152.0,28.0,40-ft,PCT,2,SAT,14850695,14851908,155,169,58086,58079,Braid Station @ Bay 6,Braid Station @ Bay 1,58086,Braid Station,40170,40710,in_service_layover,66.80155473606652,72.61321974744402,32.77779066416912,540,9.0,11:09:30,11:18:30,False,,no_dispenser,0
2160842,heavy,152.0,37.0,40-ft,PCT,2,SAT,14903011,14903047,156,156,58079,58085,Braid Station @ Bay 1,Braid Station @ Bay 5,58079,Braid Station,40530,41010,in_service_layover,66.15164138925843,71.45827081525236,29.929389962605796,480,8.0,11:15:30,11:23:30,False,,no_dispenser,0
2160423,heavy,152.0,24.0,40-ft,PCT,2,SAT,14851959,14850733,169,155,58079,58086,Braid Station @ Bay 1,Braid Station @ Bay 6,58079,Braid Station,41010,42210,in_service_layover,69.0552805616498,79.45930265144699,58.6786845864562,1200,20.0,11:23:30,11:43:30,False,,no_dispenser,0
2160903,heavy,152.0,29.0,40-ft,PCT,2,SAT,14851340,14851310,159,159,58079,58083,Braid Station @ Bay 1,Braid Station @ Bay 3,58079,Braid Station,41730,42510,in_service_layover,67.49031452611909,75.30209093036245,44.05841891993259,780,13.0,11:35:30,11:48:30,False,,no_dispenser,0
2160846,heavy,152.0,27.0,40-ft,PCT,2,SAT,14903012,14903048,156,156,58079,58085,Braid Station @ Bay 1,Braid Station @ Bay 5,58079,Braid Station,42450,42810,in_service_layover,66.23271398807834,70.30808338223974,22.98508338307022,360,6.0,11:47:30,11:53:30,False,,no_dispenser,0
2160906,heavy,152.0,26.0,40-ft,PCT,2,SAT,14851341,14851311,159,159,58079,58083,Braid Station @ Bay 1,Braid Station @ Bay 3,58079,Braid Station,43590,44310,in_service_layover,64.07567755048599,71.96230610557886,44.480585050723846,720,12.0,12:06:30,12:18:30,False,,no_dispenser,0
2160814,heavy,152.0,23.0,40-ft,PCT,2,SAT,14850697,14851910,155,169,58086,58079,Braid Station @ Bay 6,Braid Station @ Bay 1,58086,Braid Station,43770,44310,in_service_layover,67.0228511437163,72.80677093738663,32.621307636300685,540,9.0,12:09:30,12:18:30,False,,no_dispenser,0
2160430,heavy,151.0,30.0,40-ft,PCT,2,SAT,14846568,14846605,128,128,58086,58086,Braid Station @ Bay 6,Braid Station @ Bay 6,58086,Braid Station,43890,44910,in_service_layover,69.07940346288206,78.30865881153166,52.053000166383754,1020,17.0,12:11:30,12:28:30,False,,no_dispenser,0
2160844,heavy,152.0,31.0,40-ft,PCT,2,SAT,14903013,14903049,156,156,58079,58085,Braid Station @ Bay 1,Braid Station @ Bay 5,58079,Braid Station,44250,44610,in_service_layover,65.78971563298572,69.90000630928498,23.182039414327903,360,6.0,12:17:30,12:23:30,False,,no_dispenser,0
2160908,heavy,152.0,30.0,40-ft,PCT,2,SAT,14851342,14851312,159,159,58079,58083,Braid Station @ Bay 1,Braid Station @ Bay 3,58079,Braid Station,45390,46110,in_service_layover,63.5672465228341,71.5362867365395,44.94538680529848,720,12.0,12:36:30,12:48:30,False,,no_dispenser,0
2160905,heavy,152.0,36.0,40-ft,PCT,2,SAT,14851343,14851313,159,159,58079,58083,Braid Station @ Bay 1,Braid Station @ Bay 3,58079,Braid Station,47130,47910,in_service_layover,64.68212418606166,73.00623271814361,46.947972120942154,780,13.0,13:05:30,13:18:30,False,,no_dispenser,0
2160424,heavy,152.0,25.0,40-ft,PCT,2,SAT,14850699,14851912,155,169,58086,58079,Braid Station @ Bay 6,Braid Station @ Bay 1,58086,Braid Station,47430,47910,in_service_layover,68.17275679868638,73.25460800900476,28.66164082619565,480,8.0,13:10:30,13:18:30,False,,no_dispenser,0
2160843,heavy,152.0,32.0,40-ft,PCT,2,SAT,14903015,14903051,156,156,58079,58085,Braid Station @ Bay 1,Braid Station @ Bay 5,58079,Braid Station,47910,48210,in_service_layover,64.80095958151193,68.32848147427801,19.895223475200737,300,5.0,13:18:30,13:23:30,False,,no_dispenser,0
2160907,heavy,152.0,34.0,40-ft,PCT,2,SAT,14851344,14851314,159,159,58079,58083,Braid Station @ Bay 1,Braid Station @ Bay 3,58079,Braid Station,49170,49710,in_service_layover,63.77886017506428,69.95742084538055,34.84708218058381,540,9.0,13:39:30,13:48:30,False,,no_dispenser,0
2160887,heavy,152.0,28.0,40-ft,PCT,2,SAT,14850700,14851913,155,169,58086,58079,Braid Station @ Bay 6,Braid Station @ Bay 1,58086,Braid Station,49230,49710,in_service_layover,69.55393146674703,74.47638907319441,27.762660900363244,480,8.0,13:40:30,13:48:30,False,,no_dispenser,0
2160845,heavy,152.0,22.0,40-ft,PCT,2,SAT,14846571,14846608,128,128,58086,58086,Braid Station @ Bay 6,Braid Station @ Bay 6,58086,Braid Station,49470,50310,in_service_layover,68.33245966846022,76.45175236601877,45.79281081423022,840,14.0,13:44:30,13:58:30,False,,no_dispenser,0
2160904,heavy,152.0,35.0,40-ft,PCT,2,SAT,14851345,14851315,159,159,58079,58083,Braid Station @ Bay 1,Braid Station @ Bay 3,58079,Braid Station,50970,51510,in_service_layover,64.27848039150615,70.39794898343625,34.5138028584858,540,9.0,14:09:30,14:18:30,False,,no_dispenser,0
2160886,heavy,152.0,33.0,40-ft,PCT,2,SAT,14850701,14851914,155,169,58086,58079,Braid Station @ Bay 6,Braid Station @ Bay 1,58086,Braid Station,51030,51510,in_service_layover,67.39223492430953,72.56208431840075,29.15795058267446,480,8.0,14:10:30,14:18:30,False,,no_dispenser,0
2160428,heavy,151.0,22.0,40-ft,PCT,2,SAT,14846572,14846609,128,128,58086,58086,Braid Station @ Bay 6,Braid Station @ Bay 6,58086,Braid Station,51270,52110,in_service_layover,68.45580477785964,76.55007042367953,45.65165824242416,840,14.0,14:14:30,14:28:30,False,,no_dispenser,0
2160842,heavy,152.0,37.0,40-ft,PCT,2,SAT,14903017,14903053,156,156,58079,58085,Braid Station @ Bay 1,Braid Station @ Bay 5,58079,Braid Station,51570,51810,in_service_layover,60.771429521954964,63.81296949727624,17.15428546081199,240,4.0,14:19:30,14:23:30,False,,no_dispenser,0
2160902,heavy,152.0,38.0,40-ft,PCT,2,SAT,14851346,14851316,159,159,58079,58083,Braid Station @ Bay 1,Braid Station @ Bay 3,58079,Braid Station,52770,53310,in_service_layover,63.74711077530593,69.9294060312221,34.86814524336722,540,9.0,14:39:30,14:48:30,False,,no_dispenser,0
2160814,heavy,152.0,23.0,40-ft,PCT,2,SAT,14850702,14851915,155,169,58086,58079,Braid Station @ Bay 6,Braid Station @ Bay 1,58086,Braid Station,52830,53310,in_service_layover,69.25454653864072,74.21195302855187,27.959772603098827,480,8.0,14:40:30,14:48:30,False,,no_dispenser,0
2160887,heavy,152.0,28.0,40-ft,PCT,2,SAT,14851966,14850740,169,155,58079,58086,Braid Station @ Bay 1,Braid Station @ Bay 6,58079,Braid Station,53790,54510,in_service_layover,67.87547168896886,75.12603469392897,40.8931753479751,720,12.0,14:56:30,15:08:30,False,,no_dispenser,0
2160903,heavy,152.0,29.0,40-ft,PCT,2,SAT,14851347,14851317,159,159,58079,58083,Braid Station @ Bay 1,Braid Station @ Bay 3,58079,Braid Station,54570,55110,in_service_layover,62.79626448505299,69.08924746531214,35.4924240086616,540,9.0,15:09:30,15:18:30,False,,no_dispenser,0
2160423,heavy,152.0,24.0,40-ft,PCT,2,SAT,14850703,14851916,155,169,58086,58079,Braid Station @ Bay 6,Braid Station @ Bay 1,58086,Braid Station,54690,55110,in_service_layover,68.72513829404798,73.17827908358461,25.11571405298656,420,7.0,15:11:30,15:18:30,False,,no_dispenser,0
2160430,heavy,151.0,30.0,40-ft,PCT,2,SAT,14846574,14846611,128,128,58086,58086,Braid Station @ Bay 6,Braid Station @ Bay 6,58086,Braid Station,54870,55710,in_service_layover,69.1582103505406,77.10924444719467,44.843832305128956,840,14.0,15:14:30,15:28:30,False,,no_dispenser,0
2160844,heavy,152.0,31.0,40-ft,PCT,2,SAT,14903019,14903055,156,156,58079,58085,Braid Station @ Bay 1,Braid Station @ Bay 5,58079,Braid Station,55170,55410,in_service_layover,61.65416058602813,64.65396386801262,16.918890510392487,240,4.0,15:19:30,15:23:30,False,,no_dispenser,0
2160906,heavy,152.0,26.0,40-ft,PCT,2,SAT,14851348,14851318,159,159,58079,58083,Braid Station @ Bay 1,Braid Station @ Bay 3,58079,Braid Station,56370,56910,in_service_layover,64.40236718624,70.50708853773173,34.43062842241335,540,9.0,15:39:30,15:48:30,False,,no_dispenser,0
2160424,heavy,152.0,25.0,40-ft,PCT,2,SAT,14850704,14851917,155,169,58086,58079,Braid Station @ Bay 6,Braid Station @ Bay 1,58086,Braid Station,56490,56910,in_service_layover,69.26106685644643,73.66010635172077,24.810582753347262,420,7.0,15:41:30,15:48:30,False,,no_dispenser,0
2160846,heavy,152.0,27.0,40-ft,PCT,2,SAT,14846575,14846612,128,128,58086,58086,Braid Station @ Bay 6,Braid Station @ Bay 6,58086,Braid Station,56610,57510,in_service_layover,68.8302794957773,77.288195332002,47.70264531630738,900,15.0,15:43:30,15:58:30,False,,no_dispenser,0
2160814,heavy,152.0,23.0,40-ft,PCT,2,SAT,14851968,14850742,169,155,58079,58086,Braid Station @ Bay 1,Braid Station @ Bay 6,58079,Braid Station,57390,58110,in_service_layover,67.61103564432631,74.90701629275546,41.14933085714034,720,12.0,15:56:30,16:08:30,False,,no_dispenser,0
2160908,heavy,152.0,30.0,40-ft,PCT,2,SAT,14851349,14851319,159,159,58079,58083,Braid Station @ Bay 1,Braid Station @ Bay 3,58079,Braid Station,58170,58710,in_service_layover,64.08625040686408,70.228528315068,34.64244740227019,540,9.0,16:09:30,16:18:30,False,,no_dispenser,0
2160887,heavy,152.0,28.0,40-ft,PCT,2,SAT,14850705,14851918,155,169,58086,58079,Braid Station @ Bay 6,Braid Station @ Bay 1,58086,Braid Station,58290,58710,in_service_layover,67.78484531489937,72.33119780539778,25.641428046411022,420,7.0,16:11:30,16:18:30,False,,no_dispenser,0
2160429,heavy,151.0,21.0,40-ft,PCT,2,SAT,14846576,14846613,128,128,58086,58086,Braid Station @ Bay 6,Braid Station @ Bay 6,58086,Braid Station,58410,59310,in_service_layover,69.40330152860507,77.73546231847223,46.99338685485088,900,15.0,16:13:30,16:28:30,False,,no_dispenser,0
2160843,heavy,152.0,32.0,40-ft,PCT,2,SAT,14903021,14903057,156,156,58079,58085,Braid Station @ Bay 1,Braid Station @ Bay 5,58079,Braid Station,58710,59010,in_service_layover,60.48540482376812,64.26877333300169,21.338198392077288,300,5.0,16:18:30,16:23:30,False,,no_dispenser,0
2160886,heavy,152.0,33.0,40-ft,PCT,2,SAT,14850706,14851919,155,169,58086,58079,Braid Station @ Bay 6,Braid Station @ Bay 1,58086,Braid Station,60090,60510,in_service_layover,68.71858378966603,73.17238171738076,25.119420312311092,420,7.0,16:41:30,16:48:30,False,,no_dispenser,0
2160905,heavy,152.0,36.0,40-ft,PCT,2,SAT,14851350,14851320,159,159,58079,58083,Braid Station @ Bay 1,Braid Station @ Bay 3,58079,Braid Station,60090,60510,in_service_layover,65.17282798064518,69.9666868882543,27.037364238915416,420,7.0,16:41:30,16:48:30,False,,no_dispenser,0
2160424,heavy,152.0,25.0,40-ft,PCT,2,SAT,14851970,14850744,169,155,58079,58086,Braid Station @ Bay 1,Braid Station @ Bay 6,58079,Braid Station,60930,61710,in_service_layover,67.05918896749522,74.95088101888257,44.509143169824654,780,13.0,16:55:30,17:08:30,False,,no_dispenser,0
2160907,heavy,152.0,34.0,40-ft,PCT,2,SAT,14851351,14851321,159,159,58079,58083,Braid Station @ Bay 1,Braid Station @ Bay 3,58079,Braid Station,61830,62310,in_service_layover,62.906047001481134,68.55258857524127,31.846494476007194,480,8.0,17:10:30,17:18:30,False,,no_dispenser,0
2160814,heavy,152.0,23.0,40-ft,PCT,2,SAT,14850707,14851920,155,169,58086,58079,Braid Station @ Bay 6,Braid Station @ Bay 1,58086,Braid Station,61890,62310,in_service_layover,67.56582691372586,72.13357827394417,25.762117671631245,420,7.0,17:11:30,17:18:30,False,,no_dispenser,0
2160842,heavy,152.0,37.0,40-ft,PCT,2,SAT,14903023,14903059,156,156,58079,58085,Braid Station @ Bay 1,Braid Station @ Bay 5,58079,Braid Station,62250,62610,in_service_layover,55.37100862135763,60.10843819369012,26.719102787955194,360,6.0,17:17:30,17:23:30,False,,no_dispenser,0
2160904,heavy,152.0,35.0,40-ft,PCT,2,SAT,14851352,14851322,159,159,58079,58083,Braid Station @ Bay 1,Braid Station @ Bay 3,58079,Braid Station,63630,64110,in_service_layover,63.8741379895179,69.4220060586521,31.289975909916905,480,8.0,17:40:30,17:48:30,False,,no_dispenser,0
2160423,heavy,152.0,24.0,40-ft,PCT,2,SAT,14850708,14851921,155,169,58086,58079,Braid Station @ Bay 6,Braid Station @ Bay 1,58086,Braid Station,63690,64110,in_service_layover,68.71891145488821,73.1726765317092,25.119235033270286,420,7.0,17:41:30,17:48:30,False,,no_dispenser,0
2160902,heavy,152.0,38.0,40-ft,PCT,2,SAT,14851353,14851323,159,159,58079,58083,Braid Station @ Bay 1,Braid Station @ Bay 3,58079,Braid Station,65190,65910,in_service_layover,63.52795757782068,71.50333864245404,44.98114920453213,720,12.0,18:06:30,18:18:30,False,,no_dispenser,0
2160424,heavy,152.0,25.0,40-ft,PCT,2,SAT,14850709,14851922,155,169,58086,58079,Braid Station @ Bay 6,Braid Station @ Bay 1,58086,Braid Station,65490,65910,in_service_layover,67.60969163985297,72.17316670848119,25.7379993870631,420,7.0,18:11:30,18:18:30,False,,no_dispenser,0
2160430,heavy,151.0,30.0,40-ft,PCT,2,SAT,14846580,14846617,128,128,58086,58086,Braid Station @ Bay 6,Braid Station @ Bay 6,58086,Braid Station,65610,66510,in_service_layover,67.67513529738652,76.38409528217491,49.1185343142065,900,15.0,18:13:30,18:28:30,False,,no_dispenser,0
2160844,heavy,152.0,31.0,40-ft,PCT,2,SAT,14903025,14903061,156,156,58079,58085,Braid Station @ Bay 1,Braid Station @ Bay 5,58079,Braid Station,65850,66210,in_service_layover,56.14435642303223,60.87207663522896,26.664341996789574,360,6.0,18:17:30,18:23:30,False,,no_dispenser,0
2160903,heavy,152.0,29.0,40-ft,PCT,2,SAT,14851354,14851324,159,159,58079,58083,Braid Station @ Bay 1,Braid Station @ Bay 3,58079,Braid Station,66990,67710,in_service_layover,64.059496153706,71.94875753079076,44.495434166758,720,12.0,18:36:30,18:48:30,False,,no_dispenser,0
2160887,heavy,152.0,28.0,40-ft,PCT,2,SAT,14850710,14851923,155,169,58086,58079,Braid Station @ Bay 6,Braid Station @ Bay 1,58086,Braid Station,67290,67710,in_service_layover,69.68992956872303,74.04516667658854,24.563537288361488,420,7.0,18:41:30,18:48:30,False,,no_dispenser,0
2160425,heavy,151.0,23.0,40-ft,PCT,2,SAT,14846581,14846618,128,128,58086,58086,Braid Station @ Bay 6,Braid Station @ Bay 6,58086,Braid Station,67410,68010,in_service_layover,69.19765632535224,75.22557781130634,33.997477180781175,600,10.0,18:43:30,18:53:30,False,,no_dispenser,0
2165153,heavy,152.0,40.0,40-ft,PCT,2,SAT,14903026,14903062,156,156,58079,58085,Braid Station @ Bay 1,Braid Station @ Bay 5,58079,Braid Station,67650,68010,in_service_layover,65.00837486259233,69.17908093246112,23.522782234059946,360,6.0,18:47:30,18:53:30,False,,no_dispenser,0
2160906,heavy,152.0,26.0,40-ft,PCT,2,SAT,14851355,14851325,159,159,58079,58083,Braid Station @ Bay 1,Braid Station @ Bay 3,58079,Braid Station,68610,69510,in_service_layover,65.17367251000493,74.41500873852341,52.121136328844216,900,15.0,19:03:30,19:18:30,False,,no_dispenser,0
2160429,heavy,151.0,21.0,40-ft,PCT,2,SAT,14846582,14846619,128,128,58086,58086,Braid Station @ Bay 6,Braid Station @ Bay 6,58086,Braid Station,69210,69810,in_service_layover,69.15354796747567,75.18789789028439,34.03373356464118,600,10.0,19:13:30,19:23:30,False,,no_dispenser,0
2160843,heavy,152.0,32.0,40-ft,PCT,2,SAT,14903027,14903063,156,156,58079,58085,Braid Station @ Bay 1,Braid Station @ Bay 5,58079,Braid Station,69210,69810,in_service_layover,55.81283401576071,63.51416378978582,43.43549992550169,600,10.0,19:13:30,19:23:30,False,,no_dispenser,0
2160814,heavy,152.0,23.0,40-ft,PCT,2,SAT,14850712,14851925,155,169,58086,58079,Braid Station @ Bay 6,Braid Station @ Bay 1,58086,Braid Station,70650,71310,in_service_layover,68.26522893318182,74.94713863079832,37.685970694557,660,11.0,19:37:30,19:48:30,False,,no_dispenser,0
2160846,heavy,152.0,27.0,40-ft,PCT,2,SAT,14903028,14903064,156,156,58079,58085,Braid Station @ Bay 1,Braid Station @ Bay 5,58079,Braid Station,70950,71610,in_service_layover,68.70335605941094,75.3156918365579,37.293573783108855,660,11.0,19:42:30,19:53:30,False,,no_dispenser,0
2160425,heavy,151.0,23.0,40-ft,PCT,2,SAT,14846583,14846620,128,128,58086,58086,Braid Station @ Bay 6,Braid Station @ Bay 6,58086,Braid Station,71250,71610,in_service_layover,68.93603821130986,72.78783209210104,21.72411748766217,360,6.0,19:47:30,19:53:30,False,,no_dispenser,0
2160887,heavy,152.0,28.0,40-ft,PCT,2,SAT,14851976,14850750,169,155,58079,58086,Braid Station @ Bay 1,Braid Station @ Bay 6,58079,Braid Station,71670,72510,in_service_layover,67.444249292363,75.74265458337064,46.80300584128315,840,14.0,19:54:30,20:08:30,False,,no_dispenser,0
2160905,heavy,152.0,36.0,40-ft,PCT,2,SAT,14851357,14851326,159,159,58079,58083,Braid Station @ Bay 1,Braid Station @ Bay 3,58079,Braid Station,72150,73110,in_service_layover,67.95585174068684,77.0391561510667,51.22983687454246,960,16.0,20:02:30,20:18:30,False,,no_dispenser,0
2160842,heavy,152.0,37.0,40-ft,PCT,2,SAT,14903029,14903065,156,156,58079,58085,Braid Station @ Bay 1,Braid Station @ Bay 5,58079,Braid Station,72750,73410,in_service_layover,56.51819535034084,64.8639469453025,47.070038995583786,660,11.0,20:12:30,20:23:30,False,,no_dispenser,0
2160429,heavy,151.0,21.0,40-ft,PCT,2,SAT,14846584,14846621,128,128,58086,58086,Braid Station @ Bay 6,Braid Station @ Bay 6,58086,Braid Station,72990,73410,in_service_layover,68.8983582902879,73.33409032715377,25.017528687923573,420,7.0,20:16:30,20:23:30,False,,no_dispenser,0
2160424,heavy,152.0,25.0,40-ft,PCT,2,SAT,14850714,14851927,155,169,58086,58079,Braid Station @ Bay 6,Braid Station @ Bay 1,58086,Braid Station,74190,74910,in_service_layover,69.35701791273253,76.34994475513871,39.44010739117084,720,12.0,20:36:30,20:48:30,False,,no_dispenser,0
2160817,heavy,151.0,26.0,40-ft,PCT,2,SAT,14851938,14850717,169,155,58079,58086,Braid Station @ Bay 1,Braid Station @ Bay 6,58079,Braid Station,75150,76110,in_service_layover,65.2715564863563,74.96706340556796,54.68265902435377,960,16.0,20:52:30,21:08:30,False,,no_dispenser,0
2160887,heavy,152.0,28.0,40-ft,PCT,2,SAT,14850715,14851928,155,169,58086,58079,Braid Station @ Bay 6,Braid Station @ Bay 1,58086,Braid Station,75990,76710,in_service_layover,68.40146520434104,75.56117913328839,40.38078655926307,720,12.0,21:06:30,21:18:30,False,,no_dispenser,0
2160844,heavy,152.0,31.0,40-ft,PCT,2,SAT,14903030,14903066,156,156,58079,58085,Braid Station @ Bay 1,Braid Station @ Bay 5,58079,Braid Station,76230,77010,in_service_layover,59.98965066566326,69.12680806821537,51.5335677503939,780,13.0,21:10:30,21:23:30,False,,no_dispenser,0
2160423,heavy,152.0,24.0,40-ft,PCT,2,SAT,14851939,14846627,169,128,58079,58086,Braid Station @ Bay 1,Braid Station @ Bay 6,58079,Braid Station,76650,77010,in_service_layover,69.35719513247635,73.17253757486527,21.518531375073508,360,6.0,21:17:30,21:23:30,False,,no_dispenser,0
2160886,heavy,152.0,33.0,40-ft,PCT,2,SAT,14850716,14851929,155,169,58086,58079,Braid Station @ Bay 6,Braid Station @ Bay 1,58086,Braid Station,77670,78510,in_service_layover,69.34519836098892,77.25789610096932,44.62761525348952,840,14.0,21:34:30,21:48:30,False,,no_dispenser,0
2160903,heavy,152.0,29.0,40-ft,PCT,2,SAT,14851360,14851328,159,159,58079,58083,Braid Station @ Bay 1,Braid Station @ Bay 3,58079,Braid Station,79290,80310,in_service_layover,63.734241678660375,74.25206310014846,59.32051281719288,1020,17.0,22:01:30,22:18:30,False,,no_dispenser,0
2160817,heavy,151.0,26.0,40-ft,PCT,2,SAT,14903104,14850720,155,155,58086,58086,Braid Station @ Bay 6,Braid Station @ Bay 6,58086,Braid Station,79470,79710,in_service_layover,67.62587402653837,70.33608067327289,15.285565487582744,240,4.0,22:04:30,22:08:30,False,,no_dispenser,0
2160843,heavy,152.0,32.0,40-ft,PCT,2,SAT,14903031,14903067,156,156,58079,58085,Braid Station @ Bay 1,Braid Station @ Bay 5,58079,Braid Station,79830,80610,in_service_layover,64.35934608847552,72.7410993966091,47.27308865787336,780,13.0,22:10:30,22:23:30,False,,no_dispenser,0
2160887,heavy,152.0,28.0,40-ft,PCT,2,SAT,14851941,14851930,169,169,58079,58079,Braid Station @ Bay 1,Braid Station @ Bay 1,58079,Braid Station,80250,80610,in_service_layover,68.96026174906284,72.8099709748698,21.71236003355125,360,6.0,22:17:30,22:23:30,False,,no_dispenser,0
2160817,heavy,151.0,26.0,40-ft,PCT,2,SAT,14903105,14850718,155,155,58086,58086,Braid Station @ Bay 6,Braid Station @ Bay 6,58086,Braid Station,83070,83310,in_service_layover,68.85205619401115,71.4951109949886,14.906829077512725,240,4.0,23:04:30,23:08:30,False,,no_dispenser,0
2160842,heavy,152.0,37.0,40-ft,PCT,2,SAT,14903032,14903068,156,156,58079,58085,Braid Station @ Bay 1,Braid Station @ Bay 5,58079,Braid Station,83310,84210,in_service_layover,68.48104754532893,77.01520692476899,48.13265890004186,900,15.0,23:08:30,23:23:30,False,,no_dispenser,0
2160429,heavy,151.0,21.0,40-ft,PCT,2,SAT,14850684,14903109,155,155,58086,58086,Braid Station @ Bay 6,Braid Station @ Bay 6,58086,Braid Station,84870,85110,in_service_layover,68.76785973262197,71.4156440598057,14.933503605316275,240,4.0,23:34:30,23:38:30,False,,no_dispenser,0
2160886,heavy,152.0,33.0,40-ft,PCT,2,SAT,14851944,14851933,169,169,58079,58079,Braid Station @ Bay 1,Braid Station @ Bay 1,58079,Braid Station,85890,86310,in_service_layover,68.67167349868836,73.13017247810103,25.14593424388744,420,7.0,23:51:30,23:58:30,False,,no_dispenser,0
2160817,heavy,151.0,26.0,40-ft,PCT,2,SAT,14903106,14850719,155,155,58086,58086,Braid Station @ Bay 6,Braid Station @ Bay 6,58086,Braid Station,86610,86910,in_service_layover,69.86547694913871,73.05210650571414,17.972590699085345,300,5.0,24:03:30,24:08:30,False,,no_dispenser,0
2160887,heavy,152.0,28.0,40-ft,PCT,2,SAT,14851945,14851934,169,169,58079,58079,Braid Station @ Bay 1,Braid Station @ Bay 1,58079,Braid Station,87570,88110,in_service_layover,69.62234627969086,75.07132660699467,30.732249045993512,540,9.0,24:19:30,24:28:30,False,,no_dispenser,0
2160843,heavy,152.0,32.0,40-ft,PCT,2,SAT,14903034,14903069,156,156,58079,58085,Braid Station @ Bay 1,Braid Station @ Bay 5,58079,Braid Station,90330,90510,in_service_layover,68.3075519480487,70.33826470000298,11.453219921022196,180,3.0,25:05:30,25:08:30,False,,no_dispenser,0
2160552,heavy,151.0,32.0,40-ft,PCT,2,SAT,14846588,14846624,128,128,58086,58086,Braid Station @ Bay 6,Braid Station @ Bay 6,58086,Braid Station,91050,91650,in_service_layover,66.8234866578693,73.19057019944613,35.91035117449337,600,10.0,25:17:30,25:27:30,False,,no_dispenser,0
2160887,heavy,152.0,28.0,40-ft,PCT,2,SAT,14851947,14851936,169,169,58079,58079,Braid Station @ Bay 1,Braid Station @ Bay 1,58079,Braid Station,91110,91710,in_service_layover,68.4704092227691,74.60369626205467,34.591738901570466,600,10.0,25:18:30,25:28:30,False,,no_dispenser,0
2160886,heavy,152.0,33.0,40-ft,PCT,2,SAT,14851948,14851332,169,159,58079,58083,Braid Station @ Bay 1,Braid Station @ Bay 3,58079,Braid Station,92910,93150,in_service_layover,68.89067443627033,71.53155433498863,14.894562628771155,240,4.0,25:48:30,25:52:30,False,,no_dispenser,0
2160903,heavy,152.0,29.0,40-ft,PCT,2,SAT,14851364,14851937,159,169,58079,58079,Braid Station @ Bay 1,Braid Station @ Bay 1,58079,Braid Station,93330,93510,in_service_layover,67.48076179219343,69.54383551128896,11.635735775698777,180,3.0,25:55:30,25:58:30,False,,no_dispenser,0
2160636,heavy,123.0,3.0,40-ft,HTC,2,SAT,14846292,14846221,123,123,60690,60690,Brentwood Station @ Bay 8,Brentwood Station @ Bay 8,60690,Brentwood Station,27750,28890,in_service_layover,68.2651884187052,78.4907848836835,57.6723640624777,1140,19.0,07:42:30,08:01:30,False,,no_dispenser,0
2160637,heavy,123.0,8.0,40-ft,HTC,2,SAT,14846294,14846176,123,123,60690,60690,Brentwood Station @ Bay 8,Brentwood Station @ Bay 8,60690,Brentwood Station,30870,31410,in_service_layover,61.405223388127794,67.85612592586888,36.383090312859736,540,9.0,08:34:30,08:43:30,False,,no_dispenser,0
2160636,heavy,123.0,3.0,40-ft,HTC,2,SAT,14846286,14846178,123,123,60690,60690,Brentwood Station @ Bay 8,Brentwood Station @ Bay 8,60690,Brentwood Station,33570,34110,in_service_layover,67.5978097063364,73.30908022346237,32.21156571659043,540,9.0,09:19:30,09:28:30,False,,no_dispenser,0
2160635,heavy,123.0,5.0,40-ft,HTC,2,SAT,14846253,14846228,123,123,60690,60690,Brentwood Station @ Bay 8,Brentwood Station @ Bay 8,60690,Brentwood Station,34650,35010,in_service_layover,58.60021312369691,63.23160601044117,26.121055881237623,360,6.0,09:37:30,09:43:30,False,,no_dispenser,0
2160637,heavy,123.0,8.0,40-ft,HTC,2,SAT,14846276,14846219,123,123,60690,60690,Brentwood Station @ Bay 8,Brentwood Station @ Bay 8,60690,Brentwood Station,36390,36810,in_service_layover,61.32413670200575,66.45216321602419,28.92206953906401,420,7.0,10:06:30,10:13:30,False,,no_dispenser,0
2160581,heavy,123.0,16.0,40-ft,HTC,2,SAT,14846284,14846207,123,123,60690,60690,Brentwood Station @ Bay 8,Brentwood Station @ Bay 8,60690,Brentwood Station,37290,37710,in_service_layover,67.65830354743007,72.21703398888387,25.71123968979947,420,7.0,10:21:30,10:28:30,False,,no_dispenser,0
2160636,heavy,123.0,3.0,40-ft,HTC,2,SAT,14846302,14846223,123,123,60690,60690,Brentwood Station @ Bay 8,Brentwood Station @ Bay 8,60690,Brentwood Station,39150,39510,in_service_layover,65.74506758356114,69.85885103800933,23.201738683087797,360,6.0,10:52:30,10:58:30,False,,no_dispenser,0
2160635,heavy,123.0,5.0,40-ft,HTC,2,SAT,14846255,14846186,123,123,60690,60690,Brentwood Station @ Bay 8,Brentwood Station @ Bay 8,60690,Brentwood Station,40170,40410,in_service_layover,56.26266444543986,59.43119198171881,17.870495304613314,240,4.0,11:09:30,11:13:30,False,,no_dispenser,0
2160583,heavy,123.0,19.0,40-ft,HTC,2,SAT,14846275,14846175,123,123,60690,60690,Brentwood Station @ Bay 8,Brentwood Station @ Bay 8,60690,Brentwood Station,46530,46710,in_service_layover,58.44494732876975,60.819007940452195,13.38970184988898,180,3.0,12:55:30,12:58:30,False,,no_dispenser,0
2160637,heavy,123.0,8.0,40-ft,HTC,2,SAT,14846274,14846185,123,123,60690,60690,Brentwood Station @ Bay 8,Brentwood Station @ Bay 8,60690,Brentwood Station,47430,47610,in_service_layover,50.76778755701164,53.086639119528186,13.078322812593342,180,3.0,13:10:30,13:13:30,False,,no_dispenser,0
2160581,heavy,123.0,16.0,40-ft,HTC,2,SAT,14846277,14846208,123,123,60690,60690,Brentwood Station @ Bay 8,Brentwood Station @ Bay 8,60690,Brentwood Station,48330,48510,in_service_layover,55.556749115777556,57.92217788824906,13.341018276739248,180,3.0,13:25:30,13:28:30,False,,no_dispenser,0
2160583,heavy,123.0,19.0,40-ft,HTC,2,SAT,14846250,14846197,123,123,60690,60690,Brentwood Station @ Bay 8,Brentwood Station @ Bay 8,60690,Brentwood Station,52830,53010,in_service_layover,60.418983908559944,62.73391355719258,13.056203218288033,180,3.0,14:40:30,14:43:30,False,,no_dispenser,0
2160581,heavy,123.0,16.0,40-ft,HTC,2,SAT,14846247,14846199,123,123,60690,60690,Brentwood Station @ Bay 8,Brentwood Station @ Bay 8,60690,Brentwood Station,60870,61110,in_service_layover,56.95958945100708,60.12873866491636,17.874001566448328,240,4.0,16:54:30,16:58:30,False,,no_dispenser,0
2160634,heavy,123.0,20.0,40-ft,HTC,2,SAT,14846271,14846188,123,123,60690,60690,Brentwood Station @ Bay 8,Brentwood Station @ Bay 8,60690,Brentwood Station,61770,62010,in_service_layover,52.27067362717932,55.38864352778196,17.58535023939885,240,4.0,17:09:30,17:13:30,False,,no_dispenser,0
2160636,heavy,123.0,3.0,40-ft,HTC,2,SAT,14846282,14846191,123,123,60690,60690,Brentwood Station @ Bay 8,Brentwood Station @ Bay 8,60690,Brentwood Station,62670,62850,in_service_layover,46.26178084031819,48.5507698630401,12.909898088151579,180,3.0,17:24:30,17:27:30,False,,no_dispenser,0
2160582,heavy,123.0,26.0,40-ft,HTC,2,SAT,14846249,14846192,123,123,60690,60690,Brentwood Station @ Bay 8,Brentwood Station @ Bay 8,60690,Brentwood Station,63570,63750,in_service_layover,69.61412832136317,71.59026899697639,11.145433410458622,180,3.0,17:39:30,17:42:30,False,,no_dispenser,0
2160635,heavy,123.0,5.0,40-ft,HTC,2,SAT,14846264,14846198,123,123,60690,60690,Brentwood Station @ Bay 8,Brentwood Station @ Bay 8,60690,Brentwood Station,64470,64710,in_service_layover,49.09450566138558,52.172457830771805,17.35965023533828,240,4.0,17:54:30,17:58:30,False,,no_dispenser,0
2160583,heavy,123.0,19.0,40-ft,HTC,2,SAT,14846260,14846204,123,123,60690,60690,Brentwood Station @ Bay 8,Brentwood Station @ Bay 8,60690,Brentwood Station,65370,65610,in_service_layover,61.59398160646242,64.59663023027035,16.934938238276686,240,4.0,18:09:30,18:13:30,False,,no_dispenser,0
2160637,heavy,123.0,8.0,40-ft,HTC,2,SAT,14846288,14846215,123,123,60690,60690,Brentwood Station @ Bay 8,Brentwood Station @ Bay 8,60690,Brentwood Station,66270,66510,in_service_layover,53.88300256048151,57.021881039369525,17.703274620928426,240,4.0,18:24:30,18:28:30,False,,no_dispenser,0
2160581,heavy,123.0,16.0,40-ft,HTC,2,SAT,14846299,14846202,123,123,60690,60690,Brentwood Station @ Bay 8,Brentwood Station @ Bay 8,60690,Brentwood Station,67110,67410,in_service_layover,60.46895828961048,64.25329881622925,21.343680570129834,300,5.0,18:38:30,18:43:30,False,,no_dispenser,0
2160636,heavy,123.0,3.0,40-ft,HTC,2,SAT,14846268,14846214,123,123,60690,60690,Brentwood Station @ Bay 8,Brentwood Station @ Bay 8,60690,Brentwood Station,68070,68370,in_service_layover,37.65779468569299,41.44037607446848,21.333759032693763,300,5.0,18:54:30,18:59:30,False,,no_dispenser,0
2160582,heavy,123.0,26.0,40-ft,HTC,2,SAT,14846259,14846224,123,123,60690,60690,Brentwood Station @ Bay 8,Brentwood Station @ Bay 8,60690,Brentwood Station,68910,69210,in_service_layover,64.14055446007849,67.70787300183017,20.119676575479446,300,5.0,19:08:30,19:13:30,False,,no_dispenser,0
2160635,heavy,123.0,5.0,40-ft,HTC,2,SAT,14846256,14846212,123,123,60690,60690,Brentwood Station @ Bay 8,Brentwood Station @ Bay 8,60690,Brentwood Station,69750,70110,in_service_layover,43.56989492873744,48.14342407752486,25.794704399161077,360,6.0,19:22:30,19:28:30,False,,no_dispenser,0
2160583,heavy,123.0,19.0,40-ft,HTC,2,SAT,14846298,14846226,123,123,60690,60690,Brentwood Station @ Bay 8,Brentwood Station @ Bay 8,60690,Brentwood Station,70650,71010,in_service_layover,56.06257512700608,60.79178884057483,26.67276534452776,360,6.0,19:37:30,19:43:30,False,,no_dispenser,0
2160637,heavy,123.0,8.0,40-ft,HTC,2,SAT,14846266,14846213,123,123,60690,60690,Brentwood Station @ Bay 8,Brentwood Station @ Bay 8,60690,Brentwood Station,71490,71910,in_service_layover,49.23786537545395,54.66187078143165,30.591390489714286,420,7.0,19:51:30,19:58:30,False,,no_dispenser,0
2160581,heavy,123.0,16.0,40-ft,HTC,2,SAT,14846295,14846227,123,123,60690,60690,Brentwood Station @ Bay 8,Brentwood Station @ Bay 8,60690,Brentwood Station,72390,72810,in_service_layover,56.49228943578334,61.96639835601672,30.87397431011624,420,7.0,20:06:30,20:13:30,False,,no_dispenser,0
2160636,heavy,123.0,3.0,40-ft,HTC,2,SAT,14846305,14846211,123,123,60690,60690,Brentwood Station @ Bay 8,Brentwood Station @ Bay 8,60690,Brentwood Station,73290,73710,in_service_layover,33.565668460183836,38.84339747509291,29.766391644087122,420,7.0,20:21:30,20:28:30,False,,no_dispenser,0
2160582,heavy,123.0,26.0,40-ft,HTC,2,SAT,14846296,14846216,123,123,60690,60690,Brentwood Station @ Bay 8,Brentwood Station @ Bay 8,60690,Brentwood Station,74130,74610,in_service_layover,60.493275771774,66.37569743246709,33.176858166309046,480,8.0,20:35:30,20:43:30,False,,no_dispenser,0
2160635,heavy,123.0,5.0,40-ft,HTC,2,SAT,14846306,14846210,123,123,60690,60690,Brentwood Station @ Bay 8,Brentwood Station @ Bay 8,60690,Brentwood Station,75030,75510,in_service_layover,41.05494989685375,47.1430881915637,34.33709998216412,480,8.0,20:50:30,20:58:30,False,,no_dispenser,0
2160583,heavy,123.0,19.0,40-ft,HTC,2,SAT,14846290,14846239,123,123,60690,60690,Brentwood Station @ Bay 8,Brentwood Station @ Bay 8,60690,Brentwood Station,75930,76410,in_service_layover,53.852440483854295,60.14666935080293,35.499450809590314,480,8.0,21:05:30,21:13:30,False,,no_dispenser,0
2160581,heavy,123.0,16.0,40-ft,HTC,2,SAT,14846297,14846187,123,123,60690,60690,Brentwood Station @ Bay 8,Brentwood Station @ Bay 8,60690,Brentwood Station,77670,78210,in_service_layover,55.02507619258703,62.04364938240341,39.58475279056438,540,9.0,21:34:30,21:43:30,False,,no_dispenser,0
2160582,heavy,123.0,26.0,40-ft,HTC,2,SAT,14846244,14846231,123,123,60690,60690,Brentwood Station @ Bay 8,Brentwood Station @ Bay 8,60690,Brentwood Station,79770,80010,in_service_layover,63.25928337784129,66.1831943292436,16.49085776590897,240,4.0,22:09:30,22:13:30,False,,no_dispenser,0
2160475,heavy,410.0,7.0,40-ft,HTC,2,SAT,14846245,14846232,123,123,60690,60690,Brentwood Station @ Bay 8,Brentwood Station @ Bay 8,60690,Brentwood Station,81630,81990,in_service_layover,21.794861282008544,26.252817374812075,25.14287236341194,360,6.0,22:40:30,22:46:30,False,,no_dispenser,0
2160517,heavy,123.0,1.0,40-ft,HTC,2,SAT,14846246,14846233,123,123,60690,60690,Brentwood Station @ Bay 8,Brentwood Station @ Bay 8,60690,Brentwood Station,83250,83610,in_service_layover,67.06721032807043,71.07548397905828,22.606663391571487,360,6.0,23:07:30,23:13:30,False,,no_dispenser,0
2160511,heavy,123.0,9.0,40-ft,HTC,2,SAT,14846280,14846234,123,123,60690,60690,Brentwood Station @ Bay 8,Brentwood Station @ Bay 8,60690,Brentwood Station,84990,85410,in_service_layover,62.17912281093635,67.23599239874002,28.520744475212723,420,7.0,23:36:30,23:43:30,False,,no_dispenser,0
2160513,heavy,106.0,1.0,40-ft,HTC,2,SAT,14846261,14846236,123,123,60690,60690,Brentwood Station @ Bay 8,Brentwood Station @ Bay 8,60690,Brentwood Station,86910,87330,in_service_layover,61.28397047901578,66.4153204393809,28.940813776459322,420,7.0,24:08:30,24:15:30,False,,no_dispenser,0
2160517,heavy,123.0,1.0,40-ft,HTC,2,SAT,14846301,14846177,123,123,60690,60690,Brentwood Station @ Bay 8,Brentwood Station @ Bay 8,60690,Brentwood Station,90390,90810,in_service_layover,64.24577771333634,69.12344124031505,27.510022292159874,420,7.0,25:06:30,25:13:30,False,,no_dispenser,0
2162498,heavy,601.0,21.0,40-ft,RTC,2,SAT,14877178,14877238,601,601,61321,61326,Bridgeport Station @ Bay 1 Unloading Only,Bridgeport Station @ Bay 7,61321,Bridgeport Station,25830,26310,in_service_layover,58.11239034559077,64.21999613968448,34.446896678688574,480,8.0,07:10:30,07:18:30,False,,no_dispenser,0
2162499,heavy,601.0,22.0,40-ft,RTC,2,SAT,14877185,14877239,601,601,61321,61326,Bridgeport Station @ Bay 1 Unloading Only,Bridgeport Station @ Bay 7,61321,Bridgeport Station,29010,29910,in_service_layover,58.11239034559077,68.80378101330346,60.299443365899606,900,15.0,08:03:30,08:18:30,False,,no_dispenser,0
2162268,heavy,403.0,23.0,40-ft,RTC,2,SAT,14871547,14871611,403,403,61321,61323,Bridgeport Station @ Bay 1 Unloading Only,Bridgeport Station @ Bay 3,61321,Bridgeport Station,30750,31350,in_service_layover,63.87961140902808,70.64796563158295,38.173517815209436,600,10.0,08:32:30,08:42:30,False,,no_dispenser,0
2162503,heavy,601.0,24.0,40-ft,RTC,2,SAT,14877174,14877198,601,601,61321,61326,Bridgeport Station @ Bay 1 Unloading Only,Bridgeport Station @ Bay 7,61321,Bridgeport Station,31530,32310,in_service_layover,69.23070041570816,76.71520837097856,42.21262486772508,780,13.0,08:45:30,08:58:30,False,,no_dispenser,0
2162266,heavy,403.0,22.0,40-ft,RTC,2,SAT,14871548,14871566,403,403,61321,61323,Bridgeport Station @ Bay 1 Unloading Only,Bridgeport Station @ Bay 3,61321,Bridgeport Station,32370,32550,in_service_layover,61.20252285476751,63.48966743438568,12.89949542904651,180,3.0,08:59:30,09:02:30,False,,no_dispenser,0
2162498,heavy,601.0,21.0,40-ft,RTC,2,SAT,14877186,14877240,601,601,61321,61326,Bridgeport Station @ Bay 1 Unloading Only,Bridgeport Station @ Bay 7,61321,Bridgeport Station,32850,33510,in_service_layover,45.55219858941172,54.04664573063355,47.90868187649113,660,11.0,09:07:30,09:18:30,False,,no_dispenser,0
2162504,heavy,601.0,26.0,40-ft,RTC,2,SAT,14877173,14877203,601,601,61321,61326,Bridgeport Station @ Bay 1 Unloading Only,Bridgeport Station @ Bay 7,61321,Bridgeport Station,34290,34710,in_service_layover,69.23070041570816,73.63282442139844,24.827979392093198,420,7.0,09:31:30,09:38:30,False,,no_dispenser,0
2162269,heavy,403.0,25.0,40-ft,RTC,2,SAT,14871562,14871570,403,403,61321,61323,Bridgeport Station @ Bay 1 Unloading Only,Bridgeport Station @ Bay 3,61321,Bridgeport Station,35430,36330,in_service_layover,60.284893735915624,70.52220395171182,57.7384296170905,900,15.0,09:50:30,10:05:30,False,,no_dispenser,0
2162501,heavy,601.0,23.0,40-ft,RTC,2,SAT,14877172,14877202,601,601,61321,61326,Bridgeport Station @ Bay 1 Unloading Only,Bridgeport Station @ Bay 7,61321,Bridgeport Station,35610,35910,in_service_layover,58.11239034559077,62.02499369195842,22.067082873513527,300,5.0,09:53:30,09:58:30,False,,no_dispenser,0
2162268,heavy,403.0,23.0,40-ft,RTC,2,SAT,14871563,14871571,403,403,61321,61323,Bridgeport Station @ Bay 1 Unloading Only,Bridgeport Station @ Bay 3,61321,Bridgeport Station,36330,37170,in_service_layover,59.00086356432632,68.92627256728218,55.97930677667108,840,14.0,10:05:30,10:19:30,False,,no_dispenser,0
2162499,heavy,601.0,22.0,40-ft,RTC,2,SAT,14877187,14877201,601,601,61321,61326,Bridgeport Station @ Bay 1 Unloading Only,Bridgeport Station @ Bay 7,61321,Bridgeport Station,36930,37110,in_service_layover,50.135983463030676,52.44869012929474,13.04366559772933,180,3.0,10:15:30,10:18:30,False,,no_dispenser,0
2162502,heavy,601.0,25.0,40-ft,RTC,2,SAT,14877171,14877190,601,601,61321,61326,Bridgeport Station @ Bay 1 Unloading Only,Bridgeport Station @ Bay 7,61321,Bridgeport Station,38070,38310,in_service_layover,58.11239034559077,61.26495618752005,17.780471348481115,240,4.0,10:34:30,10:38:30,False,,no_dispenser,0
2162266,heavy,403.0,22.0,40-ft,RTC,2,SAT,14871565,14871573,403,403,61321,61323,Bridgeport Station @ Bay 1 Unloading Only,Bridgeport Station @ Bay 3,61321,Bridgeport Station,38130,38970,in_service_layover,51.83751939760176,62.64110295191077,60.93221124630281,840,14.0,10:35:30,10:49:30,False,,no_dispenser,0
2162275,heavy,403.0,35.0,40-ft,RTC,2,SAT,14871501,14871574,403,403,61321,61323,Bridgeport Station @ Bay 1 Unloading Only,Bridgeport Station @ Bay 3,61321,Bridgeport Station,39090,39870,in_service_layover,64.62457150001926,72.95897618535444,47.006042425290445,780,13.0,10:51:30,11:04:30,False,,no_dispenser,0
2162498,heavy,601.0,21.0,40-ft,RTC,2,SAT,14877188,14877189,601,601,61321,61326,Bridgeport Station @ Bay 1 Unloading Only,Bridgeport Station @ Bay 7,61321,Bridgeport Station,40770,41910,in_service_layover,35.378848180360755,49.89947817724625,81.89635318243418,1140,19.0,11:19:30,11:38:30,False,,no_dispenser,0
2162269,heavy,403.0,25.0,40-ft,RTC,2,SAT,14871504,14871577,403,403,61321,61323,Bridgeport Station @ Bay 1 Unloading Only,Bridgeport Station @ Bay 3,61321,Bridgeport Station,41850,42570,in_service_layover,58.87005591492789,67.5877177940648,49.16761299833212,720,12.0,11:37:30,11:49:30,False,,no_dispenser,0
2162504,heavy,601.0,26.0,40-ft,RTC,2,SAT,14877170,14877197,601,601,61321,61326,Bridgeport Station @ Bay 1 Unloading Only,Bridgeport Station @ Bay 7,61321,Bridgeport Station,42090,43110,in_service_layover,54.965026871125644,67.42326087030933,70.26443975539598,1020,17.0,11:41:30,11:58:30,False,,no_dispenser,0
2162268,heavy,403.0,23.0,40-ft,RTC,2,SAT,14871505,14871578,403,403,61321,61323,Bridgeport Station @ Bay 1 Unloading Only,Bridgeport Station @ Bay 3,61321,Bridgeport Station,42750,43470,in_service_layover,57.27412453049827,66.2145652791225,50.42408582224067,720,12.0,11:52:30,12:04:30,False,,no_dispenser,0
2162501,heavy,601.0,23.0,40-ft,RTC,2,SAT,14877169,14877196,601,601,61321,61326,Bridgeport Station @ Bay 1 Unloading Only,Bridgeport Station @ Bay 7,61321,Bridgeport Station,43290,44310,in_service_layover,43.357196141685634,56.539386293478856,74.34755245611379,1020,17.0,12:01:30,12:18:30,False,,no_dispenser,0
2162267,heavy,403.0,26.0,40-ft,RTC,2,SAT,14871506,14871579,403,403,61321,61323,Bridgeport Station @ Bay 1 Unloading Only,Bridgeport Station @ Bay 3,61321,Bridgeport Station,43710,44370,in_service_layover,59.894806683549675,67.8174242632045,44.68356314925319,660,11.0,12:08:30,12:19:30,False,,no_dispenser,0
2162499,heavy,601.0,22.0,40-ft,RTC,2,SAT,14877141,14877232,601,601,61321,61326,Bridgeport Station @ Bay 1 Unloading Only,Bridgeport Station @ Bay 7,61321,Bridgeport Station,44430,45510,in_service_layover,33.78089257902195,47.47579573034219,77.23925377344611,1080,18.0,12:20:30,12:38:30,False,,no_dispenser,0
2162266,heavy,403.0,22.0,40-ft,RTC,2,SAT,14871508,14871581,403,403,61321,61323,Bridgeport Station @ Bay 1 Unloading Only,Bridgeport Station @ Bay 3,61321,Bridgeport Station,45510,46170,in_service_layover,50.98895491512684,59.601806887440986,48.576485123851796,660,11.0,12:38:30,12:49:30,False,,no_dispenser,0
2162502,heavy,601.0,25.0,40-ft,RTC,2,SAT,14877168,14877195,601,601,61321,61326,Bridgeport Station @ Bay 1 Unloading Only,Bridgeport Station @ Bay 7,61321,Bridgeport Station,45630,46710,in_service_layover,42.59715863724726,56.543248444090175,78.65594651059402,1080,18.0,12:40:30,12:58:30,False,,no_dispenser,0
2162550,heavy,620.0,42.0,40-ft,RTC,2,SAT,14878060,14878103,620,620,61321,61331,Bridgeport Station @ Bay 1 Unloading Only,Bridgeport Station @ Bay 12,61321,Bridgeport Station,45750,46530,in_service_layover,63.45029331793128,71.9930115806893,48.180931001955116,780,13.0,12:42:30,12:55:30,False,,no_dispenser,0
2162275,heavy,403.0,35.0,40-ft,RTC,2,SAT,14871509,14871582,403,403,61321,61323,Bridgeport Station @ Bay 1 Unloading Only,Bridgeport Station @ Bay 3,61321,Bridgeport Station,46410,47070,in_service_layover,61.30682814857052,69.03033978958098,43.560605655299014,660,11.0,12:53:30,13:04:30,False,,no_dispenser,0
2162503,heavy,601.0,24.0,40-ft,RTC,2,SAT,14877167,14877194,601,601,61321,61326,Bridgeport Station @ Bay 1 Unloading Only,Bridgeport Station @ Bay 7,61321,Bridgeport Station,46770,47910,in_service_layover,39.37961327043299,54.033696879429925,82.64903155474272,1140,19.0,12:59:30,13:18:30,False,,no_dispenser,0
2162270,heavy,403.0,37.0,40-ft,RTC,2,SAT,14871510,14871583,403,403,61321,61323,Bridgeport Station @ Bay 1 Unloading Only,Bridgeport Station @ Bay 3,61321,Bridgeport Station,47310,47970,in_service_layover,60.27480179686102,68.14264266647771,44.374622504638126,660,11.0,13:08:30,13:19:30,False,,no_dispenser,0
2162500,heavy,601.0,27.0,40-ft,RTC,2,SAT,14877140,14877231,601,601,61321,61326,Bridgeport Station @ Bay 1 Unloading Only,Bridgeport Station @ Bay 7,61321,Bridgeport Station,48090,49110,in_service_layover,69.23070041570816,78.42370774816973,51.84856135508335,1020,17.0,13:21:30,13:38:30,False,,no_dispenser,0
2162278,heavy,403.0,40.0,40-ft,RTC,2,SAT,14871511,14871584,403,403,61321,61323,Bridgeport Station @ Bay 1 Unloading Only,Bridgeport Station @ Bay 3,61321,Bridgeport Station,48210,48870,in_service_layover,64.61952553049196,71.86203030489435,40.84772692762954,660,11.0,13:23:30,13:34:30,False,,no_dispenser,0
2162547,heavy,620.0,41.0,40-ft,RTC,2,SAT,14878061,14878105,620,620,61321,61331,Bridgeport Station @ Bay 1 Unloading Only,Bridgeport Station @ Bay 12,61321,Bridgeport Station,48750,49470,in_service_layover,63.748149374111804,71.6879390710464,44.780413890711145,720,12.0,13:32:30,13:44:30,False,,no_dispenser,0
2162269,heavy,403.0,25.0,40-ft,RTC,2,SAT,14871512,14871585,403,403,61321,61323,Bridgeport Station @ Bay 1 Unloading Only,Bridgeport Station @ Bay 3,61321,Bridgeport Station,49110,49770,in_service_layover,55.93556975728087,64.33326573168547,47.36300529564198,660,11.0,13:38:30,13:49:30,False,,no_dispenser,0
2162498,heavy,601.0,21.0,40-ft,RTC,2,SAT,14877166,14877193,601,601,61321,61326,Bridgeport Station @ Bay 1 Unloading Only,Bridgeport Station @ Bay 7,61321,Bridgeport Station,49290,50310,in_service_layover,31.231680626973464,44.10110113820434,72.58353168334216,1020,17.0,13:41:30,13:58:30,False,,no_dispenser,0
2162268,heavy,403.0,23.0,40-ft,RTC,2,SAT,14871513,14871586,403,403,61321,61323,Bridgeport Station @ Bay 1 Unloading Only,Bridgeport Station @ Bay 3,61321,Bridgeport Station,50070,50610,in_service_layover,54.562417242338576,61.59854581999886,39.68376517800402,540,9.0,13:54:30,14:03:30,False,,no_dispenser,0
2162504,heavy,601.0,26.0,40-ft,RTC,2,SAT,14877165,14877192,601,601,61321,61326,Bridgeport Station @ Bay 1 Unloading Only,Bridgeport Station @ Bay 7,61321,Bridgeport Station,50490,51510,in_service_layover,48.75546332003654,61.853611823009366,73.87355755676674,1020,17.0,14:01:30,14:18:30,False,,no_dispenser,0
2162267,heavy,403.0,26.0,40-ft,RTC,2,SAT,14871514,14871587,403,403,61321,61323,Bridgeport Station @ Bay 1 Unloading Only,Bridgeport Station @ Bay 3,61321,Bridgeport Station,50970,51450,in_service_layover,56.165276226420566,62.395375322830006,35.137758903749216,480,8.0,14:09:30,14:17:30,False,,no_dispenser,0
2162501,heavy,601.0,23.0,40-ft,RTC,2,SAT,14877139,14877237,601,601,61321,61326,Bridgeport Station @ Bay 1 Unloading Only,Bridgeport Station @ Bay 7,61321,Bridgeport Station,51690,52410,in_service_layover,37.87158874320607,46.99782638376453,51.47198029274969,720,12.0,14:21:30,14:33:30,False,,no_dispenser,0
2162266,heavy,403.0,22.0,40-ft,RTC,2,SAT,14871516,14871589,403,403,61321,61323,Bridgeport Station @ Bay 1 Unloading Only,Bridgeport Station @ Bay 3,61321,Bridgeport Station,52770,53130,in_service_layover,47.949658850657066,52.56896289447251,26.05287480711911,360,6.0,14:39:30,14:45:30,False,,no_dispenser,0
2162499,heavy,601.0,22.0,40-ft,RTC,2,SAT,14877164,14877230,601,601,61321,61326,Bridgeport Station @ Bay 1 Unloading Only,Bridgeport Station @ Bay 7,61321,Bridgeport Station,52890,53310,in_service_layover,28.8079981800694,34.05675649694782,29.602996907194296,420,7.0,14:41:30,14:48:30,False,,no_dispenser,0
2162275,heavy,403.0,35.0,40-ft,RTC,2,SAT,14871517,14871590,403,403,61321,61323,Bridgeport Station @ Bay 1 Unloading Only,Bridgeport Station @ Bay 3,61321,Bridgeport Station,53670,54030,in_service_layover,57.37819175279706,62.069967937195536,26.461617680007407,360,6.0,14:54:30,15:00:30,False,,no_dispenser,0
2162502,heavy,601.0,25.0,40-ft,RTC,2,SAT,14877163,14877226,601,601,61321,61326,Bridgeport Station @ Bay 1 Unloading Only,Bridgeport Station @ Bay 7,61321,Bridgeport Station,54090,55110,in_service_layover,37.87545089381739,50.895306868289644,73.43198769602353,1020,17.0,15:01:30,15:18:30,False,,no_dispenser,0
2162270,heavy,403.0,37.0,40-ft,RTC,2,SAT,14871518,14871591,403,403,61321,61323,Bridgeport Station @ Bay 1 Unloading Only,Bridgeport Station @ Bay 3,61321,Bridgeport Station,54570,54930,in_service_layover,56.490494629693785,61.21067005333285,26.621789389324306,360,6.0,15:09:30,15:15:30,False,,no_dispenser,0
2162503,heavy,601.0,24.0,40-ft,RTC,2,SAT,14877138,14877229,601,601,61321,61326,Bridgeport Station @ Bay 1 Unloading Only,Bridgeport Station @ Bay 7,61321,Bridgeport Station,55290,56010,in_service_layover,35.36589932915714,44.46236875815574,51.30408757955212,720,12.0,15:21:30,15:33:30,False,,no_dispenser,0
2162278,heavy,403.0,40.0,40-ft,RTC,2,SAT,14871519,14871592,403,403,61321,61323,Bridgeport Station @ Bay 1 Unloading Only,Bridgeport Station @ Bay 3,61321,Bridgeport Station,55470,55830,in_service_layover,60.20988226811043,64.72691189448557,25.476047092755834,360,6.0,15:24:30,15:30:30,False,,no_dispenser,0
2162269,heavy,403.0,25.0,40-ft,RTC,2,SAT,14871520,14871593,403,403,61321,61323,Bridgeport Station @ Bay 1 Unloading Only,Bridgeport Station @ Bay 3,61321,Bridgeport Station,56370,56730,in_service_layover,52.681117694901545,57.38609192535047,26.536054659731917,360,6.0,15:39:30,15:45:30,False,,no_dispenser,0
2162500,heavy,601.0,27.0,40-ft,RTC,2,SAT,14877150,14877233,601,601,61321,61326,Bridgeport Station @ Bay 1 Unloading Only,Bridgeport Station @ Bay 7,61321,Bridgeport Station,56370,56910,in_service_layover,59.755910197896945,66.39172239789916,37.42598080801247,540,9.0,15:39:30,15:48:30,False,,no_dispenser,0
2162268,heavy,403.0,23.0,40-ft,RTC,2,SAT,14871521,14871594,403,403,61321,61323,Bridgeport Station @ Bay 1 Unloading Only,Bridgeport Station @ Bay 3,61321,Bridgeport Station,57270,57630,in_service_layover,49.95144375274224,54.60332062805379,26.236585576757136,360,6.0,15:54:30,16:00:30,False,,no_dispenser,0
2162498,heavy,601.0,21.0,40-ft,RTC,2,SAT,14877149,14877224,601,601,61321,61326,Bridgeport Station @ Bay 1 Unloading Only,Bridgeport Station @ Bay 7,61321,Bridgeport Station,57570,58710,in_service_layover,25.433303587931555,39.73889950303879,80.68356096120479,1140,19.0,15:59:30,16:18:30,False,,no_dispenser,0
2162267,heavy,403.0,26.0,40-ft,RTC,2,SAT,14871522,14871595,403,403,61321,61323,Bridgeport Station @ Bay 1 Unloading Only,Bridgeport Station @ Bay 3,61321,Bridgeport Station,58230,58530,in_service_layover,50.74827325557338,54.62940575199856,21.889587279837997,300,5.0,16:10:30,16:15:30,False,,no_dispenser,0
2162504,heavy,601.0,26.0,40-ft,RTC,2,SAT,14877137,14877228,601,601,61321,61326,Bridgeport Station @ Bay 1 Unloading Only,Bridgeport Station @ Bay 7,61321,Bridgeport Station,58770,59610,in_service_layover,43.18581427273658,53.989243369100656,60.9313401034934,840,14.0,16:19:30,16:33:30,False,,no_dispenser,0
2162277,heavy,403.0,41.0,40-ft,RTC,2,SAT,14871523,14871596,403,403,61321,61323,Bridgeport Station @ Bay 1 Unloading Only,Bridgeport Station @ Bay 3,61321,Bridgeport Station,59130,59370,in_service_layover,60.27984776638833,63.34463037790661,17.28537392896311,240,4.0,16:25:30,16:29:30,False,,no_dispenser,0
2162548,heavy,620.0,45.0,40-ft,RTC,2,SAT,14878070,14878112,620,620,61321,61331,Bridgeport Station @ Bay 1 Unloading Only,Bridgeport Station @ Bay 12,61321,Bridgeport Station,59670,60090,in_service_layover,63.23977956339011,68.20599029233291,28.009428511237445,420,7.0,16:34:30,16:41:30,False,,no_dispenser,0
2162501,heavy,601.0,23.0,40-ft,RTC,2,SAT,14877162,14877234,601,601,61321,61326,Bridgeport Station @ Bay 1 Unloading Only,Bridgeport Station @ Bay 7,61321,Bridgeport Station,59670,60510,in_service_layover,28.33002883349174,38.870956185142546,59.450830263310536,840,14.0,16:34:30,16:48:30,False,,no_dispenser,0
2162545,heavy,620.0,46.0,40-ft,RTC,2,SAT,14878071,14878113,620,620,61321,61331,Bridgeport Station @ Bay 1 Unloading Only,Bridgeport Station @ Bay 12,61321,Bridgeport Station,59850,61050,in_service_layover,68.75105629416612,79.23497980470775,59.12932859945482,1200,20.0,16:37:30,16:57:30,False,,no_dispenser,0
2162266,heavy,403.0,22.0,40-ft,RTC,2,SAT,14871500,14871597,403,403,61321,61323,Bridgeport Station @ Bay 1 Unloading Only,Bridgeport Station @ Bay 3,61321,Bridgeport Station,60030,60270,in_service_layover,40.921860827215895,43.95727405453727,17.119730602092545,240,4.0,16:40:30,16:44:30,False,,no_dispenser,0
2162271,heavy,401.0,64.0,40-ft,RTC,2,SAT,14871524,14871598,403,403,61321,61323,Bridgeport Station @ Bay 1 Unloading Only,Bridgeport Station @ Bay 3,61321,Bridgeport Station,60930,61170,in_service_layover,60.75195702804914,63.794417688661476,17.159478125853582,240,4.0,16:55:30,16:59:30,False,,no_dispenser,0
2162505,heavy,601.0,28.0,40-ft,RTC,2,SAT,14877161,14877222,601,601,61321,61326,Bridgeport Station @ Bay 1 Unloading Only,Bridgeport Station @ Bay 7,61321,Bridgeport Station,61470,62310,in_service_layover,69.23070041570816,77.1668826907673,44.76006803133356,840,14.0,17:04:30,17:18:30,False,,no_dispenser,0
2162273,heavy,403.0,32.0,40-ft,RTC,2,SAT,14871525,14871599,403,403,61321,61323,Bridgeport Station @ Bay 1 Unloading Only,Bridgeport Station @ Bay 3,61321,Bridgeport Station,61890,62070,in_service_layover,66.65325201193042,68.74702935286818,11.808904202888982,180,3.0,17:11:30,17:14:30,False,,no_dispenser,0
2162502,heavy,601.0,25.0,40-ft,RTC,2,SAT,14877136,14877227,601,601,61321,61326,Bridgeport Station @ Bay 1 Unloading Only,Bridgeport Station @ Bay 7,61321,Bridgeport Station,62370,63210,in_service_layover,32.22750931801686,42.81590222467656,59.71853599356075,840,14.0,17:19:30,17:33:30,False,,no_dispenser,0
2162274,heavy,403.0,28.0,40-ft,RTC,2,SAT,14871526,14871600,403,403,61321,61323,Bridgeport Station @ Bay 1 Unloading Only,Bridgeport Station @ Bay 3,61321,Bridgeport Station,62790,62970,in_service_layover,55.10385442792387,57.464878368428195,13.316175024444362,180,3.0,17:26:30,17:29:30,False,,no_dispenser,0
2162503,heavy,601.0,24.0,40-ft,RTC,2,SAT,14877160,14877235,601,601,61321,61326,Bridgeport Station @ Bay 1 Unloading Only,Bridgeport Station @ Bay 7,61321,Bridgeport Station,63270,64110,in_service_layover,25.794571207882953,36.3047282614353,59.27728578203522,840,14.0,17:34:30,17:48:30,False,,no_dispenser,0
2162546,heavy,620.0,44.0,40-ft,RTC,2,SAT,14878073,14878115,620,620,61321,61331,Bridgeport Station @ Bay 1 Unloading Only,Bridgeport Station @ Bay 12,61321,Bridgeport Station,63450,64590,in_service_layover,69.71656021750367,79.57218835578173,55.58574269988833,1140,19.0,17:37:30,17:56:30,False,,no_dispenser,0
2162269,heavy,403.0,25.0,40-ft,RTC,2,SAT,14871527,14871601,403,403,61321,61323,Bridgeport Station @ Bay 1 Unloading Only,Bridgeport Station @ Bay 3,61321,Bridgeport Station,63750,64050,in_service_layover,45.73898985809385,49.55959957098262,21.548238780692657,300,5.0,17:42:30,17:47:30,False,,no_dispenser,0
2162500,heavy,601.0,27.0,40-ft,RTC,2,SAT,14877182,14877221,601,601,61321,61326,Bridgeport Station @ Bay 1 Unloading Only,Bridgeport Station @ Bay 7,61321,Bridgeport Station,64170,65010,in_service_layover,47.72392484762637,58.631401351401124,61.51816748128965,840,14.0,17:49:30,18:03:30,False,,no_dispenser,0
2162268,heavy,403.0,23.0,40-ft,RTC,2,SAT,14871528,14871612,403,403,61321,61323,Bridgeport Station @ Bay 1 Unloading Only,Bridgeport Station @ Bay 3,61321,Bridgeport Station,64650,65190,in_service_layover,42.956218560797176,49.8360968431509,38.802513512474974,540,9.0,17:57:30,18:06:30,False,,no_dispenser,0
2162506,heavy,601.0,29.0,40-ft,RTC,2,SAT,14877159,14877220,601,601,61321,61326,Bridgeport Station @ Bay 1 Unloading Only,Bridgeport Station @ Bay 7,61321,Bridgeport Station,65070,65910,in_service_layover,69.23070041570816,77.1668826907673,44.76006803133356,840,14.0,18:04:30,18:18:30,False,,no_dispenser,0
2162267,heavy,403.0,26.0,40-ft,RTC,2,SAT,14871529,14871613,403,403,61321,61323,Bridgeport Station @ Bay 1 Unloading Only,Bridgeport Station @ Bay 3,61321,Bridgeport Station,65550,66330,in_service_layover,42.98230368474194,52.98971306792796,56.44178892116909,780,13.0,18:12:30,18:25:30,False,,no_dispenser,0
2162498,heavy,601.0,21.0,40-ft,RTC,2,SAT,14877135,14877236,601,601,61321,61326,Bridgeport Station @ Bay 1 Unloading Only,Bridgeport Station @ Bay 7,61321,Bridgeport Station,65970,66810,in_service_layover,21.071101952766,31.527351734080415,58.973248766613295,840,14.0,18:19:30,18:33:30,False,,no_dispenser,0
2162504,heavy,601.0,26.0,40-ft,RTC,2,SAT,14877142,14877219,601,601,61321,61326,Bridgeport Station @ Bay 1 Unloading Only,Bridgeport Station @ Bay 7,61321,Bridgeport Station,66870,68010,in_service_layover,35.32144581882787,49.84036540343191,81.88670645716681,1140,19.0,18:34:30,18:53:30,False,,no_dispenser,0
2162545,heavy,620.0,46.0,40-ft,RTC,2,SAT,14878075,14878117,620,620,61321,61331,Bridgeport Station @ Bay 1 Unloading Only,Bridgeport Station @ Bay 12,61321,Bridgeport Station,66990,68430,in_service_layover,65.9974181533599,78.74494577255558,71.8960557722636,1440,24.0,18:36:30,19:00:30,False,,no_dispenser,0
2162271,heavy,401.0,64.0,40-ft,RTC,2,SAT,14871550,14871614,403,403,61321,61323,Bridgeport Station @ Bay 1 Unloading Only,Bridgeport Station @ Bay 3,61321,Bridgeport Station,67350,67530,in_service_layover,52.14731562140486,54.479584407573235,13.153995953989693,180,3.0,18:42:30,18:45:30,False,,no_dispenser,0
2162274,heavy,403.0,28.0,40-ft,RTC,2,SAT,14871551,14871615,403,403,61321,61323,Bridgeport Station @ Bay 1 Unloading Only,Bridgeport Station @ Bay 3,61321,Bridgeport Station,68610,68790,in_service_layover,45.81777630117158,48.10560591910162,12.903359045125455,180,3.0,19:03:30,19:06:30,False,,no_dispenser,0
2162215,heavy,401.0,63.0,40-ft,RTC,2,SAT,14871552,14871628,403,403,61321,61323,Bridgeport Station @ Bay 1 Unloading Only,Bridgeport Station @ Bay 3,61321,Bridgeport Station,69870,70050,in_service_layover,67.28578446058265,69.35624444645606,11.67739432032596,180,3.0,19:24:30,19:27:30,False,,no_dispenser,0
2162546,heavy,620.0,44.0,40-ft,RTC,2,SAT,14878077,14878119,620,620,61321,61331,Bridgeport Station @ Bay 1 Unloading Only,Bridgeport Station @ Bay 12,61321,Bridgeport Station,70530,72030,in_service_layover,66.33462670443389,79.33692343250969,73.3329535463476,1500,25.0,19:35:30,20:00:30,False,,no_dispenser,0
2162268,heavy,403.0,23.0,40-ft,RTC,2,SAT,14871553,14871616,403,403,61321,61323,Bridgeport Station @ Bay 1 Unloading Only,Bridgeport Station @ Bay 3,61321,Bridgeport Station,71070,71250,in_service_layover,38.18394880636697,40.451856550941635,12.790999679401068,180,3.0,19:44:30,19:47:30,False,,no_dispenser,0
2162272,heavy,401.0,52.0,40-ft,RTC,2,SAT,14871554,14871617,403,403,61321,61323,Bridgeport Station @ Bay 1 Unloading Only,Bridgeport Station @ Bay 3,61321,Bridgeport Station,72270,72450,in_service_layover,37.45146867508181,39.717464878372525,12.780218586559641,180,3.0,20:04:30,20:07:30,False,,no_dispenser,0
2162506,heavy,601.0,29.0,40-ft,RTC,2,SAT,14877155,14877216,601,601,61321,61326,Bridgeport Station @ Bay 1 Unloading Only,Bridgeport Station @ Bay 7,61321,Bridgeport Station,73350,73530,in_service_layover,58.499085140494515,60.872275291772716,13.384792453209059,180,3.0,20:22:30,20:25:30,False,,no_dispenser,0
2162273,heavy,403.0,32.0,40-ft,RTC,2,SAT,14871555,14871618,403,403,61321,61323,Bridgeport Station @ Bay 1 Unloading Only,Bridgeport Station @ Bay 3,61321,Bridgeport Station,73470,73890,in_service_layover,61.58795335141306,66.69415106465311,28.798955102673915,420,7.0,20:24:30,20:31:30,False,,no_dispenser,0
2162545,heavy,620.0,46.0,40-ft,RTC,2,SAT,14878079,14878120,620,620,61321,61331,Bridgeport Station @ Bay 1 Unloading Only,Bridgeport Station @ Bay 12,61321,Bridgeport Station,74430,75630,in_service_layover,65.5073841212077,76.8644210164967,64.0536880894299,1200,20.0,20:40:30,21:00:30,False,,no_dispenser,0
2162504,heavy,601.0,26.0,40-ft,RTC,2,SAT,14877154,14877215,601,601,61321,61326,Bridgeport Station @ Bay 1 Unloading Only,Bridgeport Station @ Bay 7,61321,Bridgeport Station,74670,75330,in_service_layover,31.172567853159126,39.46534684308578,46.771273503186364,660,11.0,20:44:30,20:55:30,False,,no_dispenser,0
2162269,heavy,403.0,25.0,40-ft,RTC,2,SAT,14871557,14871619,403,403,61321,61323,Bridgeport Station @ Bay 1 Unloading Only,Bridgeport Station @ Bay 3,61321,Bridgeport Station,74970,75570,in_service_layover,44.130985384190176,51.808876713789076,43.30330709893778,600,10.0,20:49:30,20:59:30,False,,no_dispenser,0
2162270,heavy,403.0,37.0,40-ft,RTC,2,SAT,14871559,14871620,403,403,61321,61323,Bridgeport Station @ Bay 1 Unloading Only,Bridgeport Station @ Bay 3,61321,Bridgeport Station,76770,77370,in_service_layover,63.68868416610587,70.48232628052527,38.316141525325406,600,10.0,21:19:30,21:29:30,False,,no_dispenser,0
2162546,heavy,620.0,44.0,40-ft,RTC,2,SAT,14878081,14878121,620,620,61321,61331,Bridgeport Station @ Bay 1 Unloading Only,Bridgeport Station @ Bay 12,61321,Bridgeport Station,77730,79110,in_service_layover,66.09936178116185,78.44886182422259,69.65118024286261,1380,23.0,21:35:30,21:58:30,False,,no_dispenser,0
2162271,heavy,401.0,64.0,40-ft,RTC,2,SAT,14871560,14871621,403,403,61321,61323,Bridgeport Station @ Bay 1 Unloading Only,Bridgeport Station @ Bay 3,61321,Bridgeport Station,78570,79230,in_service_layover,49.11375939587023,57.70459314796344,48.45230236180572,660,11.0,21:49:30,22:00:30,False,,no_dispenser,0
2162269,heavy,403.0,25.0,40-ft,RTC,2,SAT,14871533,14871622,403,403,61321,61323,Bridgeport Station @ Bay 1 Unloading Only,Bridgeport Station @ Bay 3,61321,Bridgeport Station,80310,80970,in_service_layover,40.156728677005155,48.54422340427564,47.30547026180554,660,11.0,22:18:30,22:29:30,False,,no_dispenser,0
2162504,heavy,601.0,26.0,40-ft,RTC,2,SAT,14877151,14877212,601,601,61321,61326,Bridgeport Station @ Bay 1 Unloading Only,Bridgeport Station @ Bay 7,61321,Bridgeport Station,81870,83310,in_service_layover,20.797549292813,38.84184552528203,101.76983075112534,1440,24.0,22:44:30,23:08:30,False,,no_dispenser,0
2162270,heavy,403.0,37.0,40-ft,RTC,2,SAT,14871534,14871623,403,403,61321,61323,Bridgeport Station @ Bay 1 Unloading Only,Bridgeport Station @ Bay 3,61321,Bridgeport Station,82110,82770,in_service_layover,58.83017824374135,66.91036167163242,45.57223453330562,660,11.0,22:48:30,22:59:30,False,,no_dispenser,0
2162271,heavy,401.0,64.0,40-ft,RTC,2,SAT,14871535,14871624,403,403,61321,61323,Bridgeport Station @ Bay 1 Unloading Only,Bridgeport Station @ Bay 3,61321,Bridgeport Station,83910,84450,in_service_layover,46.05244511117952,52.98473572754111,39.098119076279374,540,9.0,23:18:30,23:27:30,False,,no_dispenser,0
2160817,heavy,151.0,26.0,40-ft,PCT,2,SAT,14850036,14849996,151,151,59554,59561,Burquitlam Station @ Bay 1,Burquitlam Station @ Bay 3,59554,Burquitlam Station,30270,30510,in_service_layover,68.99193722802065,71.62709621992333,14.86229671433108,240,4.0,08:24:30,08:28:30,False,,no_dispenser,0
2160815,heavy,151.0,31.0,40-ft,PCT,2,SAT,14850037,14849997,151,151,59554,59561,Burquitlam Station @ Bay 1,Burquitlam Station @ Bay 3,59554,Burquitlam Station,32070,32430,in_service_layover,68.99193722802065,72.83891833157027,21.69697342401986,360,6.0,08:54:30,09:00:30,False,,no_dispenser,0
2160816,heavy,151.0,27.0,40-ft,PCT,2,SAT,14850038,14849998,151,151,59554,59561,Burquitlam Station @ Bay 1,Burquitlam Station @ Bay 3,59554,Burquitlam Station,33990,34230,in_service_layover,64.91956317938404,67.76497390376305,16.048116485497587,240,4.0,09:26:30,09:30:30,False,,no_dispenser,0
2160817,heavy,151.0,26.0,40-ft,PCT,2,SAT,14850048,14850008,151,151,59554,59561,Burquitlam Station @ Bay 1,Burquitlam Station @ Bay 3,59554,Burquitlam Station,51390,51690,in_service_layover,69.9570959588333,73.13697699192822,17.934529026655298,300,5.0,14:16:30,14:21:30,False,,no_dispenser,0
2160815,heavy,151.0,31.0,40-ft,PCT,2,SAT,14850049,14850009,151,151,59554,59561,Burquitlam Station @ Bay 1,Burquitlam Station @ Bay 3,59554,Burquitlam Station,53010,53430,in_service_layover,69.50006051673498,73.87474622185746,24.673227376890793,420,7.0,14:43:30,14:50:30,False,,no_dispenser,0
2160816,heavy,151.0,27.0,40-ft,PCT,2,SAT,14850050,14850010,151,151,59554,59561,Burquitlam Station @ Bay 1,Burquitlam Station @ Bay 3,59554,Burquitlam Station,54870,55290,in_service_layover,69.64430069025994,74.00421965222905,24.58994294550581,420,7.0,15:14:30,15:21:30,False,,no_dispenser,0
2160817,heavy,151.0,26.0,40-ft,PCT,2,SAT,14850052,14850012,151,151,59554,59561,Burquitlam Station @ Bay 1,Burquitlam Station @ Bay 3,59554,Burquitlam Station,58710,59010,in_service_layover,69.47948470537942,72.69431898061333,18.131665312319228,300,5.0,16:18:30,16:23:30,False,,no_dispenser,0
2160817,heavy,151.0,26.0,40-ft,PCT,2,SAT,14850059,14850019,151,151,59554,59561,Burquitlam Station @ Bay 1,Burquitlam Station @ Bay 3,59554,Burquitlam Station,72030,72210,in_service_layover,66.4189865123407,68.52114964836036,11.85620008715091,180,3.0,20:00:30,20:03:30,False,,no_dispenser,0
2160815,heavy,151.0,31.0,40-ft,PCT,2,SAT,14850060,14850020,151,151,59554,59561,Burquitlam Station @ Bay 1,Burquitlam Station @ Bay 3,59554,Burquitlam Station,73650,73950,in_service_layover,65.80809404825658,69.27285746165093,19.54126565154411,300,5.0,20:27:30,20:32:30,False,,no_dispenser,0
2160816,heavy,151.0,27.0,40-ft,PCT,2,SAT,14850061,14850021,151,151,59554,59561,Burquitlam Station @ Bay 1,Burquitlam Station @ Bay 3,59554,Burquitlam Station,75510,75810,in_service_layover,67.24595020294075,70.616785989952,19.011513838743497,300,5.0,20:58:30,21:03:30,False,,no_dispenser,0
2160814,heavy,152.0,23.0,40-ft,PCT,2,SAT,14850071,14850031,151,151,59554,59561,Burquitlam Station @ Bay 1,Burquitlam Station @ Bay 3,59554,Burquitlam Station,77310,77610,in_service_layover,67.1205189591377,70.49975115984584,19.05886961199394,300,5.0,21:28:30,21:33:30,False,,no_dispenser,0
2160815,heavy,151.0,31.0,40-ft,PCT,2,SAT,14850062,14850022,151,151,59554,59561,Burquitlam Station @ Bay 1,Burquitlam Station @ Bay 3,59554,Burquitlam Station,79230,79530,in_service_layover,63.65826798982328,67.254115035342,20.28057733672557,300,5.0,22:00:30,22:05:30,False,,no_dispenser,0
2160814,heavy,152.0,23.0,40-ft,PCT,2,SAT,14850070,14850030,151,151,59554,59561,Burquitlam Station @ Bay 1,Burquitlam Station @ Bay 3,59554,Burquitlam Station,80370,80910,in_service_layover,67.01392391454594,72.79896566207766,32.627635456078906,540,9.0,22:19:30,22:28:30,False,,no_dispenser,0
2160815,heavy,151.0,31.0,40-ft,PCT,2,SAT,14850063,14850023,151,151,59554,59561,Burquitlam Station @ Bay 1,Burquitlam Station @ Bay 3,59554,Burquitlam Station,82230,82710,in_service_layover,63.24229803082255,68.8548284175291,31.65467138102497,480,8.0,22:50:30,22:58:30,False,,no_dispenser,0
2160814,heavy,152.0,23.0,40-ft,PCT,2,SAT,14850069,14850029,151,151,59554,59561,Burquitlam Station @ Bay 1,Burquitlam Station @ Bay 3,59554,Burquitlam Station,83910,84510,in_service_layover,66.63144700547309,73.02535802926315,36.06165817417593,600,10.0,23:18:30,23:28:30,False,,no_dispenser,0
2160815,heavy,151.0,31.0,40-ft,PCT,2,SAT,14850064,14850024,151,151,59554,59561,Burquitlam Station @ Bay 1,Burquitlam Station @ Bay 3,59554,Burquitlam Station,85650,86310,in_service_layover,68.53535284080058,75.17442384580434,37.44436046822119,660,11.0,23:47:30,23:58:30,False,,no_dispenser,0
2160814,heavy,152.0,23.0,40-ft,PCT,2,SAT,14850068,14850028,151,151,59554,59561,Burquitlam Station @ Bay 1,Burquitlam Station @ Bay 3,59554,Burquitlam Station,87390,88110,in_service_layover,66.85783937265856,74.28223441672145,41.873588048514705,720,12.0,24:16:30,24:28:30,False,,no_dispenser,0
2160815,heavy,151.0,31.0,40-ft,PCT,2,SAT,14850065,14850025,151,151,59554,59561,Burquitlam Station @ Bay 1,Burquitlam Station @ Bay 3,59554,Burquitlam Station,89190,89910,in_service_layover,69.00690518919976,76.06120282657521,39.78623867479757,720,12.0,24:46:30,24:58:30,False,,no_dispenser,0
2160814,heavy,152.0,23.0,40-ft,PCT,2,SAT,14850067,14850027,151,151,59554,59561,Burquitlam Station @ Bay 1,Burquitlam Station @ Bay 3,59554,Burquitlam Station,90990,91530,in_service_layover,68.11471576011687,73.75997757045769,31.83927661032226,540,9.0,25:16:30,25:25:30,False,,no_dispenser,0
2160815,heavy,151.0,31.0,40-ft,PCT,2,SAT,14850066,14850026,151,151,59554,59561,Burquitlam Station @ Bay 1,Burquitlam Station @ Bay 3,59554,Burquitlam Station,92790,93510,in_service_layover,69.89368416997063,76.7919515955637,38.90622828034492,720,12.0,25:46:30,25:58:30,False,,no_dispenser,0
2161103,heavy,210.0,45.0,40-ft,BTC,2,SAT,14855794,14855769,210,210,50405,50405,Burrard Station @ Bay 2,Burrard Station @ Bay 2,50405,Burrard Station,31290,31710,in_service_layover,69.44126816703174,73.82195789671768,24.707090075428766,420,7.0,08:41:30,08:48:30,False,,no_dispenser,0
2161102,heavy,210.0,37.0,40-ft,BTC,2,SAT,14855789,14855765,210,210,50405,50405,Burrard Station @ Bay 2,Burrard Station @ Bay 2,50405,Burrard Station,33150,33510,in_service_layover,63.17819398715999,67.48452854105574,24.28772688397197,360,6.0,09:12:30,09:18:30,False,,no_dispenser,0
2161071,heavy,210.0,43.0,40-ft,BTC,2,SAT,14855800,14855762,210,210,50405,50405,Burrard Station @ Bay 2,Burrard Station @ Bay 2,50405,Burrard Station,35010,35310,in_service_layover,63.17819398715999,66.80241420068481,20.44060200427998,300,5.0,09:43:30,09:48:30,False,,no_dispenser,0
2161127,heavy,210.0,44.0,40-ft,BTC,2,SAT,14856008,14855979,211,211,50405,50405,Burrard Station @ Bay 2,Burrard Station @ Bay 2,50405,Burrard Station,35850,36690,in_service_layover,59.222966998601066,69.10513816395436,55.73544537259261,840,14.0,09:57:30,10:11:30,False,,no_dispenser,0
2161066,heavy,210.0,40.0,40-ft,BTC,2,SAT,14855787,14855766,210,210,50405,50405,Burrard Station @ Bay 2,Burrard Station @ Bay 2,50405,Burrard Station,36810,37110,in_service_layover,57.06141907228438,61.00449688993501,22.2389588915496,300,5.0,10:13:30,10:18:30,False,,no_dispenser,0
2161126,heavy,210.0,34.0,40-ft,BTC,2,SAT,14856009,14855980,211,211,50405,50405,Burrard Station @ Bay 2,Burrard Station @ Bay 2,50405,Burrard Station,37950,38370,in_service_layover,56.43470530309338,61.91100051792918,30.886305011673926,420,7.0,10:32:30,10:39:30,False,,no_dispenser,0
2161103,heavy,210.0,45.0,40-ft,BTC,2,SAT,14855804,14855752,210,210,50405,50405,Burrard Station @ Bay 2,Burrard Station @ Bay 2,50405,Burrard Station,38670,38910,in_service_layover,58.97178684332635,62.09770795119237,17.630195048364385,240,4.0,10:44:30,10:48:30,False,,no_dispenser,0
2161102,heavy,210.0,37.0,40-ft,BTC,2,SAT,14855803,14855774,210,210,50405,50405,Burrard Station @ Bay 2,Burrard Station @ Bay 2,50405,Burrard Station,40470,40650,in_service_layover,52.634357487664396,54.97136321961597,13.180712328206823,180,3.0,11:14:30,11:17:30,False,,no_dispenser,0
2161099,heavy,210.0,35.0,40-ft,BTC,2,SAT,14856033,14855981,211,211,50405,50405,Burrard Station @ Bay 2,Burrard Station @ Bay 2,50405,Burrard Station,41610,41910,in_service_layover,51.99440486219801,55.89573705214791,22.00351355131744,300,5.0,11:33:30,11:38:30,False,,no_dispenser,0
2161103,heavy,210.0,45.0,40-ft,BTC,2,SAT,14855798,14855997,210,211,50405,50405,Burrard Station @ Bay 2,Burrard Station @ Bay 2,50405,Burrard Station,46050,47070,in_service_layover,47.247536897801034,60.402566940781576,74.19436944241028,1020,17.0,12:47:30,13:04:30,False,,no_dispenser,0
2161100,heavy,210.0,59.0,40-ft,BTC,2,SAT,14856012,14855778,211,210,50405,50405,Burrard Station @ Bay 2,Burrard Station @ Bay 2,50405,Burrard Station,47130,47610,in_service_layover,60.313793004754636,66.21319792156271,33.27264373079754,480,8.0,13:05:30,13:13:30,False,,no_dispenser,0
2161102,heavy,210.0,37.0,40-ft,BTC,2,SAT,14855809,14855983,210,211,50405,50405,Burrard Station @ Bay 2,Burrard Station @ Bay 2,50405,Burrard Station,47850,48870,in_service_layover,40.121192166224624,53.20936607073141,73.81730082141831,1020,17.0,13:17:30,13:34:30,False,,no_dispenser,0
2161099,heavy,210.0,35.0,40-ft,BTC,2,SAT,14856013,14855779,211,210,50405,50405,Burrard Station @ Bay 2,Burrard Station @ Bay 2,50405,Burrard Station,48990,49290,in_service_layover,39.054991285992855,42.84364974286704,21.368033696770397,300,5.0,13:36:30,13:41:30,False,,no_dispenser,0
2161071,heavy,210.0,43.0,40-ft,BTC,2,SAT,14855802,14855755,210,210,50405,50405,Burrard Station @ Bay 2,Burrard Station @ Bay 2,50405,Burrard Station,49710,50490,in_service_layover,37.10207209390214,46.98785716874502,55.75582782211387,780,13.0,13:48:30,14:01:30,False,,no_dispenser,0
2161066,heavy,210.0,40.0,40-ft,BTC,2,SAT,14855793,14855772,210,210,50405,50405,Burrard Station @ Bay 2,Burrard Station @ Bay 2,50405,Burrard Station,51510,51690,in_service_layover,31.304154783152345,33.55410844305127,12.689738641829933,180,3.0,14:18:30,14:21:30,False,,no_dispenser,0
2161103,heavy,210.0,45.0,40-ft,BTC,2,SAT,14856014,14855985,211,211,50405,50405,Burrard Station @ Bay 2,Burrard Station @ Bay 2,50405,Burrard Station,54330,54510,in_service_layover,43.56182117462652,45.84376346377464,12.870154510795345,180,3.0,15:05:30,15:08:30,False,,no_dispenser,0
2161071,heavy,210.0,43.0,40-ft,BTC,2,SAT,14855790,14855783,210,210,50405,50405,Burrard Station @ Bay 2,Burrard Station @ Bay 2,50405,Burrard Station,57630,57810,in_service_layover,32.13768611535369,34.38981502818427,12.702007068364509,180,3.0,16:00:30,16:03:30,False,,no_dispenser,0
2161101,heavy,210.0,64.0,40-ft,BTC,2,SAT,14855811,14855758,210,210,50405,50405,Burrard Station @ Bay 2,Burrard Station @ Bay 2,50405,Burrard Station,61350,61530,in_service_layover,57.05918850709365,59.43904563915684,13.42239422483641,180,3.0,17:02:30,17:05:30,False,,no_dispenser,0
2161100,heavy,210.0,59.0,40-ft,BTC,2,SAT,14855812,14855767,210,210,50405,50405,Burrard Station @ Bay 2,Burrard Station @ Bay 2,50405,Burrard Station,62490,62790,in_service_layover,36.51285581478004,40.290457323497215,21.30567250916488,300,5.0,17:21:30,17:26:30,False,,no_dispenser,0
2161070,heavy,210.0,68.0,40-ft,BTC,2,SAT,14855817,14855768,210,210,50405,50405,Burrard Station @ Bay 2,Burrard Station @ Bay 2,50405,Burrard Station,67230,68070,in_service_layover,50.580108192976446,61.443538425101195,61.26974650918356,840,14.0,18:40:30,18:54:30,False,,no_dispenser,0
2161100,heavy,210.0,59.0,40-ft,BTC,2,SAT,14855818,14855764,210,210,50405,50405,Burrard Station @ Bay 2,Burrard Station @ Bay 2,50405,Burrard Station,69510,69870,in_service_layover,25.440286270105876,29.918611124323075,25.257752177784994,360,6.0,19:18:30,19:24:30,False,,no_dispenser,0
2161069,heavy,240.0,55.0,40-ft,BTC,2,SAT,14855630,14855614,209,209,50405,50405,Burrard Station @ Bay 2,Burrard Station @ Bay 2,50405,Burrard Station,78090,78510,in_service_layover,22.028778772348623,27.23482955844483,29.36212643358259,420,7.0,21:41:30,21:48:30,False,,no_dispenser,0
2161070,heavy,210.0,68.0,40-ft,BTC,2,SAT,14855629,14855613,209,209,50405,50405,Burrard Station @ Bay 2,Burrard Station @ Bay 2,50405,Burrard Station,79950,80310,in_service_layover,42.45447168411312,47.021619152299515,25.758711720571284,360,6.0,22:12:30,22:18:30,False,,no_dispenser,0
2161263,heavy,802.0,51.0,40-ft,BTC,2,SAT,14858971,14859010,245,245,61070,61070,Capilano University @ Bay 2,Capilano University @ Bay 2,61070,Capilano University,34170,34590,in_service_layover,66.94008747120428,71.5683246934794,26.10325793363171,420,7.0,09:29:30,09:36:30,False,,no_dispenser,0
2161263,heavy,802.0,51.0,40-ft,BTC,2,SAT,14858972,14859011,245,245,61070,61070,Capilano University @ Bay 2,Capilano University @ Bay 2,61070,Capilano University,35970,36390,in_service_layover,68.3320063873512,72.82438327830731,25.33700566499249,420,7.0,09:59:30,10:06:30,False,,no_dispenser,0
2161263,heavy,802.0,51.0,40-ft,BTC,2,SAT,14858973,14859012,245,245,61070,61070,Capilano University @ Bay 2,Capilano University @ Bay 2,61070,Capilano University,37830,38130,in_service_layover,69.5880649721791,72.79500228495449,18.08712644405324,300,5.0,10:30:30,10:35:30,False,,no_dispenser,0
2161263,heavy,802.0,51.0,40-ft,BTC,2,SAT,14858974,14859013,245,245,61070,61070,Capilano University @ Bay 2,Capilano University @ Bay 2,61070,Capilano University,39570,39990,in_service_layover,69.55868397882628,73.92737406959039,24.639412111909564,420,7.0,10:59:30,11:06:30,False,,no_dispenser,0
2161263,heavy,802.0,51.0,40-ft,BTC,2,SAT,14858976,14859015,245,245,61070,61070,Capilano University @ Bay 2,Capilano University @ Bay 2,61070,Capilano University,43170,43650,in_service_layover,67.45473745733396,72.61759504650587,29.11851680292949,480,8.0,11:59:30,12:07:30,False,,no_dispenser,0
2161263,heavy,802.0,51.0,40-ft,BTC,2,SAT,14858977,14859016,245,245,61070,61070,Capilano University @ Bay 2,Capilano University @ Bay 2,61070,Capilano University,45030,45390,in_service_layover,69.38127674037766,73.1945218368416,21.50670234405669,360,6.0,12:30:30,12:36:30,False,,no_dispenser,0
2161263,heavy,802.0,51.0,40-ft,BTC,2,SAT,14858978,14859017,245,245,61070,61070,Capilano University @ Bay 2,Capilano University @ Bay 2,61070,Capilano University,46830,47190,in_service_layover,69.95820353071339,73.72077177736695,21.220884911126007,360,6.0,13:00:30,13:06:30,False,,no_dispenser,0
2161263,heavy,802.0,51.0,40-ft,BTC,2,SAT,14858980,14859019,245,245,61070,61070,Capilano University @ Bay 2,Capilano University @ Bay 2,61070,Capilano University,50430,50850,in_service_layover,67.24813516511053,71.84671624342145,25.93599728167362,420,7.0,14:00:30,14:07:30,False,,no_dispenser,0
2161263,heavy,802.0,51.0,40-ft,BTC,2,SAT,14858981,14859020,245,245,61070,61070,Capilano University @ Bay 2,Capilano University @ Bay 2,61070,Capilano University,52230,52650,in_service_layover,68.61039793729323,73.07502984324421,25.180523949563508,420,7.0,14:30:30,14:37:30,False,,no_dispenser,0
2161263,heavy,802.0,51.0,40-ft,BTC,2,SAT,14858982,14859021,245,245,61070,61070,Capilano University @ Bay 2,Capilano University @ Bay 2,61070,Capilano University,53970,54390,in_service_layover,69.83871153711601,74.1786469624841,24.477235799076027,420,7.0,14:59:30,15:06:30,False,,no_dispenser,0
2161263,heavy,802.0,51.0,40-ft,BTC,2,SAT,14858984,14859023,245,245,61070,61070,Capilano University @ Bay 2,Capilano University @ Bay 2,61070,Capilano University,57630,57930,in_service_layover,67.70601035022767,71.04571794544692,18.83595083703665,300,5.0,16:00:30,16:05:30,False,,no_dispenser,0
2161263,heavy,802.0,51.0,40-ft,BTC,2,SAT,14858986,14859025,245,245,61070,61070,Capilano University @ Bay 2,Capilano University @ Bay 2,61070,Capilano University,61290,61470,in_service_layover,64.5730813331905,66.74070256251,12.225383733361923,180,3.0,17:01:30,17:04:30,False,,no_dispenser,0
2161263,heavy,802.0,51.0,40-ft,BTC,2,SAT,14858987,14859026,245,245,61070,61070,Capilano University @ Bay 2,Capilano University @ Bay 2,61070,Capilano University,63090,63270,in_service_layover,63.5043842563818,65.70990254516258,12.439123148723638,180,3.0,17:31:30,17:34:30,False,,no_dispenser,0
2161263,heavy,802.0,51.0,40-ft,BTC,2,SAT,14858988,14859027,245,245,61070,61070,Capilano University @ Bay 2,Capilano University @ Bay 2,61070,Capilano University,64890,65190,in_service_layover,62.473584239034366,66.13944805469427,20.675471920321854,300,5.0,18:01:30,18:06:30,False,,no_dispenser,0
2161263,heavy,802.0,51.0,40-ft,BTC,2,SAT,14858989,14859028,245,245,61070,61070,Capilano University @ Bay 2,Capilano University @ Bay 2,61070,Capilano University,66690,66930,in_service_layover,62.90312974856606,65.84388011506412,16.58583206704907,240,4.0,18:31:30,18:35:30,False,,no_dispenser,0
2161263,heavy,802.0,51.0,40-ft,BTC,2,SAT,14858990,14859029,245,245,61070,61070,Capilano University @ Bay 2,Capilano University @ Bay 2,61070,Capilano University,68430,68790,in_service_layover,62.607561808935905,66.95454324092627,24.516975276425626,360,6.0,19:00:30,19:06:30,False,,no_dispenser,0
2161263,heavy,802.0,51.0,40-ft,BTC,2,SAT,14858991,14859030,245,245,61070,61070,Capilano University @ Bay 2,Capilano University @ Bay 2,61070,Capilano University,70290,70530,in_service_layover,63.71822493479806,66.62043652180525,16.368473350720535,240,4.0,19:31:30,19:35:30,False,,no_dispenser,0
2161263,heavy,802.0,51.0,40-ft,BTC,2,SAT,14858992,14859031,245,245,61070,61070,Capilano University @ Bay 2,Capilano University @ Bay 2,61070,Capilano University,71970,72390,in_service_layover,63.384118215677034,68.33777738346464,27.938637706322083,420,7.0,19:59:30,20:06:30,False,,no_dispenser,0
2161263,heavy,802.0,51.0,40-ft,BTC,2,SAT,14858993,14859032,245,245,61070,61070,Capilano University @ Bay 2,Capilano University @ Bay 2,61070,Capilano University,73770,74190,in_service_layover,65.10145907733643,69.90184527177877,27.07417813665478,420,7.0,20:29:30,20:36:30,False,,no_dispenser,0
2161263,heavy,802.0,51.0,40-ft,BTC,2,SAT,14858994,14859033,245,245,61070,61070,Capilano University @ Bay 2,Capilano University @ Bay 2,61070,Capilano University,75570,75990,in_service_layover,66.66552696565056,71.32000024191684,26.25122927814192,420,7.0,20:59:30,21:06:30,False,,no_dispenser,0
2161263,heavy,802.0,51.0,40-ft,BTC,2,SAT,14858995,14859034,245,245,61070,61070,Capilano University @ Bay 2,Capilano University @ Bay 2,61070,Capilano University,77370,77790,in_service_layover,68.08368193578865,72.60064659224554,25.47568066241695,420,7.0,21:29:30,21:36:30,False,,no_dispenser,0
2161263,heavy,802.0,51.0,40-ft,BTC,2,SAT,14858996,14859035,245,245,61070,61070,Capilano University @ Bay 2,Capilano University @ Bay 2,61070,Capilano University,79170,79590,in_service_layover,69.36432828611734,73.7528628679014,24.751335041262053,420,7.0,21:59:30,22:06:30,False,,no_dispenser,0
2161263,heavy,802.0,51.0,40-ft,BTC,2,SAT,14858998,14859037,245,245,61070,61070,Capilano University @ Bay 2,Capilano University @ Bay 2,61070,Capilano University,82710,83190,in_service_layover,67.28022625564498,72.46258017938914,29.228476129917112,480,8.0,22:58:30,23:06:30,False,,no_dispenser,0
2161263,heavy,802.0,51.0,40-ft,BTC,2,SAT,14858999,14859038,245,245,61070,61070,Capilano University @ Bay 2,Capilano University @ Bay 2,61070,Capilano University,84570,84990,in_service_layover,69.22626187326092,73.628836412602,24.830520401883632,420,7.0,23:29:30,23:36:30,False,,no_dispenser,0
2161263,heavy,802.0,51.0,40-ft,BTC,2,SAT,14859001,14859040,245,245,61070,61070,Capilano University @ Bay 2,Capilano University @ Bay 2,61070,Capilano University,88230,88770,in_service_layover,67.15619980034558,72.9233423773025,32.52668413403711,540,9.0,24:30:30,24:39:30,False,,no_dispenser,0
2161263,heavy,802.0,51.0,40-ft,BTC,2,SAT,14859002,14859041,245,245,61070,61070,Capilano University @ Bay 2,Capilano University @ Bay 2,61070,Capilano University,90090,90450,in_service_layover,69.68702407117429,73.47351443668532,21.355805661482123,360,6.0,25:01:30,25:07:30,False,,no_dispenser,0
2160847,heavy,152.0,21.0,40-ft,PCT,2,SAT,14886305,14902971,N9,152,53161,53864,Coquitlam Central Station @ Bay 6,Coquitlam Central Station @ Bay 10,53161,Coquitlam Central Station,21630,23190,in_service_layover,62.84668281504303,77.32274698457007,81.64500191613251,1560,26.0,06:00:30,06:26:30,True,1,,1
2162579,heavy,701.0,31.0,40-ft,PCT,2,SAT,14886313,14902020,N9,701,53161,53161,Coquitlam Central Station @ Bay 6,Coquitlam Central Station @ Bay 6,53161,Coquitlam Central Station,25770,26010,in_service_layover,62.84668281504303,65.79010206728685,16.60088458265517,240,4.0,07:09:30,07:13:30,True,1,,1
2162581,heavy,701.0,34.0,40-ft,PCT,2,SAT,14886314,14902023,N9,701,53161,53161,Coquitlam Central Station @ Bay 6,Coquitlam Central Station @ Bay 6,53161,Coquitlam Central Station,27690,28410,in_service_layover,62.84668281504303,70.93142852800364,45.59796582109783,720,12.0,07:41:30,07:53:30,True,1,,1
2164620,heavy,701.0,35.0,40-ft,PCT,2,SAT,14902088,14902025,701,701,53864,53161,Coquitlam Central Station @ Bay 10,Coquitlam Central Station @ Bay 6,53864,Coquitlam Central Station,29310,30210,in_service_layover,63.31895304091635,72.9450748580215,54.29132704847302,900,15.0,08:08:30,08:23:30,True,1,,1
2160845,heavy,152.0,22.0,40-ft,PCT,2,SAT,14902941,14902974,152,152,53864,53864,Coquitlam Central Station @ Bay 10,Coquitlam Central Station @ Bay 10,53864,Coquitlam Central Station,29490,30210,in_service_layover,66.64432058039583,74.10486533342917,42.07747240710802,720,12.0,08:11:30,08:23:30,False,,busy,1
2160423,heavy,152.0,24.0,40-ft,PCT,2,SAT,14851901,14851954,169,169,53864,53887,Coquitlam Central Station @ Bay 10,Coquitlam Central Station @ Bay 11,53864,Coquitlam Central Station,29610,30510,in_service_layover,69.34856438470882,77.69277331353216,47.0613383585636,900,15.0,08:13:30,08:28:30,False,,busy,1
2164621,heavy,701.0,36.0,40-ft,PCT,2,SAT,14902090,14902027,701,701,53864,53161,Coquitlam Central Station @ Bay 10,Coquitlam Central Station @ Bay 6,53864,Coquitlam Central Station,31170,32010,in_service_layover,60.14718615978367,69.84354317553286,54.68745356882539,840,14.0,08:39:30,08:53:30,True,1,,1
2160817,heavy,151.0,26.0,40-ft,PCT,2,SAT,14849996,14855469,151,191,53864,53887,Coquitlam Central Station @ Bay 10,Coquitlam Central Station @ Bay 11,53864,Coquitlam Central Station,31830,32070,in_service_layover,69.28219459578048,71.90081569062144,14.76902297490301,240,4.0,08:50:30,08:54:30,False,,busy,1
2162577,heavy,701.0,37.0,40-ft,PCT,2,SAT,14902091,14902028,701,701,53864,53161,Coquitlam Central Station @ Bay 10,Coquitlam Central Station @ Bay 6,53864,Coquitlam Central Station,32130,32910,in_service_layover,67.30921010201779,75.15461190224528,44.248066153283105,780,13.0,08:55:30,09:08:30,True,1,,1
2160816,heavy,151.0,27.0,40-ft,PCT,2,SAT,14855500,14850038,191,151,53864,53021,Coquitlam Central Station @ Bay 10,Coquitlam Central Station @ Bay 3,53864,Coquitlam Central Station,32550,32730,in_service_layover,66.64822145700278,68.74218021184578,11.80992737731458,180,3.0,09:02:30,09:05:30,False,,busy,1
2160903,heavy,152.0,29.0,40-ft,PCT,2,SAT,14851303,14855064,159,188,53864,53495,Coquitlam Central Station @ Bay 10,Coquitlam Central Station @ Bay 8,53864,Coquitlam Central Station,32550,33510,in_service_layover,67.65958432422498,76.81132841987052,51.61583669944088,960,16.0,09:02:30,09:18:30,False,,busy,1
2162579,heavy,701.0,31.0,40-ft,PCT,2,SAT,14902092,14902029,701,701,53864,53161,Coquitlam Central Station @ Bay 10,Coquitlam Central Station @ Bay 6,53864,Coquitlam Central Station,33030,33810,in_service_layover,49.03242295252713,59.17672714336828,57.213875636344085,780,13.0,09:10:30,09:23:30,True,1,,1
2160887,heavy,152.0,28.0,40-ft,PCT,2,SAT,14851903,14851956,169,169,53864,53887,Coquitlam Central Station @ Bay 10,Coquitlam Central Station @ Bay 11,53864,Coquitlam Central Station,33210,34110,in_service_layover,68.66393935060736,77.15820699961628,47.90766954041038,900,15.0,09:13:30,09:28:30,False,,busy,1
2162581,heavy,701.0,34.0,40-ft,PCT,2,SAT,14902093,14902030,701,701,53864,53161,Coquitlam Central Station @ Bay 10,Coquitlam Central Station @ Bay 6,53864,Coquitlam Central Station,33990,34710,in_service_layover,67.56588394424753,74.8696006772887,41.192962374352135,720,12.0,09:26:30,09:38:30,True,1,,1
2160817,heavy,151.0,26.0,40-ft,PCT,2,SAT,14855501,14850040,191,151,53864,53021,Coquitlam Central Station @ Bay 10,Coquitlam Central Station @ Bay 3,53864,Coquitlam Central Station,34290,35430,in_service_layover,66.78837040012088,77.39840753238096,59.84060942594675,1140,19.0,09:31:30,09:50:30,False,,busy,1
2160906,heavy,152.0,26.0,40-ft,PCT,2,SAT,14851304,14855065,159,188,53864,53495,Coquitlam Central Station @ Bay 10,Coquitlam Central Station @ Bay 8,53864,Coquitlam Central Station,34590,35310,in_service_layover,63.820687400004935,71.74872603676245,44.71413791131238,720,12.0,09:36:30,09:48:30,False,,busy,1
2164619,heavy,701.0,33.0,40-ft,PCT,2,SAT,14902094,14902031,701,701,53864,53161,Coquitlam Central Station @ Bay 10,Coquitlam Central Station @ Bay 6,53864,Coquitlam Central Station,34950,35610,in_service_layover,43.38950704502395,51.83496650819106,47.632391372262504,660,11.0,09:42:30,09:53:30,True,1,,1
2160816,heavy,151.0,27.0,40-ft,PCT,2,SAT,14849998,14855471,151,191,53864,53887,Coquitlam Central Station @ Bay 10,Coquitlam Central Station @ Bay 11,53864,Coquitlam Central Station,35550,35850,in_service_layover,65.4200722796202,68.90931066142223,19.679304473363345,300,5.0,09:52:30,09:57:30,False,,busy,1
2164620,heavy,701.0,35.0,40-ft,PCT,2,SAT,14902095,14902032,701,701,53864,53161,Coquitlam Central Station @ Bay 10,Coquitlam Central Station @ Bay 6,53864,Coquitlam Central Station,35850,36510,in_service_layover,69.15599479498421,75.69595670286911,36.88538516047089,660,11.0,09:57:30,10:08:30,True,1,,1
2160815,heavy,151.0,31.0,40-ft,PCT,2,SAT,14855502,14850041,191,151,53864,53021,Coquitlam Central Station @ Bay 10,Coquitlam Central Station @ Bay 3,53864,Coquitlam Central Station,36330,37410,in_service_layover,65.38157141692687,75.9453122743333,59.57949843577222,1080,18.0,10:05:30,10:23:30,False,,busy,1
2160908,heavy,152.0,30.0,40-ft,PCT,2,SAT,14851305,14855066,159,188,53864,53495,Coquitlam Central Station @ Bay 10,Coquitlam Central Station @ Bay 8,53864,Coquitlam Central Station,36390,37110,in_service_layover,63.820687400004935,71.74872603676245,44.71413791131238,720,12.0,10:06:30,10:18:30,False,,busy,1
2164622,heavy,701.0,38.0,40-ft,PCT,2,SAT,14902096,14902033,701,701,53864,53161,Coquitlam Central Station @ Bay 10,Coquitlam Central Station @ Bay 6,53864,Coquitlam Central Station,37050,37410,in_service_layover,63.31895304091635,67.61514923066939,24.230546510207148,360,6.0,10:17:30,10:23:30,True,1,,1
2160814,heavy,152.0,23.0,40-ft,PCT,2,SAT,14851905,14851958,169,169,53864,53887,Coquitlam Central Station @ Bay 10,Coquitlam Central Station @ Bay 11,53864,Coquitlam Central Station,37050,37710,in_service_layover,67.13919863415978,73.99775003079645,38.68222987703081,660,11.0,10:17:30,10:28:30,False,,busy,1
2164621,heavy,701.0,36.0,40-ft,PCT,2,SAT,14902097,14902034,701,701,53864,53161,Coquitlam Central Station @ Bay 10,Coquitlam Central Station @ Bay 6,53864,Coquitlam Central Station,37950,38310,in_service_layover,66.1813390571258,70.26078287571832,23.00806313686178,360,6.0,10:32:30,10:38:30,True,1,,1
2160905,heavy,152.0,36.0,40-ft,PCT,2,SAT,14851306,14855067,159,188,53864,53495,Coquitlam Central Station @ Bay 10,Coquitlam Central Station @ Bay 8,53864,Coquitlam Central Station,38190,38910,in_service_layover,67.65958432422498,74.94723839655637,41.102368967949076,720,12.0,10:36:30,10:48:30,False,,busy,1
2160816,heavy,151.0,27.0,40-ft,PCT,2,SAT,14855503,14850042,191,151,53864,53021,Coquitlam Central Station @ Bay 10,Coquitlam Central Station @ Bay 3,53864,Coquitlam Central Station,38190,39210,in_service_layover,63.796865370921665,74.29991644357213,59.23720804974863,1020,17.0,10:36:30,10:53:30,False,,busy,1
2160903,heavy,152.0,29.0,40-ft,PCT,2,SAT,14855107,14851340,188,159,53161,53299,Coquitlam Central Station @ Bay 6,Coquitlam Central Station @ Bay 1,53161,Coquitlam Central Station,38370,38910,in_service_layover,68.33132137979678,73.94872711994573,31.682168374440096,540,9.0,10:39:30,10:48:30,True,1,,1
2164623,heavy,701.0,49.0,40-ft,PCT,2,SAT,14902098,14902035,701,701,53864,53161,Coquitlam Central Station @ Bay 10,Coquitlam Central Station @ Bay 6,53864,Coquitlam Central Station,38850,39210,in_service_layover,63.31895304091635,67.61514923066939,24.230546510207148,360,6.0,10:47:30,10:53:30,False,,busy,1
2162579,heavy,701.0,31.0,40-ft,PCT,2,SAT,14902099,14902036,701,701,53864,53161,Coquitlam Central Station @ Bay 10,Coquitlam Central Station @ Bay 6,53864,Coquitlam Central Station,39750,40110,in_service_layover,54.99498185291254,59.7335620192326,26.725592138045158,360,6.0,11:02:30,11:08:30,True,1,,1
2160907,heavy,152.0,34.0,40-ft,PCT,2,SAT,14851307,14855068,159,188,53864,53495,Coquitlam Central Station @ Bay 10,Coquitlam Central Station @ Bay 8,53864,Coquitlam Central Station,40110,40710,in_service_layover,68.50793032374996,74.6358132479843,34.56125969268169,600,10.0,11:08:30,11:18:30,True,1,,1
2160815,heavy,151.0,31.0,40-ft,PCT,2,SAT,14850001,14855474,151,191,53864,53887,Coquitlam Central Station @ Bay 10,Coquitlam Central Station @ Bay 11,53864,Coquitlam Central Station,40590,41010,in_service_layover,69.77779361772872,74.1240007863675,24.51260843112277,420,7.0,11:16:30,11:23:30,False,,busy,1
2160424,heavy,152.0,25.0,40-ft,PCT,2,SAT,14851907,14851960,169,169,53864,53887,Coquitlam Central Station @ Bay 10,Coquitlam Central Station @ Bay 11,53864,Coquitlam Central Station,40590,41310,in_service_layover,67.20378564833767,74.56937229217164,41.541908671223666,720,12.0,11:16:30,11:28:30,False,,busy,1
2160845,heavy,152.0,22.0,40-ft,PCT,2,SAT,14902947,14905862,152,152,53864,53864,Coquitlam Central Station @ Bay 10,Coquitlam Central Station @ Bay 10,53864,Coquitlam Central Station,40650,41610,in_service_layover,66.02610296134806,75.55131345427095,53.72218718008514,960,16.0,11:17:30,11:33:30,False,,busy,1
2162577,heavy,701.0,37.0,40-ft,PCT,2,SAT,14902100,14902037,701,701,53864,53161,Coquitlam Central Station @ Bay 10,Coquitlam Central Station @ Bay 6,53864,Coquitlam Central Station,40770,41010,in_service_layover,58.396932787485554,61.54202731153398,17.73833311563311,240,4.0,11:19:30,11:23:30,True,1,,1
2164619,heavy,701.0,33.0,40-ft,PCT,2,SAT,14902101,14902038,701,701,53864,53161,Coquitlam Central Station @ Bay 10,Coquitlam Central Station @ Bay 6,53864,Coquitlam Central Station,41670,41910,in_service_layover,46.76921376946372,49.82747013544022,17.248565904107465,240,4.0,11:34:30,11:38:30,True,1,,1
2160817,heavy,151.0,26.0,40-ft,PCT,2,SAT,14855505,14850044,191,151,53864,53021,Coquitlam Central Station @ Bay 10,Coquitlam Central Station @ Bay 3,53864,Coquitlam Central Station,41670,42810,in_service_layover,66.11844358527583,76.90552538200708,60.83914133356433,1140,19.0,11:34:30,11:53:30,False,,busy,1
2160904,heavy,152.0,35.0,40-ft,PCT,2,SAT,14851308,14855069,159,188,53864,53495,Coquitlam Central Station @ Bay 10,Coquitlam Central Station @ Bay 8,53864,Coquitlam Central Station,41910,42510,in_service_layover,67.52849486124536,73.79631429100678,35.35050158385445,600,10.0,11:38:30,11:48:30,True,1,,1
2160816,heavy,151.0,27.0,40-ft,PCT,2,SAT,14850002,14855475,151,191,53864,53887,Coquitlam Central Station @ Bay 10,Coquitlam Central Station @ Bay 11,53864,Coquitlam Central Station,42390,42930,in_service_layover,68.13239778696754,73.77538979259462,31.82647491173674,540,9.0,11:46:30,11:55:30,False,,busy,1
2160887,heavy,152.0,28.0,40-ft,PCT,2,SAT,14851908,14851961,169,169,53864,53887,Coquitlam Central Station @ Bay 10,Coquitlam Central Station @ Bay 11,53864,Coquitlam Central Station,42390,43110,in_service_layover,69.02776524773864,76.07841447507526,39.76566164217854,720,12.0,11:46:30,11:58:30,False,,busy,1
2160843,heavy,152.0,32.0,40-ft,PCT,2,SAT,14902948,14902981,152,152,53864,53864,Coquitlam Central Station @ Bay 10,Coquitlam Central Station @ Bay 10,53864,Coquitlam Central Station,42450,42810,in_service_layover,68.14839223469072,72.06718547446816,22.10199387234485,360,6.0,11:47:30,11:53:30,False,,busy,1
2162581,heavy,701.0,34.0,40-ft,PCT,2,SAT,14902102,14902039,701,701,53864,53161,Coquitlam Central Station @ Bay 10,Coquitlam Central Station @ Bay 6,53864,Coquitlam Central Station,42630,42810,in_service_layover,58.11192156252897,60.4902704685342,13.413887829869509,180,3.0,11:50:30,11:53:30,True,1,,1
2160815,heavy,151.0,31.0,40-ft,PCT,2,SAT,14855506,14850045,191,151,53864,53021,Coquitlam Central Station @ Bay 10,Coquitlam Central Station @ Bay 3,53864,Coquitlam Central Station,43590,44610,in_service_layover,69.01155549586696,78.2570848527521,52.14478557283218,1020,17.0,12:06:30,12:23:30,True,1,,1
2160902,heavy,152.0,38.0,40-ft,PCT,2,SAT,14851309,14855070,159,188,53864,53495,Coquitlam Central Station @ Bay 10,Coquitlam Central Station @ Bay 8,53864,Coquitlam Central Station,43710,44310,in_service_layover,67.52849486124536,73.79631429100678,35.35050158385445,600,10.0,12:08:30,12:18:30,False,,busy,1
2160905,heavy,152.0,36.0,40-ft,PCT,2,SAT,14855110,14851343,188,159,53161,53299,Coquitlam Central Station @ Bay 6,Coquitlam Central Station @ Bay 1,53161,Coquitlam Central Station,43890,44310,in_service_layover,66.46723135648264,71.14053677988832,26.357442588008098,420,7.0,12:11:30,12:18:30,False,,busy,1
2164620,heavy,701.0,35.0,40-ft,PCT,2,SAT,14902104,14902041,701,701,53864,53161,Coquitlam Central Station @ Bay 10,Coquitlam Central Station @ Bay 6,53864,Coquitlam Central Station,44250,44610,in_service_layover,58.9382775881094,63.548608960995246,26.002268943076217,360,6.0,12:17:30,12:23:30,False,,busy,1
2160886,heavy,152.0,33.0,40-ft,PCT,2,SAT,14851909,14851962,169,169,53864,53887,Coquitlam Central Station @ Bay 10,Coquitlam Central Station @ Bay 11,53864,Coquitlam Central Station,44250,44910,in_service_layover,66.80962760171575,73.7192886218934,38.97048815380191,660,11.0,12:17:30,12:28:30,False,,busy,1
2160816,heavy,151.0,27.0,40-ft,PCT,2,SAT,14855507,14850046,191,151,53864,53021,Coquitlam Central Station @ Bay 10,Coquitlam Central Station @ Bay 3,53864,Coquitlam Central Station,45510,46410,in_service_layover,68.66294450209408,77.15742942741527,47.908894978811475,900,15.0,12:38:30,12:53:30,True,1,,1
2160903,heavy,152.0,29.0,40-ft,PCT,2,SAT,14851310,14855071,159,188,53864,53495,Coquitlam Central Station @ Bay 10,Coquitlam Central Station @ Bay 8,53864,Coquitlam Central Station,45570,46110,in_service_layover,68.69880492388585,74.26868756995091,31.414138123806993,540,9.0,12:39:30,12:48:30,False,,busy,1
2164623,heavy,701.0,49.0,40-ft,PCT,2,SAT,14902105,14902043,701,701,53864,53161,Coquitlam Central Station @ Bay 10,Coquitlam Central Station @ Bay 6,53864,Coquitlam Central Station,45570,46410,in_service_layover,59.99524913680373,69.71945995577038,54.84454901897186,840,14.0,12:39:30,12:53:30,False,,busy,1
2160907,heavy,152.0,34.0,40-ft,PCT,2,SAT,14855111,14851344,188,159,53161,53299,Coquitlam Central Station @ Bay 6,Coquitlam Central Station @ Bay 1,53161,Coquitlam Central Station,45750,46110,in_service_layover,66.15580620791057,70.23727276889093,23.01947140392923,360,6.0,12:42:30,12:48:30,False,,busy,1
2160842,heavy,152.0,37.0,40-ft,PCT,2,SAT,14902950,14902983,152,152,53864,53864,Coquitlam Central Station @ Bay 10,Coquitlam Central Station @ Bay 10,53864,Coquitlam Central Station,46050,46410,in_service_layover,66.73611651389061,70.7712160734977,22.75796151618397,360,6.0,12:47:30,12:53:30,False,,busy,1
2160814,heavy,152.0,23.0,40-ft,PCT,2,SAT,14851910,14851963,169,169,53864,53887,Coquitlam Central Station @ Bay 10,Coquitlam Central Station @ Bay 11,53864,Coquitlam Central Station,46050,46710,in_service_layover,69.22131643768125,75.75079219862046,36.82624329169721,660,11.0,12:47:30,12:58:30,False,,busy,1
2164621,heavy,701.0,36.0,40-ft,PCT,2,SAT,14902106,14902044,701,701,53864,53161,Coquitlam Central Station @ Bay 10,Coquitlam Central Station @ Bay 6,53864,Coquitlam Central Station,46590,47310,in_service_layover,53.503103760958595,62.781329427077246,52.32919275690921,720,12.0,12:56:30,13:08:30,True,1,,1
2160818,heavy,151.0,33.0,40-ft,PCT,2,SAT,14855508,14850047,191,151,53864,53021,Coquitlam Central Station @ Bay 10,Coquitlam Central Station @ Bay 3,53864,Coquitlam Central Station,47370,48210,in_service_layover,66.64822145700278,75.10549943995699,47.699047823861804,840,14.0,13:09:30,13:23:30,True,1,,1
2160906,heavy,152.0,26.0,40-ft,PCT,2,SAT,14851311,14855072,159,188,53864,53495,Coquitlam Central Station @ Bay 10,Coquitlam Central Station @ Bay 8,53864,Coquitlam Central Station,47430,47910,in_service_layover,65.35902009910227,70.75105491814226,30.411076379385577,480,8.0,13:10:30,13:18:30,False,,busy,1
2162577,heavy,701.0,37.0,40-ft,PCT,2,SAT,14902107,14902045,701,701,53864,53161,Coquitlam Central Station @ Bay 10,Coquitlam Central Station @ Bay 6,53864,Coquitlam Central Station,47490,48210,in_service_layover,55.047632239984345,64.21666535148182,51.71334674884582,720,12.0,13:11:30,13:23:30,False,,busy,1
2160423,heavy,152.0,24.0,40-ft,PCT,2,SAT,14851911,14851964,169,169,53864,53887,Coquitlam Central Station @ Bay 10,Coquitlam Central Station @ Bay 11,53864,Coquitlam Central Station,47850,48510,in_service_layover,68.53265877271201,75.17215774190694,37.44677418625946,660,11.0,13:17:30,13:28:30,False,,busy,1
2162579,heavy,701.0,31.0,40-ft,PCT,2,SAT,14902108,14902046,701,701,53864,53161,Coquitlam Central Station @ Bay 10,Coquitlam Central Station @ Bay 6,53864,Coquitlam Central Station,48570,49110,in_service_layover,42.975882904472876,49.85604138224195,38.80409381461757,540,9.0,13:29:30,13:38:30,True,1,,1
2160908,heavy,152.0,30.0,40-ft,PCT,2,SAT,14851312,14855073,159,188,53864,53495,Coquitlam Central Station @ Bay 10,Coquitlam Central Station @ Bay 8,53864,Coquitlam Central Station,49230,49710,in_service_layover,64.9330007300629,70.37030048678587,30.6663706279175,480,8.0,13:40:30,13:48:30,True,1,,1
2160817,heavy,151.0,26.0,40-ft,PCT,2,SAT,14855509,14850048,191,151,53864,53021,Coquitlam Central Station @ Bay 10,Coquitlam Central Station @ Bay 3,53864,Coquitlam Central Station,49230,50010,in_service_layover,65.62556143490195,73.77971299129504,45.98941477805704,780,13.0,13:40:30,13:53:30,False,,busy,1
2162581,heavy,701.0,34.0,40-ft,PCT,2,SAT,14902109,14902047,701,701,53864,53161,Coquitlam Central Station @ Bay 10,Coquitlam Central Station @ Bay 6,53864,Coquitlam Central Station,49470,50010,in_service_layover,54.016016986335046,61.06832480416522,39.77501609256217,540,9.0,13:44:30,13:53:30,False,,busy,1
2160844,heavy,152.0,31.0,40-ft,PCT,2,SAT,14902952,14902985,152,152,53864,53864,Coquitlam Central Station @ Bay 10,Coquitlam Central Station @ Bay 10,53864,Coquitlam Central Station,49650,50010,in_service_layover,65.3423186701181,69.48738713478909,23.37818614074439,360,6.0,13:47:30,13:53:30,False,,busy,1
2160424,heavy,152.0,25.0,40-ft,PCT,2,SAT,14851912,14851965,169,169,53864,53887,Coquitlam Central Station @ Bay 10,Coquitlam Central Station @ Bay 11,53864,Coquitlam Central Station,49770,50310,in_service_layover,69.66915350929935,75.11195013264881,30.69737295569098,540,9.0,13:49:30,13:58:30,True,1,,1
2164619,heavy,701.0,33.0,40-ft,PCT,2,SAT,14902110,14902048,701,701,53864,53161,Coquitlam Central Station @ Bay 10,Coquitlam Central Station @ Bay 6,53864,Coquitlam Central Station,50250,50910,in_service_layover,33.06979102068049,41.380724234319786,46.873663324925616,660,11.0,13:57:30,14:08:30,False,,busy,1
2160905,heavy,152.0,36.0,40-ft,PCT,2,SAT,14851313,14855074,159,188,53864,53495,Coquitlam Central Station @ Bay 10,Coquitlam Central Station @ Bay 8,53864,Coquitlam Central Station,51030,51510,in_service_layover,66.402946711667,71.68217463599838,29.774845493228952,480,8.0,14:10:30,14:18:30,True,1,,1
2160815,heavy,151.0,31.0,40-ft,PCT,2,SAT,14855510,14850049,191,151,53864,53021,Coquitlam Central Station @ Bay 10,Coquitlam Central Station @ Bay 3,53864,Coquitlam Central Station,51030,51630,in_service_layover,66.97712090564696,73.32267754919673,35.78893946962063,600,10.0,14:10:30,14:20:30,False,,busy,1
2164620,heavy,701.0,35.0,40-ft,PCT,2,SAT,14902111,14902049,701,701,53864,53161,Coquitlam Central Station @ Bay 10,Coquitlam Central Station @ Bay 6,53864,Coquitlam Central Station,51150,51810,in_service_layover,55.48592304480435,63.91987726774667,47.56750181739466,660,11.0,14:12:30,14:23:30,False,,busy,1
2160903,heavy,152.0,29.0,40-ft,PCT,2,SAT,14855114,14851347,188,159,53161,53299,Coquitlam Central Station @ Bay 6,Coquitlam Central Station @ Bay 1,53161,Coquitlam Central Station,51210,51510,in_service_layover,65.78868052987718,69.25467707887964,19.54822053637389,300,5.0,14:13:30,14:18:30,False,,busy,1
2160818,heavy,151.0,33.0,40-ft,PCT,2,SAT,14850007,14855480,151,191,53864,53887,Coquitlam Central Station @ Bay 10,Coquitlam Central Station @ Bay 11,53864,Coquitlam Central Station,51450,51810,in_service_layover,68.9379807833524,72.78960755614729,21.72317499856308,360,6.0,14:17:30,14:23:30,False,,busy,1
2164622,heavy,701.0,38.0,40-ft,PCT,2,SAT,14902112,14902050,701,701,53864,53161,Coquitlam Central Station @ Bay 10,Coquitlam Central Station @ Bay 6,53864,Coquitlam Central Station,51990,52710,in_service_layover,43.91560844237015,53.15838904307222,52.129282587959636,720,12.0,14:26:30,14:38:30,True,1,,1
2165156,heavy,152.0,39.0,40-ft,PCT,2,SAT,14905857,14905865,152,152,53864,53864,Coquitlam Central Station @ Bay 10,Coquitlam Central Station @ Bay 10,53864,Coquitlam Central Station,52050,52410,in_service_layover,69.12806421571204,72.96329248026248,21.630687412064447,360,6.0,14:27:30,14:33:30,False,,busy,1
2160816,heavy,151.0,27.0,40-ft,PCT,2,SAT,14855511,14850050,191,151,53864,53021,Coquitlam Central Station @ Bay 10,Coquitlam Central Station @ Bay 3,53864,Coquitlam Central Station,52770,53490,in_service_layover,65.87746548031012,73.46691772272167,42.80451064720114,720,12.0,14:39:30,14:51:30,True,1,,1
2160907,heavy,152.0,34.0,40-ft,PCT,2,SAT,14851314,14855075,159,188,53864,53495,Coquitlam Central Station @ Bay 10,Coquitlam Central Station @ Bay 8,53864,Coquitlam Central Station,52830,53310,in_service_layover,63.35413483890395,68.95529115193992,31.590521605522895,480,8.0,14:40:30,14:48:30,False,,busy,1
2164623,heavy,701.0,49.0,40-ft,PCT,2,SAT,14902113,14902051,701,701,53864,53161,Coquitlam Central Station @ Bay 10,Coquitlam Central Station @ Bay 6,53864,Coquitlam Central Station,52890,53610,in_service_layover,59.87909080804082,68.42980424935831,48.22602380903061,720,12.0,14:41:30,14:53:30,False,,busy,1
2160906,heavy,152.0,26.0,40-ft,PCT,2,SAT,14855115,14851348,188,159,53161,53299,Coquitlam Central Station @ Bay 6,Coquitlam Central Station @ Bay 1,53161,Coquitlam Central Station,53010,53310,in_service_layover,67.50758250057677,70.86077978006665,18.91203265632288,300,5.0,14:43:30,14:48:30,False,,busy,1
2160843,heavy,152.0,32.0,40-ft,PCT,2,SAT,14902954,14902987,152,152,53864,53864,Coquitlam Central Station @ Bay 10,Coquitlam Central Station @ Bay 10,53864,Coquitlam Central Station,53130,53610,in_service_layover,62.59823048839136,68.27566241068128,32.02071604171516,480,8.0,14:45:30,14:53:30,False,,busy,1
2160886,heavy,152.0,33.0,40-ft,PCT,2,SAT,14851914,14851967,169,169,53864,53887,Coquitlam Central Station @ Bay 10,Coquitlam Central Station @ Bay 11,53864,Coquitlam Central Station,53370,53910,in_service_layover,68.97662981869536,74.51036249591846,31.21025229953824,540,9.0,14:49:30,14:58:30,False,,busy,1
2160426,heavy,151.0,34.0,40-ft,PCT,2,SAT,14902955,14902988,152,152,53864,53864,Coquitlam Central Station @ Bay 10,Coquitlam Central Station @ Bay 10,53864,Coquitlam Central Station,54330,54810,in_service_layover,67.7440808394241,72.87444757469915,28.935268386951293,480,8.0,15:05:30,15:13:30,True,1,,1
2160818,heavy,151.0,33.0,40-ft,PCT,2,SAT,14855512,14850051,191,151,53864,53021,Coquitlam Central Station @ Bay 10,Coquitlam Central Station @ Bay 3,53864,Coquitlam Central Station,54570,55230,in_service_layover,67.67716226564673,74.45171275537659,38.208464762076346,660,11.0,15:09:30,15:20:30,False,,busy,1
2160904,heavy,152.0,35.0,40-ft,PCT,2,SAT,14851315,14855076,159,188,53864,53495,Coquitlam Central Station @ Bay 10,Coquitlam Central Station @ Bay 8,53864,Coquitlam Central Station,54630,55110,in_service_layover,63.79466297695965,69.3507179477295,31.33615003514194,480,8.0,15:10:30,15:18:30,False,,busy,1
2162577,heavy,701.0,37.0,40-ft,PCT,2,SAT,14902115,14902053,701,701,53864,53161,Coquitlam Central Station @ Bay 10,Coquitlam Central Station @ Bay 6,53864,Coquitlam Central Station,54630,55410,in_service_layover,53.830394804451196,63.79430240174603,56.196438848742844,780,13.0,15:10:30,15:23:30,False,,busy,1
2160908,heavy,152.0,30.0,40-ft,PCT,2,SAT,14855116,14851349,188,159,53161,53299,Coquitlam Central Station @ Bay 6,Coquitlam Central Station @ Bay 1,53161,Coquitlam Central Station,54810,55110,in_service_layover,67.16864780753914,70.54466300069072,19.040725689374824,300,5.0,15:13:30,15:18:30,True,1,,1
2164621,heavy,701.0,36.0,40-ft,PCT,2,SAT,14902116,14902054,701,701,53864,53161,Coquitlam Central Station @ Bay 10,Coquitlam Central Station @ Bay 6,53864,Coquitlam Central Station,55590,56310,in_service_layover,46.02365031231752,55.322116173397475,52.443347456490926,720,12.0,15:26:30,15:38:30,True,1,,1
2160902,heavy,152.0,38.0,40-ft,PCT,2,SAT,14851316,14855077,159,188,53864,53495,Coquitlam Central Station @ Bay 10,Coquitlam Central Station @ Bay 8,53864,Coquitlam Central Station,56430,56910,in_service_layover,63.32612002474549,68.93012819869332,31.60660610106578,480,8.0,15:40:30,15:48:30,True,1,,1
2160817,heavy,151.0,26.0,40-ft,PCT,2,SAT,14855513,14850052,191,151,53864,53021,Coquitlam Central Station @ Bay 10,Coquitlam Central Station @ Bay 3,53864,Coquitlam Central Station,56490,57210,in_service_layover,65.67963007728483,73.30210173784117,42.99074016553777,720,12.0,15:41:30,15:53:30,False,,busy,1
2162581,heavy,701.0,34.0,40-ft,PCT,2,SAT,14902117,14902055,701,701,53864,53161,Coquitlam Central Station @ Bay 10,Coquitlam Central Station @ Bay 6,53864,Coquitlam Central Station,56490,57210,in_service_layover,52.24352632393989,61.581634826946186,52.666931956955466,720,12.0,15:41:30,15:53:30,False,,busy,1
2160905,heavy,152.0,36.0,40-ft,PCT,2,SAT,14855117,14851350,188,159,53161,53299,Coquitlam Central Station @ Bay 6,Coquitlam Central Station @ Bay 1,53161,Coquitlam Central Station,56610,56910,in_service_layover,68.33493001680657,71.63124057447183,18.591191545232107,300,5.0,15:43:30,15:48:30,False,,busy,1
2160842,heavy,152.0,37.0,40-ft,PCT,2,SAT,14902956,14902989,152,152,53864,53864,Coquitlam Central Station @ Bay 10,Coquitlam Central Station @ Bay 10,53864,Coquitlam Central Station,56910,57210,in_service_layover,59.126506959081226,62.99240673722537,21.803674748732988,300,5.0,15:48:30,15:53:30,True,1,,1
2160423,heavy,152.0,24.0,40-ft,PCT,2,SAT,14851916,14851969,169,169,53864,53887,Coquitlam Central Station @ Bay 10,Coquitlam Central Station @ Bay 11,53864,Coquitlam Central Station,57030,57510,in_service_layover,69.5928245838792,74.51072558194521,27.736961629092264,480,8.0,15:50:30,15:58:30,False,,busy,1
2162579,heavy,701.0,31.0,40-ft,PCT,2,SAT,14902118,14902056,701,701,53864,53161,Coquitlam Central Station @ Bay 10,Coquitlam Central Station @ Bay 6,53864,Coquitlam Central Station,57330,58110,in_service_layover,33.098362267482216,42.93375881456979,55.4716365255739,780,13.0,15:55:30,16:08:30,True,1,,1
2160903,heavy,152.0,29.0,40-ft,PCT,2,SAT,14851317,14855078,159,188,53864,53495,Coquitlam Central Station @ Bay 10,Coquitlam Central Station @ Bay 8,53864,Coquitlam Central Station,58170,58710,in_service_layover,62.48596145883554,68.81458470718125,35.69343512066979,540,9.0,16:09:30,16:18:30,True,1,,1
2160815,heavy,151.0,31.0,40-ft,PCT,2,SAT,14855514,14850053,191,151,53864,53021,Coquitlam Central Station @ Bay 10,Coquitlam Central Station @ Bay 3,53864,Coquitlam Central Station,58230,59010,in_service_layover,66.41739930721407,74.42721189661644,45.175343004229376,780,13.0,16:10:30,16:23:30,False,,busy,1
2164620,heavy,701.0,35.0,40-ft,PCT,2,SAT,14902119,14902057,701,701,53864,53161,Coquitlam Central Station @ Bay 10,Coquitlam Central Station @ Bay 6,53864,Coquitlam Central Station,58230,59010,in_service_layover,54.31794191729738,64.24228614682657,55.973301454544696,780,13.0,16:10:30,16:23:30,False,,busy,1
2160907,heavy,152.0,34.0,40-ft,PCT,2,SAT,14855118,14851351,188,159,53161,53299,Coquitlam Central Station @ Bay 6,Coquitlam Central Station @ Bay 1,53161,Coquitlam Central Station,58410,58710,in_service_layover,65.90592573587995,69.36445959530779,19.50613096717302,300,5.0,16:13:30,16:18:30,False,,busy,1
2160818,heavy,151.0,33.0,40-ft,PCT,2,SAT,14850011,14855484,151,191,53864,53887,Coquitlam Central Station @ Bay 10,Coquitlam Central Station @ Bay 11,53864,Coquitlam Central Station,58530,59010,in_service_layover,68.284194098772,73.35335880196018,28.590088925981433,480,8.0,16:15:30,16:23:30,False,,busy,1
2164619,heavy,701.0,33.0,40-ft,PCT,2,SAT,14902120,14902058,701,701,53864,53161,Coquitlam Central Station @ Bay 10,Coquitlam Central Station @ Bay 6,53864,Coquitlam Central Station,59130,59910,in_service_layover,24.623045119560054,34.362622364620464,54.931215662140715,780,13.0,16:25:30,16:38:30,True,1,,1
2160906,heavy,152.0,26.0,40-ft,PCT,2,SAT,14851318,14855079,159,188,53864,53495,Coquitlam Central Station @ Bay 10,Coquitlam Central Station @ Bay 8,53864,Coquitlam Central Station,60030,60510,in_service_layover,63.903802531255124,69.44860994789532,31.272713829850716,480,8.0,16:40:30,16:48:30,True,1,,1
2160816,heavy,151.0,27.0,40-ft,PCT,2,SAT,14855515,14850054,191,151,53864,53021,Coquitlam Central Station @ Bay 10,Coquitlam Central Station @ Bay 3,53864,Coquitlam Central Station,60030,60810,in_service_layover,66.54687273758566,74.53293887709877,45.041413026853945,780,13.0,16:40:30,16:53:30,False,,busy,1
2164623,heavy,701.0,49.0,40-ft,PCT,2,SAT,14902121,14902059,701,701,53864,53161,Coquitlam Central Station @ Bay 10,Coquitlam Central Station @ Bay 6,53864,Coquitlam Central Station,60030,60810,in_service_layover,58.650411730773534,68.03076210691728,52.90517612145078,780,13.0,16:40:30,16:53:30,False,,busy,1
2160904,heavy,152.0,35.0,40-ft,PCT,2,SAT,14855119,14851352,188,159,53161,53299,Coquitlam Central Station @ Bay 6,Coquitlam Central Station @ Bay 1,53161,Coquitlam Central Station,60150,60510,in_service_layover,66.25929189638144,70.33255058334454,22.97317899447188,360,6.0,16:42:30,16:48:30,False,,busy,1
2160844,heavy,152.0,31.0,40-ft,PCT,2,SAT,14902958,14902991,152,152,53864,53864,Coquitlam Central Station @ Bay 10,Coquitlam Central Station @ Bay 10,53864,Coquitlam Central Station,60570,60810,in_service_layover,59.908464195568015,62.99145057078945,17.388043156248898,240,4.0,16:49:30,16:53:30,True,1,,1
2160887,heavy,152.0,28.0,40-ft,PCT,2,SAT,14851918,14851971,169,169,53864,53887,Coquitlam Central Station @ Bay 10,Coquitlam Central Station @ Bay 11,53864,Coquitlam Central Station,60570,61110,in_service_layover,68.7457433056924,74.30953156520701,31.379765783662435,540,9.0,16:49:30,16:58:30,False,,busy,1
2164622,heavy,701.0,38.0,40-ft,PCT,2,SAT,14902122,14902060,701,701,53864,53161,Coquitlam Central Station @ Bay 10,Coquitlam Central Station @ Bay 6,53864,Coquitlam Central Station,60930,61710,in_service_layover,36.40070992831249,46.27602813015334,55.6967946583824,780,13.0,16:55:30,17:08:30,True,1,,1
2160818,heavy,151.0,33.0,40-ft,PCT,2,SAT,14855516,14850055,191,151,53864,53021,Coquitlam Central Station @ Bay 10,Coquitlam Central Station @ Bay 3,53864,Coquitlam Central Station,61710,62490,in_service_layover,68.24091351145964,75.91245802610067,43.26751106257541,780,13.0,17:08:30,17:21:30,True,1,,1
2160908,heavy,152.0,30.0,40-ft,PCT,2,SAT,14851319,14855080,159,188,53864,53495,Coquitlam Central Station @ Bay 10,Coquitlam Central Station @ Bay 8,53864,Coquitlam Central Station,61890,62310,in_service_layover,63.6252423085914,68.55781972405798,27.819736623231506,420,7.0,17:11:30,17:18:30,False,,busy,1
2160902,heavy,152.0,38.0,40-ft,PCT,2,SAT,14855120,14851353,188,159,53161,53299,Coquitlam Central Station @ Bay 6,Coquitlam Central Station @ Bay 1,53161,Coquitlam Central Station,61950,62310,in_service_layover,65.88342629180445,69.98637017164734,23.14060348231385,360,6.0,17:12:30,17:18:30,False,,busy,1
2162577,heavy,701.0,37.0,40-ft,PCT,2,SAT,14902123,14902061,701,701,53864,53161,Coquitlam Central Station @ Bay 10,Coquitlam Central Station @ Bay 6,53864,Coquitlam Central Station,62070,62610,in_service_layover,57.91025008906878,64.7395704380065,38.51736676800874,540,9.0,17:14:30,17:23:30,False,,busy,1
2160815,heavy,151.0,31.0,40-ft,PCT,2,SAT,14850013,14855486,151,191,53864,53887,Coquitlam Central Station @ Bay 10,Coquitlam Central Station @ Bay 11,53864,Coquitlam Central Station,62250,62610,in_service_layover,68.25969324001186,72.16911170574899,22.049120146757446,360,6.0,17:17:30,17:23:30,False,,busy,1
2160886,heavy,152.0,33.0,40-ft,PCT,2,SAT,14851919,14851972,169,169,53864,53887,Coquitlam Central Station @ Bay 10,Coquitlam Central Station @ Bay 11,53864,Coquitlam Central Station,62310,62910,in_service_layover,69.58692721767537,75.55791525137016,33.676372510038675,600,10.0,17:18:30,17:28:30,False,,busy,1
2165256,heavy,701.0,32.0,40-ft,PCT,2,SAT,14902124,14902062,701,701,53864,53161,Coquitlam Central Station @ Bay 10,Coquitlam Central Station @ Bay 6,53864,Coquitlam Central Station,62910,63510,in_service_layover,55.687225836421575,63.397032954572786,43.48331214637284,600,10.0,17:28:30,17:38:30,True,1,,1
2160817,heavy,151.0,26.0,40-ft,PCT,2,SAT,14855517,14850056,191,151,53864,53021,Coquitlam Central Station @ Bay 10,Coquitlam Central Station @ Bay 3,53864,Coquitlam Central Station,63450,64410,in_service_layover,65.23697206596994,74.94024822606102,54.72647754291364,960,16.0,17:37:30,17:53:30,False,,busy,1
2160905,heavy,152.0,36.0,40-ft,PCT,2,SAT,14851320,14855081,159,188,53864,53495,Coquitlam Central Station @ Bay 10,Coquitlam Central Station @ Bay 8,53864,Coquitlam Central Station,63510,64110,in_service_layover,63.3634008817777,70.19991985720823,38.55796702142817,600,10.0,17:38:30,17:48:30,True,1,,1
2160903,heavy,152.0,29.0,40-ft,PCT,2,SAT,14855121,14851354,188,159,53161,53299,Coquitlam Central Station @ Bay 6,Coquitlam Central Station @ Bay 1,53161,Coquitlam Central Station,63690,64110,in_service_layover,65.78009288291439,70.51790874753266,26.721281476447075,420,7.0,17:41:30,17:48:30,False,,busy,1
2162581,heavy,701.0,34.0,40-ft,PCT,2,SAT,14902125,14902063,701,701,53864,53161,Coquitlam Central Station @ Bay 10,Coquitlam Central Station @ Bay 6,53864,Coquitlam Central Station,63690,64410,in_service_layover,55.08612416969263,64.25193573235674,51.695177213425666,720,12.0,17:41:30,17:53:30,False,,busy,1
2160816,heavy,151.0,27.0,40-ft,PCT,2,SAT,14850014,14855487,151,191,53864,53887,Coquitlam Central Station @ Bay 10,Coquitlam Central Station @ Bay 11,53864,Coquitlam Central Station,64110,64470,in_service_layover,68.36542022049419,72.2659049791119,21.998734038603857,360,6.0,17:48:30,17:54:30,True,1,,1
2160814,heavy,152.0,23.0,40-ft,PCT,2,SAT,14851920,14851973,169,169,53864,53887,Coquitlam Central Station @ Bay 10,Coquitlam Central Station @ Bay 11,53864,Coquitlam Central Station,64110,64710,in_service_layover,68.54812377423877,74.67021418037147,34.52858989058842,600,10.0,17:48:30,17:58:30,False,,busy,1
2160843,heavy,152.0,32.0,40-ft,PCT,2,SAT,14902960,14902993,152,152,53864,53864,Coquitlam Central Station @ Bay 10,Coquitlam Central Station @ Bay 10,53864,Coquitlam Central Station,64170,64410,in_service_layover,59.551764031560374,62.65280917394209,17.489894603032894,240,4.0,17:49:30,17:53:30,False,,busy,1
2164621,heavy,701.0,36.0,40-ft,PCT,2,SAT,14902126,14902064,701,701,53864,53161,Coquitlam Central Station @ Bay 10,Coquitlam Central Station @ Bay 6,53864,Coquitlam Central Station,64530,65310,in_service_layover,38.56443705863774,48.474817241767866,55.89454423285386,780,13.0,17:55:30,18:08:30,True,1,,1
2160815,heavy,151.0,31.0,40-ft,PCT,2,SAT,14855518,14850057,191,151,53864,53021,Coquitlam Central Station @ Bay 10,Coquitlam Central Station @ Bay 3,53864,Coquitlam Central Station,65190,66210,in_service_layover,67.05666641524844,76.77762618117029,54.82621307979923,1020,17.0,18:06:30,18:23:30,False,,busy,1
2160907,heavy,152.0,34.0,40-ft,PCT,2,SAT,14851321,14855082,159,188,53864,53495,Coquitlam Central Station @ Bay 10,Coquitlam Central Station @ Bay 8,53864,Coquitlam Central Station,65370,65610,in_service_layover,61.949302568764665,64.93515114707367,16.840185981662728,240,4.0,18:09:30,18:13:30,True,1,,1
2160906,heavy,152.0,26.0,40-ft,PCT,2,SAT,14855122,14851355,188,159,53161,53299,Coquitlam Central Station @ Bay 6,Coquitlam Central Station @ Bay 1,53161,Coquitlam Central Station,65430,65910,in_service_layover,66.34671192303982,71.63208510383157,29.809504739665556,480,8.0,18:10:30,18:18:30,False,,busy,1
2164620,heavy,701.0,35.0,40-ft,PCT,2,SAT,14902127,14902065,701,701,53864,53161,Coquitlam Central Station @ Bay 10,Coquitlam Central Station @ Bay 6,53864,Coquitlam Central Station,65430,66210,in_service_layover,59.01585129024281,68.33336971444513,52.550803912501124,780,13.0,18:10:30,18:23:30,False,,busy,1
2160818,heavy,151.0,33.0,40-ft,PCT,2,SAT,14850015,14855488,151,191,53864,53887,Coquitlam Central Station @ Bay 10,Coquitlam Central Station @ Bay 11,53864,Coquitlam Central Station,65730,66210,in_service_layover,69.7449393694961,74.64498405058167,27.636252001322646,480,8.0,18:15:30,18:23:30,True,1,,1
2160423,heavy,152.0,24.0,40-ft,PCT,2,SAT,14851921,14851974,169,169,53864,53887,Coquitlam Central Station @ Bay 10,Coquitlam Central Station @ Bay 11,53864,Coquitlam Central Station,65850,66510,in_service_layover,69.58722203200381,76.05776422060745,36.493857943724606,660,11.0,18:17:30,18:28:30,False,,busy,1
2162579,heavy,701.0,31.0,40-ft,PCT,2,SAT,14902128,14902066,701,701,53864,53161,Coquitlam Central Station @ Bay 10,Coquitlam Central Station @ Bay 6,53864,Coquitlam Central Station,66330,67110,in_service_layover,26.17607969981006,35.93325984420368,55.03049601438002,780,13.0,18:25:30,18:38:30,True,1,,1
2160904,heavy,152.0,35.0,40-ft,PCT,2,SAT,14851322,14855083,159,188,53864,53495,Coquitlam Central Station @ Bay 10,Coquitlam Central Station @ Bay 8,53864,Coquitlam Central Station,66990,67410,in_service_layover,62.81872005217549,67.82125223195686,28.214281493966894,420,7.0,18:36:30,18:43:30,False,,busy,1
2160908,heavy,152.0,30.0,40-ft,PCT,2,SAT,14855123,14851356,188,159,53161,53299,Coquitlam Central Station @ Bay 6,Coquitlam Central Station @ Bay 1,53161,Coquitlam Central Station,66990,67710,in_service_layover,65.55034471162028,73.19434296398263,43.11215014332362,720,12.0,18:36:30,18:48:30,False,,busy,1
2160816,heavy,151.0,27.0,40-ft,PCT,2,SAT,14855519,14850058,191,151,53864,53021,Coquitlam Central Station @ Bay 10,Coquitlam Central Station @ Bay 3,53864,Coquitlam Central Station,67050,68190,in_service_layover,67.15345968861135,77.6677034914492,59.30033504800548,1140,19.0,18:37:30,18:56:30,False,,busy,1
2160842,heavy,152.0,37.0,40-ft,PCT,2,SAT,14902962,14902995,152,152,53864,53864,Coquitlam Central Station @ Bay 10,Coquitlam Central Station @ Bay 10,53864,Coquitlam Central Station,67530,68010,in_service_layover,53.962736691473864,60.25591490461083,35.49352512209248,480,8.0,18:45:30,18:53:30,True,1,,1
2160817,heavy,151.0,26.0,40-ft,PCT,2,SAT,14850016,14855489,151,191,53864,53887,Coquitlam Central Station @ Bay 10,Coquitlam Central Station @ Bay 11,53864,Coquitlam Central Station,67650,68010,in_service_layover,68.77272956945643,72.63854071796536,21.80317487759038,360,6.0,18:47:30,18:53:30,False,,busy,1
2160424,heavy,152.0,25.0,40-ft,PCT,2,SAT,14851922,14851975,169,169,53864,53887,Coquitlam Central Station @ Bay 10,Coquitlam Central Station @ Bay 11,53864,Coquitlam Central Station,67650,68310,in_service_layover,68.5877122087758,75.21845802645822,37.397406411728866,660,11.0,18:47:30,18:58:30,False,,busy,1
2160902,heavy,152.0,38.0,40-ft,PCT,2,SAT,14851323,14855084,159,188,53864,53495,Coquitlam Central Station @ Bay 10,Coquitlam Central Station @ Bay 8,53864,Coquitlam Central Station,68670,69210,in_service_layover,64.90005263597743,70.94514814666503,34.09433868027804,540,9.0,19:04:30,19:13:30,True,1,,1
2162577,heavy,701.0,37.0,40-ft,PCT,2,SAT,14902131,14902068,701,701,53864,53161,Coquitlam Central Station @ Bay 10,Coquitlam Central Station @ Bay 6,53864,Coquitlam Central Station,68730,69510,in_service_layover,59.46137157232976,68.69871693115158,52.09862782375512,780,13.0,19:05:30,19:18:30,False,,busy,1
2160905,heavy,152.0,36.0,40-ft,PCT,2,SAT,14855124,14851357,188,159,53161,53299,Coquitlam Central Station @ Bay 6,Coquitlam Central Station @ Bay 1,53161,Coquitlam Central Station,68790,69510,in_service_layover,67.01686561080972,74.41426433451349,41.72132880168931,720,12.0,19:06:30,19:18:30,False,,busy,1
2160845,heavy,152.0,22.0,40-ft,PCT,2,SAT,14902963,14902996,152,152,53864,53864,Coquitlam Central Station @ Bay 10,Coquitlam Central Station @ Bay 10,53864,Coquitlam Central Station,69330,69810,in_service_layover,65.64494824261527,71.00635243298174,30.238319633666947,480,8.0,19:15:30,19:23:30,True,1,,1
2160817,heavy,151.0,26.0,40-ft,PCT,2,SAT,14855521,14850059,191,151,53864,53021,Coquitlam Central Station @ Bay 10,Coquitlam Central Station @ Bay 3,53864,Coquitlam Central Station,70470,70710,in_service_layover,67.52609542746481,70.24160354480243,15.315465781784212,240,4.0,19:34:30,19:38:30,True,1,,1
2162581,heavy,701.0,34.0,40-ft,PCT,2,SAT,14902133,14902069,701,701,53864,53161,Coquitlam Central Station @ Bay 10,Coquitlam Central Station @ Bay 6,53864,Coquitlam Central Station,70470,70710,in_service_layover,59.70442485863129,62.79799857031965,17.44775573392235,240,4.0,19:34:30,19:38:30,False,,busy,1
2160903,heavy,152.0,29.0,40-ft,PCT,2,SAT,14851324,14855085,159,188,53864,53495,Coquitlam Central Station @ Bay 10,Coquitlam Central Station @ Bay 8,53864,Coquitlam Central Station,70470,71010,in_service_layover,65.34547152431415,71.33668496621534,33.790443812322735,540,9.0,19:34:30,19:43:30,False,,busy,1
2160907,heavy,152.0,34.0,40-ft,PCT,2,SAT,14855125,14851358,188,159,53161,53299,Coquitlam Central Station @ Bay 6,Coquitlam Central Station @ Bay 1,53161,Coquitlam Central Station,70470,71310,in_service_layover,65.4257168183691,74.12394677326957,49.05801694563871,840,14.0,19:34:30,19:48:30,False,,busy,1
2160844,heavy,152.0,31.0,40-ft,PCT,2,SAT,14902964,14902997,152,152,53864,53864,Coquitlam Central Station @ Bay 10,Coquitlam Central Station @ Bay 10,53864,Coquitlam Central Station,71010,71610,in_service_layover,56.300209870387555,63.96616467549961,43.23598510083207,600,10.0,19:43:30,19:53:30,True,1,,1
2160886,heavy,152.0,33.0,40-ft,PCT,2,SAT,14851924,14851977,169,169,53864,53887,Coquitlam Central Station @ Bay 10,Coquitlam Central Station @ Bay 11,53864,Coquitlam Central Station,71190,71910,in_service_layover,67.19294121665325,74.56037623336333,41.55233349424492,720,12.0,19:46:30,19:58:30,False,,busy,1
2165256,heavy,701.0,32.0,40-ft,PCT,2,SAT,14902134,14902070,701,701,53864,53161,Coquitlam Central Station @ Bay 10,Coquitlam Central Station @ Bay 6,53864,Coquitlam Central Station,71190,71910,in_service_layover,46.63935383981306,55.955550630260454,52.54334989812327,720,12.0,19:46:30,19:58:30,False,,busy,1
2160815,heavy,151.0,31.0,40-ft,PCT,2,SAT,14855522,14850060,191,151,53864,53021,Coquitlam Central Station @ Bay 10,Coquitlam Central Station @ Bay 3,53864,Coquitlam Central Station,72090,72450,in_service_layover,65.49766223406516,69.63071108071833,23.310395495123885,360,6.0,20:01:30,20:07:30,True,1,,1
2164621,heavy,701.0,36.0,40-ft,PCT,2,SAT,14902135,14902071,701,701,53864,53161,Coquitlam Central Station @ Bay 10,Coquitlam Central Station @ Bay 6,53864,Coquitlam Central Station,72090,73110,in_service_layover,31.71713812700813,44.59493542099521,72.63077673808712,1020,17.0,20:01:30,20:18:30,False,,busy,1
2160906,heavy,152.0,26.0,40-ft,PCT,2,SAT,14851325,14855086,159,188,53864,53495,Coquitlam Central Station @ Bay 10,Coquitlam Central Station @ Bay 8,53864,Coquitlam Central Station,72210,72810,in_service_layover,67.8117227320468,74.03931823992801,35.12363866444997,600,10.0,20:03:30,20:13:30,False,,busy,1
2160904,heavy,152.0,35.0,40-ft,PCT,2,SAT,14855126,14851359,188,159,53161,53299,Coquitlam Central Station @ Bay 6,Coquitlam Central Station @ Bay 1,53161,Coquitlam Central Station,72270,73110,in_service_layover,69.3511435872601,77.26262079263488,44.620731438313726,840,14.0,20:04:30,20:18:30,False,,busy,1
2165153,heavy,152.0,40.0,40-ft,PCT,2,SAT,14902965,14905869,152,152,53864,53864,Coquitlam Central Station @ Bay 10,Coquitlam Central Station @ Bay 10,53864,Coquitlam Central Station,72810,73410,in_service_layover,65.93188045716471,72.42274905995268,36.60849891972413,600,10.0,20:13:30,20:23:30,True,1,,1
2160817,heavy,151.0,26.0,40-ft,PCT,2,SAT,14850019,14851938,151,169,53864,53887,Coquitlam Central Station @ Bay 10,Coquitlam Central Station @ Bay 11,53864,Coquitlam Central Station,73530,73710,in_service_layover,66.17624802421751,68.28701937087646,11.904750395156498,180,3.0,20:25:30,20:28:30,True,1,,1
2160902,heavy,152.0,38.0,40-ft,PCT,2,SAT,14855127,14855087,188,188,53161,53495,Coquitlam Central Station @ Bay 6,Coquitlam Central Station @ Bay 8,53161,Coquitlam Central Station,73770,74610,in_service_layover,69.34751659129039,77.25973840652418,44.62493103791854,840,14.0,20:29:30,20:43:30,True,1,,1
2160816,heavy,151.0,27.0,40-ft,PCT,2,SAT,14855523,14850061,191,151,53864,53021,Coquitlam Central Station @ Bay 10,Coquitlam Central Station @ Bay 3,53864,Coquitlam Central Station,73890,74310,in_service_layover,66.38773954434406,71.06856723540248,26.399868177569488,420,7.0,20:31:30,20:38:30,False,,busy,1
2160843,heavy,152.0,32.0,40-ft,PCT,2,SAT,14902966,14902998,152,152,53864,53864,Coquitlam Central Station @ Bay 10,Coquitlam Central Station @ Bay 10,53864,Coquitlam Central Station,74610,75210,in_service_layover,60.9730207354788,68.11662592378534,40.28993326204886,600,10.0,20:43:30,20:53:30,True,1,,1
2160423,heavy,152.0,24.0,40-ft,PCT,2,SAT,14851926,14851939,169,169,53864,53887,Coquitlam Central Station @ Bay 10,Coquitlam Central Station @ Bay 11,53864,Coquitlam Central Station,74670,75210,in_service_layover,66.52670095576156,72.37265801699651,32.97119782536521,540,9.0,20:44:30,20:53:30,False,,busy,1
2160815,heavy,151.0,31.0,40-ft,PCT,2,SAT,14850020,14855492,151,191,53864,53887,Coquitlam Central Station @ Bay 10,Coquitlam Central Station @ Bay 11,53864,Coquitlam Central Station,75270,75450,in_service_layover,66.9279558375081,69.01172761318037,11.752472814791645,180,3.0,20:54:30,20:57:30,True,1,,1
2160814,heavy,152.0,23.0,40-ft,PCT,2,SAT,14855526,14850071,191,151,53864,53021,Coquitlam Central Station @ Bay 10,Coquitlam Central Station @ Bay 3,53864,Coquitlam Central Station,75690,76110,in_service_layover,66.24923884059237,70.94313599159943,26.473579931679865,420,7.0,21:01:30,21:08:30,True,1,,1
2162581,heavy,701.0,34.0,40-ft,PCT,2,SAT,14902139,14902074,701,701,53864,53161,Coquitlam Central Station @ Bay 10,Coquitlam Central Station @ Bay 6,53864,Coquitlam Central Station,77070,77610,in_service_layover,46.04031945555992,52.97237188524446,39.0967757034208,540,9.0,21:24:30,21:33:30,True,1,,1
2160816,heavy,151.0,27.0,40-ft,PCT,2,SAT,14850021,14855493,151,191,53864,53887,Coquitlam Central Station @ Bay 10,Coquitlam Central Station @ Bay 11,53864,Coquitlam Central Station,77130,77430,in_service_layover,68.27188436580916,71.57258910129465,18.61597470813814,300,5.0,21:25:30,21:30:30,False,,busy,1
2160906,heavy,152.0,26.0,40-ft,PCT,2,SAT,14855129,14855089,188,188,53161,53495,Coquitlam Central Station @ Bay 6,Coquitlam Central Station @ Bay 8,53161,Coquitlam Central Station,77310,78210,in_service_layover,65.55931119985428,74.7195795809081,51.6639136691436,900,15.0,21:28:30,21:43:30,False,,busy,1
2160815,heavy,151.0,31.0,40-ft,PCT,2,SAT,14855524,14850062,191,151,53864,53021,Coquitlam Central Station @ Bay 10,Coquitlam Central Station @ Bay 3,53864,Coquitlam Central Station,77730,78030,in_service_layover,63.89928232267982,67.48088502228504,20.200239225773373,300,5.0,21:35:30,21:40:30,True,1,,1
2160842,heavy,152.0,37.0,40-ft,PCT,2,SAT,14902967,14902999,152,152,53864,53864,Coquitlam Central Station @ Bay 10,Coquitlam Central Station @ Bay 10,53864,Coquitlam Central Station,78090,78810,in_service_layover,62.83000834207719,70.91741674658978,45.612983401451004,720,12.0,21:41:30,21:53:30,True,1,,1
2165256,heavy,701.0,32.0,40-ft,PCT,2,SAT,14902140,14902075,701,701,53864,53161,Coquitlam Central Station @ Bay 10,Coquitlam Central Station @ Bay 6,53864,Coquitlam Central Station,78870,79410,in_service_layover,39.19787151550073,46.03666046077267,38.57076965133379,540,9.0,21:54:30,22:03:30,True,1,,1
2160814,heavy,152.0,23.0,40-ft,PCT,2,SAT,14850031,14850070,151,151,53864,53021,Coquitlam Central Station @ Bay 10,Coquitlam Central Station @ Bay 3,53864,Coquitlam Central Station,78930,79170,in_service_layover,68.154849535703,70.83654094700769,15.124739559758439,240,4.0,21:55:30,21:59:30,False,,busy,1
2160902,heavy,152.0,38.0,40-ft,PCT,2,SAT,14855130,14851361,188,159,53161,53299,Coquitlam Central Station @ Bay 6,Coquitlam Central Station @ Bay 1,53161,Coquitlam Central Station,79110,80310,in_service_layover,68.77973136645045,79.256111561931,59.08678430251035,1200,20.0,21:58:30,22:18:30,False,,busy,1
2160904,heavy,152.0,35.0,40-ft,PCT,2,SAT,14851327,14855090,159,188,53864,53495,Coquitlam Central Station @ Bay 10,Coquitlam Central Station @ Bay 8,53864,Coquitlam Central Station,79350,80010,in_service_layover,64.20092219233162,71.50569944268483,41.198943691992156,660,11.0,22:02:30,22:13:30,False,,busy,1
2160816,heavy,151.0,27.0,40-ft,PCT,2,SAT,14855525,14903078,191,191,53864,53887,Coquitlam Central Station @ Bay 10,Coquitlam Central Station @ Bay 11,53864,Coquitlam Central Station,79710,81030,in_service_layover,66.4601438107941,78.33003438909637,66.94618286162483,1320,22.0,22:08:30,22:30:30,True,1,,1
2160815,heavy,151.0,31.0,40-ft,PCT,2,SAT,14850022,14850063,151,151,53864,53021,Coquitlam Central Station @ Bay 10,Coquitlam Central Station @ Bay 3,53864,Coquitlam Central Station,80850,81030,in_service_layover,64.90921341119916,67.0649150632843,12.158157317760185,180,3.0,22:27:30,22:30:30,False,,busy,1
2160844,heavy,152.0,31.0,40-ft,PCT,2,SAT,14902968,14903000,152,152,53864,53864,Coquitlam Central Station @ Bay 10,Coquitlam Central Station @ Bay 10,53864,Coquitlam Central Station,81690,82410,in_service_layover,67.05351489597115,74.44468291963781,41.68618765348003,720,12.0,22:41:30,22:53:30,True,1,,1
2160887,heavy,152.0,28.0,40-ft,PCT,2,SAT,14851930,14851943,169,169,53864,53887,Coquitlam Central Station @ Bay 10,Coquitlam Central Station @ Bay 11,53864,Coquitlam Central Station,82170,82710,in_service_layover,69.2245164751644,74.72583424600847,31.027432227560496,540,9.0,22:49:30,22:58:30,False,,busy,1
2160906,heavy,152.0,26.0,40-ft,PCT,2,SAT,14855132,14855092,188,188,53161,53495,Coquitlam Central Station @ Bay 6,Coquitlam Central Station @ Bay 8,53161,Coquitlam Central Station,82590,83610,in_service_layover,66.23957254083437,76.15902697122443,55.94572298739996,1020,17.0,22:56:30,23:13:30,True,1,,1
2160903,heavy,152.0,29.0,40-ft,PCT,2,SAT,14851328,14851362,159,159,53864,53299,Coquitlam Central Station @ Bay 10,Coquitlam Central Station @ Bay 1,53864,Coquitlam Central Station,82830,83910,in_service_layover,67.64877709367187,77.6338037321432,56.315550240978325,1080,18.0,23:00:30,23:18:30,False,,busy,1
2160815,heavy,151.0,31.0,40-ft,PCT,2,SAT,14850023,14850064,151,151,53864,53021,Coquitlam Central Station @ Bay 10,Coquitlam Central Station @ Bay 3,53864,Coquitlam Central Station,83970,84510,in_service_layover,66.50992679338627,72.35796987326233,32.98296297050098,540,9.0,23:19:30,23:28:30,True,1,,1
2160886,heavy,152.0,33.0,40-ft,PCT,2,SAT,14851931,14851944,169,169,53864,53887,Coquitlam Central Station @ Bay 10,Coquitlam Central Station @ Bay 11,53864,Coquitlam Central Station,84090,84510,in_service_layover,67.07152421703839,71.68713638320854,26.032052617199668,420,7.0,23:21:30,23:28:30,False,,busy,1
2162581,heavy,701.0,34.0,40-ft,PCT,2,SAT,14902143,14902078,701,701,53864,53161,Coquitlam Central Station @ Bay 10,Coquitlam Central Station @ Bay 6,53864,Coquitlam Central Station,84090,84810,in_service_layover,36.21469277048473,45.320146371929745,51.3547583121499,720,12.0,23:21:30,23:33:30,False,,busy,1
2165256,heavy,701.0,32.0,40-ft,PCT,2,SAT,14902144,14902079,701,701,53864,53161,Coquitlam Central Station @ Bay 10,Coquitlam Central Station @ Bay 6,53864,Coquitlam Central Station,85830,86610,in_service_layover,29.278981346012944,39.07118593380929,55.22803387517138,780,13.0,23:50:30,24:03:30,True,1,,1
2160887,heavy,152.0,28.0,40-ft,PCT,2,SAT,14851932,14851945,169,169,53864,53887,Coquitlam Central Station @ Bay 10,Coquitlam Central Station @ Bay 11,53864,Coquitlam Central Station,85890,86310,in_service_layover,68.1249168617829,72.63780916421102,25.45271258569454,420,7.0,23:51:30,23:58:30,False,,busy,1
2160902,heavy,152.0,38.0,40-ft,PCT,2,SAT,14851329,14851363,159,159,53864,53299,Coquitlam Central Station @ Bay 10,Coquitlam Central Station @ Bay 1,53864,Coquitlam Central Station,86370,87510,in_service_layover,66.19441296162773,76.96134118439902,60.72547517643005,1140,19.0,23:59:30,24:18:30,False,,busy,1
2160886,heavy,152.0,33.0,40-ft,PCT,2,SAT,14851933,14851946,169,169,53864,53887,Coquitlam Central Station @ Bay 10,Coquitlam Central Station @ Bay 11,53864,Coquitlam Central Station,87690,88110,in_service_layover,69.54471797839564,73.91483730000617,24.647472973883396,420,7.0,24:21:30,24:28:30,True,1,,1
2160906,heavy,152.0,26.0,40-ft,PCT,2,SAT,14855135,14855094,188,188,53161,53495,Coquitlam Central Station @ Bay 6,Coquitlam Central Station @ Bay 8,53161,Coquitlam Central Station,87750,88410,in_service_layover,67.67901993115069,74.45327916498157,38.20682207880611,660,11.0,24:22:30,24:33:30,False,,busy,1
2160842,heavy,152.0,37.0,40-ft,PCT,2,SAT,14902970,14886319,152,N9,53864,53161,Coquitlam Central Station @ Bay 10,Coquitlam Central Station @ Bay 6,53864,Coquitlam Central Station,88710,89370,in_service_layover,66.93097976831369,73.82185216124827,38.864520296151,660,11.0,24:38:30,24:49:30,True,1,,1
2160903,heavy,152.0,29.0,40-ft,PCT,2,SAT,14851330,14851364,159,159,53864,53299,Coquitlam Central Station @ Bay 10,Coquitlam Central Station @ Bay 1,53864,Coquitlam Central Station,89910,90810,in_service_layover,64.57210513183995,73.93917438602008,52.830270593576074,900,15.0,24:58:30,25:13:30,True,1,,1
2162581,heavy,701.0,34.0,40-ft,PCT,2,SAT,14902147,14886326,701,N9,53864,53161,Coquitlam Central Station @ Bay 10,Coquitlam Central Station @ Bay 6,53864,Coquitlam Central Station,91110,91590,in_service_layover,28.56246725717002,34.56335841530533,33.84502613188317,480,8.0,25:18:30,25:26:30,True,1,,1
2160886,heavy,152.0,33.0,40-ft,PCT,2,SAT,14851935,14851948,169,169,53864,53887,Coquitlam Central Station @ Bay 10,Coquitlam Central Station @ Bay 11,53864,Coquitlam Central Station,91290,91710,in_service_layover,67.31391991578062,71.90613732079049,25.900106164255703,420,7.0,25:21:30,25:28:30,False,,busy,1
2160906,heavy,152.0,26.0,40-ft,PCT,2,SAT,14855137,14855096,188,188,53161,53495,Coquitlam Central Station @ Bay 6,Coquitlam Central Station @ Bay 8,53161,Coquitlam Central Station,91710,92610,in_service_layover,65.97327212490784,75.04610806524083,51.17079470347812,900,15.0,25:28:30,25:43:30,True,1,,1
2165256,heavy,701.0,32.0,40-ft,PCT,2,SAT,14902148,14902016,701,701,53864,53161,Coquitlam Central Station @ Bay 10,Coquitlam Central Station @ Bay 6,53864,Coquitlam Central Station,92670,93810,in_service_layover,22.313506819049557,36.56686891474005,80.38896221969435,1140,19.0,25:44:30,26:03:30,True,1,,1
2160902,heavy,152.0,38.0,40-ft,PCT,2,SAT,14851331,14855097,159,188,53864,53495,Coquitlam Central Station @ Bay 10,Coquitlam Central Station @ Bay 8,53864,Coquitlam Central Station,93450,94410,in_service_layover,63.89964258409577,73.90118492360142,56.40869879481187,960,16.0,25:57:30,26:13:30,False,,busy,1
2160843,heavy,152.0,32.0,40-ft,PCT,2,SAT,14886306,14886321,N9,N9,53161,53161,Coquitlam Central Station @ Bay 6,Coquitlam Central Station @ Bay 6,53161,Coquitlam Central Station,94350,94590,in_service_layover,64.7675399343393,67.62013851900412,16.08865601750955,240,4.0,26:12:30,26:16:30,True,1,,1
2159347,heavy,22.0,41.0,40-ft,VTC,2,SAT,14827793,14827704,002,002,50640,50640,Dunbar Loop @ Bay 2,Dunbar Loop @ Bay 2,50640,Dunbar Loop,29670,30210,in_service_layover,68.15832111750979,73.79798492546847,31.807703876887047,540,9.0,08:14:30,08:23:30,False,,no_dispenser,0
2159350,heavy,22.0,43.0,40-ft,VTC,2,SAT,14827794,14827706,002,002,50640,50640,Dunbar Loop @ Bay 2,Dunbar Loop @ Bay 2,50640,Dunbar Loop,30810,31650,in_service_layover,68.15832111750979,76.31288326921076,45.99173053559355,840,14.0,08:33:30,08:47:30,False,,no_dispenser,0
2159354,heavy,22.0,44.0,40-ft,VTC,2,SAT,14827795,14827707,002,002,50640,50640,Dunbar Loop @ Bay 2,Dunbar Loop @ Bay 2,50640,Dunbar Loop,31710,32250,in_service_layover,68.15832111750979,73.79798492546847,31.807703876887047,540,9.0,08:48:30,08:57:30,False,,no_dispenser,0
2159353,heavy,22.0,42.0,40-ft,VTC,2,SAT,14827796,14827709,002,002,50640,50640,Dunbar Loop @ Bay 2,Dunbar Loop @ Bay 2,50640,Dunbar Loop,32850,33570,in_service_layover,62.04096168970214,70.25357394762203,46.31913313466822,720,12.0,09:07:30,09:19:30,False,,no_dispenser,0
2159347,heavy,22.0,41.0,40-ft,VTC,2,SAT,14827798,14827711,002,002,50640,50640,Dunbar Loop @ Bay 2,Dunbar Loop @ Bay 2,50640,Dunbar Loop,34410,34890,in_service_layover,64.26237781272366,69.77002566839509,31.063133905986888,480,8.0,09:33:30,09:41:30,False,,no_dispenser,0
2159350,heavy,22.0,43.0,40-ft,VTC,2,SAT,14827800,14827714,002,002,50640,50640,Dunbar Loop @ Bay 2,Dunbar Loop @ Bay 2,50640,Dunbar Loop,35850,36990,in_service_layover,66.77727615646594,77.3902329544247,59.85707634048731,1140,19.0,09:57:30,10:16:30,False,,no_dispenser,0
2159350,heavy,22.0,43.0,40-ft,VTC,2,SAT,14827808,14827722,002,002,50640,50640,Dunbar Loop @ Bay 2,Dunbar Loop @ Bay 2,50640,Dunbar Loop,41610,42510,in_service_layover,67.85462584167988,76.52479312733882,48.89974349111634,900,15.0,11:33:30,11:48:30,False,,no_dispenser,0
2159349,heavy,22.0,45.0,40-ft,VTC,2,SAT,14827810,14827724,002,002,50640,50640,Dunbar Loop @ Bay 2,Dunbar Loop @ Bay 2,50640,Dunbar Loop,43050,43950,in_service_layover,61.655218351193206,71.61929409603387,56.197387200901346,900,15.0,11:57:30,12:12:30,False,,no_dispenser,0
2159348,heavy,22.0,46.0,40-ft,VTC,2,SAT,14827812,14827726,002,002,50640,50640,Dunbar Loop @ Bay 2,Dunbar Loop @ Bay 2,50640,Dunbar Loop,44670,45390,in_service_layover,61.655218351193206,69.9284798228168,46.661194699957036,720,12.0,12:24:30,12:36:30,False,,no_dispenser,0
2159352,heavy,22.0,47.0,40-ft,VTC,2,SAT,14827814,14827728,002,002,50640,50640,Dunbar Loop @ Bay 2,Dunbar Loop @ Bay 2,50640,Dunbar Loop,46110,46710,in_service_layover,68.15832111750979,74.33642491711757,34.844505429788,600,10.0,12:48:30,12:58:30,False,,no_dispenser,0
2159350,heavy,22.0,43.0,40-ft,VTC,2,SAT,14827816,14827730,002,002,50640,50640,Dunbar Loop @ Bay 2,Dunbar Loop @ Bay 2,50640,Dunbar Loop,47430,47850,in_service_layover,66.989186014594,71.61271214420277,26.076687370993454,420,7.0,13:10:30,13:17:30,False,,no_dispenser,0
2159349,heavy,22.0,45.0,40-ft,VTC,2,SAT,14827818,14827733,002,002,50640,50640,Dunbar Loop @ Bay 2,Dunbar Loop @ Bay 2,50640,Dunbar Loop,48870,49650,in_service_layover,62.08368698328906,70.86456355996124,49.524143892431084,780,13.0,13:34:30,13:47:30,False,,no_dispenser,0
2159348,heavy,22.0,46.0,40-ft,VTC,2,SAT,14827820,14827735,002,002,50640,50640,Dunbar Loop @ Bay 2,Dunbar Loop @ Bay 2,50640,Dunbar Loop,50310,50850,in_service_layover,60.392872710071984,66.95570859734522,37.014394404221036,540,9.0,13:58:30,14:07:30,False,,no_dispenser,0
2159352,heavy,22.0,47.0,40-ft,VTC,2,SAT,14827822,14827737,002,002,50640,50640,Dunbar Loop @ Bay 2,Dunbar Loop @ Bay 2,50640,Dunbar Loop,51630,52050,in_service_layover,64.80081780437277,69.6285605597749,27.228469140468007,420,7.0,14:20:30,14:27:30,False,,no_dispenser,0
2159350,heavy,22.0,43.0,40-ft,VTC,2,SAT,14827824,14827739,002,002,50640,50640,Dunbar Loop @ Bay 2,Dunbar Loop @ Bay 2,50640,Dunbar Loop,52830,53250,in_service_layover,62.07710503145797,67.14254846192624,28.56910094784098,420,7.0,14:40:30,14:47:30,False,,no_dispenser,0
2159354,heavy,22.0,44.0,40-ft,VTC,2,SAT,14827826,14827741,002,002,50640,50640,Dunbar Loop @ Bay 2,Dunbar Loop @ Bay 2,50640,Dunbar Loop,54030,54450,in_service_layover,38.24996674745741,43.556219679152655,29.927266534761173,420,7.0,15:00:30,15:07:30,False,,no_dispenser,0
2159353,heavy,22.0,42.0,40-ft,VTC,2,SAT,14827828,14827743,002,002,50640,50640,Dunbar Loop @ Bay 2,Dunbar Loop @ Bay 2,50640,Dunbar Loop,55410,55710,in_service_layover,34.705555769610974,38.475296476600676,21.261337587421906,300,5.0,15:23:30,15:28:30,False,,no_dispenser,0
2159347,heavy,22.0,41.0,40-ft,VTC,2,SAT,14827830,14827745,002,002,50640,50640,Dunbar Loop @ Bay 2,Dunbar Loop @ Bay 2,50640,Dunbar Loop,56670,56910,in_service_layover,34.222007490384044,37.234108055781995,16.98824718884447,240,4.0,15:44:30,15:48:30,False,,no_dispenser,0
2159349,heavy,22.0,45.0,40-ft,VTC,2,SAT,14827834,14827749,002,002,50640,50640,Dunbar Loop @ Bay 2,Dunbar Loop @ Bay 2,50640,Dunbar Loop,59070,59310,in_service_layover,54.82585368089987,57.97695899269745,17.772233958538322,240,4.0,16:24:30,16:28:30,False,,no_dispenser,0
2159348,heavy,22.0,46.0,40-ft,VTC,2,SAT,14827836,14827751,002,002,50640,50640,Dunbar Loop @ Bay 2,Dunbar Loop @ Bay 2,50640,Dunbar Loop,60270,60630,in_service_layover,50.91699871828386,55.587657475972705,26.342515393365147,360,6.0,16:44:30,16:50:30,False,,no_dispenser,0
2159352,heavy,22.0,47.0,40-ft,VTC,2,SAT,14827838,14827753,002,002,50640,50640,Dunbar Loop @ Bay 2,Dunbar Loop @ Bay 2,50640,Dunbar Loop,61350,61830,in_service_layover,53.589850680713525,59.88577662052978,35.509022300563686,480,8.0,17:02:30,17:10:30,False,,no_dispenser,0
2159350,heavy,22.0,43.0,40-ft,VTC,2,SAT,14827840,14827755,002,002,50640,50640,Dunbar Loop @ Bay 2,Dunbar Loop @ Bay 2,50640,Dunbar Loop,62550,63150,in_service_layover,51.10383858286486,58.94483340645481,44.2232108050473,600,10.0,17:22:30,17:32:30,False,,no_dispenser,0
2159354,heavy,22.0,44.0,40-ft,VTC,2,SAT,14827842,14827757,002,002,50640,50640,Dunbar Loop @ Bay 2,Dunbar Loop @ Bay 2,50640,Dunbar Loop,63750,64350,in_service_layover,27.51750980009129,35.019581001774554,42.31168157749366,600,10.0,17:42:30,17:52:30,False,,no_dispenser,0
2159353,heavy,22.0,42.0,40-ft,VTC,2,SAT,14827844,14827759,002,002,50640,50640,Dunbar Loop @ Bay 2,Dunbar Loop @ Bay 2,50640,Dunbar Loop,64950,65550,in_service_layover,22.436586597539307,29.893498694650884,42.05698422770928,600,10.0,18:02:30,18:12:30,False,,no_dispenser,0
2159347,heavy,22.0,41.0,40-ft,VTC,2,SAT,14827846,14827761,002,002,50640,50640,Dunbar Loop @ Bay 2,Dunbar Loop @ Bay 2,50640,Dunbar Loop,66150,66870,in_service_layover,21.19539817672063,30.14619562936315,50.4824976329038,720,12.0,18:22:30,18:34:30,False,,no_dispenser,0
2159350,heavy,22.0,43.0,40-ft,VTC,2,SAT,14827849,14827763,002,002,50640,50640,Dunbar Loop @ Bay 2,Dunbar Loop @ Bay 2,50640,Dunbar Loop,67830,68310,in_service_layover,49.40922629371,55.62527038078551,35.05848865110585,480,8.0,18:50:30,18:58:30,False,,no_dispenser,0
2159349,heavy,22.0,45.0,40-ft,VTC,2,SAT,14827850,14827764,002,002,50640,50640,Dunbar Loop @ Bay 2,Dunbar Loop @ Bay 2,50640,Dunbar Loop,68430,69150,in_service_layover,41.93824911363608,51.13586626602367,51.87456073946595,720,12.0,19:00:30,19:12:30,False,,no_dispenser,0
2159348,heavy,22.0,46.0,40-ft,VTC,2,SAT,14827852,14827765,002,002,50640,50640,Dunbar Loop @ Bay 2,Dunbar Loop @ Bay 2,50640,Dunbar Loop,69630,70110,in_service_layover,39.54894759691135,45.626295384471845,34.27624152184126,480,8.0,19:20:30,19:28:30,False,,no_dispenser,0
2159352,heavy,22.0,47.0,40-ft,VTC,2,SAT,14827854,14827766,002,002,50640,50640,Dunbar Loop @ Bay 2,Dunbar Loop @ Bay 2,50640,Dunbar Loop,70770,71010,in_service_layover,43.84706674146842,46.8926584507814,17.177137240525212,240,4.0,19:39:30,19:43:30,False,,no_dispenser,0
2159347,heavy,22.0,41.0,40-ft,VTC,2,SAT,14827855,14827767,002,002,50640,50640,Dunbar Loop @ Bay 2,Dunbar Loop @ Bay 2,50640,Dunbar Loop,71490,71970,in_service_layover,20.610588516618343,26.558769336683557,33.54773982516781,480,8.0,19:51:30,19:59:30,False,,no_dispenser,0
2159350,heavy,22.0,43.0,40-ft,VTC,2,SAT,14827857,14827769,002,002,50640,50640,Dunbar Loop @ Bay 2,Dunbar Loop @ Bay 2,50640,Dunbar Loop,72930,73770,in_service_layover,46.089663268040695,56.978197361580676,61.41133228756547,840,14.0,20:15:30,20:29:30,False,,no_dispenser,0
2159349,heavy,22.0,45.0,40-ft,VTC,2,SAT,14827858,14827770,002,002,50640,50640,Dunbar Loop @ Bay 2,Dunbar Loop @ Bay 2,50640,Dunbar Loop,73770,74670,in_service_layover,41.600259153278856,53.14926740643332,65.13640654779118,900,15.0,20:29:30,20:44:30,False,,no_dispenser,0
2159348,heavy,22.0,46.0,40-ft,VTC,2,SAT,14827859,14827771,002,002,50640,50640,Dunbar Loop @ Bay 2,Dunbar Loop @ Bay 2,50640,Dunbar Loop,74670,75570,in_service_layover,36.090688271727046,47.505420633935266,64.37909052285437,900,15.0,20:44:30,20:59:30,False,,no_dispenser,0
2159350,heavy,22.0,43.0,40-ft,VTC,2,SAT,14827863,14827774,002,002,50640,50640,Dunbar Loop @ Bay 2,Dunbar Loop @ Bay 2,50640,Dunbar Loop,78030,78330,in_service_layover,47.44259024883587,51.27855708875898,21.63485297716636,300,5.0,21:40:30,21:45:30,False,,no_dispenser,0
2159349,heavy,22.0,45.0,40-ft,VTC,2,SAT,14827864,14827775,002,002,50640,50640,Dunbar Loop @ Bay 2,Dunbar Loop @ Bay 2,50640,Dunbar Loop,78930,79230,in_service_layover,43.61366029368852,47.42214655575004,21.479862518027005,300,5.0,21:55:30,22:00:30,False,,no_dispenser,0
2159348,heavy,22.0,46.0,40-ft,VTC,2,SAT,14827865,14827776,002,002,50640,50640,Dunbar Loop @ Bay 2,Dunbar Loop @ Bay 2,50640,Dunbar Loop,79830,80130,in_service_layover,37.96981352119046,41.753752027290005,21.34141317440148,300,5.0,22:10:30,22:15:30,False,,no_dispenser,0
2159350,heavy,22.0,43.0,40-ft,VTC,2,SAT,14827868,14827779,002,002,50640,50640,Dunbar Loop @ Bay 2,Dunbar Loop @ Bay 2,50640,Dunbar Loop,82530,83010,in_service_layover,41.742949976014174,47.83700680563183,34.370480519043554,480,8.0,22:55:30,23:03:30,False,,no_dispenser,0
2159349,heavy,22.0,45.0,40-ft,VTC,2,SAT,14827869,14827780,002,002,50640,50640,Dunbar Loop @ Bay 2,Dunbar Loop @ Bay 2,50640,Dunbar Loop,83430,83910,in_service_layover,37.88653944300523,43.95231827306104,34.21099260151476,480,8.0,23:10:30,23:18:30,False,,no_dispenser,0
2159348,heavy,22.0,46.0,40-ft,VTC,2,SAT,14827870,14827781,002,002,50640,50640,Dunbar Loop @ Bay 2,Dunbar Loop @ Bay 2,50640,Dunbar Loop,84330,85050,in_service_layover,32.218144914545206,41.28175577300658,51.118765241722144,720,12.0,23:25:30,23:37:30,False,,no_dispenser,0
2159350,heavy,22.0,43.0,40-ft,VTC,2,SAT,14827873,14827784,002,002,50640,50640,Dunbar Loop @ Bay 2,Dunbar Loop @ Bay 2,50640,Dunbar Loop,86910,87510,in_service_layover,38.301399692887024,45.89730011677967,42.84087839075448,600,10.0,24:08:30,24:18:30,False,,no_dispenser,0
2159349,heavy,22.0,45.0,40-ft,VTC,2,SAT,14827874,14827785,002,002,50640,50640,Dunbar Loop @ Bay 2,Dunbar Loop @ Bay 2,50640,Dunbar Loop,87810,88350,in_service_layover,34.41671116031624,41.21806816028187,38.359653479806155,540,9.0,24:23:30,24:32:30,False,,no_dispenser,0
2159348,heavy,22.0,46.0,40-ft,VTC,2,SAT,14827875,14827786,002,002,50640,50640,Dunbar Loop @ Bay 2,Dunbar Loop @ Bay 2,50640,Dunbar Loop,88590,89250,in_service_layover,31.746148660261774,40.044416152789324,46.80222865785538,660,11.0,24:36:30,24:47:30,False,,no_dispenser,0
2159350,heavy,22.0,43.0,40-ft,VTC,2,SAT,14827878,14886137,002,N22,50640,50640,Dunbar Loop @ Bay 2,Dunbar Loop @ Bay 2,50640,Dunbar Loop,91050,91830,in_service_layover,36.361693004034855,46.23645406273015,55.69365237104142,780,13.0,25:17:30,25:30:30,False,,no_dispenser,0
2160513,heavy,106.0,1.0,40-ft,HTC,2,SAT,14844359,14844229,106,106,52992,52771,Edmonds Station @ Bay 2,Edmonds Station @ Bay 4,52992,Edmonds Station,24510,24690,in_service_layover,62.893836140408645,65.12100507159984,12.561232771918299,180,3.0,06:48:30,06:51:30,False,,no_dispenser,0
2160517,heavy,123.0,1.0,40-ft,HTC,2,SAT,14844350,14844222,106,106,52992,52771,Edmonds Station @ Bay 2,Edmonds Station @ Bay 4,52992,Edmonds Station,26910,27270,in_service_layover,69.85846782844706,73.62985546107134,21.27062624800095,360,6.0,07:28:30,07:34:30,False,,no_dispenser,0
2160573,heavy,410.0,2.0,40-ft,HTC,2,SAT,14845139,14845101,112,112,52605,52605,Edmonds Station @ Bay 5,Edmonds Station @ Bay 5,52605,Edmonds Station,27210,27390,in_service_layover,63.3425513722978,65.55380841583333,12.471489725540437,180,3.0,07:33:30,07:36:30,False,,no_dispenser,0
2160513,heavy,106.0,1.0,40-ft,HTC,2,SAT,14844355,14844228,106,106,52992,52771,Edmonds Station @ Bay 2,Edmonds Station @ Bay 4,52992,Edmonds Station,27810,28170,in_service_layover,62.43056782443536,66.79010202128391,24.587772870225876,360,6.0,07:43:30,07:49:30,False,,no_dispenser,0
2160616,heavy,106.0,3.0,40-ft,HTC,2,SAT,14845371,14845429,116,116,52667,52667,Edmonds Station @ Bay 6,Edmonds Station @ Bay 6,52667,Edmonds Station,29130,29610,in_service_layover,65.33605790796773,70.73054369683729,30.424899849224346,480,8.0,08:05:30,08:13:30,False,,no_dispenser,0
2160515,heavy,106.0,2.0,40-ft,HTC,2,SAT,14845703,14844235,119,106,52453,52771,Edmonds Station @ Bay 3,Edmonds Station @ Bay 4,52453,Edmonds Station,29250,29970,in_service_layover,66.04635289926874,73.60753868362848,42.645087823788856,720,12.0,08:07:30,08:19:30,False,,no_dispenser,0
2160680,heavy,123.0,11.0,40-ft,HTC,2,SAT,14847827,14847850,133,133,52992,52992,Edmonds Station @ Bay 2,Edmonds Station @ Bay 2,52992,Edmonds Station,29790,30090,in_service_layover,68.99501460076934,72.24473008378612,18.328395324214682,300,5.0,08:16:30,08:21:30,False,,no_dispenser,0
2160573,heavy,410.0,2.0,40-ft,HTC,2,SAT,14845138,14845802,112,119,52605,52453,Edmonds Station @ Bay 5,Edmonds Station @ Bay 3,52605,Edmonds Station,29970,30210,in_service_layover,65.79491347863002,68.59850054348672,15.812231045791805,240,4.0,08:19:30,08:23:30,False,,no_dispenser,0
2160572,heavy,123.0,4.0,40-ft,HTC,2,SAT,14845702,14845104,119,112,52453,52605,Edmonds Station @ Bay 3,Edmonds Station @ Bay 5,52453,Edmonds Station,30090,30270,in_service_layover,66.90972311896915,68.99416474251365,11.756250756790962,180,3.0,08:21:30,08:24:30,False,,no_dispenser,0
2160517,heavy,123.0,1.0,40-ft,HTC,2,SAT,14844340,14845801,106,119,52992,52453,Edmonds Station @ Bay 2,Edmonds Station @ Bay 3,52992,Edmonds Station,30630,31110,in_service_layover,67.2880265901684,72.46951084476896,29.223571195947102,480,8.0,08:30:30,08:38:30,False,,no_dispenser,0
2160614,heavy,106.0,4.0,40-ft,HTC,2,SAT,14845389,14845430,116,116,52667,52667,Edmonds Station @ Bay 6,Edmonds Station @ Bay 6,52667,Edmonds Station,30750,31350,in_service_layover,68.81799139415857,74.9010821852046,34.308632061499566,600,10.0,08:32:30,08:42:30,False,,no_dispenser,0
2160574,heavy,123.0,2.0,40-ft,HTC,2,SAT,14845701,14845800,119,119,52453,52453,Edmonds Station @ Bay 3,Edmonds Station @ Bay 3,52453,Edmonds Station,31050,32010,in_service_layover,64.72139040938342,74.54017908132099,55.377968109727874,960,16.0,08:37:30,08:53:30,False,,no_dispenser,0
2160513,heavy,106.0,1.0,40-ft,HTC,2,SAT,14844326,14844230,106,106,52992,52771,Edmonds Station @ Bay 2,Edmonds Station @ Bay 4,52992,Edmonds Station,31470,31770,in_service_layover,63.318838130237744,66.93474604216222,20.39372062325407,300,5.0,08:44:30,08:49:30,False,,no_dispenser,0
2160580,heavy,123.0,14.0,40-ft,HTC,2,SAT,14845387,14845404,116,116,52667,52667,Edmonds Station @ Bay 6,Edmonds Station @ Bay 6,52667,Edmonds Station,32550,33150,in_service_layover,68.81799139415857,74.9010821852046,34.308632061499566,600,10.0,09:02:30,09:12:30,False,,no_dispenser,0
2160572,heavy,123.0,4.0,40-ft,HTC,2,SAT,14845125,14847848,112,133,52605,52992,Edmonds Station @ Bay 5,Edmonds Station @ Bay 2,52605,Edmonds Station,32730,33450,in_service_layover,67.69806086609624,74.97911325798525,41.065135490253965,720,12.0,09:05:30,09:17:30,False,,no_dispenser,0
2160515,heavy,106.0,2.0,40-ft,HTC,2,SAT,14844329,14844251,106,106,52992,52771,Edmonds Station @ Bay 2,Edmonds Station @ Bay 4,52992,Edmonds Station,33270,33450,in_service_layover,67.26570981272553,69.33692492209849,11.68165321686348,180,3.0,09:14:30,09:17:30,False,,no_dispenser,0
2160616,heavy,106.0,3.0,40-ft,HTC,2,SAT,14845698,14845825,119,119,52453,52453,Edmonds Station @ Bay 3,Edmonds Station @ Bay 3,52453,Edmonds Station,33510,34170,in_service_layover,65.45968458687163,72.57590070449828,40.13545890341436,660,11.0,09:18:30,09:29:30,False,,no_dispenser,0
2160516,heavy,123.0,6.0,40-ft,HTC,2,SAT,14844356,14844249,106,106,52992,52771,Edmonds Station @ Bay 2,Edmonds Station @ Bay 4,52992,Edmonds Station,34050,34230,in_service_layover,65.56938239083763,67.70167379541786,12.02612352183246,180,3.0,09:27:30,09:30:30,False,,no_dispenser,0
2160573,heavy,410.0,2.0,40-ft,HTC,2,SAT,14845390,14845405,116,116,52667,52667,Edmonds Station @ Bay 6,Edmonds Station @ Bay 6,52667,Edmonds Station,34350,34950,in_service_layover,66.52926243785086,72.93741057458575,36.141955491184774,600,10.0,09:32:30,09:42:30,False,,no_dispenser,0
2160679,heavy,123.0,10.0,40-ft,HTC,2,SAT,14847825,14847847,133,133,52992,52992,Edmonds Station @ Bay 2,Edmonds Station @ Bay 2,52992,Edmonds Station,34350,35250,in_service_layover,58.05574033899382,68.75798518939013,60.360660956235165,900,15.0,09:32:30,09:47:30,False,,no_dispenser,0
2160511,heavy,123.0,9.0,40-ft,HTC,2,SAT,14845151,14845046,112,112,52605,52605,Edmonds Station @ Bay 5,Edmonds Station @ Bay 5,52605,Edmonds Station,34530,34770,in_service_layover,68.65769069170526,71.31163686012336,14.968256389878093,240,4.0,09:35:30,09:39:30,False,,no_dispenser,0
2160614,heavy,106.0,4.0,40-ft,HTC,2,SAT,14845696,14845796,119,119,52453,52453,Edmonds Station @ Bay 3,Edmonds Station @ Bay 3,52453,Edmonds Station,35370,35610,in_service_layover,69.35872028003048,71.97294659722216,14.744236428961074,240,4.0,09:49:30,09:53:30,False,,no_dispenser,0
2160513,heavy,106.0,1.0,40-ft,HTC,2,SAT,14844342,14844259,106,106,52992,52771,Edmonds Station @ Bay 2,Edmonds Station @ Bay 4,52992,Edmonds Station,35430,35670,in_service_layover,66.07239398591365,68.86236014818688,15.735409155221078,240,4.0,09:50:30,09:54:30,False,,no_dispenser,0
2160575,heavy,123.0,7.0,40-ft,HTC,2,SAT,14845133,14845047,112,112,52605,52605,Edmonds Station @ Bay 5,Edmonds Station @ Bay 5,52605,Edmonds Station,35430,35670,in_service_layover,69.02680084151869,71.65998434124207,14.851154938439777,240,4.0,09:50:30,09:54:30,False,,no_dispenser,0
2160574,heavy,123.0,2.0,40-ft,HTC,2,SAT,14845376,14845408,116,116,52667,52667,Edmonds Station @ Bay 6,Edmonds Station @ Bay 6,52667,Edmonds Station,36270,36750,in_service_layover,65.88574684577542,71.22119891128114,30.09194964945226,480,8.0,10:04:30,10:12:30,False,,no_dispenser,0
2160681,heavy,123.0,12.0,40-ft,HTC,2,SAT,14847824,14847846,133,133,52992,52992,Edmonds Station @ Bay 2,Edmonds Station @ Bay 2,52992,Edmonds Station,36390,36990,in_service_layover,58.05574033899382,65.56176780654205,42.33399491697196,600,10.0,10:06:30,10:16:30,False,,no_dispenser,0
2160515,heavy,106.0,2.0,40-ft,HTC,2,SAT,14844328,14844270,106,106,52992,52771,Edmonds Station @ Bay 2,Edmonds Station @ Bay 4,52992,Edmonds Station,36930,37110,in_service_layover,65.07863181329724,67.22832572062713,12.124273637340536,180,3.0,10:15:30,10:18:30,False,,no_dispenser,0
2160580,heavy,123.0,14.0,40-ft,HTC,2,SAT,14845694,14845794,119,119,52453,52453,Edmonds Station @ Bay 3,Edmonds Station @ Bay 3,52453,Edmonds Station,37230,37770,in_service_layover,69.35872028003048,74.84242611160028,30.9281008900536,540,9.0,10:20:30,10:29:30,False,,no_dispenser,0
2160516,heavy,123.0,6.0,40-ft,HTC,2,SAT,14844327,14844237,106,106,52992,52771,Edmonds Station @ Bay 2,Edmonds Station @ Bay 4,52992,Edmonds Station,37770,37950,in_service_layover,61.35984492451492,63.641410707333534,12.868031015097017,180,3.0,10:29:30,10:32:30,False,,no_dispenser,0
2160680,heavy,123.0,11.0,40-ft,HTC,2,SAT,14847823,14847845,133,133,52992,52992,Edmonds Station @ Bay 2,Edmonds Station @ Bay 2,52992,Edmonds Station,38490,38790,in_service_layover,53.369594934699904,57.29321884556846,22.129238857298617,300,5.0,10:41:30,10:46:30,False,,no_dispenser,0
2160513,heavy,106.0,1.0,40-ft,HTC,2,SAT,14844330,14844238,106,106,52992,52771,Edmonds Station @ Bay 2,Edmonds Station @ Bay 4,52992,Edmonds Station,39210,39450,in_service_layover,62.52053127728394,65.47937140601756,16.687858326057608,240,4.0,10:53:30,10:57:30,False,,no_dispenser,0
2160615,heavy,123.0,17.0,40-ft,HTC,2,SAT,14845378,14845432,116,116,52667,52667,Edmonds Station @ Bay 6,Edmonds Station @ Bay 6,52667,Edmonds Station,39870,40230,in_service_layover,65.74802631412567,69.86157844474991,23.20043401672075,360,6.0,11:04:30,11:10:30,False,,no_dispenser,0
2160678,heavy,123.0,13.0,40-ft,HTC,2,SAT,14847822,14847844,133,133,52992,52992,Edmonds Station @ Bay 2,Edmonds Station @ Bay 2,52992,Edmonds Station,40290,40650,in_service_layover,50.119879451683126,54.775032722019866,26.255064444699258,360,6.0,11:11:30,11:17:30,False,,no_dispenser,0
2160517,heavy,123.0,1.0,40-ft,HTC,2,SAT,14845691,14845790,119,119,52453,52453,Edmonds Station @ Bay 3,Edmonds Station @ Bay 3,52453,Edmonds Station,40890,41370,in_service_layover,61.53080376546115,67.3135497515463,32.614687361520225,480,8.0,11:21:30,11:29:30,False,,no_dispenser,0
2160515,heavy,106.0,2.0,40-ft,HTC,2,SAT,14844352,14844274,106,106,52992,52771,Edmonds Station @ Bay 2,Edmonds Station @ Bay 4,52992,Edmonds Station,41370,41610,in_service_layover,68.09816098995604,70.78294133557269,15.142161149277968,240,4.0,11:29:30,11:33:30,False,,no_dispenser,0
2160580,heavy,123.0,14.0,40-ft,HTC,2,SAT,14845690,14845789,119,119,52453,52453,Edmonds Station @ Bay 3,Edmonds Station @ Bay 3,52453,Edmonds Station,41670,42090,in_service_layover,69.04101625331879,73.462355182516,24.93635156067228,420,7.0,11:34:30,11:41:30,False,,no_dispenser,0
2160516,heavy,123.0,6.0,40-ft,HTC,2,SAT,14844307,14844275,106,106,52992,52771,Edmonds Station @ Bay 2,Edmonds Station @ Bay 4,52992,Edmonds Station,42090,42330,in_service_layover,63.110642911720916,66.0415817811431,16.530495223541095,240,4.0,11:41:30,11:45:30,False,,no_dispenser,0
2160572,heavy,123.0,4.0,40-ft,HTC,2,SAT,14847821,14847843,133,133,52992,52992,Edmonds Station @ Bay 2,Edmonds Station @ Bay 2,52992,Edmonds Station,42150,42450,in_service_layover,56.103978108899035,60.058938050746605,22.30597407202032,300,5.0,11:42:30,11:47:30,False,,no_dispenser,0
2160616,heavy,106.0,3.0,40-ft,HTC,2,SAT,14845743,14845788,119,119,52453,52453,Edmonds Station @ Bay 3,Edmonds Station @ Bay 3,52453,Edmonds Station,42390,42810,in_service_layover,68.45958412100232,72.93926990630939,25.265427829131795,420,7.0,11:46:30,11:53:30,False,,no_dispenser,0
2160518,heavy,123.0,18.0,40-ft,HTC,2,SAT,14845380,14845407,116,116,52667,52667,Edmonds Station @ Bay 6,Edmonds Station @ Bay 6,52667,Edmonds Station,43470,43890,in_service_layover,66.88264853262427,71.51638993559685,26.13430151276532,420,7.0,12:04:30,12:11:30,False,,no_dispenser,0
2160513,heavy,106.0,1.0,40-ft,HTC,2,SAT,14844308,14844277,106,106,52992,52771,Edmonds Station @ Bay 2,Edmonds Station @ Bay 4,52992,Edmonds Station,43530,43770,in_service_layover,64.11786251001841,67.00117870339814,16.261903330661767,240,4.0,12:05:30,12:09:30,False,,no_dispenser,0
2160575,heavy,123.0,7.0,40-ft,HTC,2,SAT,14845111,14845056,112,112,52605,52605,Edmonds Station @ Bay 5,Edmonds Station @ Bay 5,52605,Edmonds Station,43650,43830,in_service_layover,62.48933311038094,64.73084612065112,12.642133377923813,180,3.0,12:07:30,12:10:30,False,,no_dispenser,0
2160614,heavy,106.0,4.0,40-ft,HTC,2,SAT,14845689,14845786,119,119,52453,52453,Edmonds Station @ Bay 3,Edmonds Station @ Bay 3,52453,Edmonds Station,43890,44250,in_service_layover,67.97083882062097,71.90452431283963,22.185986176113204,360,6.0,12:11:30,12:17:30,False,,no_dispenser,0
2160679,heavy,123.0,10.0,40-ft,HTC,2,SAT,14847820,14847842,133,133,52992,52992,Edmonds Station @ Bay 2,Edmonds Station @ Bay 2,52992,Edmonds Station,43890,44250,in_service_layover,49.882850040303914,54.533392637314584,26.229060247140126,360,6.0,12:11:30,12:17:30,False,,no_dispenser,0
2160514,heavy,123.0,22.0,40-ft,HTC,2,SAT,14844310,14844278,106,106,52992,52771,Edmonds Station @ Bay 2,Edmonds Station @ Bay 4,52992,Edmonds Station,44850,45090,in_service_layover,68.84500796037253,71.48845943748314,14.90906633090384,240,4.0,12:27:30,12:31:30,False,,no_dispenser,0
2160615,heavy,123.0,17.0,40-ft,HTC,2,SAT,14845381,14845409,116,116,52667,52667,Edmonds Station @ Bay 6,Edmonds Station @ Bay 6,52667,Edmonds Station,45270,45690,in_service_layover,63.128068803093896,68.10395840164321,28.064017335818164,420,7.0,12:34:30,12:41:30,False,,no_dispenser,0
2160517,heavy,123.0,1.0,40-ft,HTC,2,SAT,14845687,14845785,119,119,52453,52453,Edmonds Station @ Bay 3,Edmonds Station @ Bay 3,52453,Edmonds Station,45330,45690,in_service_layover,68.27010450026631,72.17864436682422,22.044164847386526,360,6.0,12:35:30,12:41:30,False,,no_dispenser,0
2160681,heavy,123.0,12.0,40-ft,HTC,2,SAT,14847819,14847841,133,133,52992,52992,Edmonds Station @ Bay 2,Edmonds Station @ Bay 2,52992,Edmonds Station,45570,45990,in_service_layover,46.68663265745583,52.066764858522255,30.343945614014615,420,7.0,12:39:30,12:46:30,False,,no_dispenser,0
2160580,heavy,123.0,14.0,40-ft,HTC,2,SAT,14845746,14845784,119,119,52453,52453,Edmonds Station @ Bay 3,Edmonds Station @ Bay 3,52453,Edmonds Station,46050,46410,in_service_layover,67.66094532423452,71.62043663336945,22.33153098352102,360,6.0,12:47:30,12:53:30,False,,no_dispenser,0
2160573,heavy,410.0,2.0,40-ft,HTC,2,SAT,14845382,14845410,116,116,52667,52667,Edmonds Station @ Bay 6,Edmonds Station @ Bay 6,52667,Edmonds Station,47070,47490,in_service_layover,62.33549318225512,67.37917111853596,28.446343560623916,420,7.0,13:04:30,13:11:30,False,,no_dispenser,0
2160575,heavy,123.0,7.0,40-ft,HTC,2,SAT,14845121,14845060,112,112,52605,52605,Edmonds Station @ Bay 5,Edmonds Station @ Bay 5,52605,Edmonds Station,47070,47550,in_service_layover,68.64433842720503,73.67229533226872,28.35767694455916,480,8.0,13:04:30,13:12:30,False,,no_dispenser,0
2160680,heavy,123.0,11.0,40-ft,HTC,2,SAT,14847818,14847840,133,133,52992,52992,Edmonds Station @ Bay 2,Edmonds Station @ Bay 2,52992,Edmonds Station,47550,47910,in_service_layover,38.41808369648225,42.96416377472369,25.639891641281736,360,6.0,13:12:30,13:18:30,False,,no_dispenser,0
2160518,heavy,123.0,18.0,40-ft,HTC,2,SAT,14845388,14845411,116,116,52667,52667,Edmonds Station @ Bay 6,Edmonds Station @ Bay 6,52667,Edmonds Station,48870,49290,in_service_layover,63.34462473148078,68.30172321951558,27.958035472516315,420,7.0,13:34:30,13:41:30,False,,no_dispenser,0
2160571,heavy,123.0,15.0,40-ft,HTC,2,SAT,14845126,14845062,112,112,52605,52605,Edmonds Station @ Bay 5,Edmonds Station @ Bay 5,52605,Edmonds Station,48870,49410,in_service_layover,67.60152709769244,73.31232538926457,32.208902364466894,540,9.0,13:34:30,13:43:30,False,,no_dispenser,0
2160678,heavy,123.0,13.0,40-ft,HTC,2,SAT,14847817,14847866,133,133,52992,52992,Edmonds Station @ Bay 2,Edmonds Station @ Bay 2,52992,Edmonds Station,49470,49770,in_service_layover,35.89989757293366,39.67483303667437,21.290636015497654,300,5.0,13:44:30,13:49:30,False,,no_dispenser,0
2160511,heavy,123.0,9.0,40-ft,HTC,2,SAT,14845159,14845780,112,119,52605,52453,Edmonds Station @ Bay 5,Edmonds Station @ Bay 3,52605,Edmonds Station,49830,50010,in_service_layover,68.33204561992142,70.3617740396261,11.447668287134377,180,3.0,13:50:30,13:53:30,False,,no_dispenser,0
2160615,heavy,123.0,17.0,40-ft,HTC,2,SAT,14845372,14845413,116,116,52667,52667,Edmonds Station @ Bay 6,Edmonds Station @ Bay 6,52667,Edmonds Station,50730,51090,in_service_layover,60.13546408997519,64.65777160132447,25.50581436400995,360,6.0,14:05:30,14:11:30,False,,no_dispenser,0
2160575,heavy,123.0,7.0,40-ft,HTC,2,SAT,14845153,14845064,112,112,52605,52605,Edmonds Station @ Bay 5,Edmonds Station @ Bay 5,52605,Edmonds Station,50730,51210,in_service_layover,69.03316275407877,74.01627138819696,28.10473269642648,480,8.0,14:05:30,14:13:30,False,,no_dispenser,0
2160572,heavy,123.0,4.0,40-ft,HTC,2,SAT,14847816,14847865,133,133,52992,52992,Edmonds Station @ Bay 2,Edmonds Station @ Bay 2,52992,Edmonds Station,51150,51630,in_service_layover,41.18380290166039,47.27298675775717,34.3429969483858,480,8.0,14:12:30,14:20:30,False,,no_dispenser,0
2160573,heavy,410.0,2.0,40-ft,HTC,2,SAT,14845680,14845830,119,119,52453,52453,Edmonds Station @ Bay 3,Edmonds Station @ Bay 3,52453,Edmonds Station,51870,52170,in_service_layover,61.584304326761185,65.30272605685803,20.97189855774627,300,5.0,14:24:30,14:29:30,False,,no_dispenser,0
2160571,heavy,123.0,15.0,40-ft,HTC,2,SAT,14845141,14845067,112,112,52605,52605,Edmonds Station @ Bay 5,Edmonds Station @ Bay 5,52605,Edmonds Station,52530,53010,in_service_layover,68.67319281107464,73.69783388062628,28.338975632271172,480,8.0,14:35:30,14:43:30,False,,no_dispenser,0
2160613,heavy,106.0,7.0,40-ft,HTC,2,SAT,14845391,14845414,116,116,52667,52667,Edmonds Station @ Bay 6,Edmonds Station @ Bay 6,52667,Edmonds Station,52590,52890,in_service_layover,67.99870320282002,71.31833530190622,18.722725038846136,300,5.0,14:36:30,14:41:30,False,,no_dispenser,0
2160512,heavy,106.0,9.0,40-ft,HTC,2,SAT,14844320,14844287,106,106,52992,52771,Edmonds Station @ Bay 2,Edmonds Station @ Bay 4,52992,Edmonds Station,52950,53130,in_service_layover,68.78209761992568,70.79347607727316,11.34417449943976,180,3.0,14:42:30,14:45:30,False,,no_dispenser,0
2160679,heavy,123.0,10.0,40-ft,HTC,2,SAT,14847815,14847864,133,133,52992,52992,Edmonds Station @ Bay 2,Edmonds Station @ Bay 2,52992,Edmonds Station,53010,53430,in_service_layover,35.658257488228365,40.948728824749566,29.838258337979568,420,7.0,14:43:30,14:50:30,False,,no_dispenser,0
2160577,heavy,123.0,24.0,40-ft,HTC,2,SAT,14845748,14845775,119,119,52453,52453,Edmonds Station @ Bay 3,Edmonds Station @ Bay 3,52453,Edmonds Station,53310,53610,in_service_layover,69.79697534327651,72.98863718669872,18.000972796901294,300,5.0,14:48:30,14:53:30,False,,no_dispenser,0
2160517,heavy,123.0,1.0,40-ft,HTC,2,SAT,14845164,14845068,112,112,52605,52605,Edmonds Station @ Bay 5,Edmonds Station @ Bay 5,52605,Edmonds Station,53490,53910,in_service_layover,67.29185317220076,71.88620654853418,25.91215304252046,420,7.0,14:51:30,14:58:30,False,,no_dispenser,0
2160514,heavy,123.0,22.0,40-ft,HTC,2,SAT,14844322,14844291,106,106,52992,52771,Edmonds Station @ Bay 2,Edmonds Station @ Bay 4,52992,Edmonds Station,53670,53850,in_service_layover,65.5013518864857,67.63605572029826,12.03972962270285,180,3.0,14:54:30,14:57:30,False,,no_dispenser,0
2160518,heavy,123.0,18.0,40-ft,HTC,2,SAT,14845678,14845774,119,119,52453,52453,Edmonds Station @ Bay 3,Edmonds Station @ Bay 3,52453,Edmonds Station,54030,54330,in_service_layover,65.86890140663057,69.32979572152591,19.51944393600968,300,5.0,15:00:30,15:05:30,False,,no_dispenser,0
2160511,heavy,123.0,9.0,40-ft,HTC,2,SAT,14845400,14845415,116,116,52667,52667,Edmonds Station @ Bay 6,Edmonds Station @ Bay 6,52667,Edmonds Station,54270,54570,in_service_layover,61.70734180408053,65.41849181565969,20.93088606530648,300,5.0,15:04:30,15:09:30,False,,no_dispenser,0
2160515,heavy,106.0,2.0,40-ft,HTC,2,SAT,14844364,14844212,106,106,52992,52771,Edmonds Station @ Bay 2,Edmonds Station @ Bay 4,52992,Edmonds Station,54390,54570,in_service_layover,61.659782070175886,63.93071178399944,12.80804358596481,180,3.0,15:06:30,15:09:30,False,,no_dispenser,0
2160575,heavy,123.0,7.0,40-ft,HTC,2,SAT,14845110,14845069,112,112,52605,52605,Edmonds Station @ Bay 5,Edmonds Station @ Bay 5,52605,Edmonds Station,54390,54870,in_service_layover,69.37713881000703,74.32026150780314,27.879212015570147,480,8.0,15:06:30,15:14:30,False,,no_dispenser,0
2160681,heavy,123.0,12.0,40-ft,HTC,2,SAT,14847814,14847863,133,133,52992,52992,Edmonds Station @ Bay 2,Edmonds Station @ Bay 2,52992,Edmonds Station,54810,55110,in_service_layover,33.191629709436036,36.95478563675902,21.224199430101606,300,5.0,15:13:30,15:18:30,False,,no_dispenser,0
2160516,heavy,123.0,6.0,40-ft,HTC,2,SAT,14844365,14844213,106,106,52992,52771,Edmonds Station @ Bay 2,Edmonds Station @ Bay 4,52992,Edmonds Station,55110,55290,in_service_layover,57.650016308944465,60.03128090053386,13.430332296564188,180,3.0,15:18:30,15:21:30,False,,no_dispenser,0
2160615,heavy,123.0,17.0,40-ft,HTC,2,SAT,14845676,14845773,119,119,52453,52453,Edmonds Station @ Bay 3,Edmonds Station @ Bay 3,52453,Edmonds Station,55590,55890,in_service_layover,59.738278645312036,63.567790275623196,21.59844559495491,300,5.0,15:26:30,15:31:30,False,,no_dispenser,0
2160510,heavy,106.0,6.0,40-ft,HTC,2,SAT,14844366,14844214,106,106,52992,52771,Edmonds Station @ Bay 2,Edmonds Station @ Bay 4,52992,Edmonds Station,55830,56010,in_service_layover,62.51894761279115,64.7594104634014,12.63621047744175,180,3.0,15:30:30,15:33:30,False,,no_dispenser,0
2160612,heavy,123.0,23.0,40-ft,HTC,2,SAT,14845392,14845416,116,116,52667,52667,Edmonds Station @ Bay 6,Edmonds Station @ Bay 6,52667,Edmonds Station,56130,56430,in_service_layover,68.73304407849639,72.00138056336498,18.433417774658892,300,5.0,15:35:30,15:40:30,False,,no_dispenser,0
2160573,heavy,410.0,2.0,40-ft,HTC,2,SAT,14845749,14845072,119,112,52453,52605,Edmonds Station @ Bay 3,Edmonds Station @ Bay 5,52453,Edmonds Station,56190,56730,in_service_layover,65.24333005191242,71.24694235968244,33.860373415822835,540,9.0,15:36:30,15:45:30,False,,no_dispenser,0
2160571,heavy,123.0,15.0,40-ft,HTC,2,SAT,14845157,14845772,112,119,52605,52453,Edmonds Station @ Bay 5,Edmonds Station @ Bay 3,52605,Edmonds Station,56250,56490,in_service_layover,69.05870130243635,71.69007477594297,14.840946390577471,240,4.0,15:37:30,15:41:30,False,,no_dispenser,0
2160513,heavy,106.0,1.0,40-ft,HTC,2,SAT,14844367,14844215,106,106,52992,52771,Edmonds Station @ Bay 2,Edmonds Station @ Bay 4,52992,Edmonds Station,56490,56670,in_service_layover,58.407622471436014,60.782254642856024,13.392925446808874,180,3.0,15:41:30,15:44:30,False,,no_dispenser,0
2160680,heavy,123.0,11.0,40-ft,HTC,2,SAT,14847812,14847862,133,133,52992,52992,Edmonds Station @ Bay 2,Edmonds Station @ Bay 2,52992,Edmonds Station,56730,57090,in_service_layover,24.089028625637475,28.55996962743107,25.21610725011587,360,6.0,15:45:30,15:51:30,False,,no_dispenser,0
2160517,heavy,123.0,1.0,40-ft,HTC,2,SAT,14845160,14845073,112,112,52605,52605,Edmonds Station @ Bay 5,Edmonds Station @ Bay 5,52605,Edmonds Station,57150,57570,in_service_layover,67.24707397034425,71.8457575805782,25.93657556171945,420,7.0,15:52:30,15:59:30,False,,no_dispenser,0
2160512,heavy,106.0,9.0,40-ft,HTC,2,SAT,14844368,14844292,106,106,52992,52771,Edmonds Station @ Bay 2,Edmonds Station @ Bay 4,52992,Edmonds Station,57210,57390,in_service_layover,67.12039027392946,69.19704234986303,11.712317708265289,180,3.0,15:53:30,15:56:30,False,,no_dispenser,0
2160576,heavy,123.0,21.0,40-ft,HTC,2,SAT,14845674,14845770,119,119,52453,52453,Edmonds Station @ Bay 3,Edmonds Station @ Bay 3,52453,Edmonds Station,57630,57930,in_service_layover,59.70956173748924,63.540919349921246,21.60885693411649,300,5.0,16:00:30,16:05:30,False,,no_dispenser,0
2160514,heavy,123.0,22.0,40-ft,HTC,2,SAT,14844369,14844216,106,106,52992,52771,Edmonds Station @ Bay 2,Edmonds Station @ Bay 4,52992,Edmonds Station,57930,58110,in_service_layover,64.12479246598332,66.30831046364348,12.315041506803311,180,3.0,16:05:30,16:08:30,False,,no_dispenser,0
2160577,heavy,123.0,24.0,40-ft,HTC,2,SAT,14845393,14845426,116,116,52667,52667,Edmonds Station @ Bay 6,Edmonds Station @ Bay 6,52667,Edmonds Station,57930,58170,in_service_layover,64.33420495115317,67.20729218750525,16.204212013025824,240,4.0,16:05:30,16:09:30,False,,no_dispenser,0
2160575,heavy,123.0,7.0,40-ft,HTC,2,SAT,14845166,14845074,112,112,52605,52605,Edmonds Station @ Bay 5,Edmonds Station @ Bay 5,52605,Edmonds Station,58050,58530,in_service_layover,69.68112892961321,74.58867102762146,27.67853743276646,480,8.0,16:07:30,16:15:30,False,,no_dispenser,0
2160518,heavy,123.0,18.0,40-ft,HTC,2,SAT,14845673,14845769,119,119,52453,52453,Edmonds Station @ Bay 3,Edmonds Station @ Bay 3,52453,Edmonds Station,58350,58650,in_service_layover,68.85427884009043,72.1140190296993,18.384934669394,300,5.0,16:12:30,16:17:30,False,,no_dispenser,0
2160678,heavy,123.0,13.0,40-ft,HTC,2,SAT,14847813,14847861,133,133,52992,52992,Edmonds Station @ Bay 2,Edmonds Station @ Bay 2,52992,Edmonds Station,58590,59010,in_service_layover,20.799697887588167,26.001154077858107,29.336212913122466,420,7.0,16:16:30,16:23:30,False,,no_dispenser,0
2160515,heavy,106.0,2.0,40-ft,HTC,2,SAT,14844370,14844217,106,106,52992,52771,Edmonds Station @ Bay 2,Edmonds Station @ Bay 4,52992,Edmonds Station,58650,58830,in_service_layover,60.59464364885323,62.903344228681135,13.021071270229356,180,3.0,16:17:30,16:20:30,False,,no_dispenser,0
2160477,heavy,123.0,25.0,40-ft,HTC,2,SAT,14845132,14845832,112,119,52605,52453,Edmonds Station @ Bay 5,Edmonds Station @ Bay 3,52605,Edmonds Station,58770,59370,in_service_layover,66.70203963936284,73.08609933765821,36.006096698385875,600,10.0,16:19:30,16:29:30,False,,no_dispenser,0
2160516,heavy,123.0,6.0,40-ft,HTC,2,SAT,14844371,14844218,106,106,52992,52771,Edmonds Station @ Bay 2,Edmonds Station @ Bay 4,52992,Edmonds Station,59370,59550,in_service_layover,56.851647939035,59.22967083522646,13.412049134519862,180,3.0,16:29:30,16:32:30,False,,no_dispenser,0
2160615,heavy,123.0,17.0,40-ft,HTC,2,SAT,14845750,14845768,119,119,52453,52453,Edmonds Station @ Bay 3,Edmonds Station @ Bay 3,52453,Edmonds Station,59730,60090,in_service_layover,62.28325256954316,66.65323465680959,24.64669897218272,360,6.0,16:35:30,16:41:30,False,,no_dispenser,0
2160511,heavy,123.0,9.0,40-ft,HTC,2,SAT,14845394,14845417,116,116,52667,52667,Edmonds Station @ Bay 6,Edmonds Station @ Bay 6,52667,Edmonds Station,59850,60090,in_service_layover,57.610456726546865,60.772940748320494,17.836409882803252,240,4.0,16:37:30,16:41:30,False,,no_dispenser,0
2160510,heavy,106.0,6.0,40-ft,HTC,2,SAT,14844372,14844219,106,106,52992,52771,Edmonds Station @ Bay 2,Edmonds Station @ Bay 4,52992,Edmonds Station,60090,60270,in_service_layover,62.090344055964955,64.34600561426407,12.721931188806991,180,3.0,16:41:30,16:44:30,False,,no_dispenser,0
2160572,heavy,123.0,4.0,40-ft,HTC,2,SAT,14847811,14847860,133,133,52992,52992,Edmonds Station @ Bay 2,Edmonds Station @ Bay 2,52992,Edmonds Station,60330,60690,in_service_layover,28.397851608670955,32.89163241900758,25.34492377029855,360,6.0,16:45:30,16:51:30,False,,no_dispenser,0
2160517,heavy,123.0,1.0,40-ft,HTC,2,SAT,14845129,14845767,112,119,52605,52453,Edmonds Station @ Bay 5,Edmonds Station @ Bay 3,52605,Edmonds Station,60570,60810,in_service_layover,67.20662500238826,69.93894248415347,15.41027059715583,240,4.0,16:49:30,16:53:30,False,,no_dispenser,0
2160513,heavy,106.0,1.0,40-ft,HTC,2,SAT,14844373,14844293,106,106,52992,52771,Edmonds Station @ Bay 2,Edmonds Station @ Bay 4,52992,Edmonds Station,60810,60990,in_service_layover,59.08453819286979,61.445225028740026,13.31427375430809,180,3.0,16:53:30,16:56:30,False,,no_dispenser,0
2160614,heavy,106.0,4.0,40-ft,HTC,2,SAT,14845742,14845766,119,119,52453,52453,Edmonds Station @ Bay 3,Edmonds Station @ Bay 3,52453,Edmonds Station,61170,61530,in_service_layover,69.71783674665924,73.50161817846372,21.340527275377212,360,6.0,16:59:30,17:05:30,False,,no_dispenser,0
2160512,heavy,106.0,9.0,40-ft,HTC,2,SAT,14844374,14844220,106,106,52992,52771,Edmonds Station @ Bay 2,Edmonds Station @ Bay 4,52992,Edmonds Station,61530,61710,in_service_layover,66.88560286618281,68.97092938313408,11.761241555605125,180,3.0,17:05:30,17:08:30,False,,no_dispenser,0
2160612,heavy,123.0,23.0,40-ft,HTC,2,SAT,14845395,14845418,116,116,52667,52667,Edmonds Station @ Bay 6,Edmonds Station @ Bay 6,52667,Edmonds Station,61650,61890,in_service_layover,63.134728314298464,66.06452839400066,16.524072449520418,240,4.0,17:07:30,17:11:30,False,,no_dispenser,0
2160575,heavy,123.0,7.0,40-ft,HTC,2,SAT,14845158,14845079,112,112,52605,52605,Edmonds Station @ Bay 5,Edmonds Station @ Bay 5,52605,Edmonds Station,61650,62910,in_service_layover,69.94953844943153,80.48602094633758,59.425761282550184,1260,21.0,17:07:30,17:28:30,False,,no_dispenser,0
2160576,heavy,123.0,21.0,40-ft,HTC,2,SAT,14845741,14845078,119,112,52453,52605,Edmonds Station @ Bay 3,Edmonds Station @ Bay 5,52453,Edmonds Station,61890,62190,in_service_layover,64.32499131021991,67.8813036639333,20.05760167494344,300,5.0,17:11:30,17:16:30,False,,no_dispenser,0
2160514,heavy,123.0,22.0,40-ft,HTC,2,SAT,14844375,14844224,106,106,52992,52771,Edmonds Station @ Bay 2,Edmonds Station @ Bay 4,52992,Edmonds Station,62250,62430,in_service_layover,64.21988640129167,66.40003227358629,12.296022719741643,180,3.0,17:17:30,17:20:30,False,,no_dispenser,0
2160679,heavy,123.0,10.0,40-ft,HTC,2,SAT,14847810,14847859,133,133,52992,52992,Edmonds Station @ Bay 2,Edmonds Station @ Bay 2,52992,Edmonds Station,62370,62610,in_service_layover,22.073593675663357,25.04182720183788,16.7408370876243,240,4.0,17:19:30,17:23:30,False,,no_dispenser,0
2160515,heavy,106.0,2.0,40-ft,HTC,2,SAT,14844376,14844225,106,106,52992,52771,Edmonds Station @ Bay 2,Edmonds Station @ Bay 4,52992,Edmonds Station,62970,63150,in_service_layover,61.05791302562028,63.35018561336424,12.928417394875964,180,3.0,17:29:30,17:32:30,False,,no_dispenser,0
2160577,heavy,123.0,24.0,40-ft,HTC,2,SAT,14845373,14845433,116,116,52667,52667,Edmonds Station @ Bay 6,Edmonds Station @ Bay 6,52667,Edmonds Station,63390,63630,in_service_layover,60.00187058683994,63.07979632741488,17.359501176842684,240,4.0,17:36:30,17:40:30,False,,no_dispenser,0
2160516,heavy,123.0,6.0,40-ft,HTC,2,SAT,14844377,14844226,106,106,52992,52771,Edmonds Station @ Bay 2,Edmonds Station @ Bay 4,52992,Edmonds Station,63690,63870,in_service_layover,57.59877978989854,59.98015065008777,13.430931651467233,180,3.0,17:41:30,17:44:30,False,,no_dispenser,0
2160615,heavy,123.0,17.0,40-ft,HTC,2,SAT,14845751,14845778,119,119,52453,52453,Edmonds Station @ Bay 3,Edmonds Station @ Bay 3,52453,Edmonds Station,63990,64410,in_service_layover,67.08673086151651,71.70088009472619,26.023801675302536,420,7.0,17:46:30,17:53:30,False,,no_dispenser,0
2160510,heavy,106.0,6.0,40-ft,HTC,2,SAT,14844297,14844227,106,106,52992,52771,Edmonds Station @ Bay 2,Edmonds Station @ Bay 4,52992,Edmonds Station,64410,64590,in_service_layover,62.39825800087818,64.64300062496051,12.660348399824386,180,3.0,17:53:30,17:56:30,False,,no_dispenser,0
2160517,heavy,123.0,1.0,40-ft,HTC,2,SAT,14845739,14845834,119,119,52453,52453,Edmonds Station @ Bay 3,Edmonds Station @ Bay 3,52453,Edmonds Station,64710,65130,in_service_layover,69.97644885602905,74.30216952926452,24.39706459704803,420,7.0,17:58:30,18:05:30,False,,no_dispenser,0
2160513,heavy,106.0,1.0,40-ft,HTC,2,SAT,14844378,14844243,106,106,52992,52771,Edmonds Station @ Bay 2,Edmonds Station @ Bay 4,52992,Edmonds Station,64950,65310,in_service_layover,59.70684241940361,64.26226846767025,25.69260291222389,360,6.0,18:02:30,18:08:30,False,,no_dispenser,0
2160511,heavy,123.0,9.0,40-ft,HTC,2,SAT,14845374,14845428,116,116,52667,52667,Edmonds Station @ Bay 6,Edmonds Station @ Bay 6,52667,Edmonds Station,65190,65610,in_service_layover,53.034497350221166,58.5428451150077,31.06708139339605,420,7.0,18:06:30,18:13:30,False,,no_dispenser,0
2160576,heavy,123.0,21.0,40-ft,HTC,2,SAT,14845109,14845094,112,112,52605,52605,Edmonds Station @ Bay 5,Edmonds Station @ Bay 5,52605,Edmonds Station,65250,65490,in_service_layover,69.08592131550407,71.7157481758296,14.832223492235983,240,4.0,18:07:30,18:11:30,False,,no_dispenser,0
2160518,heavy,123.0,18.0,40-ft,HTC,2,SAT,14845738,14845763,119,119,52453,52453,Edmonds Station @ Bay 3,Edmonds Station @ Bay 3,52453,Edmonds Station,65430,65850,in_service_layover,67.30390631669151,71.89709331067552,25.905574646069795,420,7.0,18:10:30,18:17:30,False,,no_dispenser,0
2160512,heavy,106.0,9.0,40-ft,HTC,2,SAT,14844298,14844294,106,106,52992,52771,Edmonds Station @ Bay 2,Edmonds Station @ Bay 4,52992,Edmonds Station,65670,66030,in_service_layover,66.67768771380487,70.71749333917543,22.78450372708994,360,6.0,18:14:30,18:20:30,False,,no_dispenser,0
2160478,heavy,410.0,9.0,40-ft,HTC,2,SAT,14845737,14845762,119,119,52453,52453,Edmonds Station @ Bay 3,Edmonds Station @ Bay 3,52453,Edmonds Station,66150,66750,in_service_layover,27.718379819801374,35.222198378711965,42.321536672255746,600,10.0,18:22:30,18:32:30,False,,no_dispenser,0
2160514,heavy,123.0,22.0,40-ft,HTC,2,SAT,14844357,14844260,106,106,52992,52771,Edmonds Station @ Bay 2,Edmonds Station @ Bay 4,52992,Edmonds Station,66390,66750,in_service_layover,64.30484325597338,68.52866141876574,23.822334438148857,360,6.0,18:26:30,18:32:30,False,,no_dispenser,0
2160612,heavy,123.0,23.0,40-ft,HTC,2,SAT,14845375,14845419,116,116,52667,52667,Edmonds Station @ Bay 6,Edmonds Station @ Bay 6,52667,Edmonds Station,66930,67410,in_service_layover,58.21882190506582,64.31793020778478,34.39897082733495,480,8.0,18:35:30,18:43:30,False,,no_dispenser,0
2160515,heavy,106.0,2.0,40-ft,HTC,2,SAT,14844339,14844247,106,106,52992,52771,Edmonds Station @ Bay 2,Edmonds Station @ Bay 4,52992,Edmonds Station,67110,67470,in_service_layover,62.167535940135444,66.54572488055138,24.692985623945845,360,6.0,18:38:30,18:44:30,False,,no_dispenser,0
2160571,heavy,123.0,15.0,40-ft,HTC,2,SAT,14845156,14845093,112,112,52605,52605,Edmonds Station @ Bay 5,Edmonds Station @ Bay 5,52605,Edmonds Station,67470,68550,in_service_layover,67.64067400911493,77.6277468865297,56.32709102861929,1080,18.0,18:44:30,19:02:30,False,,no_dispenser,0
2160516,heavy,123.0,6.0,40-ft,HTC,2,SAT,14844380,14844252,106,106,52992,52771,Edmonds Station @ Bay 2,Edmonds Station @ Bay 4,52992,Edmonds Station,67830,68190,in_service_layover,59.060962506826556,63.663183742552775,25.956527769495892,360,6.0,18:50:30,18:56:30,False,,no_dispenser,0
2160510,heavy,106.0,6.0,40-ft,HTC,2,SAT,14844323,14844296,106,106,52992,52771,Edmonds Station @ Bay 2,Edmonds Station @ Bay 4,52992,Edmonds Station,68550,68910,in_service_layover,63.3528750868127,67.64662072774735,24.216725414871462,360,6.0,19:02:30,19:08:30,False,,no_dispenser,0
2160577,heavy,123.0,24.0,40-ft,HTC,2,SAT,14845396,14845420,116,116,52667,52667,Edmonds Station @ Bay 6,Edmonds Station @ Bay 6,52667,Edmonds Station,68670,69090,in_service_layover,56.866909069772376,62.325450206023234,30.786172008454855,420,7.0,19:04:30,19:11:30,False,,no_dispenser,0
2160517,heavy,123.0,1.0,40-ft,HTC,2,SAT,14845734,14845759,119,119,52453,52453,Edmonds Station @ Bay 3,Edmonds Station @ Bay 3,52453,Edmonds Station,69030,69390,in_service_layover,68.50075967098303,72.38976831460108,21.93400875000583,360,6.0,19:10:30,19:16:30,False,,no_dispenser,0
2160513,heavy,106.0,1.0,40-ft,HTC,2,SAT,14844348,14844232,106,106,52992,52771,Edmonds Station @ Bay 2,Edmonds Station @ Bay 4,52992,Edmonds Station,69270,69630,in_service_layover,63.00406760812961,67.32287641507676,24.35808167118188,360,6.0,19:14:30,19:20:30,False,,no_dispenser,0
2160574,heavy,123.0,2.0,40-ft,HTC,2,SAT,14845733,14845758,119,119,52453,52453,Edmonds Station @ Bay 3,Edmonds Station @ Bay 3,52453,Edmonds Station,69930,70290,in_service_layover,50.08617898806077,54.74067672021854,26.25136720936979,360,6.0,19:25:30,19:31:30,False,,no_dispenser,0
2160512,heavy,106.0,9.0,40-ft,HTC,2,SAT,14844301,14844267,106,106,52992,52771,Edmonds Station @ Bay 2,Edmonds Station @ Bay 4,52992,Edmonds Station,70050,70350,in_service_layover,69.44132393967524,72.65892665120879,18.147279293049223,300,5.0,19:27:30,19:32:30,False,,no_dispenser,0
2160511,heavy,123.0,9.0,40-ft,HTC,2,SAT,14845397,14845421,116,116,52667,52667,Edmonds Station @ Bay 6,Edmonds Station @ Bay 6,52667,Edmonds Station,70410,71010,in_service_layover,51.55908257819537,59.402569145739236,44.23726424094741,600,10.0,19:33:30,19:43:30,False,,no_dispenser,0
2160624,heavy,106.0,10.0,40-ft,HTC,2,SAT,14845732,14845757,119,119,52453,52453,Edmonds Station @ Bay 3,Edmonds Station @ Bay 3,52453,Edmonds Station,70830,71190,in_service_layover,59.95340182971012,64.4891470918022,25.58160327819928,360,6.0,19:40:30,19:46:30,False,,no_dispenser,0
2160613,heavy,106.0,7.0,40-ft,HTC,2,SAT,14845731,14845756,119,119,52453,52453,Edmonds Station @ Bay 3,Edmonds Station @ Bay 3,52453,Edmonds Station,71610,72090,in_service_layover,57.697964135581834,63.83688747577973,34.623527638716155,480,8.0,19:53:30,20:01:30,False,,no_dispenser,0
2160612,heavy,123.0,23.0,40-ft,HTC,2,SAT,14845398,14845422,116,116,52667,52667,Edmonds Station @ Bay 6,Edmonds Station @ Bay 6,52667,Edmonds Station,72210,72810,in_service_layover,57.30644790496775,64.88696679634235,42.75412654735271,600,10.0,20:03:30,20:13:30,False,,no_dispenser,0
2160517,heavy,123.0,1.0,40-ft,HTC,2,SAT,14845671,14845755,119,119,52453,52453,Edmonds Station @ Bay 3,Edmonds Station @ Bay 3,52453,Edmonds Station,72510,72990,in_service_layover,66.5883584563196,71.84727027357579,29.66026264932492,480,8.0,20:08:30,20:16:30,False,,no_dispenser,0
2160574,heavy,123.0,2.0,40-ft,HTC,2,SAT,14845730,14845754,119,119,52453,52453,Edmonds Station @ Bay 3,Edmonds Station @ Bay 3,52453,Edmonds Station,73410,73890,in_service_layover,48.93926686193705,55.14487374711376,34.99962283239671,480,8.0,20:23:30,20:31:30,False,,no_dispenser,0
2160625,heavy,106.0,5.0,40-ft,HTC,2,SAT,14845729,14845753,119,119,52453,52453,Edmonds Station @ Bay 3,Edmonds Station @ Bay 3,52453,Edmonds Station,74310,74790,in_service_layover,58.92741027044186,64.96515295137638,34.052868720470656,480,8.0,20:38:30,20:46:30,False,,no_dispenser,0
2160514,heavy,123.0,22.0,40-ft,HTC,2,SAT,14844324,14844255,106,106,52992,52771,Edmonds Station @ Bay 2,Edmonds Station @ Bay 4,52992,Edmonds Station,74490,74670,in_service_layover,66.11856238561582,68.2313793222961,11.916287522876814,180,3.0,20:41:30,20:44:30,False,,no_dispenser,0
2160571,heavy,123.0,15.0,40-ft,HTC,2,SAT,14845149,14845085,112,112,52605,52605,Edmonds Station @ Bay 5,Edmonds Station @ Bay 5,52605,Edmonds Station,74910,76170,in_service_layover,68.34948173014985,79.31653695335868,61.8541914588979,1260,21.0,20:48:30,21:09:30,False,,no_dispenser,0
2160613,heavy,106.0,7.0,40-ft,HTC,2,SAT,14845728,14845824,119,119,52453,52453,Edmonds Station @ Bay 3,Edmonds Station @ Bay 3,52453,Edmonds Station,75210,75690,in_service_layover,61.09074003574335,66.9160866895399,32.854955127412495,480,8.0,20:53:30,21:01:30,False,,no_dispenser,0
2160516,heavy,123.0,6.0,40-ft,HTC,2,SAT,14844302,14844261,106,106,52992,52771,Edmonds Station @ Bay 2,Edmonds Station @ Bay 4,52992,Edmonds Station,75390,75570,in_service_layover,57.15443569482213,59.53490965213979,13.425873119271557,180,3.0,20:56:30,20:59:30,False,,no_dispenser,0
2160511,heavy,123.0,9.0,40-ft,HTC,2,SAT,14845383,14845423,116,116,52667,52667,Edmonds Station @ Bay 6,Edmonds Station @ Bay 6,52667,Edmonds Station,75810,76410,in_service_layover,54.01961244823568,61.81730691035517,43.97899676635399,600,10.0,21:03:30,21:13:30,False,,no_dispenser,0
2160517,heavy,123.0,1.0,40-ft,HTC,2,SAT,14845727,14845823,119,119,52453,52453,Edmonds Station @ Bay 3,Edmonds Station @ Bay 3,52453,Edmonds Station,76110,76590,in_service_layover,68.70904078016716,73.72956024126991,28.315729760619547,480,8.0,21:08:30,21:16:30,False,,no_dispenser,0
2160510,heavy,106.0,6.0,40-ft,HTC,2,SAT,14844346,14844268,106,106,52992,52771,Edmonds Station @ Bay 2,Edmonds Station @ Bay 4,52992,Edmonds Station,76290,76470,in_service_layover,62.54432842954228,64.78389125118971,12.631134314091526,180,3.0,21:11:30,21:14:30,False,,no_dispenser,0
2160574,heavy,123.0,2.0,40-ft,HTC,2,SAT,14845726,14845822,119,119,52453,52453,Edmonds Station @ Bay 3,Edmonds Station @ Bay 3,52453,Edmonds Station,76950,77490,in_service_layover,52.45518989036729,59.52655766282007,39.882514236633654,540,9.0,21:22:30,21:31:30,False,,no_dispenser,0
2160513,heavy,106.0,1.0,40-ft,HTC,2,SAT,14844300,14844271,106,106,52992,52771,Edmonds Station @ Bay 2,Edmonds Station @ Bay 4,52992,Edmonds Station,77130,77370,in_service_layover,64.64121736418514,67.49978864720238,16.122342036217276,240,4.0,21:25:30,21:29:30,False,,no_dispenser,0
2160612,heavy,123.0,23.0,40-ft,HTC,2,SAT,14845384,14845424,116,116,52667,52667,Edmonds Station @ Bay 6,Edmonds Station @ Bay 6,52667,Edmonds Station,77490,78210,in_service_layover,59.283456870178576,67.9351608457962,48.795610422483435,720,12.0,21:31:30,21:43:30,False,,no_dispenser,0
2160625,heavy,106.0,5.0,40-ft,HTC,2,SAT,14845725,14845821,119,119,52453,52453,Edmonds Station @ Bay 3,Edmonds Station @ Bay 3,52453,Edmonds Station,77850,78390,in_service_layover,62.16565962596899,68.5308231367326,35.899522200706656,540,9.0,21:37:30,21:46:30,False,,no_dispenser,0
2160514,heavy,123.0,22.0,40-ft,HTC,2,SAT,14844361,14844272,106,106,52992,52771,Edmonds Station @ Bay 2,Edmonds Station @ Bay 4,52992,Edmonds Station,78030,78270,in_service_layover,64.6914830054484,67.54767766240121,16.10893786521376,240,4.0,21:40:30,21:44:30,False,,no_dispenser,0
2160613,heavy,106.0,7.0,40-ft,HTC,2,SAT,14845724,14845820,119,119,52453,52453,Edmonds Station @ Bay 3,Edmonds Station @ Bay 3,52453,Edmonds Station,78750,79290,in_service_layover,65.39336918941049,71.37875971875407,33.75760258549775,540,9.0,21:52:30,22:01:30,False,,no_dispenser,0
2160516,heavy,123.0,6.0,40-ft,HTC,2,SAT,14844305,14844245,106,106,52992,52771,Edmonds Station @ Bay 2,Edmonds Station @ Bay 4,52992,Edmonds Station,78930,79170,in_service_layover,56.36114261182775,59.53024489662364,17.87373688624882,240,4.0,21:55:30,21:59:30,False,,no_dispenser,0
2160575,heavy,123.0,7.0,40-ft,HTC,2,SAT,14845385,14845425,116,116,52667,52667,Edmonds Station @ Bay 6,Edmonds Station @ Bay 6,52667,Edmonds Station,79290,80010,in_service_layover,65.90875186950834,73.49297187337565,42.77500082181166,720,12.0,22:01:30,22:13:30,False,,no_dispenser,0
2160517,heavy,123.0,1.0,40-ft,HTC,2,SAT,14845712,14845090,119,112,52453,52605,Edmonds Station @ Bay 3,Edmonds Station @ Bay 5,52453,Edmonds Station,79650,79890,in_service_layover,67.92815038298843,70.62214684465206,15.194140043782966,240,4.0,22:07:30,22:11:30,False,,no_dispenser,0
2160510,heavy,106.0,6.0,40-ft,HTC,2,SAT,14844362,14844256,106,106,52992,52771,Edmonds Station @ Bay 2,Edmonds Station @ Bay 4,52992,Edmonds Station,79830,80070,in_service_layover,61.40748366133003,64.41895015488417,16.98467102364532,240,4.0,22:10:30,22:14:30,False,,no_dispenser,0
2160513,heavy,106.0,1.0,40-ft,HTC,2,SAT,14844306,14844221,106,106,52992,52771,Edmonds Station @ Bay 2,Edmonds Station @ Bay 4,52992,Edmonds Station,80670,80970,in_service_layover,63.99496983294494,67.57091724234535,20.168343389018332,300,5.0,22:24:30,22:29:30,False,,no_dispenser,0
2160574,heavy,123.0,2.0,40-ft,HTC,2,SAT,14845722,14845819,119,119,52453,52453,Edmonds Station @ Bay 3,Edmonds Station @ Bay 3,52453,Edmonds Station,80670,81030,in_service_layover,59.954984524477574,64.49060023016234,25.580872580062078,360,6.0,22:24:30,22:30:30,False,,no_dispenser,0
2160511,heavy,123.0,9.0,40-ft,HTC,2,SAT,14845386,14845091,116,112,52667,52605,Edmonds Station @ Bay 6,Edmonds Station @ Bay 5,52667,Edmonds Station,81090,81690,in_service_layover,57.864551122771104,65.39046708499043,42.44616602691701,600,10.0,22:31:30,22:41:30,False,,no_dispenser,0
2160514,heavy,123.0,22.0,40-ft,HTC,2,SAT,14844341,14844240,106,106,52992,52771,Edmonds Station @ Bay 2,Edmonds Station @ Bay 4,52992,Edmonds Station,81570,81870,in_service_layover,64.04059459210598,67.61384322026073,20.153122262792806,300,5.0,22:39:30,22:44:30,False,,no_dispenser,0
2160612,heavy,123.0,23.0,40-ft,HTC,2,SAT,14845721,14845818,119,119,52453,52453,Edmonds Station @ Bay 3,Edmonds Station @ Bay 3,52453,Edmonds Station,82470,82830,in_service_layover,69.09369129827229,72.93189161548733,21.64744978909289,360,6.0,22:54:30,23:00:30,False,,no_dispenser,0
2160510,heavy,106.0,6.0,40-ft,HTC,2,SAT,14844335,14844246,106,106,52992,52771,Edmonds Station @ Bay 2,Edmonds Station @ Bay 4,52992,Edmonds Station,83370,83610,in_service_layover,61.77000551509059,64.76433149546456,16.887998529309186,240,4.0,23:09:30,23:13:30,False,,no_dispenser,0
2160574,heavy,123.0,2.0,40-ft,HTC,2,SAT,14845720,14845814,119,119,52453,52453,Edmonds Station @ Bay 3,Edmonds Station @ Bay 3,52453,Edmonds Station,84210,84510,in_service_layover,66.43692574114665,69.86123723880159,19.31311684677388,300,5.0,23:23:30,23:28:30,False,,no_dispenser,0
2160514,heavy,123.0,22.0,40-ft,HTC,2,SAT,14844363,14844257,106,106,52992,52771,Edmonds Station @ Bay 2,Edmonds Station @ Bay 4,52992,Edmonds Station,85110,85350,in_service_layover,64.77426837693123,67.62654883192266,16.086861766151685,240,4.0,23:38:30,23:42:30,False,,no_dispenser,0
2160510,heavy,106.0,6.0,40-ft,HTC,2,SAT,14844325,14844241,106,106,52992,52771,Edmonds Station @ Bay 2,Edmonds Station @ Bay 4,52992,Edmonds Station,86910,87150,in_service_layover,62.786915379865874,65.73316051556961,16.61682256536909,240,4.0,24:08:30,24:12:30,False,,no_dispenser,0
2160514,heavy,123.0,22.0,40-ft,HTC,2,SAT,14844336,14844233,106,106,52992,52771,Edmonds Station @ Bay 2,Edmonds Station @ Bay 4,52992,Edmonds Station,88650,88890,in_service_layover,66.07389178583173,68.86378388283586,15.734991427103239,240,4.0,24:37:30,24:41:30,False,,no_dispenser,0
2160511,heavy,123.0,9.0,40-ft,HTC,2,SAT,14845108,14845096,112,112,52605,52605,Edmonds Station @ Bay 5,Edmonds Station @ Bay 5,52605,Edmonds Station,89190,89430,in_service_layover,67.31916932530252,70.04559385750473,15.377034361620417,240,4.0,24:46:30,24:50:30,False,,no_dispenser,0
2160510,heavy,106.0,6.0,40-ft,HTC,2,SAT,14844349,14844236,106,106,52992,52771,Edmonds Station @ Bay 2,Edmonds Station @ Bay 4,52992,Edmonds Station,90450,90690,in_service_layover,64.99488304857276,67.83673254982227,16.028031187047247,240,4.0,25:07:30,25:11:30,False,,no_dispenser,0
2160514,heavy,123.0,22.0,40-ft,HTC,2,SAT,14844332,14844239,106,106,52992,52771,Edmonds Station @ Bay 2,Edmonds Station @ Bay 4,52992,Edmonds Station,92070,92490,in_service_layover,68.3760521487633,72.86405201187426,25.312319227945864,420,7.0,25:34:30,25:41:30,False,,no_dispenser,0
2160613,heavy,106.0,7.0,40-ft,HTC,2,SAT,14845715,14845809,119,119,52453,52453,Edmonds Station @ Bay 3,Edmonds Station @ Bay 3,52453,Edmonds Station,93030,93690,in_service_layover,68.6136662426967,75.24028382888511,37.37412318610268,660,11.0,25:50:30,26:01:30,False,,no_dispenser,0
2160510,heavy,106.0,6.0,40-ft,HTC,2,SAT,14844337,14844264,106,106,52992,52771,Edmonds Station @ Bay 2,Edmonds Station @ Bay 4,52992,Edmonds Station,93870,94290,in_service_layover,67.47532797553,72.05188703749343,25.81179310947374,420,7.0,26:04:30,26:11:30,False,,no_dispenser,0
2162581,heavy,701.0,34.0,40-ft,PCT,2,SAT,14902023,14902093,701,701,61058,61063,Haney Place @ Bay 7,Haney Place @ Bay 2,61058,Haney Place,30630,31530,in_service_layover,64.40479961184033,73.80667708174252,53.02658893024835,900,15.0,08:30:30,08:45:30,False,,no_dispenser,0
2164620,heavy,701.0,35.0,40-ft,PCT,2,SAT,14902025,14902095,701,701,61058,61063,Haney Place @ Bay 7,Haney Place @ Bay 2,61058,Haney Place,32430,33330,in_service_layover,66.4184459418582,75.3967879324792,50.637848827102516,900,15.0,09:00:30,09:15:30,False,,no_dispenser,0
2164621,heavy,701.0,36.0,40-ft,PCT,2,SAT,14902027,14902097,701,701,61058,61063,Haney Place @ Bay 7,Haney Place @ Bay 2,61058,Haney Place,34290,35130,in_service_layover,63.31691425936956,72.42213219462079,51.35342915481698,840,14.0,09:31:30,09:45:30,False,,no_dispenser,0
2162579,heavy,701.0,31.0,40-ft,PCT,2,SAT,14902029,14902099,701,701,61058,61063,Haney Place @ Bay 7,Haney Place @ Bay 2,61058,Haney Place,36270,36930,in_service_layover,52.65009822720498,61.235774990407535,48.42321694446241,660,11.0,10:04:30,10:15:30,False,,no_dispenser,0
2164619,heavy,701.0,33.0,40-ft,PCT,2,SAT,14902031,14902101,701,701,61058,61063,Haney Place @ Bay 7,Haney Place @ Bay 2,61058,Haney Place,38130,38730,in_service_layover,45.308337592027755,53.010006906958715,43.437414936210615,600,10.0,10:35:30,10:45:30,False,,no_dispenser,0
2164622,heavy,701.0,38.0,40-ft,PCT,2,SAT,14902033,14902103,701,701,61058,61063,Haney Place @ Bay 7,Haney Place @ Bay 2,61058,Haney Place,39990,40470,in_service_layover,61.08852031450609,66.91408069462487,32.856160543869976,480,8.0,11:06:30,11:14:30,False,,no_dispenser,0
2164623,heavy,701.0,49.0,40-ft,PCT,2,SAT,14902035,14902105,701,701,61058,61063,Haney Place @ Bay 7,Haney Place @ Bay 2,61058,Haney Place,41910,42330,in_service_layover,61.08852031450609,66.23604227429874,29.0320238532305,420,7.0,11:38:30,11:45:30,False,,no_dispenser,0
2162577,heavy,701.0,37.0,40-ft,PCT,2,SAT,14902037,14902107,701,701,61058,61063,Haney Place @ Bay 7,Haney Place @ Bay 2,61058,Haney Place,43650,44130,in_service_layover,55.015398395370674,61.28842537747934,35.37987217909284,480,8.0,12:07:30,12:15:30,False,,no_dispenser,0
2162581,heavy,701.0,34.0,40-ft,PCT,2,SAT,14902039,14902109,701,701,61058,61063,Haney Place @ Bay 7,Haney Place @ Bay 2,61058,Haney Place,45450,45930,in_service_layover,53.9636415523709,60.25681012383004,35.49347074302955,480,8.0,12:37:30,12:45:30,False,,no_dispenser,0
2164620,heavy,701.0,35.0,40-ft,PCT,2,SAT,14902041,14902111,701,701,61058,61063,Haney Place @ Bay 7,Haney Place @ Bay 2,61058,Haney Place,47370,47730,in_service_layover,57.021980044831956,61.726716182299356,26.534711815316143,360,6.0,13:09:30,13:15:30,False,,no_dispenser,0
2164623,heavy,701.0,49.0,40-ft,PCT,2,SAT,14902043,14902113,701,701,61058,61063,Haney Place @ Bay 7,Haney Place @ Bay 2,61058,Haney Place,49290,49530,in_service_layover,63.19283103960708,66.11988394553582,16.508578389438128,240,4.0,13:41:30,13:45:30,False,,no_dispenser,0
2162577,heavy,701.0,37.0,40-ft,PCT,2,SAT,14902045,14902115,701,701,61058,61063,Haney Place @ Bay 7,Haney Place @ Bay 2,61058,Haney Place,51150,51330,in_service_layover,57.690036435318525,60.07118794194619,13.429694497380012,180,3.0,14:12:30,14:15:30,False,,no_dispenser,0
2162581,heavy,701.0,34.0,40-ft,PCT,2,SAT,14902047,14902117,701,701,61058,61063,Haney Place @ Bay 7,Haney Place @ Bay 2,61058,Haney Place,52830,53130,in_service_layover,54.54169588800192,58.4843194614349,22.23639695416199,300,5.0,14:40:30,14:45:30,False,,no_dispenser,0
2164620,heavy,701.0,35.0,40-ft,PCT,2,SAT,14902049,14902119,701,701,61058,61063,Haney Place @ Bay 7,Haney Place @ Bay 2,61058,Haney Place,54690,54930,in_service_layover,57.39324835158337,60.55873505479238,17.853345006098778,240,4.0,15:11:30,15:15:30,False,,no_dispenser,0
2164623,heavy,701.0,49.0,40-ft,PCT,2,SAT,14902051,14902121,701,701,61058,61063,Haney Place @ Bay 7,Haney Place @ Bay 2,61058,Haney Place,56490,56730,in_service_layover,61.903175333195016,64.89120486826853,16.85248657781466,240,4.0,15:41:30,15:45:30,False,,no_dispenser,0
2162577,heavy,701.0,37.0,40-ft,PCT,2,SAT,14902053,14902123,701,701,61058,61063,Haney Place @ Bay 7,Haney Place @ Bay 2,61058,Haney Place,58290,58830,in_service_layover,57.267673485582726,64.15104322656377,38.82220533913312,540,9.0,16:11:30,16:20:30,False,,no_dispenser,0
2162581,heavy,701.0,34.0,40-ft,PCT,2,SAT,14902055,14902125,701,701,61058,61063,Haney Place @ Bay 7,Haney Place @ Bay 2,61058,Haney Place,60150,60630,in_service_layover,55.05500591078288,61.32691730718762,35.3735802757227,480,8.0,16:42:30,16:50:30,False,,no_dispenser,0
2164620,heavy,701.0,35.0,40-ft,PCT,2,SAT,14902057,14902127,701,701,61058,61063,Haney Place @ Bay 7,Haney Place @ Bay 2,61058,Haney Place,61830,62430,in_service_layover,57.71565723066329,65.2566444277378,42.53116779150025,600,10.0,17:10:30,17:20:30,False,,no_dispenser,0
2164623,heavy,701.0,49.0,40-ft,PCT,2,SAT,14902059,14902129,701,701,61058,61063,Haney Place @ Bay 7,Haney Place @ Bay 2,61058,Haney Place,63630,64230,in_service_layover,61.504133190754,68.58072389663234,39.911971581153864,600,10.0,17:40:30,17:50:30,False,,no_dispenser,0
2162577,heavy,701.0,37.0,40-ft,PCT,2,SAT,14902061,14902131,701,701,61058,61063,Haney Place @ Bay 7,Haney Place @ Bay 2,61058,Haney Place,65430,66030,in_service_layover,58.2129415218432,65.70216470982476,42.239218780215936,600,10.0,18:10:30,18:20:30,False,,no_dispenser,0
2162581,heavy,701.0,34.0,40-ft,PCT,2,SAT,14902063,14902133,701,701,61058,61063,Haney Place @ Bay 7,Haney Place @ Bay 2,61058,Haney Place,67170,67830,in_service_layover,57.725306816193445,65.94521799612629,46.360299054821155,660,11.0,18:39:30,18:50:30,False,,no_dispenser,0
2160039,heavy,27.0,32.0,40-ft,BTC,2,SAT,14837478,14837418,027,027,51722,59664,Joyce Station @ Bay 1 Unload Only,Joyce Station @ Bay 7,51722,Joyce Station,30450,30990,in_service_layover,67.70536213444089,73.40295242660932,32.134409247829865,540,9.0,08:27:30,08:36:30,False,,no_dispenser,0
2160048,heavy,27.0,35.0,40-ft,BTC,2,SAT,14837132,14837739,026,028,51722,51671,Joyce Station @ Bay 1 Unload Only,Joyce Station @ Bay 2,51722,Joyce Station,30870,31050,in_service_layover,60.90505364021001,63.20274677353589,12.95898927195799,180,3.0,08:34:30,08:37:30,False,,no_dispenser,0
2160045,heavy,27.0,33.0,40-ft,BTC,2,SAT,14837144,14837741,026,028,51722,51671,Joyce Station @ Bay 1 Unload Only,Joyce Station @ Bay 2,51722,Joyce Station,32250,32550,in_service_layover,62.0760867546518,65.76544332943597,20.80797108178274,300,5.0,08:57:30,09:02:30,False,,no_dispenser,0
2160047,heavy,27.0,38.0,40-ft,BTC,2,SAT,14837464,14837425,027,027,51722,59664,Joyce Station @ Bay 1 Unload Only,Joyce Station @ Bay 7,51722,Joyce Station,32910,33330,in_service_layover,67.70536213444089,72.25949408716413,25.685304213359018,420,7.0,09:08:30,09:15:30,False,,no_dispenser,0
2160044,heavy,27.0,34.0,40-ft,BTC,2,SAT,14837133,14837204,026,026,51722,58249,Joyce Station @ Bay 1 Unload Only,Joyce Station @ Bay 6,51722,Joyce Station,33630,34110,in_service_layover,59.94511274514702,65.88020970247402,33.4739468393243,480,8.0,09:20:30,09:28:30,False,,no_dispenser,0
2160046,heavy,27.0,40.0,40-ft,BTC,2,SAT,14837766,14837743,028,028,51722,51671,Joyce Station @ Bay 1 Unload Only,Joyce Station @ Bay 2,51722,Joyce Station,33870,34770,in_service_layover,66.8748391784424,75.75579895618382,50.088613146461626,900,15.0,09:24:30,09:39:30,False,,no_dispenser,0
2160039,heavy,27.0,32.0,40-ft,BTC,2,SAT,14837483,14837426,027,027,51722,59664,Joyce Station @ Bay 1 Unload Only,Joyce Station @ Bay 7,51722,Joyce Station,34110,34530,in_service_layover,67.407134474525,71.99031674989283,25.849148033074528,420,7.0,09:28:30,09:35:30,False,,no_dispenser,0
2160043,heavy,27.0,31.0,40-ft,BTC,2,SAT,14837143,14837205,026,026,51722,58249,Joyce Station @ Bay 1 Unload Only,Joyce Station @ Bay 6,51722,Joyce Station,34770,35310,in_service_layover,48.45745606563885,55.44203479442801,39.39302403037084,540,9.0,09:39:30,09:48:30,False,,no_dispenser,0
2160066,heavy,27.0,41.0,40-ft,BTC,2,SAT,14837484,14837405,027,027,51722,59664,Joyce Station @ Bay 1 Unload Only,Joyce Station @ Bay 7,51722,Joyce Station,35310,35730,in_service_layover,68.57390644869852,73.04218586975631,25.20109593476593,420,7.0,09:48:30,09:55:30,False,,no_dispenser,0
2160038,heavy,27.0,39.0,40-ft,BTC,2,SAT,14837149,14837206,026,026,51722,58249,Joyce Station @ Bay 1 Unload Only,Joyce Station @ Bay 6,51722,Joyce Station,35970,36510,in_service_layover,63.368973512295355,69.59555436876815,35.11791603050659,540,9.0,09:59:30,10:08:30,False,,no_dispenser,0
2160048,heavy,27.0,35.0,40-ft,BTC,2,SAT,14837772,14837745,028,028,51722,51671,Joyce Station @ Bay 1 Unload Only,Joyce Station @ Bay 2,51722,Joyce Station,36330,37350,in_service_layover,64.79066286957257,75.05805600299534,57.90809727250445,1020,17.0,10:05:30,10:22:30,False,,no_dispenser,0
2160047,heavy,27.0,38.0,40-ft,BTC,2,SAT,14837485,14837428,027,027,51722,59664,Joyce Station @ Bay 1 Unload Only,Joyce Station @ Bay 7,51722,Joyce Station,36510,36870,in_service_layover,68.24020260326716,72.15126473838657,22.05839044207346,360,6.0,10:08:30,10:14:30,False,,no_dispenser,0
2160040,heavy,27.0,37.0,40-ft,BTC,2,SAT,14837150,14837184,026,026,51722,58249,Joyce Station @ Bay 1 Unload Only,Joyce Station @ Bay 6,51722,Joyce Station,37170,37650,in_service_layover,59.837040085578984,65.78385123046574,33.54001485716134,480,8.0,10:19:30,10:27:30,False,,no_dispenser,0
2160045,heavy,27.0,33.0,40-ft,BTC,2,SAT,14837773,14837746,028,028,51722,51671,Joyce Station @ Bay 1 Unload Only,Joyce Station @ Bay 2,51722,Joyce Station,37530,38370,in_service_layover,63.98654613122383,72.96371486308388,50.6312316476907,840,14.0,10:25:30,10:39:30,False,,no_dispenser,0
2160039,heavy,27.0,32.0,40-ft,BTC,2,SAT,14837486,14837429,027,027,51722,59664,Joyce Station @ Bay 1 Unload Only,Joyce Station @ Bay 7,51722,Joyce Station,37710,38010,in_service_layover,67.98260596710078,71.30334780246925,18.728983951478142,300,5.0,10:28:30,10:33:30,False,,no_dispenser,0
2160042,heavy,27.0,36.0,40-ft,BTC,2,SAT,14837151,14837207,026,026,51722,58249,Joyce Station @ Bay 1 Unload Only,Joyce Station @ Bay 6,51722,Joyce Station,38430,38790,in_service_layover,54.171338455682694,58.90427914088022,26.693785464514065,360,6.0,10:40:30,10:46:30,False,,no_dispenser,0
2160066,heavy,27.0,41.0,40-ft,BTC,2,SAT,14837487,14837430,027,027,51722,59664,Joyce Station @ Bay 1 Unload Only,Joyce Station @ Bay 7,51722,Joyce Station,38970,39150,in_service_layover,67.04636791767201,69.12576944932765,11.727824638537754,180,3.0,10:49:30,10:52:30,False,,no_dispenser,0
2160047,heavy,27.0,38.0,40-ft,BTC,2,SAT,14837488,14837431,027,027,51722,59664,Joyce Station @ Bay 1 Unload Only,Joyce Station @ Bay 7,51722,Joyce Station,40170,40350,in_service_layover,68.13665101328172,70.17419102201202,11.491725649238901,180,3.0,11:09:30,11:12:30,False,,no_dispenser,0
2160046,heavy,27.0,40.0,40-ft,BTC,2,SAT,14837775,14837748,028,028,51722,51671,Joyce Station @ Bay 1 Unload Only,Joyce Station @ Bay 2,51722,Joyce Station,40350,40950,in_service_layover,66.3361202369512,72.77110951510365,36.293339528779825,600,10.0,11:12:30,11:22:30,False,,no_dispenser,0
2160044,heavy,27.0,34.0,40-ft,BTC,2,SAT,14837152,14837210,026,026,51722,58249,Joyce Station @ Bay 1 Unload Only,Joyce Station @ Bay 6,51722,Joyce Station,40830,41190,in_service_layover,52.17071118701093,56.86575703913037,26.480058605953616,360,6.0,11:20:30,11:26:30,False,,no_dispenser,0
2160039,heavy,27.0,32.0,40-ft,BTC,2,SAT,14837489,14837432,027,027,51722,59664,Joyce Station @ Bay 1 Unload Only,Joyce Station @ Bay 7,51722,Joyce Station,41370,41550,in_service_layover,67.96195617554504,70.00640047403175,11.530665843465101,180,3.0,11:29:30,11:32:30,False,,no_dispenser,0
2160043,heavy,27.0,31.0,40-ft,BTC,2,SAT,14837153,14837211,026,026,51722,58249,Joyce Station @ Bay 1 Unload Only,Joyce Station @ Bay 6,51722,Joyce Station,42090,42390,in_service_layover,41.73253627896493,45.53284064397838,21.433716618675902,300,5.0,11:41:30,11:46:30,False,,no_dispenser,0
2160066,heavy,27.0,41.0,40-ft,BTC,2,SAT,14837490,14837433,027,027,51722,59664,Joyce Station @ Bay 1 Unload Only,Joyce Station @ Bay 7,51722,Joyce Station,42570,42750,in_service_layover,65.89999341285954,68.0205610223326,11.960001317428066,180,3.0,11:49:30,11:52:30,False,,no_dispenser,0
2160048,heavy,27.0,35.0,40-ft,BTC,2,SAT,14837777,14837750,028,028,51722,51671,Joyce Station @ Bay 1 Unload Only,Joyce Station @ Bay 2,51722,Joyce Station,42810,43350,in_service_layover,65.63837728376272,71.59389198091588,33.58910289194387,540,9.0,11:53:30,12:02:30,False,,no_dispenser,0
2160038,heavy,27.0,39.0,40-ft,BTC,2,SAT,14837154,14837212,026,026,51722,58249,Joyce Station @ Bay 1 Unload Only,Joyce Station @ Bay 6,51722,Joyce Station,43290,43590,in_service_layover,55.88605585330507,59.84160605948634,22.309303162862307,300,5.0,12:01:30,12:06:30,False,,no_dispenser,0
2160047,heavy,27.0,38.0,40-ft,BTC,2,SAT,14837491,14837434,027,027,51722,59664,Joyce Station @ Bay 1 Unload Only,Joyce Station @ Bay 7,51722,Joyce Station,43830,44250,in_service_layover,66.89420806035936,71.52684220223841,26.128056560197876,420,7.0,12:10:30,12:17:30,False,,no_dispenser,0
2160040,heavy,27.0,37.0,40-ft,BTC,2,SAT,14837155,14837213,026,026,51722,58249,Joyce Station @ Bay 1 Unload Only,Joyce Station @ Bay 6,51722,Joyce Station,44490,44790,in_service_layover,52.07435271500267,55.97698085324249,22.010822699672588,300,5.0,12:21:30,12:26:30,False,,no_dispenser,0
2160039,heavy,27.0,32.0,40-ft,BTC,2,SAT,14837492,14837435,027,027,51722,59664,Joyce Station @ Bay 1 Unload Only,Joyce Station @ Bay 7,51722,Joyce Station,45030,45450,in_service_layover,66.7352747729475,71.3831004314366,26.213736713878518,420,7.0,12:30:30,12:37:30,False,,no_dispenser,0
2165023,heavy,27.0,44.0,40-ft,BTC,2,SAT,14837779,14837752,028,028,51722,51671,Joyce Station @ Bay 1 Unload Only,Joyce Station @ Bay 2,51722,Joyce Station,45150,45750,in_service_layover,69.25319428221009,75.2730156311707,33.951792408137806,600,10.0,12:32:30,12:42:30,False,,no_dispenser,0
2160042,heavy,27.0,36.0,40-ft,BTC,2,SAT,14837156,14837214,026,026,51722,58249,Joyce Station @ Bay 1 Unload Only,Joyce Station @ Bay 6,51722,Joyce Station,45750,45990,in_service_layover,45.19478062541714,48.24507336279349,17.203651038802633,240,4.0,12:42:30,12:46:30,False,,no_dispenser,0
2160066,heavy,27.0,41.0,40-ft,BTC,2,SAT,14837493,14837436,027,027,51722,59664,Joyce Station @ Bay 1 Unload Only,Joyce Station @ Bay 7,51722,Joyce Station,46230,46650,in_service_layover,64.16423599374349,69.04916962641039,27.55102568824134,420,7.0,12:50:30,12:57:30,False,,no_dispenser,0
2160041,heavy,27.0,42.0,40-ft,BTC,2,SAT,14837157,14837215,026,026,51722,58249,Joyce Station @ Bay 1 Unload Only,Joyce Station @ Bay 6,51722,Joyce Station,46950,47190,in_service_layover,60.69244904174528,63.73772331873132,17.175346922201243,240,4.0,13:02:30,13:06:30,False,,no_dispenser,0
2165027,heavy,27.0,43.0,40-ft,BTC,2,SAT,14837781,14837734,028,028,51722,51671,Joyce Station @ Bay 1 Unload Only,Joyce Station @ Bay 2,51722,Joyce Station,47730,48150,in_service_layover,64.45697620399746,69.31573371528876,27.40339236368294,420,7.0,13:15:30,13:22:30,False,,no_dispenser,0
2160044,heavy,27.0,34.0,40-ft,BTC,2,SAT,14837158,14837216,026,026,51722,58249,Joyce Station @ Bay 1 Unload Only,Joyce Station @ Bay 6,51722,Joyce Station,48150,48450,in_service_layover,43.15625852366729,46.96275532933857,21.468641983986032,300,5.0,13:22:30,13:27:30,False,,no_dispenser,0
2160048,heavy,27.0,35.0,40-ft,BTC,2,SAT,14837782,14837754,028,028,51722,51671,Joyce Station @ Bay 1 Unload Only,Joyce Station @ Bay 2,51722,Joyce Station,48810,49350,in_service_layover,66.12892707178008,72.02418172765933,33.24923625915892,540,9.0,13:33:30,13:42:30,False,,no_dispenser,0
2160043,heavy,27.0,31.0,40-ft,BTC,2,SAT,14837159,14837217,026,026,51722,58249,Joyce Station @ Bay 1 Unload Only,Joyce Station @ Bay 6,51722,Joyce Station,49410,49590,in_service_layover,31.823342128515307,34.07465070304245,12.697380360333113,180,3.0,13:43:30,13:46:30,False,,no_dispenser,0
2160045,heavy,27.0,33.0,40-ft,BTC,2,SAT,14837783,14837755,028,028,51722,51671,Joyce Station @ Bay 1 Unload Only,Joyce Station @ Bay 2,51722,Joyce Station,50010,50490,in_service_layover,66.65079173456525,71.90284333562286,29.62157102996497,480,8.0,13:53:30,14:01:30,False,,no_dispenser,0
2160038,heavy,27.0,39.0,40-ft,BTC,2,SAT,14837174,14837218,026,026,51722,58249,Joyce Station @ Bay 1 Unload Only,Joyce Station @ Bay 6,51722,Joyce Station,50610,50850,in_service_layover,46.13210754402325,49.18661888543438,17.22744396555879,240,4.0,14:03:30,14:07:30,False,,no_dispenser,0
2165023,heavy,27.0,44.0,40-ft,BTC,2,SAT,14837784,14837756,028,028,51722,51671,Joyce Station @ Bay 1 Unload Only,Joyce Station @ Bay 2,51722,Joyce Station,51330,51630,in_service_layover,65.85333691193807,69.31522218592843,19.525032945305668,300,5.0,14:15:30,14:20:30,False,,no_dispenser,0
2160040,heavy,27.0,37.0,40-ft,BTC,2,SAT,14837134,14837219,026,026,51722,58249,Joyce Station @ Bay 1 Unload Only,Joyce Station @ Bay 6,51722,Joyce Station,51870,52110,in_service_layover,42.2674823377794,45.30757776003483,17.146138181520627,240,4.0,14:24:30,14:28:30,False,,no_dispenser,0
2160046,heavy,27.0,40.0,40-ft,BTC,2,SAT,14837785,14837757,028,028,51722,51671,Joyce Station @ Bay 1 Unload Only,Joyce Station @ Bay 2,51722,Joyce Station,52410,52950,in_service_layover,64.42241854623806,70.52474920012831,34.41714488794105,540,9.0,14:33:30,14:42:30,False,,no_dispenser,0
2160042,heavy,27.0,36.0,40-ft,BTC,2,SAT,14837148,14837220,026,026,51722,58249,Joyce Station @ Bay 1 Unload Only,Joyce Station @ Bay 6,51722,Joyce Station,53070,53310,in_service_layover,34.53557484733041,37.5487664947887,16.99440089166478,240,4.0,14:44:30,14:48:30,False,,no_dispenser,0
2160047,heavy,27.0,38.0,40-ft,BTC,2,SAT,14837499,14837442,027,027,51722,59664,Joyce Station @ Bay 1 Unload Only,Joyce Station @ Bay 7,51722,Joyce Station,53430,53790,in_service_layover,68.8141383565106,72.6764013870397,21.783163492184144,360,6.0,14:50:30,14:56:30,False,,no_dispenser,0
2165027,heavy,27.0,43.0,40-ft,BTC,2,SAT,14837786,14837758,028,028,51722,51671,Joyce Station @ Bay 1 Unload Only,Joyce Station @ Bay 2,51722,Joyce Station,53610,54150,in_service_layover,63.38402177952537,69.60884721788828,35.108015472366844,540,9.0,14:53:30,15:02:30,False,,no_dispenser,0
2160041,heavy,27.0,42.0,40-ft,BTC,2,SAT,14837160,14837221,026,026,51722,58249,Joyce Station @ Bay 1 Unload Only,Joyce Station @ Bay 6,51722,Joyce Station,54210,54390,in_service_layover,50.02822480326823,52.33988341398651,13.03775456445112,180,3.0,15:03:30,15:06:30,False,,no_dispenser,0
2160039,heavy,27.0,32.0,40-ft,BTC,2,SAT,14837468,14837443,027,027,51722,59664,Joyce Station @ Bay 1 Unload Only,Joyce Station @ Bay 7,51722,Joyce Station,54690,54990,in_service_layover,68.70500431732142,71.97532381659116,18.444601975881312,300,5.0,15:11:30,15:16:30,False,,no_dispenser,0
2160048,heavy,27.0,35.0,40-ft,BTC,2,SAT,14837787,14837759,028,028,51722,51671,Joyce Station @ Bay 1 Unload Only,Joyce Station @ Bay 2,51722,Joyce Station,55110,55350,in_service_layover,68.78396701297635,71.43084780731968,14.928407680096484,240,4.0,15:18:30,15:22:30,False,,no_dispenser,0
2160044,heavy,27.0,34.0,40-ft,BTC,2,SAT,14837161,14837222,026,026,51722,58249,Joyce Station @ Bay 1 Unload Only,Joyce Station @ Bay 6,51722,Joyce Station,55470,55650,in_service_layover,33.253256813875495,35.50829701310731,12.718426723667449,180,3.0,15:24:30,15:27:30,False,,no_dispenser,0
2160066,heavy,27.0,41.0,40-ft,BTC,2,SAT,14837500,14837444,027,027,51722,59664,Joyce Station @ Bay 1 Unload Only,Joyce Station @ Bay 7,51722,Joyce Station,55890,56190,in_service_layover,66.93938038271925,70.33066973140592,19.1268719265928,300,5.0,15:31:30,15:36:30,False,,no_dispenser,0
2160045,heavy,27.0,33.0,40-ft,BTC,2,SAT,14837788,14837760,028,028,51722,51671,Joyce Station @ Bay 1 Unload Only,Joyce Station @ Bay 2,51722,Joyce Station,56010,56550,in_service_layover,66.41210705019822,72.27230599355065,33.05152204050768,540,9.0,15:33:30,15:42:30,False,,no_dispenser,0
2160043,heavy,27.0,31.0,40-ft,BTC,2,SAT,14837162,14837175,026,026,51722,58249,Joyce Station @ Bay 1 Unload Only,Joyce Station @ Bay 6,51722,Joyce Station,56730,56910,in_service_layover,20.365152187579376,22.586646698745476,12.529229042976823,180,3.0,15:45:30,15:48:30,False,,no_dispenser,0
2165023,heavy,27.0,44.0,40-ft,BTC,2,SAT,14837789,14837761,028,028,51722,51671,Joyce Station @ Bay 1 Unload Only,Joyce Station @ Bay 2,51722,Joyce Station,57270,57750,in_service_layover,65.27893785196656,70.6795156499543,30.45925878065077,480,8.0,15:54:30,16:02:30,False,,no_dispenser,0
2160038,heavy,27.0,39.0,40-ft,BTC,2,SAT,14837163,14837176,026,026,51722,58249,Joyce Station @ Bay 1 Unload Only,Joyce Station @ Bay 6,51722,Joyce Station,57870,58050,in_service_layover,35.477120369971296,37.73796414914442,12.751158914536376,180,3.0,16:04:30,16:07:30,False,,no_dispenser,0
2160047,heavy,27.0,38.0,40-ft,BTC,2,SAT,14837502,14837427,027,027,51722,59664,Joyce Station @ Bay 1 Unload Only,Joyce Station @ Bay 7,51722,Joyce Station,58350,58590,in_service_layover,66.6805834349554,69.44003148874843,15.563287023392718,240,4.0,16:12:30,16:16:30,False,,no_dispenser,0
2160046,heavy,27.0,40.0,40-ft,BTC,2,SAT,14837790,14837762,028,028,51722,51671,Joyce Station @ Bay 1 Unload Only,Joyce Station @ Bay 2,51722,Joyce Station,58410,58950,in_service_layover,65.76107928397572,71.7015771037244,33.504407703382526,540,9.0,16:13:30,16:22:30,False,,no_dispenser,0
2165027,heavy,27.0,43.0,40-ft,BTC,2,SAT,14837791,14837723,028,028,51722,51671,Joyce Station @ Bay 1 Unload Only,Joyce Station @ Bay 2,51722,Joyce Station,59610,60150,in_service_layover,64.93131738057497,70.97264602939276,34.073093579332294,540,9.0,16:33:30,16:42:30,False,,no_dispenser,0
2160042,heavy,27.0,36.0,40-ft,BTC,2,SAT,14837165,14837178,026,026,51722,58249,Joyce Station @ Bay 1 Unload Only,Joyce Station @ Bay 6,51722,Joyce Station,60330,60510,in_service_layover,23.839267979325623,26.06916995995413,12.576647170744764,180,3.0,16:45:30,16:48:30,False,,no_dispenser,0
2160048,heavy,27.0,35.0,40-ft,BTC,2,SAT,14837792,14837763,028,028,51722,51671,Joyce Station @ Bay 1 Unload Only,Joyce Station @ Bay 2,51722,Joyce Station,60930,61350,in_service_layover,67.72781520344599,72.27975133270921,25.672919769044597,420,7.0,16:55:30,17:02:30,False,,no_dispenser,0
2160065,heavy,27.0,45.0,40-ft,BTC,2,SAT,14837456,14837448,027,027,51722,59664,Joyce Station @ Bay 1 Unload Only,Joyce Station @ Bay 7,51722,Joyce Station,61950,62130,in_service_layover,67.90794228936635,69.95450614022904,11.542620118865614,180,3.0,17:12:30,17:15:30,False,,no_dispenser,0
2160045,heavy,27.0,33.0,40-ft,BTC,2,SAT,14837793,14837725,028,028,51722,51671,Joyce Station @ Bay 1 Unload Only,Joyce Station @ Bay 2,51722,Joyce Station,62070,62490,in_service_layover,68.46157017461991,72.94105808184347,25.264311796740913,420,7.0,17:14:30,17:21:30,False,,no_dispenser,0
2165023,heavy,27.0,44.0,40-ft,BTC,2,SAT,14837794,14837726,028,028,51722,51671,Joyce Station @ Bay 1 Unload Only,Joyce Station @ Bay 2,51722,Joyce Station,63210,63570,in_service_layover,65.90108613187185,70.00264301030525,23.132780794364407,360,6.0,17:33:30,17:39:30,False,,no_dispenser,0
2160039,heavy,27.0,32.0,40-ft,BTC,2,SAT,14837458,14837450,027,027,51722,59664,Joyce Station @ Bay 1 Unload Only,Joyce Station @ Bay 7,51722,Joyce Station,64350,64530,in_service_layover,69.1550942505098,71.15088654898292,11.256268563388403,180,3.0,17:52:30,17:55:30,False,,no_dispenser,0
2160046,heavy,27.0,40.0,40-ft,BTC,2,SAT,14837795,14837727,028,028,51722,51671,Joyce Station @ Bay 1 Unload Only,Joyce Station @ Bay 2,51722,Joyce Station,64530,64830,in_service_layover,67.96408270868609,71.28610035489432,18.73617952461433,300,5.0,17:55:30,18:00:30,False,,no_dispenser,0
2160038,heavy,27.0,39.0,40-ft,BTC,2,SAT,14837166,14837182,026,026,51722,58249,Joyce Station @ Bay 1 Unload Only,Joyce Station @ Bay 6,51722,Joyce Station,65070,65310,in_service_layover,24.028465633681336,27.004647730014607,16.785667023319633,240,4.0,18:04:30,18:08:30,False,,no_dispenser,0
2160066,heavy,27.0,41.0,40-ft,BTC,2,SAT,14837459,14837451,027,027,51722,59664,Joyce Station @ Bay 1 Unload Only,Joyce Station @ Bay 7,51722,Joyce Station,65550,65730,in_service_layover,67.90836854073184,69.95491569071088,11.542525925881705,180,3.0,18:12:30,18:15:30,False,,no_dispenser,0
2165027,heavy,27.0,43.0,40-ft,BTC,2,SAT,14837796,14837728,028,028,51722,51671,Joyce Station @ Bay 1 Unload Only,Joyce Station @ Bay 2,51722,Joyce Station,65730,66090,in_service_layover,67.32752697637679,71.31451943106016,22.48663744441427,360,6.0,18:15:30,18:21:30,False,,no_dispenser,0
2160048,heavy,27.0,35.0,40-ft,BTC,2,SAT,14837797,14837729,028,028,51722,51671,Joyce Station @ Bay 1 Unload Only,Joyce Station @ Bay 2,51722,Joyce Station,66810,67230,in_service_layover,68.46805479596632,72.94689661567602,25.260667863162666,420,7.0,18:33:30,18:40:30,False,,no_dispenser,0
2160047,heavy,27.0,38.0,40-ft,BTC,2,SAT,14837461,14837201,027,026,51722,58249,Joyce Station @ Bay 1 Unload Only,Joyce Station @ Bay 6,51722,Joyce Station,68010,68310,in_service_layover,67.6526889849269,70.99603103277676,18.8564491498733,300,5.0,18:53:30,18:58:30,False,,no_dispenser,0
2160065,heavy,27.0,45.0,40-ft,BTC,2,SAT,14837470,14837422,027,027,51722,59664,Joyce Station @ Bay 1 Unload Only,Joyce Station @ Bay 7,51722,Joyce Station,70710,71190,in_service_layover,68.83250997976604,73.8388087818671,28.235525243849963,480,8.0,19:38:30,19:46:30,False,,no_dispenser,0
2160041,heavy,27.0,42.0,40-ft,BTC,2,SAT,14837806,14837195,028,026,51722,58249,Joyce Station @ Bay 1 Unload Only,Joyce Station @ Bay 6,51722,Joyce Station,73590,73770,in_service_layover,20.70347621105661,22.925421335055404,12.5317704993532,180,3.0,20:26:30,20:29:30,False,,no_dispenser,0
2160065,heavy,27.0,45.0,40-ft,BTC,2,SAT,14837472,14837411,027,027,51722,59664,Joyce Station @ Bay 1 Unload Only,Joyce Station @ Bay 7,51722,Joyce Station,74430,74790,in_service_layover,67.84299082978279,71.78735113126746,22.24619210037349,360,6.0,20:40:30,20:46:30,False,,no_dispenser,0
2160047,heavy,27.0,38.0,40-ft,BTC,2,SAT,14837138,14837719,026,028,51722,51671,Joyce Station @ Bay 1 Unload Only,Joyce Station @ Bay 2,51722,Joyce Station,75630,75870,in_service_layover,57.28653251731368,60.453208771918554,17.860054075971448,240,4.0,21:00:30,21:04:30,False,,no_dispenser,0
2160039,heavy,27.0,32.0,40-ft,BTC,2,SAT,14837479,14837417,027,027,51722,59664,Joyce Station @ Bay 1 Unload Only,Joyce Station @ Bay 7,51722,Joyce Station,76290,76650,in_service_layover,67.82943641366175,71.77492649135738,22.252564038203218,360,6.0,21:11:30,21:17:30,False,,no_dispenser,0
2160046,heavy,27.0,40.0,40-ft,BTC,2,SAT,14837141,14837731,026,028,51722,51671,Joyce Station @ Bay 1 Unload Only,Joyce Station @ Bay 2,51722,Joyce Station,77430,77730,in_service_layover,54.44140697243584,58.38240487058092,22.22722814553822,300,5.0,21:30:30,21:35:30,False,,no_dispenser,0
2160065,heavy,27.0,45.0,40-ft,BTC,2,SAT,14837465,14837410,027,027,51722,59664,Joyce Station @ Bay 1 Unload Only,Joyce Station @ Bay 7,51722,Joyce Station,78090,78570,in_service_layover,69.62632676758341,74.54030007035972,27.71480942765845,480,8.0,21:41:30,21:49:30,False,,no_dispenser,0
2160039,heavy,27.0,32.0,40-ft,BTC,2,SAT,14837469,14837192,027,026,51722,58249,Joyce Station @ Bay 1 Unload Only,Joyce Station @ Bay 6,51722,Joyce Station,79770,80370,in_service_layover,68.40695859889419,74.54937672173604,34.64323821282807,600,10.0,22:09:30,22:19:30,False,,no_dispenser,0
2160065,heavy,27.0,45.0,40-ft,BTC,2,SAT,14837476,14837421,027,027,51722,59664,Joyce Station @ Bay 1 Unload Only,Joyce Station @ Bay 7,51722,Joyce Station,81690,82350,in_service_layover,68.54448211827543,75.18210228144598,37.43617772028193,660,11.0,22:41:30,22:52:30,False,,no_dispenser,0
2160039,heavy,27.0,32.0,40-ft,BTC,2,SAT,14837130,14837717,026,028,51722,51671,Joyce Station @ Bay 1 Unload Only,Joyce Station @ Bay 2,51722,Joyce Station,86550,87030,in_service_layover,60.83987820627296,66.68929656985428,32.990719570598685,480,8.0,24:02:30,24:10:30,False,,no_dispenser,0
2160067,heavy,210.0,58.0,40-ft,BTC,2,SAT,14837471,14837737,027,028,51722,51671,Joyce Station @ Bay 1 Unload Only,Joyce Station @ Bay 2,51722,Joyce Station,88890,89790,in_service_layover,31.47272047156641,42.81511381842146,63.971098476262455,900,15.0,24:41:30,24:56:30,False,,no_dispenser,0
2160043,heavy,27.0,31.0,40-ft,BTC,2,SAT,14837423,14837477,027,027,51695,51695,Kootenay Loop @ Bay 3,Kootenay Loop @ Bay 3,51695,Kootenay Loop,27570,27810,in_service_layover,58.2507921753132,61.39989080077059,17.7609162475797,240,4.0,07:39:30,07:43:30,False,,no_dispenser,0
2160932,heavy,160.0,21.0,40-ft,PCT,2,SAT,14851655,14851574,160,160,58042,58042,Kootenay Loop @ Bay 2,Kootenay Loop @ Bay 2,58042,Kootenay Loop,27990,28170,in_service_layover,52.73757028855927,55.075579863251754,13.18637400126562,180,3.0,07:46:30,07:49:30,False,,no_dispenser,0
2160039,heavy,27.0,32.0,40-ft,BTC,2,SAT,14837406,14837478,027,027,51695,51695,Kootenay Loop @ Bay 3,Kootenay Loop @ Bay 3,51695,Kootenay Loop,28830,29010,in_service_layover,69.04655554554124,71.0469186216284,11.28204774913155,180,3.0,08:00:30,08:03:30,False,,no_dispenser,0
2160935,heavy,160.0,23.0,40-ft,PCT,2,SAT,14851657,14851577,160,160,58042,58042,Kootenay Loop @ Bay 2,Kootenay Loop @ Bay 2,58042,Kootenay Loop,31170,31410,in_service_layover,62.61365241488588,65.56808965295275,16.663026022697125,240,4.0,08:39:30,08:43:30,False,,no_dispenser,0
2160047,heavy,27.0,38.0,40-ft,BTC,2,SAT,14837407,14837464,027,027,51695,51695,Kootenay Loop @ Bay 3,Kootenay Loop @ Bay 3,51695,Kootenay Loop,31230,31410,in_service_layover,69.04655554554124,71.0469186216284,11.28204774913155,180,3.0,08:40:30,08:43:30,False,,no_dispenser,0
2160066,heavy,27.0,41.0,40-ft,BTC,2,SAT,14837413,14837484,027,027,51695,51695,Kootenay Loop @ Bay 3,Kootenay Loop @ Bay 3,51695,Kootenay Loop,33630,33810,in_service_layover,69.95421634155053,71.91546293588604,11.06143079205225,180,3.0,09:20:30,09:23:30,False,,no_dispenser,0
2160929,heavy,160.0,24.0,40-ft,PCT,2,SAT,14851660,14851580,160,160,58042,58042,Kootenay Loop @ Bay 2,Kootenay Loop @ Bay 2,58042,Kootenay Loop,33750,34110,in_service_layover,62.61365241488588,66.96020188900744,24.51453903404564,360,6.0,09:22:30,09:28:30,False,,no_dispenser,0
2160934,heavy,160.0,22.0,40-ft,PCT,2,SAT,14851628,14851581,160,160,58042,58042,Kootenay Loop @ Bay 2,Kootenay Loop @ Bay 2,58042,Kootenay Loop,34410,34950,in_service_layover,52.73757028855927,59.808471036556064,39.87988021870194,540,9.0,09:33:30,09:42:30,False,,no_dispenser,0
2160047,heavy,27.0,38.0,40-ft,BTC,2,SAT,14837425,14837485,027,027,51695,51695,Kootenay Loop @ Bay 3,Kootenay Loop @ Bay 3,51695,Kootenay Loop,34830,35010,in_service_layover,69.60523262226732,71.58175909045468,11.14760928057666,180,3.0,09:40:30,09:43:30,False,,no_dispenser,0
2160937,heavy,160.0,25.0,40-ft,PCT,2,SAT,14851661,14851582,160,160,58042,58042,Kootenay Loop @ Bay 2,Kootenay Loop @ Bay 2,58042,Kootenay Loop,35010,35910,in_service_layover,62.61365241488588,72.38387330631126,55.10404582763914,900,15.0,09:43:30,09:58:30,False,,no_dispenser,0
2160932,heavy,160.0,21.0,40-ft,PCT,2,SAT,14851662,14851583,160,160,58042,58042,Kootenay Loop @ Bay 2,Kootenay Loop @ Bay 2,58042,Kootenay Loop,35970,36750,in_service_layover,41.908921355713154,51.88961555006901,56.29111525616702,780,13.0,09:59:30,10:12:30,False,,no_dispenser,0
2160039,heavy,27.0,32.0,40-ft,BTC,2,SAT,14837426,14837486,027,027,51695,51695,Kootenay Loop @ Bay 3,Kootenay Loop @ Bay 3,51695,Kootenay Loop,36030,36210,in_service_layover,69.33605528499602,71.32416245428828,11.212924434808372,180,3.0,10:00:30,10:03:30,False,,no_dispenser,0
2160939,heavy,160.0,26.0,40-ft,PCT,2,SAT,14851664,14851585,160,160,58042,58042,Kootenay Loop @ Bay 2,Kootenay Loop @ Bay 2,58042,Kootenay Loop,37590,38370,in_service_layover,62.61365241488588,71.30271741054489,49.00632657551682,780,13.0,10:26:30,10:39:30,False,,no_dispenser,0
2160047,heavy,27.0,38.0,40-ft,BTC,2,SAT,14837428,14837488,027,027,51695,51695,Kootenay Loop @ Bay 3,Kootenay Loop @ Bay 3,51695,Kootenay Loop,38430,38610,in_service_layover,69.49700327348978,71.47820750046924,11.173991840164149,180,3.0,10:40:30,10:43:30,False,,no_dispenser,0
2160931,heavy,160.0,27.0,40-ft,PCT,2,SAT,14851665,14851586,160,160,58042,58042,Kootenay Loop @ Bay 2,Kootenay Loop @ Bay 2,58042,Kootenay Loop,38550,39510,in_service_layover,62.61365241488588,72.89785541442632,58.002904917408046,960,16.0,10:42:30,10:58:30,False,,no_dispenser,0
2160039,heavy,27.0,32.0,40-ft,BTC,2,SAT,14837429,14837489,027,027,51695,51695,Kootenay Loop @ Bay 3,Kootenay Loop @ Bay 3,51695,Kootenay Loop,39570,39810,in_service_layover,68.64908633757244,71.30351266273254,14.970964473902939,240,4.0,10:59:30,11:03:30,False,,no_dispenser,0
2160935,heavy,160.0,23.0,40-ft,PCT,2,SAT,14851666,14851587,160,160,58042,58042,Kootenay Loop @ Bay 2,Kootenay Loop @ Bay 2,58042,Kootenay Loop,39870,40410,in_service_layover,52.49278722615972,59.56416717026304,39.8825828847427,540,9.0,11:04:30,11:13:30,False,,no_dispenser,0
2160066,heavy,27.0,41.0,40-ft,BTC,2,SAT,14837430,14837490,027,027,51695,51695,Kootenay Loop @ Bay 3,Kootenay Loop @ Bay 3,51695,Kootenay Loop,40710,40950,in_service_layover,66.47150798443084,69.24154990004705,15.623036404075435,240,4.0,11:18:30,11:22:30,False,,no_dispenser,0
2160930,heavy,160.0,28.0,40-ft,PCT,2,SAT,14851667,14851588,160,160,58042,58042,Kootenay Loop @ Bay 2,Kootenay Loop @ Bay 2,58042,Kootenay Loop,40770,41310,in_service_layover,62.61365241488588,68.9276387510373,35.6108829358941,540,9.0,11:19:30,11:28:30,False,,no_dispenser,0
2160936,heavy,160.0,29.0,40-ft,PCT,2,SAT,14851668,14851589,160,160,58042,58042,Kootenay Loop @ Bay 2,Kootenay Loop @ Bay 2,58042,Kootenay Loop,41730,42210,in_service_layover,62.61365241488588,68.28954263918881,32.01202086506851,480,8.0,11:35:30,11:43:30,False,,no_dispenser,0
2160047,heavy,27.0,38.0,40-ft,BTC,2,SAT,14837431,14837491,027,027,51695,51695,Kootenay Loop @ Bay 3,Kootenay Loop @ Bay 3,51695,Kootenay Loop,41970,42210,in_service_layover,67.51992955711522,70.23576454754686,15.317309346034449,240,4.0,11:39:30,11:43:30,False,,no_dispenser,0
2160929,heavy,160.0,24.0,40-ft,PCT,2,SAT,14851669,14851590,160,160,58042,58042,Kootenay Loop @ Bay 2,Kootenay Loop @ Bay 2,58042,Kootenay Loop,42690,43050,in_service_layover,51.55954183938325,56.242699284100304,26.413007988204185,360,6.0,11:51:30,11:57:30,False,,no_dispenser,0
2160039,heavy,27.0,32.0,40-ft,BTC,2,SAT,14837432,14837492,027,027,51695,51695,Kootenay Loop @ Bay 3,Kootenay Loop @ Bay 3,51695,Kootenay Loop,43170,43410,in_service_layover,67.35213900913494,70.07683126013501,15.367264295640325,240,4.0,11:59:30,12:03:30,False,,no_dispenser,0
2160934,heavy,160.0,22.0,40-ft,PCT,2,SAT,14851671,14851591,160,160,58042,58042,Kootenay Loop @ Bay 2,Kootenay Loop @ Bay 2,58042,Kootenay Loop,43650,43950,in_service_layover,46.7203677873714,50.54920398755679,21.5946361690456,300,5.0,12:07:30,12:12:30,False,,no_dispenser,0
2160066,heavy,27.0,41.0,40-ft,BTC,2,SAT,14837433,14837493,027,027,51695,51695,Kootenay Loop @ Bay 3,Kootenay Loop @ Bay 3,51695,Kootenay Loop,44370,44550,in_service_layover,65.36629955743581,67.50579248093099,12.066740088512859,180,3.0,12:19:30,12:22:30,False,,no_dispenser,0
2160937,heavy,160.0,25.0,40-ft,PCT,2,SAT,14851673,14851593,160,160,58042,58042,Kootenay Loop @ Bay 2,Kootenay Loop @ Bay 2,58042,Kootenay Loop,45390,45750,in_service_layover,63.56821321070279,67.84633640550616,24.128614818691062,360,6.0,12:36:30,12:42:30,False,,no_dispenser,0
2160047,heavy,27.0,38.0,40-ft,BTC,2,SAT,14837434,14837495,027,027,51695,51695,Kootenay Loop @ Bay 3,Kootenay Loop @ Bay 3,51695,Kootenay Loop,45930,46950,in_service_layover,68.87258073734162,78.15151279578242,52.33317680960613,1020,17.0,12:45:30,13:02:30,False,,no_dispenser,0
2160932,heavy,160.0,21.0,40-ft,PCT,2,SAT,14851670,14851594,160,160,58042,58042,Kootenay Loop @ Bay 2,Kootenay Loop @ Bay 2,58042,Kootenay Loop,46410,46650,in_service_layover,47.30463120861814,50.366584160109674,17.2694146464122,240,4.0,12:53:30,12:57:30,False,,no_dispenser,0
2160039,heavy,27.0,32.0,40-ft,BTC,2,SAT,14837435,14837496,027,027,51695,51695,Kootenay Loop @ Bay 3,Kootenay Loop @ Bay 3,51695,Kootenay Loop,47130,48150,in_service_layover,68.7288389665398,78.04237875659325,52.52836441590142,1020,17.0,13:05:30,13:22:30,False,,no_dispenser,0
2160938,heavy,160.0,30.0,40-ft,PCT,2,SAT,14851674,14851595,160,160,58042,58042,Kootenay Loop @ Bay 2,Kootenay Loop @ Bay 2,58042,Kootenay Loop,47250,47670,in_service_layover,62.61365241488588,67.63371624721512,28.313160014336972,420,7.0,13:07:30,13:14:30,False,,no_dispenser,0
2160939,heavy,160.0,26.0,40-ft,PCT,2,SAT,14851650,14851596,160,160,58042,58042,Kootenay Loop @ Bay 2,Kootenay Loop @ Bay 2,58042,Kootenay Loop,48090,48570,in_service_layover,62.15013374918087,67.87211746171789,32.27198813870888,480,8.0,13:21:30,13:29:30,False,,no_dispenser,0
2160066,heavy,27.0,41.0,40-ft,BTC,2,SAT,14837436,14837497,027,027,51695,51695,Kootenay Loop @ Bay 3,Kootenay Loop @ Bay 3,51695,Kootenay Loop,48330,49350,in_service_layover,66.39490816151358,76.27675482199106,55.73361516509294,1020,17.0,13:25:30,13:42:30,False,,no_dispenser,0
2160931,heavy,160.0,27.0,40-ft,PCT,2,SAT,14851675,14851597,160,160,58042,58042,Kootenay Loop @ Bay 2,Kootenay Loop @ Bay 2,58042,Kootenay Loop,48990,49410,in_service_layover,59.32770588644992,64.62636738596782,29.884450857281024,420,7.0,13:36:30,13:43:30,False,,no_dispenser,0
2160935,heavy,160.0,23.0,40-ft,PCT,2,SAT,14851676,14851598,160,160,58042,58042,Kootenay Loop @ Bay 2,Kootenay Loop @ Bay 2,58042,Kootenay Loop,49950,50310,in_service_layover,47.262626818546494,51.872530341158,25.99985586752888,360,6.0,13:52:30,13:58:30,False,,no_dispenser,0
2160930,heavy,160.0,28.0,40-ft,PCT,2,SAT,14851677,14851599,160,160,58042,58042,Kootenay Loop @ Bay 2,Kootenay Loop @ Bay 2,58042,Kootenay Loop,50790,51210,in_service_layover,54.93090222375676,60.44492749190928,31.099102512380227,420,7.0,14:06:30,14:13:30,False,,no_dispenser,0
2160936,heavy,160.0,29.0,40-ft,PCT,2,SAT,14851679,14851600,160,160,58042,58042,Kootenay Loop @ Bay 2,Kootenay Loop @ Bay 2,58042,Kootenay Loop,51690,52110,in_service_layover,53.596567891062655,59.11279206145258,31.111504320999188,420,7.0,14:21:30,14:28:30,False,,no_dispenser,0
2160929,heavy,160.0,24.0,40-ft,PCT,2,SAT,14851680,14851601,160,160,58042,58042,Kootenay Loop @ Bay 2,Kootenay Loop @ Bay 2,58042,Kootenay Loop,52590,53010,in_service_layover,42.3137245600996,47.64515018861946,30.069240544851993,420,7.0,14:36:30,14:43:30,False,,no_dispenser,0
2160934,heavy,160.0,22.0,40-ft,PCT,2,SAT,14851681,14851602,160,160,58042,58042,Kootenay Loop @ Bay 2,Kootenay Loop @ Bay 2,58042,Kootenay Loop,53490,53910,in_service_layover,32.77858223977194,38.05151848093396,29.73936040015377,420,7.0,14:51:30,14:58:30,False,,no_dispenser,0
2160933,heavy,160.0,31.0,40-ft,PCT,2,SAT,14851682,14851603,160,160,58042,58042,Kootenay Loop @ Bay 2,Kootenay Loop @ Bay 2,58042,Kootenay Loop,54510,54810,in_service_layover,62.61365241488588,66.27123796956165,20.628782528371403,300,5.0,15:08:30,15:13:30,False,,no_dispenser,0
2160937,heavy,160.0,25.0,40-ft,PCT,2,SAT,14851683,14851604,160,160,58042,58042,Kootenay Loop @ Bay 2,Kootenay Loop @ Bay 2,58042,Kootenay Loop,55410,55710,in_service_layover,53.176149028704515,57.09663719693244,22.111553268805494,300,5.0,15:23:30,15:28:30,False,,no_dispenser,0
2160932,heavy,160.0,21.0,40-ft,PCT,2,SAT,14851684,14851605,160,160,58042,58042,Kootenay Loop @ Bay 2,Kootenay Loop @ Bay 2,58042,Kootenay Loop,56310,56610,in_service_layover,37.1611804673825,40.94160184630483,21.32157657712193,300,5.0,15:38:30,15:43:30,False,,no_dispenser,0
2160039,heavy,27.0,32.0,40-ft,BTC,2,SAT,14837443,14837454,027,027,51695,51695,Kootenay Loop @ Bay 3,Kootenay Loop @ Bay 3,51695,Kootenay Loop,56790,57810,in_service_layover,69.32106235169437,78.49246868978163,51.72673174681216,1020,17.0,15:46:30,16:03:30,False,,no_dispenser,0
2160938,heavy,160.0,30.0,40-ft,PCT,2,SAT,14851685,14851606,160,160,58042,58042,Kootenay Loop @ Bay 2,Kootenay Loop @ Bay 2,58042,Kootenay Loop,57210,57510,in_service_layover,54.44508755672645,58.38614511684804,22.227564639085813,300,5.0,15:53:30,15:58:30,False,,no_dispenser,0
2160066,heavy,27.0,41.0,40-ft,BTC,2,SAT,14837444,14837455,027,027,51695,51695,Kootenay Loop @ Bay 3,Kootenay Loop @ Bay 3,51695,Kootenay Loop,57990,59010,in_service_layover,67.67640826650911,77.24574298000366,53.97104778410926,1020,17.0,16:06:30,16:23:30,False,,no_dispenser,0
2160939,heavy,160.0,26.0,40-ft,PCT,2,SAT,14851686,14851570,160,160,58042,58042,Kootenay Loop @ Bay 2,Kootenay Loop @ Bay 2,58042,Kootenay Loop,58170,58410,in_service_layover,55.37718671750695,58.53544168079258,17.81255799293092,240,4.0,16:09:30,16:13:30,False,,no_dispenser,0
2160931,heavy,160.0,27.0,40-ft,PCT,2,SAT,14851687,14851607,160,160,58042,58042,Kootenay Loop @ Bay 2,Kootenay Loop @ Bay 2,58042,Kootenay Loop,58890,59250,in_service_layover,52.33535539216293,57.033603887534824,26.4981215138975,360,6.0,16:21:30,16:27:30,False,,no_dispenser,0
2160935,heavy,160.0,23.0,40-ft,PCT,2,SAT,14851688,14851608,160,160,58042,58042,Kootenay Loop @ Bay 2,Kootenay Loop @ Bay 2,58042,Kootenay Loop,59790,60150,in_service_layover,39.4440989199787,43.9955341481386,25.67009468682187,360,6.0,16:36:30,16:42:30,False,,no_dispenser,0
2160047,heavy,27.0,38.0,40-ft,BTC,2,SAT,14837427,14837457,027,027,51695,51695,Kootenay Loop @ Bay 3,Kootenay Loop @ Bay 3,51695,Kootenay Loop,60390,61470,in_service_layover,66.78577002385163,76.99006342419871,57.55221477795749,1080,18.0,16:46:30,17:04:30,False,,no_dispenser,0
2160930,heavy,160.0,28.0,40-ft,PCT,2,SAT,14851689,14851609,160,160,58042,58042,Kootenay Loop @ Bay 2,Kootenay Loop @ Bay 2,58042,Kootenay Loop,60510,60690,in_service_layover,45.79088129572341,48.078640726202565,12.902963187902401,180,3.0,16:48:30,16:51:30,False,,no_dispenser,0
2160936,heavy,160.0,29.0,40-ft,PCT,2,SAT,14851690,14851610,160,160,58042,58042,Kootenay Loop @ Bay 2,Kootenay Loop @ Bay 2,58042,Kootenay Loop,61590,61890,in_service_layover,48.3906426427052,52.23735534159471,21.695459621736802,300,5.0,17:06:30,17:11:30,False,,no_dispenser,0
2160929,heavy,160.0,24.0,40-ft,PCT,2,SAT,14851691,14851611,160,160,58042,58042,Kootenay Loop @ Bay 2,Kootenay Loop @ Bay 2,58042,Kootenay Loop,62490,62910,in_service_layover,36.714616338585586,42.0115201202877,29.874537328799903,420,7.0,17:21:30,17:28:30,False,,no_dispenser,0
2160934,heavy,160.0,22.0,40-ft,PCT,2,SAT,14851692,14851612,160,160,58042,58042,Kootenay Loop @ Bay 2,Kootenay Loop @ Bay 2,58042,Kootenay Loop,63330,63810,in_service_layover,26.290189503029215,32.27529544297575,33.755997501298424,480,8.0,17:35:30,17:43:30,False,,no_dispenser,0
2160065,heavy,27.0,45.0,40-ft,BTC,2,SAT,14837448,14837460,027,027,51695,51695,Kootenay Loop @ Bay 3,Kootenay Loop @ Bay 3,51695,Kootenay Loop,63930,65130,in_service_layover,67.30024467533224,78.16988441903786,61.3047681544997,1200,20.0,17:45:30,18:05:30,False,,no_dispenser,0
2160933,heavy,160.0,31.0,40-ft,PCT,2,SAT,14851693,14851613,160,160,58042,58042,Kootenay Loop @ Bay 2,Kootenay Loop @ Bay 2,58042,Kootenay Loop,64230,64710,in_service_layover,55.32280114544568,61.58649362506728,35.327225585065776,480,8.0,17:50:30,17:58:30,False,,no_dispenser,0
2160937,heavy,160.0,25.0,40-ft,PCT,2,SAT,14851694,14851614,160,160,58042,58042,Kootenay Loop @ Bay 2,Kootenay Loop @ Bay 2,58042,Kootenay Loop,65022,65610,in_service_layover,46.3192282140533,53.885695927889685,42.67487790603724,588,9.8,18:03:42,18:13:30,False,,no_dispenser,0
2160932,heavy,160.0,21.0,40-ft,PCT,2,SAT,14851629,14851617,160,160,58042,58042,Kootenay Loop @ Bay 2,Kootenay Loop @ Bay 2,58042,Kootenay Loop,65910,66510,in_service_layover,29.95858234950721,37.48188830671947,42.43144559867713,600,10.0,18:18:30,18:28:30,False,,no_dispenser,0
2160039,heavy,27.0,32.0,40-ft,BTC,2,SAT,14837450,14837480,027,027,51695,51695,Kootenay Loop @ Bay 3,Kootenay Loop @ Bay 3,51695,Kootenay Loop,66270,67710,in_service_layover,68.49662508408613,80.50040038027878,67.70129267052653,1440,24.0,18:24:30,18:48:30,False,,no_dispenser,0
2160938,heavy,160.0,30.0,40-ft,PCT,2,SAT,14851630,14851569,160,160,58042,58042,Kootenay Loop @ Bay 2,Kootenay Loop @ Bay 2,58042,Kootenay Loop,66750,67350,in_service_layover,47.64288048359046,55.39887137635605,43.74378863519797,600,10.0,18:32:30,18:42:30,False,,no_dispenser,0
2160931,heavy,160.0,27.0,40-ft,PCT,2,SAT,14851631,14851618,160,160,58042,58042,Kootenay Loop @ Bay 2,Kootenay Loop @ Bay 2,58042,Kootenay Loop,67950,68310,in_service_layover,41.56401131697676,46.126511145778025,25.732499034439172,360,6.0,18:52:30,18:58:30,False,,no_dispenser,0
2160935,heavy,160.0,23.0,40-ft,PCT,2,SAT,14851632,14851619,160,160,58042,58042,Kootenay Loop @ Bay 2,Kootenay Loop @ Bay 2,58042,Kootenay Loop,68850,69210,in_service_layover,28.486373727443016,32.98061656719817,25.347529616219077,360,6.0,19:07:30,19:13:30,False,,no_dispenser,0
2160930,heavy,160.0,28.0,40-ft,PCT,2,SAT,14851653,14851620,160,160,58042,58042,Kootenay Loop @ Bay 2,Kootenay Loop @ Bay 2,58042,Kootenay Loop,69330,69570,in_service_layover,30.30801897841771,33.30650051570203,16.911435870283526,240,4.0,19:15:30,19:19:30,False,,no_dispenser,0
2160936,heavy,160.0,29.0,40-ft,PCT,2,SAT,14851633,14851616,160,160,58042,58042,Kootenay Loop @ Bay 2,Kootenay Loop @ Bay 2,58042,Kootenay Loop,70290,71010,in_service_layover,37.512702878800305,46.634030450593286,51.44428750491244,720,12.0,19:31:30,19:43:30,False,,no_dispenser,0
2160929,heavy,160.0,24.0,40-ft,PCT,2,SAT,14851634,14851621,160,160,58042,58042,Kootenay Loop @ Bay 2,Kootenay Loop @ Bay 2,58042,Kootenay Loop,71190,71670,in_service_layover,27.251286066760805,33.24305251058504,33.79356274316865,480,8.0,19:46:30,19:54:30,False,,no_dispenser,0
2160933,heavy,160.0,31.0,40-ft,PCT,2,SAT,14851635,14851623,160,160,58042,58042,Kootenay Loop @ Bay 2,Kootenay Loop @ Bay 2,58042,Kootenay Loop,72930,73590,in_service_layover,46.947251185342054,55.47764129046955,48.111400192919064,660,11.0,20:15:30,20:26:30,False,,no_dispenser,0
2160937,heavy,160.0,25.0,40-ft,PCT,2,SAT,14851639,14851615,160,160,58042,58042,Kootenay Loop @ Bay 2,Kootenay Loop @ Bay 2,58042,Kootenay Loop,73890,74610,in_service_layover,40.705687145784815,49.87861300254677,51.73530183213745,720,12.0,20:31:30,20:43:30,False,,no_dispenser,0
2160039,heavy,27.0,32.0,40-ft,BTC,2,SAT,14837409,14837479,027,027,51695,51695,Kootenay Loop @ Bay 3,Kootenay Loop @ Bay 3,51695,Kootenay Loop,74610,74850,in_service_layover,68.50876447611016,71.17099290084927,15.014968315528563,240,4.0,20:43:30,20:47:30,False,,no_dispenser,0
2160932,heavy,160.0,21.0,40-ft,PCT,2,SAT,14851638,14851624,160,160,58042,58042,Kootenay Loop @ Bay 2,Kootenay Loop @ Bay 2,58042,Kootenay Loop,75030,75450,in_service_layover,31.786226408797575,37.05311993589463,29.7052794928274,420,7.0,20:50:30,20:57:30,False,,no_dispenser,0
2160931,heavy,160.0,27.0,40-ft,PCT,2,SAT,14851640,14851625,160,160,58042,58042,Kootenay Loop @ Bay 2,Kootenay Loop @ Bay 2,58042,Kootenay Loop,76050,76710,in_service_layover,32.1392838761805,40.4413132164344,46.82344547903196,660,11.0,21:07:30,21:18:30,False,,no_dispenser,0
2160065,heavy,27.0,45.0,40-ft,BTC,2,SAT,14837411,14837465,027,027,51695,51695,Kootenay Loop @ Bay 3,Kootenay Loop @ Bay 3,51695,Kootenay Loop,76290,76650,in_service_layover,69.13308966637065,72.96788325477091,21.62823583857744,360,6.0,21:11:30,21:17:30,False,,no_dispenser,0
2160039,heavy,27.0,32.0,40-ft,BTC,2,SAT,14837417,14837469,027,027,51695,51695,Kootenay Loop @ Bay 3,Kootenay Loop @ Bay 3,51695,Kootenay Loop,78150,78390,in_service_layover,69.12066502646057,71.7485150860817,14.821074336263166,240,4.0,21:42:30,21:46:30,False,,no_dispenser,0
2160716,heavy,130.0,14.0,40-ft,BTC,2,SAT,14847206,14847343,130,130,58043,58043,Kootenay Loop @ Bay 4,Kootenay Loop @ Bay 4,58043,Kootenay Loop,78330,78810,in_service_layover,59.992225538531876,65.92215740705028,33.444815738443765,480,8.0,21:45:30,21:53:30,False,,no_dispenser,0
2160717,heavy,130.0,13.0,40-ft,BTC,2,SAT,14847215,14847308,130,130,58043,58043,Kootenay Loop @ Bay 4,Kootenay Loop @ Bay 4,58043,Kootenay Loop,79530,80670,in_service_layover,57.5895436926204,70.64860660977601,73.65311485275765,1140,19.0,22:05:30,22:24:30,False,,no_dispenser,0
2160933,heavy,160.0,31.0,40-ft,PCT,2,SAT,14851642,14851562,160,160,58042,58042,Kootenay Loop @ Bay 2,Kootenay Loop @ Bay 2,58042,Kootenay Loop,81030,81390,in_service_layover,40.768180936305136,45.326527034342405,25.709071992930205,360,6.0,22:30:30,22:36:30,False,,no_dispenser,0
2160932,heavy,160.0,21.0,40-ft,PCT,2,SAT,14851643,14851563,160,160,58042,58042,Kootenay Loop @ Bay 2,Kootenay Loop @ Bay 2,58042,Kootenay Loop,82830,83310,in_service_layover,26.039657318309978,32.02302963729238,33.74621987906076,480,8.0,23:00:30,23:08:30,False,,no_dispenser,0
2160717,heavy,130.0,13.0,40-ft,BTC,2,SAT,14847198,14847342,130,130,58043,58043,Kootenay Loop @ Bay 4,Kootenay Loop @ Bay 4,58043,Kootenay Loop,84210,84570,in_service_layover,62.48147978965319,66.83740320882673,24.56740808413872,360,6.0,23:23:30,23:29:30,False,,no_dispenser,0
2160341,heavy,130.0,18.0,40-ft,BTC,2,SAT,14847205,14847335,130,130,58043,58043,Kootenay Loop @ Bay 4,Kootenay Loop @ Bay 4,58043,Kootenay Loop,86190,86610,in_service_layover,62.51470248352741,67.54318814936244,28.360659155309577,420,7.0,23:56:30,24:03:30,False,,no_dispenser,0
2160067,heavy,210.0,58.0,40-ft,BTC,2,SAT,14837414,14837471,027,027,51695,51695,Kootenay Loop @ Bay 3,Kootenay Loop @ Bay 3,51695,Kootenay Loop,87450,87690,in_service_layover,31.810567187854744,34.814276958753915,16.940923107871328,240,4.0,24:17:30,24:21:30,False,,no_dispenser,0
2160717,heavy,130.0,13.0,40-ft,BTC,2,SAT,14847196,14847340,130,130,58043,58043,Kootenay Loop @ Bay 4,Kootenay Loop @ Bay 4,58043,Kootenay Loop,87810,88350,in_service_layover,58.67027638870391,65.42685962351699,38.10712944434573,540,9.0,24:23:30,24:32:30,False,,no_dispenser,0
2160933,heavy,160.0,31.0,40-ft,PCT,2,SAT,14851646,14851566,160,160,58042,58042,Kootenay Loop @ Bay 2,Kootenay Loop @ Bay 2,58042,Kootenay Loop,88350,89010,in_service_layover,32.094817434170565,40.39642128218412,46.82104570279651,660,11.0,24:32:30,24:43:30,False,,no_dispenser,0
2160341,heavy,130.0,18.0,40-ft,BTC,2,SAT,14847197,14847337,130,130,58043,58043,Kootenay Loop @ Bay 4,Kootenay Loop @ Bay 4,58043,Kootenay Loop,89670,90150,in_service_layover,59.37606132923962,65.37066264281691,33.80955140857594,480,8.0,24:54:30,25:02:30,False,,no_dispenser,0
2160932,heavy,160.0,21.0,40-ft,PCT,2,SAT,14851647,14851567,160,160,58042,58042,Kootenay Loop @ Bay 2,Kootenay Loop @ Bay 2,58042,Kootenay Loop,90270,90510,in_service_layover,22.473800010463794,25.443717386118774,16.75033399869409,240,4.0,25:04:30,25:08:30,False,,no_dispenser,0
2160065,heavy,27.0,45.0,40-ft,BTC,2,SAT,14837412,14837467,027,027,51695,51695,Kootenay Loop @ Bay 3,Kootenay Loop @ Bay 3,51695,Kootenay Loop,91290,91470,in_service_layover,61.2598342368324,63.54494649793764,12.888033152633511,180,3.0,25:21:30,25:24:30,False,,no_dispenser,0
2161527,heavy,312.0,50.0,40-ft,STC,2,SAT,14878447,14878407,640,640,56673,56673,Ladner Exchange @ Bay 4,Ladner Exchange @ Bay 4,56673,Ladner Exchange,30210,30450,in_service_layover,62.91098331874962,65.85136235805223,16.58373778166674,240,4.0,08:23:30,08:27:30,False,,no_dispenser,0
2161524,heavy,312.0,56.0,40-ft,STC,2,SAT,14878448,14878408,640,640,56673,56673,Ladner Exchange @ Bay 4,Ladner Exchange @ Bay 4,56673,Ladner Exchange,32010,32250,in_service_layover,66.2920501377226,69.07109932177686,15.673837398065984,240,4.0,08:53:30,08:57:30,False,,no_dispenser,0
2162568,heavy,312.0,55.0,40-ft,STC,2,SAT,14878449,14878409,640,640,56673,56673,Ladner Exchange @ Bay 4,Ladner Exchange @ Bay 4,56673,Ladner Exchange,33810,34050,in_service_layover,62.41499149200499,65.3788216815083,16.71600226879866,240,4.0,09:23:30,09:27:30,False,,no_dispenser,0
2161527,heavy,312.0,50.0,40-ft,STC,2,SAT,14878450,14878410,640,640,56673,56673,Ladner Exchange @ Bay 4,Ladner Exchange @ Bay 4,56673,Ladner Exchange,35610,35850,in_service_layover,53.55797782318506,56.69264140210814,17.67950258512616,240,4.0,09:53:30,09:57:30,False,,no_dispenser,0
2161524,heavy,312.0,56.0,40-ft,STC,2,SAT,14878451,14878411,640,640,56673,56673,Ladner Exchange @ Bay 4,Ladner Exchange @ Bay 4,56673,Ladner Exchange,37410,37650,in_service_layover,56.67528800031868,59.84515221347849,17.878034162221354,240,4.0,10:23:30,10:27:30,False,,no_dispenser,0
2162568,heavy,312.0,55.0,40-ft,STC,2,SAT,14878452,14878412,640,640,56673,56673,Ladner Exchange @ Bay 4,Ladner Exchange @ Bay 4,56673,Ladner Exchange,39210,39450,in_service_layover,53.09063799070669,56.21924113663038,17.645321743009617,240,4.0,10:53:30,10:57:30,False,,no_dispenser,0
2161527,heavy,312.0,50.0,40-ft,STC,2,SAT,14878453,14878413,640,640,56673,56673,Ladner Exchange @ Bay 4,Ladner Exchange @ Bay 4,56673,Ladner Exchange,41010,41250,in_service_layover,44.329215440035554,47.376484823327566,17.18659932176695,240,4.0,11:23:30,11:27:30,False,,no_dispenser,0
2161524,heavy,312.0,56.0,40-ft,STC,2,SAT,14878454,14878414,640,640,56673,56673,Ladner Exchange @ Bay 4,Ladner Exchange @ Bay 4,56673,Ladner Exchange,42810,43050,in_service_layover,47.51172311079465,50.57524042235742,17.278237637214033,240,4.0,11:53:30,11:57:30,False,,no_dispenser,0
2162568,heavy,312.0,55.0,40-ft,STC,2,SAT,14878455,14878415,640,640,56673,56673,Ladner Exchange @ Bay 4,Ladner Exchange @ Bay 4,56673,Ladner Exchange,44610,44850,in_service_layover,43.85228412330625,46.897893986906006,17.177239630702672,240,4.0,12:23:30,12:27:30,False,,no_dispenser,0
2161527,heavy,312.0,50.0,40-ft,STC,2,SAT,14878481,14878417,640,640,56673,56673,Ladner Exchange @ Bay 4,Ladner Exchange @ Bay 4,56673,Ladner Exchange,47070,47730,in_service_layover,42.64503075496705,51.07552094300814,47.54796466055171,660,11.0,13:04:30,13:15:30,False,,no_dispenser,0
2161524,heavy,312.0,56.0,40-ft,STC,2,SAT,14878457,14878442,640,640,56673,56673,Ladner Exchange @ Bay 4,Ladner Exchange @ Bay 4,56673,Ladner Exchange,48270,48930,in_service_layover,38.18793434090865,46.5490882059036,47.156907798571524,660,11.0,13:24:30,13:35:30,False,,no_dispenser,0
2162568,heavy,312.0,55.0,40-ft,STC,2,SAT,14878458,14878443,640,640,56673,56673,Ladner Exchange @ Bay 4,Ladner Exchange @ Bay 4,56673,Ladner Exchange,50730,51330,in_service_layover,42.15683748568285,49.800303225409856,43.10914677206034,600,10.0,14:05:30,14:15:30,False,,no_dispenser,0
2161678,heavy,312.0,63.0,40-ft,STC,2,SAT,14878459,14878419,640,640,56673,56673,Ladner Exchange @ Bay 4,Ladner Exchange @ Bay 4,56673,Ladner Exchange,51930,52530,in_service_layover,66.2920501377226,72.73315063833287,36.32780682344196,600,10.0,14:25:30,14:35:30,False,,no_dispenser,0
2161527,heavy,312.0,50.0,40-ft,STC,2,SAT,14878460,14878420,640,640,56673,56673,Ladner Exchange @ Bay 4,Ladner Exchange @ Bay 4,56673,Ladner Exchange,53070,53730,in_service_layover,39.4522328186675,47.8295226634359,47.247914724493796,660,11.0,14:44:30,14:55:30,False,,no_dispenser,0
2161524,heavy,312.0,56.0,40-ft,STC,2,SAT,14878483,14878444,640,640,56673,56673,Ladner Exchange @ Bay 4,Ladner Exchange @ Bay 4,56673,Ladner Exchange,54270,54930,in_service_layover,34.910050006029344,43.23859236227302,46.97297888921429,660,11.0,15:04:30,15:15:30,False,,no_dispenser,0
2161909,heavy,312.0,64.0,40-ft,STC,2,SAT,14878461,14878421,640,640,56673,56673,Ladner Exchange @ Bay 4,Ladner Exchange @ Bay 4,56673,Ladner Exchange,55470,56130,in_service_layover,66.2920501377226,73.2814365815131,39.42013954297846,660,11.0,15:24:30,15:35:30,False,,no_dispenser,0
2162568,heavy,312.0,55.0,40-ft,STC,2,SAT,14878462,14878422,640,640,56673,56673,Ladner Exchange @ Bay 4,Ladner Exchange @ Bay 4,56673,Ladner Exchange,57270,57450,in_service_layover,45.91194385838074,48.20001922382737,12.904745061119002,180,3.0,15:54:30,15:57:30,False,,no_dispenser,0
2161527,heavy,312.0,50.0,40-ft,STC,2,SAT,14878463,14878423,640,640,56673,56673,Ladner Exchange @ Bay 4,Ladner Exchange @ Bay 4,56673,Ladner Exchange,59070,59250,in_service_layover,36.194939835063515,38.45765689582248,12.761724222680584,180,3.0,16:24:30,16:27:30,False,,no_dispenser,0
2161524,heavy,312.0,56.0,40-ft,STC,2,SAT,14878464,14878424,640,640,56673,56673,Ladner Exchange @ Bay 4,Ladner Exchange @ Bay 4,56673,Ladner Exchange,60870,61050,in_service_layover,39.20671075666136,41.47728758618198,12.80605331849631,180,3.0,16:54:30,16:57:30,False,,no_dispenser,0
2162568,heavy,312.0,55.0,40-ft,STC,2,SAT,14878465,14878425,640,640,56673,56673,Ladner Exchange @ Bay 4,Ladner Exchange @ Bay 4,56673,Ladner Exchange,62730,62910,in_service_layover,35.80651456690117,38.06821796066208,12.756007140811533,180,3.0,17:25:30,17:28:30,False,,no_dispenser,0
2161524,heavy,312.0,56.0,40-ft,STC,2,SAT,14878467,14878427,640,640,56673,56673,Ladner Exchange @ Bay 4,Ladner Exchange @ Bay 4,56673,Ladner Exchange,66270,66450,in_service_layover,29.066238727689974,31.31035213507242,12.656799617637006,180,3.0,18:24:30,18:27:30,False,,no_dispenser,0
2162568,heavy,312.0,55.0,40-ft,STC,2,SAT,14878468,14878428,640,640,56673,56673,Ladner Exchange @ Bay 4,Ladner Exchange @ Bay 4,56673,Ladner Exchange,68070,68250,in_service_layover,25.648272509551823,27.883425980886834,12.606265578329442,180,3.0,18:54:30,18:57:30,False,,no_dispenser,0
2161897,heavy,502.0,36.0,40-ft,STC,2,SAT,14874618,14874570,501,501,57027,57027,Langley Centre @ Bay 3,Langley Centre @ Bay 3,57027,Langley Centre,29070,29670,in_service_layover,66.35826121785652,72.79017799006078,36.27601059523204,600,10.0,08:04:30,08:14:30,False,,no_dispenser,0
2161993,heavy,320.0,21.0,40-ft,STC,2,SAT,14867732,14867784,342,342,57143,57136,Langley Centre @ Bay 5,Langley Centre @ Bay 2,57143,Langley Centre,29070,29910,in_service_layover,64.37462447527433,73.27707791350507,50.20983739162136,840,14.0,08:04:30,08:18:30,False,,no_dispenser,0
2162429,heavy,503.0,31.0,40-ft,STC,2,SAT,14875446,14875531,503,503,55299,55299,Langley Centre @ Bay 1,Langley Centre @ Bay 1,55299,Langley Centre,29130,29370,in_service_layover,63.815508878542914,66.71312075189786,16.342530965721892,240,4.0,08:05:30,08:09:30,False,,no_dispenser,0
2161475,heavy,320.0,22.0,40-ft,STC,2,SAT,14876931,14876893,595,595,57097,57097,Langley Centre @ Bay 4,Langley Centre @ Bay 4,57097,Langley Centre,30090,30510,in_service_layover,65.23643316880118,70.02446486101303,27.004498744074795,420,7.0,08:21:30,08:28:30,False,,no_dispenser,0
2161680,heavy,320.0,49.0,40-ft,STC,2,SAT,14867746,14867793,342,342,57143,57136,Langley Centre @ Bay 5,Langley Centre @ Bay 2,57143,Langley Centre,30210,31110,in_service_layover,69.81628448141865,78.05731432232884,46.47940830273353,900,15.0,08:23:30,08:38:30,False,,no_dispenser,0
2161612,heavy,320.0,42.0,40-ft,STC,2,SAT,14874619,14874571,501,501,57027,57027,Langley Centre @ Bay 3,Langley Centre @ Bay 3,57027,Langley Centre,30270,30870,in_service_layover,66.35826121785652,72.79017799006078,36.27601059523204,600,10.0,08:24:30,08:34:30,False,,no_dispenser,0
2162403,heavy,502.0,38.0,40-ft,STC,2,SAT,14874941,14875006,502,502,57143,57027,Langley Centre @ Bay 5,Langley Centre @ Bay 3,57143,Langley Centre,30750,31290,in_service_layover,66.9652334395357,72.75638882724598,32.66211638668602,540,9.0,08:32:30,08:41:30,False,,no_dispenser,0
2161684,heavy,320.0,34.0,40-ft,STC,2,SAT,14867733,14867794,342,342,57143,57136,Langley Centre @ Bay 5,Langley Centre @ Bay 2,57143,Langley Centre,31470,32310,in_service_layover,64.37462447527433,73.27707791350507,50.20983739162136,840,14.0,08:44:30,08:58:30,False,,no_dispenser,0
2161579,heavy,320.0,30.0,40-ft,STC,2,SAT,14863475,14863582,320,320,57136,57136,Langley Centre @ Bay 2,Langley Centre @ Bay 2,57136,Langley Centre,31590,31830,in_service_layover,66.55099549977959,69.31702261044222,15.600392904137323,240,4.0,08:46:30,08:50:30,False,,no_dispenser,0
2161820,heavy,502.0,32.0,40-ft,STC,2,SAT,14874956,14875044,502,502,57143,57027,Langley Centre @ Bay 5,Langley Centre @ Bay 3,57143,Langley Centre,31770,32250,in_service_layover,63.44848593053973,69.04002288410874,31.536268418129225,480,8.0,08:49:30,08:57:30,False,,no_dispenser,0
2161665,heavy,320.0,35.0,40-ft,STC,2,SAT,14869466,14869524,364,364,57097,57097,Langley Centre @ Bay 4,Langley Centre @ Bay 4,57097,Langley Centre,32310,33210,in_service_layover,64.53248670674945,73.90780273964744,52.87678242554472,900,15.0,08:58:30,09:13:30,False,,no_dispenser,0
2162434,heavy,503.0,30.0,40-ft,STC,2,SAT,14875450,14875535,503,503,55299,55299,Langley Centre @ Bay 1,Langley Centre @ Bay 1,55299,Langley Centre,32610,32970,in_service_layover,64.38433497424282,68.60221318843448,23.788833128041006,360,6.0,09:03:30,09:09:30,False,,no_dispenser,0
2161994,heavy,320.0,29.0,40-ft,STC,2,SAT,14867734,14867785,342,342,57143,57136,Langley Centre @ Bay 5,Langley Centre @ Bay 2,57143,Langley Centre,32670,33510,in_service_layover,66.93162833604251,75.33252215379319,47.381041132113864,840,14.0,09:04:30,09:18:30,False,,no_dispenser,0
2161679,heavy,502.0,42.0,40-ft,STC,2,SAT,14874621,14874573,501,501,57027,57027,Langley Centre @ Bay 3,Langley Centre @ Bay 3,57027,Langley Centre,32730,33090,in_service_layover,66.35826121785652,70.42364566745081,22.928768295711848,360,6.0,09:05:30,09:11:30,False,,no_dispenser,0
2161826,heavy,502.0,30.0,40-ft,STC,2,SAT,14874942,14875017,502,502,57143,57027,Langley Centre @ Bay 5,Langley Centre @ Bay 3,57143,Langley Centre,32730,33210,in_service_layover,58.94563957992452,64.98169186859792,34.04333490811803,480,8.0,09:05:30,09:13:30,False,,no_dispenser,0
2162113,heavy,320.0,47.0,40-ft,STC,2,SAT,14869467,14869500,364,364,57097,57097,Langley Centre @ Bay 4,Langley Centre @ Bay 4,57097,Langley Centre,33510,34410,in_service_layover,64.53248670674945,73.90780273964744,52.87678242554472,900,15.0,09:18:30,09:33:30,False,,no_dispenser,0
2161671,heavy,320.0,23.0,40-ft,STC,2,SAT,14876933,14876895,595,595,57097,57097,Langley Centre @ Bay 4,Langley Centre @ Bay 4,57097,Langley Centre,33750,34230,in_service_layover,59.37991960155228,65.37413605022464,33.80738077051211,480,8.0,09:22:30,09:30:30,False,,no_dispenser,0
2162412,heavy,502.0,34.0,40-ft,STC,2,SAT,14874943,14875045,502,502,57143,57027,Langley Centre @ Bay 5,Langley Centre @ Bay 3,57143,Langley Centre,33870,34110,in_service_layover,58.22963208412442,61.37928123938367,17.764021235662256,240,4.0,09:24:30,09:28:30,False,,no_dispenser,0
2161664,heavy,320.0,61.0,40-ft,STC,2,SAT,14863477,14863544,320,320,57136,57136,Langley Centre @ Bay 2,Langley Centre @ Bay 2,57136,Langley Centre,33870,34890,in_service_layover,66.6940361464581,76.50329203460745,55.32420320916236,1020,17.0,09:24:30,09:41:30,False,,no_dispenser,0
2161672,heavy,502.0,33.0,40-ft,STC,2,SAT,14874622,14874574,501,501,57027,57027,Langley Centre @ Bay 3,Langley Centre @ Bay 3,57027,Langley Centre,33930,34170,in_service_layover,65.35903759910094,68.18363807544155,15.930746686561065,240,4.0,09:25:30,09:29:30,False,,no_dispenser,0
2161973,heavy,320.0,33.0,40-ft,STC,2,SAT,14867747,14867795,342,342,57143,57136,Langley Centre @ Bay 5,Langley Centre @ Bay 2,57143,Langley Centre,33930,34710,in_service_layover,68.3100977691474,75.96864714632036,43.19421848725557,780,13.0,09:25:30,09:38:30,False,,no_dispenser,0
2162430,heavy,503.0,35.0,40-ft,STC,2,SAT,14875524,14875537,503,503,55299,55299,Langley Centre @ Bay 1,Langley Centre @ Bay 1,55299,Langley Centre,34050,34770,in_service_layover,64.57317229677092,72.37854649416265,44.02231047328934,720,12.0,09:27:30,09:39:30,False,,no_dispenser,0
2162118,heavy,320.0,68.0,40-ft,STC,2,SAT,14869479,14869501,364,364,57097,57097,Langley Centre @ Bay 4,Langley Centre @ Bay 4,57097,Langley Centre,34710,35610,in_service_layover,68.6222094243951,77.12558626875915,47.95904540221329,900,15.0,09:38:30,09:53:30,False,,no_dispenser,0
2162411,heavy,502.0,37.0,40-ft,STC,2,SAT,14874980,14875007,502,502,57143,57027,Langley Centre @ Bay 5,Langley Centre @ Bay 3,57143,Langley Centre,34770,35010,in_service_layover,55.9965032137454,59.16267650850814,17.85721738246184,240,4.0,09:39:30,09:43:30,False,,no_dispenser,0
2161974,heavy,320.0,44.0,40-ft,STC,2,SAT,14867735,14867786,342,342,57143,57136,Langley Centre @ Bay 5,Langley Centre @ Bay 2,57143,Langley Centre,35130,35910,in_service_layover,68.3100977691474,75.96864714632036,43.19421848725557,780,13.0,09:45:30,09:58:30,False,,no_dispenser,0
2161673,heavy,502.0,35.0,40-ft,STC,2,SAT,14874623,14874575,501,501,57027,57027,Langley Centre @ Bay 3,Langley Centre @ Bay 3,57027,Langley Centre,35190,35370,in_service_layover,64.19487902225549,66.37591168104076,12.301024195548905,180,3.0,09:46:30,09:49:30,False,,no_dispenser,0
2161755,heavy,502.0,31.0,40-ft,STC,2,SAT,14874945,14875068,502,502,57143,57027,Langley Centre @ Bay 5,Langley Centre @ Bay 3,57143,Langley Centre,35610,35910,in_service_layover,60.475921601598756,64.2598505849558,21.341359466133724,300,5.0,09:53:30,09:58:30,False,,no_dispenser,0
2162429,heavy,503.0,31.0,40-ft,STC,2,SAT,14875452,14875539,503,503,55299,55299,Langley Centre @ Bay 1,Langley Centre @ Bay 1,55299,Langley Centre,35610,36510,in_service_layover,57.98421724897032,68.70006579497208,60.43738579944994,900,15.0,09:53:30,10:08:30,False,,no_dispenser,0
2161475,heavy,320.0,22.0,40-ft,STC,2,SAT,14876934,14863545,595,320,57097,57136,Langley Centre @ Bay 4,Langley Centre @ Bay 2,57097,Langley Centre,35670,36570,in_service_layover,59.02088345560374,69.52961653827458,59.26925458626357,900,15.0,09:54:30,10:09:30,False,,no_dispenser,0
2161670,heavy,320.0,31.0,40-ft,STC,2,SAT,14863478,14876896,320,595,57136,57097,Langley Centre @ Bay 2,Langley Centre @ Bay 4,57136,Langley Centre,35790,36030,in_service_layover,61.73671336654847,64.73261344378021,16.896876435587046,240,4.0,09:56:30,10:00:30,False,,no_dispenser,0
2162114,heavy,320.0,58.0,40-ft,STC,2,SAT,14869468,14869525,364,364,57097,57097,Langley Centre @ Bay 4,Langley Centre @ Bay 4,57097,Langley Centre,36030,36810,in_service_layover,64.53248670674945,72.88335009231844,47.098869494609175,780,13.0,10:00:30,10:13:30,False,,no_dispenser,0
2161993,heavy,320.0,21.0,40-ft,STC,2,SAT,14867736,14867787,342,342,57143,57136,Langley Centre @ Bay 5,Langley Centre @ Bay 2,57143,Langley Centre,36330,37110,in_service_layover,67.07656667044877,74.96504660692476,44.49102684172459,780,13.0,10:05:30,10:18:30,False,,no_dispenser,0
2162413,heavy,502.0,39.0,40-ft,STC,2,SAT,14874991,14875020,502,502,57143,57027,Langley Centre @ Bay 5,Langley Centre @ Bay 3,57143,Langley Centre,36450,36810,in_service_layover,64.10053927670238,68.339553101257,23.908037970488067,360,6.0,10:07:30,10:13:30,False,,no_dispenser,0
2161742,heavy,502.0,40.0,40-ft,STC,2,SAT,14874624,14874577,501,501,57027,57027,Langley Centre @ Bay 3,Langley Centre @ Bay 3,57027,Langley Centre,36570,37650,in_service_layover,63.64094302875021,74.64408999669901,62.05774889923117,1080,18.0,10:09:30,10:27:30,False,,no_dispenser,0
2162116,heavy,320.0,66.0,40-ft,STC,2,SAT,14869469,14869502,364,364,57097,57097,Langley Centre @ Bay 4,Langley Centre @ Bay 4,57097,Langley Centre,37230,38010,in_service_layover,64.53248670674945,72.88335009231844,47.098869494609175,780,13.0,10:20:30,10:33:30,False,,no_dispenser,0
2161908,heavy,502.0,41.0,40-ft,STC,2,SAT,14874946,14875046,502,502,57143,57027,Langley Centre @ Bay 5,Langley Centre @ Bay 3,57143,Langley Centre,37290,37710,in_service_layover,62.91631306445484,67.91046546591345,28.167019544226548,420,7.0,10:21:30,10:28:30,False,,no_dispenser,0
2161666,heavy,320.0,56.0,40-ft,STC,2,SAT,14876906,14863586,595,320,57097,57136,Langley Centre @ Bay 4,Langley Centre @ Bay 2,57097,Langley Centre,37470,38250,in_service_layover,60.42317543324194,69.4872369645285,51.121307036456244,780,13.0,10:24:30,10:37:30,False,,no_dispenser,0
2161897,heavy,502.0,36.0,40-ft,STC,2,SAT,14874625,14874578,501,501,57027,57027,Langley Centre @ Bay 3,Langley Centre @ Bay 3,57027,Langley Centre,37770,38850,in_service_layover,60.65143047293435,72.39184363095757,66.2159302112509,1080,18.0,10:29:30,10:47:30,False,,no_dispenser,0
2162403,heavy,502.0,38.0,40-ft,STC,2,SAT,14874981,14875015,502,502,57143,57027,Langley Centre @ Bay 5,Langley Centre @ Bay 3,57143,Langley Centre,38190,38610,in_service_layover,64.09114738438517,68.98258386441361,27.587701747360427,420,7.0,10:36:30,10:43:30,False,,no_dispenser,0
2162117,heavy,502.0,44.0,40-ft,STC,2,SAT,14869480,14869503,364,364,57097,57097,Langley Centre @ Bay 4,Langley Centre @ Bay 4,57097,Langley Centre,38490,39210,in_service_layover,64.53248670674945,72.34452734057865,44.05990917479676,720,12.0,10:41:30,10:53:30,False,,no_dispenser,0
2162431,heavy,503.0,37.0,40-ft,STC,2,SAT,14875456,14875543,503,503,55299,55299,Langley Centre @ Bay 1,Langley Centre @ Bay 1,55299,Langley Centre,38490,39630,in_service_layover,61.030768635500806,73.16302702066287,68.42593729231402,1140,19.0,10:41:30,11:00:30,False,,no_dispenser,0
2161684,heavy,320.0,34.0,40-ft,STC,2,SAT,14867737,14867788,342,342,57143,57136,Langley Centre @ Bay 5,Langley Centre @ Bay 2,57143,Langley Centre,38850,39510,in_service_layover,66.57548568593775,73.52129385468238,39.17435807171978,660,11.0,10:47:30,10:58:30,False,,no_dispenser,0
2161820,heavy,502.0,32.0,40-ft,STC,2,SAT,14874947,14875047,502,502,57143,57027,Langley Centre @ Bay 5,Langley Centre @ Bay 3,57143,Langley Centre,39090,39510,in_service_layover,60.14268280020668,65.3684655472345,29.47341469323686,420,7.0,10:51:30,10:58:30,False,,no_dispenser,0
2161612,heavy,320.0,42.0,40-ft,STC,2,SAT,14874626,14874579,501,501,57027,57027,Langley Centre @ Bay 3,Langley Centre @ Bay 3,57027,Langley Centre,39090,39930,in_service_layover,60.65143047293435,70.25540326601617,54.16640655298147,840,14.0,10:51:30,11:05:30,False,,no_dispenser,0
2161523,heavy,320.0,45.0,40-ft,STC,2,SAT,14863480,14876898,320,595,57136,57097,Langley Centre @ Bay 2,Langley Centre @ Bay 4,57136,Langley Centre,39210,39630,in_service_layover,59.34309041584408,64.64043919372342,29.87704710723949,420,7.0,10:53:30,11:00:30,False,,no_dispenser,0
2161671,heavy,320.0,23.0,40-ft,STC,2,SAT,14876907,14863588,595,320,57097,57136,Langley Centre @ Bay 4,Langley Centre @ Bay 2,57097,Langley Centre,39390,39990,in_service_layover,54.370554644815336,62.15357115614986,43.896213123926714,600,10.0,10:56:30,11:06:30,False,,no_dispenser,0
2162119,heavy,320.0,73.0,40-ft,STC,2,SAT,14869470,14869526,364,364,57097,57097,Langley Centre @ Bay 4,Langley Centre @ Bay 4,57097,Langley Centre,39690,40350,in_service_layover,64.53248670674945,71.7879745128875,40.92095122661863,660,11.0,11:01:30,11:12:30,False,,no_dispenser,0
2161825,heavy,503.0,38.0,40-ft,STC,2,SAT,14875458,14875545,503,503,55299,55299,Langley Centre @ Bay 1,Langley Centre @ Bay 1,55299,Langley Centre,39930,41130,in_service_layover,50.2770874192788,65.28603705581779,84.65047595007997,1200,20.0,11:05:30,11:25:30,False,,no_dispenser,0
2161826,heavy,502.0,30.0,40-ft,STC,2,SAT,14874990,14875021,502,502,57143,57027,Langley Centre @ Bay 5,Langley Centre @ Bay 3,57143,Langley Centre,39990,40470,in_service_layover,54.96031471649262,61.234850368587736,35.38838107781646,480,8.0,11:06:30,11:14:30,False,,no_dispenser,0
2161994,heavy,320.0,29.0,40-ft,STC,2,SAT,14867738,14867789,342,342,57143,57136,Langley Centre @ Bay 5,Langley Centre @ Bay 2,57143,Langley Centre,40050,40710,in_service_layover,68.22743975167906,74.91532773085018,37.71968820252516,660,11.0,11:07:30,11:18:30,False,,no_dispenser,0
2161756,heavy,320.0,67.0,40-ft,STC,2,SAT,14874627,14874580,501,501,57027,57027,Langley Centre @ Bay 3,Langley Centre @ Bay 3,57027,Langley Centre,40410,41130,in_service_layover,64.15014579558387,72.02465022041103,44.41220495602522,720,12.0,11:13:30,11:25:30,False,,no_dispenser,0
2162412,heavy,502.0,34.0,40-ft,STC,2,SAT,14874948,14875048,502,502,57143,57027,Langley Centre @ Bay 5,Langley Centre @ Bay 3,57143,Langley Centre,40890,41370,in_service_layover,49.78426652418829,56.00914708542065,35.108326365350536,480,8.0,11:21:30,11:29:30,False,,no_dispenser,0
2161669,heavy,320.0,52.0,40-ft,STC,2,SAT,14863476,14876899,320,595,57136,57097,Langley Centre @ Bay 2,Langley Centre @ Bay 4,57136,Langley Centre,40890,41430,in_service_layover,61.40081042917443,67.85220631666485,36.38587280544601,540,9.0,11:21:30,11:30:30,False,,no_dispenser,0
2161665,heavy,320.0,35.0,40-ft,STC,2,SAT,14869471,14869504,364,364,57097,57097,Langley Centre @ Bay 4,Langley Centre @ Bay 4,57097,Langley Centre,40890,41490,in_service_layover,62.5302668187409,69.47541391413954,39.17062961804834,600,10.0,11:21:30,11:31:30,False,,no_dispenser,0
2161670,heavy,320.0,31.0,40-ft,STC,2,SAT,14876910,14863524,595,320,57097,57136,Langley Centre @ Bay 4,Langley Centre @ Bay 2,57097,Langley Centre,41250,41730,in_service_layover,53.7290320383709,60.024199727632386,35.50474576743471,480,8.0,11:27:30,11:35:30,False,,no_dispenser,0
2161973,heavy,320.0,33.0,40-ft,STC,2,SAT,14867749,14867797,342,342,57143,57136,Langley Centre @ Bay 5,Langley Centre @ Bay 2,57143,Langley Centre,41310,41910,in_service_layover,68.73658539947506,74.83146001558077,34.37509283483621,600,10.0,11:28:30,11:38:30,False,,no_dispenser,0
2162430,heavy,503.0,35.0,40-ft,STC,2,SAT,14875460,14875547,503,503,55299,55299,Langley Centre @ Bay 1,Langley Centre @ Bay 1,55299,Langley Centre,41370,42570,in_service_layover,65.68467980772216,76.99297969414276,63.778811359412146,1200,20.0,11:29:30,11:49:30,False,,no_dispenser,0
2161679,heavy,502.0,42.0,40-ft,STC,2,SAT,14874628,14874581,501,501,57027,57027,Langley Centre @ Bay 3,Langley Centre @ Bay 3,57027,Langley Centre,41610,42450,in_service_layover,58.583723812891286,68.58768728987948,56.42235401021344,840,14.0,11:33:30,11:47:30,False,,no_dispenser,0
2162411,heavy,502.0,37.0,40-ft,STC,2,SAT,14874926,14875031,502,502,57143,57027,Langley Centre @ Bay 5,Langley Centre @ Bay 3,57143,Langley Centre,41790,42270,in_service_layover,47.53891700520778,53.71571535325369,34.837142682978936,480,8.0,11:36:30,11:44:30,False,,no_dispenser,0
2162113,heavy,320.0,47.0,40-ft,STC,2,SAT,14869481,14869505,364,364,57097,57097,Langley Centre @ Bay 4,Langley Centre @ Bay 4,57097,Langley Centre,42090,42630,in_service_layover,62.5302668187409,68.8538158589697,35.66481658689048,540,9.0,11:41:30,11:50:30,False,,no_dispenser,0
2161974,heavy,320.0,44.0,40-ft,STC,2,SAT,14867739,14867790,342,342,57143,57136,Langley Centre @ Bay 5,Langley Centre @ Bay 2,57143,Langley Centre,42570,43110,in_service_layover,67.24626147392453,73.00204865688424,32.46263971189279,540,9.0,11:49:30,11:58:30,False,,no_dispenser,0
2161667,heavy,320.0,53.0,40-ft,STC,2,SAT,14863472,14876900,320,595,57136,57097,Langley Centre @ Bay 2,Langley Centre @ Bay 4,57136,Langley Centre,42630,43230,in_service_layover,64.42071895588516,71.11691729265766,37.76655861939685,600,10.0,11:50:30,12:00:30,False,,no_dispenser,0
2161755,heavy,502.0,31.0,40-ft,STC,2,SAT,14874949,14875057,502,502,57143,57027,Langley Centre @ Bay 5,Langley Centre @ Bay 3,57143,Langley Centre,42810,43170,in_service_layover,52.700986588003275,57.40634730625095,26.538234450916832,360,6.0,11:53:30,11:59:30,False,,no_dispenser,0
2161672,heavy,502.0,33.0,40-ft,STC,2,SAT,14874629,14874582,501,501,57027,57027,Langley Centre @ Bay 3,Langley Centre @ Bay 3,57027,Langley Centre,42930,43470,in_service_layover,56.617702269340754,63.548806671294244,39.091428827017694,540,9.0,11:55:30,12:04:30,False,,no_dispenser,0
2162429,heavy,503.0,31.0,40-ft,STC,2,SAT,14875462,14875548,503,503,55299,55299,Langley Centre @ Bay 1,Langley Centre @ Bay 1,55299,Langley Centre,42990,43290,in_service_layover,59.826112627535444,63.64989176694886,21.566114346291727,300,5.0,11:56:30,12:01:30,False,,no_dispenser,0
2161668,heavy,320.0,76.0,40-ft,STC,2,SAT,14876908,14863526,595,320,57097,57136,Langley Centre @ Bay 4,Langley Centre @ Bay 2,57097,Langley Centre,43050,43410,in_service_layover,68.01772004224307,71.94748080915265,22.163850725370082,360,6.0,11:57:30,12:03:30,False,,no_dispenser,0
2162118,heavy,320.0,68.0,40-ft,STC,2,SAT,14869472,14869527,364,364,57097,57097,Langley Centre @ Bay 4,Langley Centre @ Bay 4,57097,Langley Centre,43290,43830,in_service_layover,65.39809287873881,71.38290860332276,33.754360686653456,540,9.0,12:01:30,12:10:30,False,,no_dispenser,0
2162413,heavy,502.0,39.0,40-ft,STC,2,SAT,14874989,14875022,502,502,57143,57027,Langley Centre @ Bay 5,Langley Centre @ Bay 3,57143,Langley Centre,43710,44070,in_service_layover,56.67403868959331,61.38940931482853,26.5946903263266,360,6.0,12:08:30,12:14:30,False,,no_dispenser,0
2161993,heavy,320.0,21.0,40-ft,STC,2,SAT,14867740,14867780,342,342,57143,57136,Langley Centre @ Bay 5,Langley Centre @ Bay 2,57143,Langley Centre,43770,44310,in_service_layover,66.39805630613088,72.25999882318513,33.06135579618598,540,9.0,12:09:30,12:18:30,False,,no_dispenser,0
2161673,heavy,502.0,35.0,40-ft,STC,2,SAT,14874630,14874583,501,501,57027,57027,Langley Centre @ Bay 3,Langley Centre @ Bay 3,57027,Langley Centre,44190,44670,in_service_layover,54.96783135581242,61.24216353088004,35.38723346738141,480,8.0,12:16:30,12:24:30,False,,no_dispenser,0
2162428,heavy,503.0,40.0,40-ft,STC,2,SAT,14875464,14875550,503,503,55299,55299,Langley Centre @ Bay 1,Langley Centre @ Bay 1,55299,Langley Centre,44430,44730,in_service_layover,69.14985556444958,72.38848560910175,18.265873451838218,300,5.0,12:20:30,12:25:30,False,,no_dispenser,0
2161579,heavy,320.0,30.0,40-ft,STC,2,SAT,14863501,14876878,320,595,57136,57097,Langley Centre @ Bay 2,Langley Centre @ Bay 4,57136,Langley Centre,44430,45030,in_service_layover,54.98465610534657,62.73709307377741,43.72374450194991,600,10.0,12:20:30,12:30:30,False,,no_dispenser,0
2162114,heavy,320.0,58.0,40-ft,STC,2,SAT,14869460,14869506,364,364,57097,57097,Langley Centre @ Bay 4,Langley Centre @ Bay 4,57097,Langley Centre,44490,45030,in_service_layover,59.63213408112998,66.28282122887461,37.509875513279724,540,9.0,12:21:30,12:30:30,False,,no_dispenser,0
2161908,heavy,502.0,41.0,40-ft,STC,2,SAT,14874950,14874998,502,502,57143,57027,Langley Centre @ Bay 5,Langley Centre @ Bay 3,57143,Langley Centre,44670,44970,in_service_layover,53.18308015257033,57.10368067376091,22.112186939514913,300,5.0,12:24:30,12:29:30,False,,no_dispenser,0
2161523,heavy,320.0,45.0,40-ft,STC,2,SAT,14876909,14863528,595,320,57097,57136,Langley Centre @ Bay 4,Langley Centre @ Bay 2,57097,Langley Centre,44850,45210,in_service_layover,53.63685778831412,58.36042298319112,26.640907699106265,360,6.0,12:27:30,12:33:30,False,,no_dispenser,0
2161680,heavy,320.0,49.0,40-ft,STC,2,SAT,14867750,14867805,342,342,57143,57136,Langley Centre @ Bay 5,Langley Centre @ Bay 2,57143,Langley Centre,45030,45510,in_service_layover,62.87862063845435,68.5279235178758,31.862068239936946,480,8.0,12:30:30,12:38:30,False,,no_dispenser,0
2161943,heavy,502.0,45.0,40-ft,STC,2,SAT,14874631,14874584,501,501,57027,57027,Langley Centre @ Bay 3,Langley Centre @ Bay 3,57027,Langley Centre,45390,45870,in_service_layover,66.35826121785652,71.64237282166359,29.80238944547193,480,8.0,12:36:30,12:44:30,False,,no_dispenser,0
2162403,heavy,502.0,38.0,40-ft,STC,2,SAT,14874927,14875030,502,502,57143,57027,Langley Centre @ Bay 5,Langley Centre @ Bay 3,57143,Langley Centre,45570,45870,in_service_layover,54.25519855107051,58.19317802562107,22.210204236465188,300,5.0,12:39:30,12:44:30,False,,no_dispenser,0
2162116,heavy,320.0,66.0,40-ft,STC,2,SAT,14869482,14869507,364,364,57097,57097,Langley Centre @ Bay 4,Langley Centre @ Bay 4,57097,Langley Centre,45810,46230,in_service_layover,59.63213408112998,64.90406553284195,29.733693387655478,420,7.0,12:43:30,12:50:30,False,,no_dispenser,0
2161675,heavy,320.0,75.0,40-ft,STC,2,SAT,14863481,14876879,320,595,57136,57097,Langley Centre @ Bay 2,Langley Centre @ Bay 4,57136,Langley Centre,46110,46830,in_service_layover,63.35284511658802,71.3564466294406,45.14031253248851,720,12.0,12:48:30,13:00:30,False,,no_dispenser,0
2161684,heavy,320.0,34.0,40-ft,STC,2,SAT,14867741,14867791,342,342,57143,57136,Langley Centre @ Bay 5,Langley Centre @ Bay 2,57143,Langley Centre,46230,46710,in_service_layover,64.60510536440071,70.07693932703128,30.86114354923643,480,8.0,12:50:30,12:58:30,False,,no_dispenser,0
2161669,heavy,320.0,52.0,40-ft,STC,2,SAT,14876911,14863530,595,320,57097,57136,Langley Centre @ Bay 4,Langley Centre @ Bay 2,57097,Langley Centre,46710,47070,in_service_layover,56.848624911255556,61.558908179364245,26.565997632133076,360,6.0,12:58:30,13:04:30,False,,no_dispenser,0
2161742,heavy,502.0,40.0,40-ft,STC,2,SAT,14874632,14874585,501,501,57027,57027,Langley Centre @ Bay 3,Langley Centre @ Bay 3,57027,Langley Centre,46770,47070,in_service_layover,62.26161086058821,65.94000265369765,20.746129713137236,300,5.0,12:59:30,13:04:30,False,,no_dispenser,0
2162117,heavy,502.0,44.0,40-ft,STC,2,SAT,14869473,14869528,364,364,57097,57097,Langley Centre @ Bay 4,Langley Centre @ Bay 4,57097,Langley Centre,47070,47430,in_service_layover,59.12515664568687,63.723035658361596,25.932037631485457,360,6.0,13:04:30,13:10:30,False,,no_dispenser,0
2161824,heavy,503.0,34.0,40-ft,STC,2,SAT,14875468,14875554,503,503,55299,55299,Langley Centre @ Bay 1,Langley Centre @ Bay 1,55299,Langley Centre,47430,47610,in_service_layover,39.03368581604313,41.303811105237926,12.803506631058639,180,3.0,13:10:30,13:13:30,False,,no_dispenser,0
2161820,heavy,502.0,32.0,40-ft,STC,2,SAT,14874988,14875032,502,502,57143,57027,Langley Centre @ Bay 5,Langley Centre @ Bay 3,57143,Langley Centre,47430,47670,in_service_layover,60.220580990618956,63.28816581375754,17.30117840250159,240,4.0,13:10:30,13:14:30,False,,no_dispenser,0
2161994,heavy,320.0,29.0,40-ft,STC,2,SAT,14867742,14867765,342,342,57143,57136,Langley Centre @ Bay 5,Langley Centre @ Bay 2,57143,Langley Centre,47430,47910,in_service_layover,65.80817373011284,71.15200215331053,30.139192306835014,480,8.0,13:10:30,13:18:30,False,,no_dispenser,0
2161664,heavy,320.0,61.0,40-ft,STC,2,SAT,14863504,14876880,320,595,57136,57097,Langley Centre @ Bay 2,Langley Centre @ Bay 4,57136,Langley Centre,47850,48630,in_service_layover,60.42110884908157,69.48551845987382,51.12327020486822,780,13.0,13:17:30,13:30:30,False,,no_dispenser,0
2161897,heavy,502.0,36.0,40-ft,STC,2,SAT,14874633,14874586,501,501,57027,57027,Langley Centre @ Bay 3,Langley Centre @ Bay 3,57027,Langley Centre,48030,48330,in_service_layover,60.3043590178187,64.09842763378687,21.39854699406044,300,5.0,13:20:30,13:25:30,False,,no_dispenser,0
2161826,heavy,502.0,30.0,40-ft,STC,2,SAT,14874961,14875027,502,502,57143,57027,Langley Centre @ Bay 5,Langley Centre @ Bay 3,57143,Langley Centre,48270,48570,in_service_layover,55.07265150863581,59.023471084486964,22.282622407800545,300,5.0,13:24:30,13:29:30,False,,no_dispenser,0
2162119,heavy,320.0,73.0,40-ft,STC,2,SAT,14869483,14869508,364,364,57097,57097,Langley Centre @ Bay 4,Langley Centre @ Bay 4,57097,Langley Centre,48270,48630,in_service_layover,59.292567460403426,63.878801174576964,25.86635814793874,360,6.0,13:24:30,13:30:30,False,,no_dispenser,0
2161667,heavy,320.0,53.0,40-ft,STC,2,SAT,14876912,14863532,595,320,57097,57136,Langley Centre @ Bay 4,Langley Centre @ Bay 2,57097,Langley Centre,48510,48990,in_service_layover,60.11333588724837,66.031696559849,33.37955419346753,480,8.0,13:28:30,13:36:30,False,,no_dispenser,0
2161973,heavy,320.0,33.0,40-ft,STC,2,SAT,14867751,14867798,342,342,57143,57136,Langley Centre @ Bay 5,Langley Centre @ Bay 2,57143,Langley Centre,48690,49110,in_service_layover,65.1691614531517,69.96335594295972,27.039256922517268,420,7.0,13:31:30,13:38:30,False,,no_dispenser,0
2161682,heavy,503.0,39.0,40-ft,STC,2,SAT,14875470,14875556,503,503,55299,55299,Langley Centre @ Bay 1,Langley Centre @ Bay 1,55299,Langley Centre,48870,49050,in_service_layover,50.452956165063156,52.768745692592944,13.061052935268037,180,3.0,13:34:30,13:37:30,False,,no_dispenser,0
2162412,heavy,502.0,34.0,40-ft,STC,2,SAT,14874968,14875052,502,502,57143,57027,Langley Centre @ Bay 5,Langley Centre @ Bay 3,57143,Langley Centre,49230,49470,in_service_layover,48.255869563185705,51.32562739387001,17.313434165059448,240,4.0,13:40:30,13:44:30,False,,no_dispenser,0
2161612,heavy,320.0,42.0,40-ft,STC,2,SAT,14874634,14874587,501,501,57027,57027,Langley Centre @ Bay 3,Langley Centre @ Bay 3,57027,Langley Centre,49230,49530,in_service_layover,58.43767110132435,62.33714392569476,21.993026729449127,300,5.0,13:40:30,13:45:30,False,,no_dispenser,0
2161665,heavy,320.0,35.0,40-ft,STC,2,SAT,14869474,14863554,364,320,57097,57136,Langley Centre @ Bay 4,Langley Centre @ Bay 2,57097,Langley Centre,49530,50850,in_service_layover,56.42561257069214,71.33921995802865,84.11274566457786,1320,22.0,13:45:30,14:07:30,False,,no_dispenser,0
2161475,heavy,320.0,22.0,40-ft,STC,2,SAT,14863506,14869509,320,364,57136,57097,Langley Centre @ Bay 2,Langley Centre @ Bay 4,57136,Langley Centre,49650,49830,in_service_layover,49.010547065053345,51.31344948976771,12.988369675389038,180,3.0,13:47:30,13:50:30,False,,no_dispenser,0
2161974,heavy,320.0,44.0,40-ft,STC,2,SAT,14867743,14867766,342,342,57143,57136,Langley Centre @ Bay 5,Langley Centre @ Bay 2,57143,Langley Centre,49890,50310,in_service_layover,62.95043942802725,67.94165639342565,28.150463684846898,420,7.0,13:51:30,13:58:30,False,,no_dispenser,0
2162411,heavy,502.0,37.0,40-ft,STC,2,SAT,14874962,14875069,502,502,57143,57027,Langley Centre @ Bay 5,Langley Centre @ Bay 3,57143,Langley Centre,50130,50370,in_service_layover,45.91414338358976,48.967536491470014,17.22113712844464,240,4.0,13:55:30,13:59:30,False,,no_dispenser,0
2161579,heavy,320.0,30.0,40-ft,STC,2,SAT,14876913,14876881,595,595,57097,57097,Langley Centre @ Bay 4,Langley Centre @ Bay 4,57097,Langley Centre,50250,50430,in_service_layover,51.7335116683681,54.06175581717737,13.131296999284245,180,3.0,13:57:30,14:00:30,False,,no_dispenser,0
2161756,heavy,320.0,67.0,40-ft,STC,2,SAT,14874635,14874588,501,501,57027,57027,Langley Centre @ Bay 3,Langley Centre @ Bay 3,57027,Langley Centre,50430,50610,in_service_layover,59.98407570089807,62.3145186840243,13.143698424831939,180,3.0,14:00:30,14:03:30,False,,no_dispenser,0
2162113,heavy,320.0,47.0,40-ft,STC,2,SAT,14869475,14869510,364,364,57097,57097,Langley Centre @ Bay 4,Langley Centre @ Bay 4,57097,Langley Centre,50850,52230,in_service_layover,57.28282859961421,72.42522043174706,85.40308993322924,1380,23.0,14:07:30,14:30:30,False,,no_dispenser,0
2161755,heavy,502.0,31.0,40-ft,STC,2,SAT,14874987,14875033,502,502,57143,57027,Langley Centre @ Bay 5,Langley Centre @ Bay 3,57143,Langley Centre,51030,51270,in_service_layover,49.687003555118544,52.77148709174363,17.396487146565505,240,4.0,14:10:30,14:14:30,False,,no_dispenser,0
2161993,heavy,320.0,21.0,40-ft,STC,2,SAT,14867744,14867767,342,342,57143,57136,Langley Centre @ Bay 5,Langley Centre @ Bay 2,57143,Langley Centre,51090,51510,in_service_layover,62.285212488825906,67.33313886560379,28.470304765027265,420,7.0,14:11:30,14:18:30,False,,no_dispenser,0
2162428,heavy,503.0,40.0,40-ft,STC,2,SAT,14875514,14875560,503,503,55299,55299,Langley Centre @ Bay 1,Langley Centre @ Bay 1,55299,Langley Centre,51570,51930,in_service_layover,61.22840466452138,65.6731986599454,25.068638134191474,360,6.0,14:19:30,14:25:30,False,,no_dispenser,0
2161666,heavy,320.0,56.0,40-ft,STC,2,SAT,14863508,14863556,320,320,57136,57136,Langley Centre @ Bay 2,Langley Centre @ Bay 2,57136,Langley Centre,51570,52650,in_service_layover,49.95088847654848,63.67169273341339,77.38533600871807,1080,18.0,14:19:30,14:37:30,False,,no_dispenser,0
2162413,heavy,502.0,39.0,40-ft,STC,2,SAT,14874963,14875026,502,502,57143,57027,Langley Centre @ Bay 5,Langley Centre @ Bay 3,57143,Langley Centre,51930,52170,in_service_layover,53.7267914067306,56.86364414938714,17.69184946858286,240,4.0,14:25:30,14:29:30,False,,no_dispenser,0
2161675,heavy,320.0,75.0,40-ft,STC,2,SAT,14876914,14876882,595,595,57097,57097,Langley Centre @ Bay 4,Langley Centre @ Bay 4,57097,Langley Centre,52050,52230,in_service_layover,60.35286522403129,62.67013950686706,13.069426955193762,180,3.0,14:27:30,14:30:30,False,,no_dispenser,0
2162118,heavy,320.0,68.0,40-ft,STC,2,SAT,14869484,14869511,364,364,57097,57097,Langley Centre @ Bay 4,Langley Centre @ Bay 4,57097,Langley Centre,52110,53430,in_service_layover,60.262119996579735,73.97268168366958,77.3275679151867,1320,22.0,14:28:30,14:50:30,False,,no_dispenser,0
2161680,heavy,320.0,49.0,40-ft,STC,2,SAT,14867752,14867799,342,342,57143,57136,Langley Centre @ Bay 5,Langley Centre @ Bay 2,57143,Langley Centre,52290,52710,in_service_layover,58.920154267757496,64.25220668592698,30.072775638475832,420,7.0,14:31:30,14:38:30,False,,no_dispenser,0
2161908,heavy,502.0,41.0,40-ft,STC,2,SAT,14874929,14875014,502,502,57143,57027,Langley Centre @ Bay 5,Langley Centre @ Bay 3,57143,Langley Centre,52890,53070,in_service_layover,49.376696192984646,51.68244989848946,13.004450899047129,180,3.0,14:41:30,14:44:30,False,,no_dispenser,0
2161684,heavy,320.0,34.0,40-ft,STC,2,SAT,14867745,14867768,342,342,57143,57136,Langley Centre @ Bay 5,Langley Centre @ Bay 2,57143,Langley Centre,53490,53910,in_service_layover,59.64783547039345,64.91834591839608,29.725678926734872,420,7.0,14:51:30,14:58:30,False,,no_dispenser,0
2161671,heavy,320.0,23.0,40-ft,STC,2,SAT,14863510,14876883,320,595,57136,57097,Langley Centre @ Bay 2,Langley Centre @ Bay 4,57136,Langley Centre,53490,54030,in_service_layover,42.63639853052244,49.51181911353132,38.7773720881701,540,9.0,14:51:30,15:00:30,False,,no_dispenser,0
2162114,heavy,320.0,58.0,40-ft,STC,2,SAT,14869476,14869530,364,364,57097,57097,Langley Centre @ Bay 4,Langley Centre @ Bay 4,57097,Langley Centre,53490,54630,in_service_layover,54.88390439014022,68.54806756735162,77.06588031947229,1140,19.0,14:51:30,15:10:30,False,,no_dispenser,0
2162403,heavy,502.0,38.0,40-ft,STC,2,SAT,14874964,14875070,502,502,57143,57027,Langley Centre @ Bay 5,Langley Centre @ Bay 3,57143,Langley Centre,53790,53970,in_service_layover,50.49579587665113,52.81200206115687,13.063402880612387,180,3.0,14:56:30,14:59:30,False,,no_dispenser,0
2161664,heavy,320.0,61.0,40-ft,STC,2,SAT,14876915,14863558,595,320,57097,57136,Langley Centre @ Bay 4,Langley Centre @ Bay 2,57097,Langley Centre,53850,54450,in_service_layover,58.48193705446452,65.94139290818846,42.07133101500301,600,10.0,14:57:30,15:07:30,False,,no_dispenser,0
2161673,heavy,502.0,35.0,40-ft,STC,2,SAT,14874638,14874591,501,501,57027,57027,Langley Centre @ Bay 3,Langley Centre @ Bay 3,57027,Langley Centre,53970,54210,in_service_layover,48.403272998866434,51.47438194957429,17.32105448199229,240,4.0,14:59:30,15:03:30,False,,no_dispenser,0
2161740,heavy,503.0,32.0,40-ft,STC,2,SAT,14875516,14875591,503,503,55299,55299,Langley Centre @ Bay 1,Langley Centre @ Bay 1,55299,Langley Centre,53970,54510,in_service_layover,33.39800984657465,40.19139138263054,38.314671863355244,540,9.0,14:59:30,15:08:30,False,,no_dispenser,0
2162414,heavy,502.0,46.0,40-ft,STC,2,SAT,14874986,14875054,502,502,57143,57027,Langley Centre @ Bay 5,Langley Centre @ Bay 3,57143,Langley Centre,54690,54870,in_service_layover,66.9652334395357,69.04763312382175,11.7447342193733,180,3.0,15:11:30,15:14:30,False,,no_dispenser,0
2161994,heavy,320.0,29.0,40-ft,STC,2,SAT,14867717,14867769,342,342,57143,57136,Langley Centre @ Bay 5,Langley Centre @ Bay 2,57143,Langley Centre,54690,55110,in_service_layover,60.63280603684026,65.81803485175891,29.24469051614119,420,7.0,15:11:30,15:18:30,False,,no_dispenser,0
2162116,heavy,320.0,66.0,40-ft,STC,2,SAT,14869477,14869514,364,364,57097,57097,Langley Centre @ Bay 4,Langley Centre @ Bay 4,57097,Langley Centre,54690,55830,in_service_layover,53.55245028255461,67.46098379430192,78.44412900625485,1140,19.0,15:11:30,15:30:30,False,,no_dispenser,0
2161943,heavy,502.0,45.0,40-ft,STC,2,SAT,14874639,14874592,501,501,57027,57027,Langley Centre @ Bay 3,Langley Centre @ Bay 3,57027,Langley Centre,55170,55350,in_service_layover,58.35335435041691,60.72877724175634,13.397385107154378,180,3.0,15:19:30,15:22:30,False,,no_dispenser,0
2161583,heavy,503.0,36.0,40-ft,STC,2,SAT,14875517,14875592,503,503,55299,55299,Langley Centre @ Bay 1,Langley Centre @ Bay 1,55299,Langley Centre,55170,55710,in_service_layover,26.700119467576112,33.44106288240009,38.01892085960725,540,9.0,15:19:30,15:28:30,False,,no_dispenser,0
2161670,heavy,320.0,31.0,40-ft,STC,2,SAT,14863512,14876884,320,595,57136,57097,Langley Centre @ Bay 2,Langley Centre @ Bay 4,57136,Langley Centre,55410,55830,in_service_layover,39.65528304421311,44.970093314200795,29.975529922730544,420,7.0,15:23:30,15:30:30,False,,no_dispenser,0
2161820,heavy,502.0,32.0,40-ft,STC,2,SAT,14874965,14875025,502,502,57143,57027,Langley Centre @ Bay 5,Langley Centre @ Bay 3,57143,Langley Centre,55590,55770,in_service_layover,55.56770814421126,57.933243503666596,13.341619427328112,180,3.0,15:26:30,15:29:30,False,,no_dispenser,0
2161579,heavy,320.0,30.0,40-ft,STC,2,SAT,14876916,14863560,595,320,57097,57136,Langley Centre @ Bay 4,Langley Centre @ Bay 2,57097,Langley Centre,55650,56250,in_service_layover,43.05817441176807,50.71651237031,43.193026086176445,600,10.0,15:27:30,15:37:30,False,,no_dispenser,0
2161973,heavy,320.0,33.0,40-ft,STC,2,SAT,14867753,14867800,342,342,57143,57136,Langley Centre @ Bay 5,Langley Centre @ Bay 2,57143,Langley Centre,55890,56310,in_service_layover,59.54365023866824,64.82350790730067,29.7783972510868,420,7.0,15:31:30,15:38:30,False,,no_dispenser,0
2162117,heavy,502.0,44.0,40-ft,STC,2,SAT,14869485,14869512,364,364,57097,57097,Langley Centre @ Bay 4,Langley Centre @ Bay 4,57097,Langley Centre,55890,57030,in_service_layover,52.386969549598795,66.48052672930983,79.48766249357021,1140,19.0,15:31:30,15:50:30,False,,no_dispenser,0
2161742,heavy,502.0,40.0,40-ft,STC,2,SAT,14874640,14874593,501,501,57027,57027,Langley Centre @ Bay 3,Langley Centre @ Bay 3,57027,Langley Centre,56370,56550,in_service_layover,53.100565289393366,55.44210533601781,13.206285862961863,180,3.0,15:39:30,15:42:30,False,,no_dispenser,0
2161682,heavy,503.0,39.0,40-ft,STC,2,SAT,14875518,14875593,503,503,55299,55299,Langley Centre @ Bay 1,Langley Centre @ Bay 1,55299,Langley Centre,56370,56910,in_service_layover,47.94691610105576,54.919548925421545,39.32564912942303,540,9.0,15:39:30,15:48:30,False,,no_dispenser,0
2161826,heavy,502.0,30.0,40-ft,STC,2,SAT,14874982,14875061,502,502,57143,57027,Langley Centre @ Bay 5,Langley Centre @ Bay 3,57143,Langley Centre,56430,56670,in_service_layover,50.55315487317426,53.64885210063745,17.459732362892396,240,4.0,15:40:30,15:44:30,False,,no_dispenser,0
2161974,heavy,320.0,44.0,40-ft,STC,2,SAT,14867718,14867770,342,342,57143,57136,Langley Centre @ Bay 5,Langley Centre @ Bay 2,57143,Langley Centre,57090,57510,in_service_layover,56.145894028977224,61.6323332462357,30.94351718533784,420,7.0,15:51:30,15:58:30,False,,no_dispenser,0
2162119,heavy,320.0,73.0,40-ft,STC,2,SAT,14869452,14869531,364,364,57097,57097,Langley Centre @ Bay 4,Langley Centre @ Bay 4,57097,Langley Centre,57090,58230,in_service_layover,52.542004918465736,66.61251547384906,79.35767953236194,1140,19.0,15:51:30,16:10:30,False,,no_dispenser,0
2161668,heavy,320.0,76.0,40-ft,STC,2,SAT,14863514,14876885,320,595,57136,57097,Langley Centre @ Bay 2,Langley Centre @ Bay 4,57136,Langley Centre,57330,57630,in_service_layover,52.41046577598166,56.318542280016345,22.041551482755608,300,5.0,15:55:30,16:00:30,False,,no_dispenser,0
2162412,heavy,502.0,34.0,40-ft,STC,2,SAT,14874966,14875071,502,502,57143,57027,Langley Centre @ Bay 5,Langley Centre @ Bay 3,57143,Langley Centre,57330,57630,in_service_layover,42.70908045626199,46.513632273255745,21.457672247844812,300,5.0,15:55:30,16:00:30,False,,no_dispenser,0
2161675,heavy,320.0,75.0,40-ft,STC,2,SAT,14876917,14863562,595,320,57097,57136,Langley Centre @ Bay 4,Langley Centre @ Bay 2,57097,Langley Centre,57450,58050,in_service_layover,51.666558101457774,59.51013481890289,44.237772686390485,600,10.0,15:57:30,16:07:30,False,,no_dispenser,0
2162429,heavy,503.0,31.0,40-ft,STC,2,SAT,14875519,14875594,503,503,55299,55299,Langley Centre @ Bay 1,Langley Centre @ Bay 1,55299,Langley Centre,57510,58110,in_service_layover,47.916656024667105,55.6796419699587,43.78324073144461,600,10.0,15:58:30,16:08:30,False,,no_dispenser,0
2161897,heavy,502.0,36.0,40-ft,STC,2,SAT,14874641,14874594,501,501,57027,57027,Langley Centre @ Bay 3,Langley Centre @ Bay 3,57027,Langley Centre,57570,57810,in_service_layover,50.52300491748875,53.61831116225867,17.457527220502413,240,4.0,15:59:30,16:03:30,False,,no_dispenser,0
2162411,heavy,502.0,37.0,40-ft,STC,2,SAT,14874985,14875016,502,502,57143,57027,Langley Centre @ Bay 5,Langley Centre @ Bay 3,57143,Langley Centre,58230,58530,in_service_layover,39.56296353393133,43.35383140209545,21.38049477644566,300,5.0,16:10:30,16:15:30,False,,no_dispenser,0
2161475,heavy,320.0,22.0,40-ft,STC,2,SAT,14869461,14869513,364,364,57097,57097,Langley Centre @ Bay 4,Langley Centre @ Bay 4,57097,Langley Centre,58230,59430,in_service_layover,39.78780870915791,55.24045408293635,87.15291990811045,1200,20.0,16:10:30,16:30:30,False,,no_dispenser,0
2161993,heavy,320.0,21.0,40-ft,STC,2,SAT,14867719,14867771,342,342,57143,57136,Langley Centre @ Bay 5,Langley Centre @ Bay 2,57143,Langley Centre,58290,58710,in_service_layover,55.56969748258408,61.07225851076843,31.034444198959704,420,7.0,16:11:30,16:18:30,False,,no_dispenser,0
2161612,heavy,320.0,42.0,40-ft,STC,2,SAT,14874642,14874595,501,501,57027,57027,Langley Centre @ Bay 3,Langley Centre @ Bay 3,57027,Langley Centre,58470,58830,in_service_layover,43.244131303119644,47.81559724387981,25.783067905887293,360,6.0,16:14:30,16:20:30,False,,no_dispenser,0
2162428,heavy,503.0,40.0,40-ft,STC,2,SAT,14875520,14875595,503,503,55299,55299,Langley Centre @ Bay 1,Langley Centre @ Bay 1,55299,Langley Centre,58710,59310,in_service_layover,54.737168406764944,62.502676519256184,43.79746575445057,600,10.0,16:18:30,16:28:30,False,,no_dispenser,0
2161523,heavy,320.0,45.0,40-ft,STC,2,SAT,14863516,14876886,320,595,57136,57097,Langley Centre @ Bay 2,Langley Centre @ Bay 4,57136,Langley Centre,59070,59430,in_service_layover,38.75608914048049,43.303933393155624,25.649841585087728,360,6.0,16:24:30,16:30:30,False,,no_dispenser,0
2161755,heavy,502.0,31.0,40-ft,STC,2,SAT,14874967,14875024,502,502,57143,57027,Langley Centre @ Bay 5,Langley Centre @ Bay 3,57143,Langley Centre,59130,59430,in_service_layover,43.39880591428398,47.20635767314484,21.47459191997524,300,5.0,16:25:30,16:30:30,False,,no_dispenser,0
2161671,heavy,320.0,23.0,40-ft,STC,2,SAT,14876918,14863564,595,320,57097,57136,Langley Centre @ Bay 4,Langley Centre @ Bay 2,57097,Langley Centre,59130,59910,in_service_layover,38.50823770812203,48.41760347339299,55.88882291612819,780,13.0,16:25:30,16:38:30,False,,no_dispenser,0
2162115,heavy,320.0,85.0,40-ft,STC,2,SAT,14869486,14869515,364,364,57097,57097,Langley Centre @ Bay 4,Langley Centre @ Bay 4,57097,Langley Centre,59430,60630,in_service_layover,68.6222094243951,79.14007279615141,59.32074941670567,1200,20.0,16:30:30,16:50:30,False,,no_dispenser,0
2161680,heavy,320.0,49.0,40-ft,STC,2,SAT,14867754,14867801,342,342,57143,57136,Langley Centre @ Bay 5,Langley Centre @ Bay 2,57143,Langley Centre,59490,59910,in_service_layover,52.55853406792299,58.05657612327562,31.00895719218886,420,7.0,16:31:30,16:38:30,False,,no_dispenser,0
2162413,heavy,502.0,39.0,40-ft,STC,2,SAT,14874958,14875062,502,502,57143,57027,Langley Centre @ Bay 5,Langley Centre @ Bay 3,57143,Langley Centre,60030,60330,in_service_layover,46.76937852765104,50.5986696014019,21.597201655954848,300,5.0,16:40:30,16:45:30,False,,no_dispenser,0
2161825,heavy,503.0,38.0,40-ft,STC,2,SAT,14875521,14875596,503,503,55299,55299,Langley Centre @ Bay 1,Langley Centre @ Bay 1,55299,Langley Centre,60030,60510,in_service_layover,40.0190943554249,46.09971396757159,34.29469461250733,480,8.0,16:40:30,16:48:30,False,,no_dispenser,0
2161756,heavy,320.0,67.0,40-ft,STC,2,SAT,14874643,14874596,501,501,57027,57027,Langley Centre @ Bay 3,Langley Centre @ Bay 3,57027,Langley Centre,60270,60510,in_service_layover,52.568695080075855,55.69052970378178,17.60714727770136,240,4.0,16:44:30,16:48:30,False,,no_dispenser,0
2161684,heavy,320.0,34.0,40-ft,STC,2,SAT,14867720,14867772,342,342,57143,57136,Langley Centre @ Bay 5,Langley Centre @ Bay 2,57143,Langley Centre,60690,61110,in_service_layover,53.222874204127756,58.73444463633083,31.085257237625285,420,7.0,16:51:30,16:58:30,False,,no_dispenser,0
2162113,heavy,320.0,47.0,40-ft,STC,2,SAT,14869453,14869532,364,364,57097,57097,Langley Centre @ Bay 4,Langley Centre @ Bay 4,57097,Langley Centre,60690,61830,in_service_layover,58.503358252857396,71.32521874504944,72.31529317596306,1140,19.0,16:51:30,17:10:30,False,,no_dispenser,0
2161669,heavy,320.0,52.0,40-ft,STC,2,SAT,14863487,14876876,320,595,57136,57097,Langley Centre @ Bay 2,Langley Centre @ Bay 4,57136,Langley Centre,60870,61230,in_service_layover,43.600107375565585,48.17383741759683,25.795837437056235,360,6.0,16:54:30,17:00:30,False,,no_dispenser,0
2161670,heavy,320.0,31.0,40-ft,STC,2,SAT,14876919,14863566,595,320,57097,57136,Langley Centre @ Bay 4,Langley Centre @ Bay 2,57097,Langley Centre,60930,61770,in_service_layover,33.966511908791496,44.57625137067176,59.83893056500469,840,14.0,16:55:30,17:09:30,False,,no_dispenser,0
2161679,heavy,502.0,42.0,40-ft,STC,2,SAT,14874644,14874597,501,501,57027,57027,Langley Centre @ Bay 3,Langley Centre @ Bay 3,57027,Langley Centre,61170,61530,in_service_layover,41.85822167077386,46.4222570913637,25.74115977212668,360,6.0,16:59:30,17:05:30,False,,no_dispenser,0
2162430,heavy,503.0,35.0,40-ft,STC,2,SAT,14875522,14875597,503,503,55299,55299,Langley Centre @ Bay 1,Langley Centre @ Bay 1,55299,Langley Centre,61230,61710,in_service_layover,49.3218791527888,55.53595398036928,35.04738202755385,480,8.0,17:00:30,17:08:30,False,,no_dispenser,0
2162118,heavy,320.0,68.0,40-ft,STC,2,SAT,14869454,14869516,364,364,57097,57097,Langley Centre @ Bay 4,Langley Centre @ Bay 4,57097,Langley Centre,61710,63030,in_service_layover,59.97765348814055,73.77484916106089,77.81618359527073,1320,22.0,17:08:30,17:30:30,False,,no_dispenser,0
2162403,heavy,502.0,38.0,40-ft,STC,2,SAT,14874984,14875051,502,502,57143,57027,Langley Centre @ Bay 5,Langley Centre @ Bay 3,57143,Langley Centre,61830,62130,in_service_layover,43.43979295719965,47.24752298807384,21.475597374130416,300,5.0,17:10:30,17:15:30,False,,no_dispenser,0
2161994,heavy,320.0,29.0,40-ft,STC,2,SAT,14867721,14867781,342,342,57143,57136,Langley Centre @ Bay 5,Langley Centre @ Bay 2,57143,Langley Centre,61890,62310,in_service_layover,54.10849748689763,59.6273541666297,31.126351673688816,420,7.0,17:11:30,17:18:30,False,,no_dispenser,0
2161672,heavy,502.0,33.0,40-ft,STC,2,SAT,14874645,14874598,501,501,57027,57027,Langley Centre @ Bay 3,Langley Centre @ Bay 3,57027,Langley Centre,62010,62370,in_service_layover,31.659160723073825,36.16996350232293,25.44092767496494,360,6.0,17:13:30,17:19:30,False,,no_dispenser,0
2162434,heavy,503.0,30.0,40-ft,STC,2,SAT,14875497,14875598,503,503,55299,55299,Langley Centre @ Bay 1,Langley Centre @ Bay 1,55299,Langley Centre,62430,62910,in_service_layover,20.42146408159491,26.368950873478553,33.54382550622377,480,8.0,17:20:30,17:28:30,False,,no_dispenser,0
2161582,heavy,312.0,54.0,40-ft,STC,2,SAT,14863519,14876877,320,595,57136,57097,Langley Centre @ Bay 2,Langley Centre @ Bay 4,57136,Langley Centre,62670,63030,in_service_layover,61.761669636412755,66.16864342106433,24.855332145434886,360,6.0,17:24:30,17:30:30,False,,no_dispenser,0
2161668,heavy,320.0,76.0,40-ft,STC,2,SAT,14876920,14863567,595,320,57097,57136,Langley Centre @ Bay 4,Langley Centre @ Bay 2,57097,Langley Centre,62670,63630,in_service_layover,45.31496087460705,57.74549266172675,70.10819927935509,960,16.0,17:24:30,17:40:30,False,,no_dispenser,0
2162414,heavy,502.0,46.0,40-ft,STC,2,SAT,14874970,14875023,502,502,57143,57027,Langley Centre @ Bay 5,Langley Centre @ Bay 3,57143,Langley Centre,62730,63030,in_service_layover,59.470997536668754,63.3171668732747,21.69239505845752,300,5.0,17:25:30,17:30:30,False,,no_dispenser,0
2161667,heavy,320.0,53.0,40-ft,STC,2,SAT,14874662,14874613,501,501,57027,57027,Langley Centre @ Bay 3,Langley Centre @ Bay 3,57027,Langley Centre,62910,63390,in_service_layover,49.678430490309786,55.900627521777466,35.09319125747771,480,8.0,17:28:30,17:36:30,False,,no_dispenser,0
2162114,heavy,320.0,58.0,40-ft,STC,2,SAT,14869490,14869517,364,364,57097,57097,Langley Centre @ Bay 4,Langley Centre @ Bay 4,57097,Langley Centre,62910,64230,in_service_layover,55.5555759238326,70.70445488666097,85.43967735035204,1320,22.0,17:28:30,17:50:30,False,,no_dispenser,0
2161973,heavy,320.0,33.0,40-ft,STC,2,SAT,14867755,14867802,342,342,57143,57136,Langley Centre @ Bay 5,Langley Centre @ Bay 2,57143,Langley Centre,63150,63510,in_service_layover,53.90047090692849,58.62910847307401,26.669515873060732,360,6.0,17:32:30,17:38:30,False,,no_dispenser,0
2161820,heavy,502.0,32.0,40-ft,STC,2,SAT,14874959,14875063,502,502,57143,57027,Langley Centre @ Bay 5,Langley Centre @ Bay 3,57143,Langley Centre,63630,63930,in_service_layover,48.64436479989752,52.49422026208595,21.713184806742788,300,5.0,17:40:30,17:45:30,False,,no_dispenser,0
2162427,heavy,503.0,41.0,40-ft,STC,2,SAT,14875498,14875599,503,503,55299,55299,Langley Centre @ Bay 1,Langley Centre @ Bay 1,55299,Langley Centre,63630,64110,in_service_layover,42.42504423838097,48.52578632476282,34.40818536719365,480,8.0,17:40:30,17:48:30,False,,no_dispenser,0
2161673,heavy,502.0,35.0,40-ft,STC,2,SAT,14874646,14874599,501,501,57027,57027,Langley Centre @ Bay 3,Langley Centre @ Bay 3,57027,Langley Centre,63690,64350,in_service_layover,41.56276974288113,49.97322802320893,47.43498470104876,660,11.0,17:41:30,17:52:30,False,,no_dispenser,0
2161974,heavy,320.0,44.0,40-ft,STC,2,SAT,14867722,14867773,342,342,57143,57136,Langley Centre @ Bay 5,Langley Centre @ Bay 2,57143,Langley Centre,64350,64710,in_service_layover,50.69531814291503,55.36166479136049,26.318195097232433,360,6.0,17:52:30,17:58:30,False,,no_dispenser,0
2161665,heavy,320.0,35.0,40-ft,STC,2,SAT,14863521,14876887,320,595,57136,57097,Langley Centre @ Bay 2,Langley Centre @ Bay 4,57136,Langley Centre,64470,64830,in_service_layover,52.55162962231764,57.25408506322549,26.52184868672026,360,6.0,17:54:30,18:00:30,False,,no_dispenser,0
2161523,heavy,320.0,45.0,40-ft,STC,2,SAT,14876921,14863568,595,320,57097,57136,Langley Centre @ Bay 4,Langley Centre @ Bay 2,57097,Langley Centre,64470,65490,in_service_layover,32.30035198774633,45.18875808127967,72.69061036752805,1020,17.0,17:54:30,18:11:30,False,,no_dispenser,0
2161826,heavy,502.0,30.0,40-ft,STC,2,SAT,14874971,14875073,502,502,57143,57027,Langley Centre @ Bay 5,Langley Centre @ Bay 3,57143,Langley Centre,64530,64830,in_service_layover,44.28703626829516,48.09856622945342,21.497028980932555,300,5.0,17:55:30,18:00:30,False,,no_dispenser,0
2161943,heavy,502.0,45.0,40-ft,STC,2,SAT,14874660,14874600,501,501,57027,57027,Langley Centre @ Bay 3,Langley Centre @ Bay 3,57027,Langley Centre,64590,65370,in_service_layover,47.084783365304475,57.20813176003453,57.095684946277515,780,13.0,17:56:30,18:09:30,False,,no_dispenser,0
2161896,heavy,503.0,42.0,40-ft,STC,2,SAT,14875499,14875565,503,503,55299,55299,Langley Centre @ Bay 1,Langley Centre @ Bay 1,55299,Langley Centre,64710,65310,in_service_layover,51.24644806836691,59.08859145838715,44.22968871971415,600,10.0,17:58:30,18:08:30,False,,no_dispenser,0
2162117,heavy,502.0,44.0,40-ft,STC,2,SAT,14869455,14869537,364,364,57097,57097,Langley Centre @ Bay 4,Langley Centre @ Bay 4,57097,Langley Centre,65190,65430,in_service_layover,55.07225310874302,58.22655371253103,17.79025540536435,240,4.0,18:06:30,18:10:30,False,,no_dispenser,0
2162412,heavy,502.0,34.0,40-ft,STC,2,SAT,14874954,14875018,502,502,57143,57027,Langley Centre @ Bay 5,Langley Centre @ Bay 3,57143,Langley Centre,65370,65730,in_service_layover,36.33283553969991,40.86803194268873,25.578507712856975,360,6.0,18:09:30,18:15:30,False,,no_dispenser,0
2161993,heavy,320.0,21.0,40-ft,STC,2,SAT,14867723,14867774,342,342,57143,57136,Langley Centre @ Bay 5,Langley Centre @ Bay 2,57143,Langley Centre,65550,65910,in_service_layover,50.12434888752972,54.779589096902924,26.255554780864884,360,6.0,18:12:30,18:18:30,False,,no_dispenser,0
2161669,heavy,320.0,52.0,40-ft,STC,2,SAT,14876922,14876872,595,595,57097,57097,Langley Centre @ Bay 4,Langley Centre @ Bay 4,57097,Langley Centre,66150,66630,in_service_layover,37.17025601218754,43.23105011418305,34.18287873525469,480,8.0,18:22:30,18:30:30,False,,no_dispenser,0
2161868,heavy,320.0,50.0,40-ft,STC,2,SAT,14874647,14874601,501,501,57027,57027,Langley Centre @ Bay 3,Langley Centre @ Bay 3,57027,Langley Centre,66210,66690,in_service_layover,59.08822723792869,65.11088922033207,33.967813580755035,480,8.0,18:23:30,18:31:30,False,,no_dispenser,0
2162411,heavy,502.0,37.0,40-ft,STC,2,SAT,14874972,14875000,502,502,57143,57027,Langley Centre @ Bay 5,Langley Centre @ Bay 3,57143,Langley Centre,66270,66630,in_service_layover,33.15654250839417,37.67516067260242,25.48500644613455,360,6.0,18:24:30,18:30:30,False,,no_dispenser,0
2162119,heavy,320.0,73.0,40-ft,STC,2,SAT,14869456,14869518,364,364,57097,57097,Langley Centre @ Bay 4,Langley Centre @ Bay 4,57097,Langley Centre,66390,66630,in_service_layover,55.92685881323454,59.09222306794724,17.852654396579567,240,4.0,18:26:30,18:30:30,False,,no_dispenser,0
2161666,heavy,320.0,56.0,40-ft,STC,2,SAT,14863496,14863569,320,320,57136,57136,Langley Centre @ Bay 2,Langley Centre @ Bay 2,57136,Langley Centre,66390,67290,in_service_layover,47.372912380754784,59.04150473470837,65.81086087629825,900,15.0,18:26:30,18:41:30,False,,no_dispenser,0
2161680,heavy,320.0,49.0,40-ft,STC,2,SAT,14867756,14867803,342,342,57143,57136,Langley Centre @ Bay 5,Langley Centre @ Bay 2,57143,Langley Centre,66750,67110,in_service_layover,47.83605508544083,52.453747803488746,26.043786929790258,360,6.0,18:32:30,18:38:30,False,,no_dispenser,0
2161937,heavy,503.0,44.0,40-ft,STC,2,SAT,14875501,14875568,503,503,55299,55299,Langley Centre @ Bay 1,Langley Centre @ Bay 1,55299,Langley Centre,66930,67710,in_service_layover,63.81466923786549,72.29311282297901,47.81842182004027,780,13.0,18:35:30,18:48:30,False,,no_dispenser,0
2161755,heavy,502.0,31.0,40-ft,STC,2,SAT,14874953,14875064,502,502,57143,57027,Langley Centre @ Bay 5,Langley Centre @ Bay 3,57143,Langley Centre,67170,67530,in_service_layover,37.791060437394414,42.33386785117836,25.621433813741476,360,6.0,18:39:30,18:45:30,False,,no_dispenser,0
2161475,heavy,320.0,22.0,40-ft,STC,2,SAT,14869457,14869519,364,364,57097,57097,Langley Centre @ Bay 4,Langley Centre @ Bay 4,57097,Langley Centre,67590,68430,in_service_layover,44.5330994372525,55.37729103842138,61.16124063059243,840,14.0,18:46:30,19:00:30,False,,no_dispenser,0
2161908,heavy,502.0,41.0,40-ft,STC,2,SAT,14874648,14874602,501,501,57027,57027,Langley Centre @ Bay 3,Langley Centre @ Bay 3,57027,Langley Centre,67830,68010,in_service_layover,32.74570456585808,34.99942021438277,12.7109562576793,180,3.0,18:50:30,18:53:30,False,,no_dispenser,0
2161684,heavy,320.0,34.0,40-ft,STC,2,SAT,14867724,14867775,342,342,57143,57136,Langley Centre @ Bay 5,Langley Centre @ Bay 2,57143,Langley Centre,67890,68310,in_service_layover,50.21927393283722,55.6642290810181,30.709547035740172,420,7.0,18:51:30,18:58:30,False,,no_dispenser,0
2161582,heavy,312.0,54.0,40-ft,STC,2,SAT,14876923,14876873,595,595,57097,57097,Langley Centre @ Bay 4,Langley Centre @ Bay 4,57097,Langley Centre,67950,68430,in_service_layover,55.16506201565503,61.433738790844,35.355337012065775,480,8.0,18:52:30,19:00:30,False,,no_dispenser,0
2162413,heavy,502.0,39.0,40-ft,STC,2,SAT,14874973,14875001,502,502,57143,57027,Langley Centre @ Bay 5,Langley Centre @ Bay 3,57143,Langley Centre,68070,68430,in_service_layover,41.20487919564481,45.76550458213154,25.72192717978521,360,6.0,18:54:30,19:00:30,False,,no_dispenser,0
2161664,heavy,320.0,61.0,40-ft,STC,2,SAT,14863522,14863541,320,320,57136,57136,Langley Centre @ Bay 2,Langley Centre @ Bay 2,57136,Langley Centre,68250,69090,in_service_layover,52.00363645842867,62.79736199516787,60.87661202720909,840,14.0,18:57:30,19:11:30,False,,no_dispenser,0
2162115,heavy,320.0,85.0,40-ft,STC,2,SAT,14869488,14874603,364,501,57097,57027,Langley Centre @ Bay 4,Langley Centre @ Bay 3,57097,Langley Centre,68790,69270,in_service_layover,67.18051085885581,72.37397133905813,29.291117108341098,480,8.0,19:06:30,19:14:30,False,,no_dispenser,0
2162415,heavy,502.0,48.0,40-ft,STC,2,SAT,14874983,14875050,502,502,57143,57027,Langley Centre @ Bay 5,Langley Centre @ Bay 3,57143,Langley Centre,68910,69330,in_service_layover,66.9652334395357,71.59105891192017,26.089655664248426,420,7.0,19:08:30,19:15:30,False,,no_dispenser,0
2161994,heavy,320.0,29.0,40-ft,STC,2,SAT,14867725,14867776,342,342,57143,57136,Langley Centre @ Bay 5,Langley Centre @ Bay 2,57143,Langley Centre,69090,69510,in_service_layover,51.137453828107084,56.60324604786289,30.82706811942279,420,7.0,19:11:30,19:18:30,False,,no_dispenser,0
2161553,heavy,320.0,46.0,40-ft,STC,2,SAT,14874649,14874604,501,501,57027,57027,Langley Centre @ Bay 3,Langley Centre @ Bay 3,57027,Langley Centre,69570,70350,in_service_layover,49.78562759420052,59.92634805177831,57.19366338073871,780,13.0,19:19:30,19:32:30,False,,no_dispenser,0
2161870,heavy,320.0,37.0,40-ft,STC,2,SAT,14874974,14875002,502,502,57143,57027,Langley Centre @ Bay 5,Langley Centre @ Bay 3,57143,Langley Centre,69630,70230,in_service_layover,59.45263876339412,66.79275488309432,41.398254915109135,600,10.0,19:20:30,19:30:30,False,,no_dispenser,0
2161665,heavy,320.0,35.0,40-ft,STC,2,SAT,14876924,14876874,595,595,57097,57097,Langley Centre @ Bay 4,Langley Centre @ Bay 4,57097,Langley Centre,69750,70230,in_service_layover,46.250503657816196,52.403827342364195,34.70474558085073,480,8.0,19:22:30,19:30:30,False,,no_dispenser,0
2162113,heavy,320.0,47.0,40-ft,STC,2,SAT,14869458,14869520,364,364,57097,57097,Langley Centre @ Bay 4,Langley Centre @ Bay 4,57097,Langley Centre,70050,70230,in_service_layover,61.487515907375624,63.76455435037649,12.842496818524864,180,3.0,19:27:30,19:30:30,False,,no_dispenser,0
2161679,heavy,502.0,42.0,40-ft,STC,2,SAT,14863453,14863549,320,320,57136,57136,Langley Centre @ Bay 2,Langley Centre @ Bay 2,57136,Langley Centre,70050,71010,in_service_layover,26.66641911835052,38.706114245927786,67.90388051953576,960,16.0,19:27:30,19:43:30,False,,no_dispenser,0
2162403,heavy,502.0,38.0,40-ft,STC,2,SAT,14874996,14875019,502,502,57143,57027,Langley Centre @ Bay 5,Langley Centre @ Bay 3,57143,Langley Centre,70230,71130,in_service_layover,44.79138020930089,56.4375242937658,65.68425263638204,900,15.0,19:30:30,19:45:30,False,,no_dispenser,0
2161973,heavy,320.0,33.0,40-ft,STC,2,SAT,14867757,14867804,342,342,57143,57136,Langley Centre @ Bay 5,Langley Centre @ Bay 2,57143,Langley Centre,70290,70710,in_service_layover,50.11086428619679,55.553359198014306,30.695671302650794,420,7.0,19:31:30,19:38:30,False,,no_dispenser,0
2163961,heavy,503.0,45.0,40-ft,STC,2,SAT,14875504,14875572,503,503,55299,55299,Langley Centre @ Bay 1,Langley Centre @ Bay 1,55299,Langley Centre,70350,70830,in_service_layover,64.42879290200835,69.91908662676745,30.96525660764138,480,8.0,19:32:30,19:40:30,False,,no_dispenser,0
2161672,heavy,502.0,33.0,40-ft,STC,2,SAT,14874650,14874605,501,501,57027,57027,Langley Centre @ Bay 3,Langley Centre @ Bay 3,57027,Langley Centre,71250,71490,in_service_layover,25.318769980404742,28.299817584112922,16.813108484914153,240,4.0,19:47:30,19:51:30,False,,no_dispenser,0
2161974,heavy,320.0,44.0,40-ft,STC,2,SAT,14867726,14867777,342,342,57143,57136,Langley Centre @ Bay 5,Langley Centre @ Bay 2,57143,Langley Centre,71370,71910,in_service_layover,46.76483671333608,53.71156060447091,39.17952274600043,540,9.0,19:49:30,19:58:30,False,,no_dispenser,0
2161669,heavy,320.0,52.0,40-ft,STC,2,SAT,14876925,14863572,595,320,57097,57136,Langley Centre @ Bay 4,Langley Centre @ Bay 2,57097,Langley Centre,71550,71910,in_service_layover,32.22746870877374,36.74123769592463,25.457657087531004,360,6.0,19:52:30,19:58:30,False,,no_dispenser,0
2161896,heavy,503.0,42.0,40-ft,STC,2,SAT,14875473,14875575,503,503,55299,55299,Langley Centre @ Bay 1,Langley Centre @ Bay 1,55299,Langley Centre,71550,72930,in_service_layover,48.104310626145164,65.26478658787354,96.78508442414807,1380,23.0,19:52:30,20:15:30,False,,no_dispenser,0
2161820,heavy,502.0,32.0,40-ft,STC,2,SAT,14874978,14875003,502,502,57143,57027,Langley Centre @ Bay 5,Langley Centre @ Bay 3,57143,Langley Centre,71670,72030,in_service_layover,45.45184101756702,50.04092602849206,25.882439461617253,360,6.0,19:54:30,20:00:30,False,,no_dispenser,0
2161667,heavy,320.0,53.0,40-ft,STC,2,SAT,14863454,14876875,320,595,57136,57097,Langley Centre @ Bay 2,Langley Centre @ Bay 4,57136,Langley Centre,71790,72030,in_service_layover,39.19658727602846,42.22599727954744,17.08587241984702,240,4.0,19:56:30,20:00:30,False,,no_dispenser,0
2161826,heavy,502.0,30.0,40-ft,STC,2,SAT,14874979,14875056,502,502,57143,57027,Langley Centre @ Bay 5,Langley Centre @ Bay 3,57143,Langley Centre,72390,72930,in_service_layover,40.21759019580601,47.06509187419419,38.619909466109334,540,9.0,20:06:30,20:15:30,False,,no_dispenser,0
2161993,heavy,320.0,21.0,40-ft,STC,2,SAT,14867761,14867778,342,342,57143,57136,Langley Centre @ Bay 5,Langley Centre @ Bay 2,57143,Langley Centre,72570,73110,in_service_layover,46.17089526988704,53.1055244092045,39.111308345750444,540,9.0,20:09:30,20:18:30,False,,no_dispenser,0
2161673,heavy,502.0,35.0,40-ft,STC,2,SAT,14874651,14874606,501,501,57027,57027,Langley Centre @ Bay 3,Langley Centre @ Bay 3,57027,Langley Centre,72930,73350,in_service_layover,38.48971414158622,43.797426957836294,29.93550028365044,420,7.0,20:15:30,20:22:30,False,,no_dispenser,0
2162412,heavy,502.0,34.0,40-ft,STC,2,SAT,14874975,14875004,502,502,57143,57027,Langley Centre @ Bay 5,Langley Centre @ Bay 3,57143,Langley Centre,73110,73830,in_service_layover,30.65776874951556,39.705091256495244,51.026898939365424,720,12.0,20:18:30,20:30:30,False,,no_dispenser,0
2161582,heavy,312.0,54.0,40-ft,STC,2,SAT,14876905,14876888,595,595,57097,57097,Langley Centre @ Bay 4,Langley Centre @ Bay 4,57097,Langley Centre,73290,73830,in_service_layover,50.430157385434704,57.467020322987416,39.68790696779729,540,9.0,20:21:30,20:30:30,False,,no_dispenser,0
2161680,heavy,320.0,49.0,40-ft,STC,2,SAT,14867727,14867779,342,342,57143,57136,Langley Centre @ Bay 5,Langley Centre @ Bay 2,57143,Langley Centre,73710,74910,in_service_layover,44.58288680798847,59.99554523428598,86.92739352431789,1200,20.0,20:28:30,20:48:30,False,,no_dispenser,0
2161683,heavy,502.0,43.0,40-ft,STC,2,SAT,14874955,14875067,502,502,57143,57027,Langley Centre @ Bay 5,Langley Centre @ Bay 3,57143,Langley Centre,74430,74670,in_service_layover,37.58374166820138,40.607539649710375,17.054220615710733,240,4.0,20:40:30,20:44:30,False,,no_dispenser,0
2161868,heavy,320.0,50.0,40-ft,STC,2,SAT,14874652,14874607,501,501,57027,57027,Langley Centre @ Bay 3,Langley Centre @ Bay 3,57027,Langley Centre,74730,75150,in_service_layover,49.96437031164693,55.40354070563443,30.67692102208946,420,7.0,20:45:30,20:52:30,False,,no_dispenser,0
2161670,heavy,320.0,31.0,40-ft,STC,2,SAT,14863457,14863575,320,320,57136,57136,Langley Centre @ Bay 2,Langley Centre @ Bay 2,57136,Langley Centre,74970,75270,in_service_layover,40.15567183756346,43.94911767415597,21.395034518381777,300,5.0,20:49:30,20:54:30,False,,no_dispenser,0
2162413,heavy,502.0,39.0,40-ft,STC,2,SAT,14874976,14875005,502,502,57143,57027,Langley Centre @ Bay 5,Langley Centre @ Bay 3,57143,Langley Centre,75150,75510,in_service_layover,34.821177304176764,39.34848380817449,25.53400868254718,360,6.0,20:52:30,20:58:30,False,,no_dispenser,0
2162415,heavy,502.0,48.0,40-ft,STC,2,SAT,14874933,14875060,502,502,57143,57027,Langley Centre @ Bay 5,Langley Centre @ Bay 3,57143,Langley Centre,76110,76350,in_service_layover,61.13999602744368,64.16410969044871,17.056001059348375,240,4.0,21:08:30,21:12:30,False,,no_dispenser,0
2161994,heavy,320.0,29.0,40-ft,STC,2,SAT,14867728,14876902,342,595,57143,57097,Langley Centre @ Bay 5,Langley Centre @ Bay 4,57143,Langley Centre,76110,77430,in_service_layover,51.198276313799,67.29913514205522,90.80884379136512,1320,22.0,21:08:30,21:30:30,False,,no_dispenser,0
2161908,heavy,502.0,41.0,40-ft,STC,2,SAT,14874653,14874608,501,501,57027,57027,Langley Centre @ Bay 3,Langley Centre @ Bay 3,57027,Langley Centre,76470,76890,in_service_layover,25.64651179309253,30.876035107586585,29.494511493746472,420,7.0,21:14:30,21:21:30,False,,no_dispenser,0
2163961,heavy,503.0,45.0,40-ft,STC,2,SAT,14875479,14875580,503,503,55299,55299,Langley Centre @ Bay 1,Langley Centre @ Bay 1,55299,Langley Centre,76830,77370,in_service_layover,60.268827458618055,66.84520439185951,37.09076590348184,540,9.0,21:20:30,21:29:30,False,,no_dispenser,0
2161667,heavy,320.0,53.0,40-ft,STC,2,SAT,14876927,14863534,595,320,57097,57136,Langley Centre @ Bay 4,Langley Centre @ Bay 2,57097,Langley Centre,76830,78330,in_service_layover,31.222415874138136,50.34114831553822,107.8296509694965,1500,25.0,21:20:30,21:45:30,False,,no_dispenser,0
2161870,heavy,320.0,37.0,40-ft,STC,2,SAT,14874977,14875013,502,502,57143,57027,Langley Centre @ Bay 5,Langley Centre @ Bay 3,57143,Langley Centre,76950,77190,in_service_layover,58.11524226809387,61.26774025038455,17.780088620119443,240,4.0,21:22:30,21:26:30,False,,no_dispenser,0
2161973,heavy,320.0,33.0,40-ft,STC,2,SAT,14867729,14867807,342,342,57143,57136,Langley Centre @ Bay 5,Langley Centre @ Bay 2,57143,Langley Centre,77250,78510,in_service_layover,50.91211645823835,66.45964372981982,87.68805381171944,1260,21.0,21:27:30,21:48:30,False,,no_dispenser,0
2162403,heavy,502.0,38.0,40-ft,STC,2,SAT,14874952,14875049,502,502,57143,57027,Langley Centre @ Bay 5,Langley Centre @ Bay 3,57143,Langley Centre,77850,78030,in_service_layover,47.90506837966678,50.200785647634525,12.947845391338092,180,3.0,21:37:30,21:40:30,False,,no_dispenser,0
2161553,heavy,320.0,46.0,40-ft,STC,2,SAT,14874654,14874609,501,501,57027,57027,Langley Centre @ Bay 3,Langley Centre @ Bay 3,57027,Langley Centre,78210,78690,in_service_layover,45.47852504919753,51.619174960674165,34.633265500728214,480,8.0,21:43:30,21:51:30,False,,no_dispenser,0
2161820,heavy,502.0,32.0,40-ft,STC,2,SAT,14874924,14875010,502,502,57143,57027,Langley Centre @ Bay 5,Langley Centre @ Bay 3,57143,Langley Centre,78630,78870,in_service_layover,42.181161895111444,45.220956958658135,17.14444415840333,240,4.0,21:50:30,21:54:30,False,,no_dispenser,0
2162430,heavy,503.0,35.0,40-ft,STC,2,SAT,14875481,14875582,503,503,55299,55299,Langley Centre @ Bay 1,Langley Centre @ Bay 1,55299,Langley Centre,78630,78990,in_service_layover,31.74566614471896,36.256920427504326,25.443474154909467,360,6.0,21:50:30,21:56:30,False,,no_dispenser,0
2161826,heavy,502.0,30.0,40-ft,STC,2,SAT,14874931,14875055,502,502,57143,57027,Langley Centre @ Bay 5,Langley Centre @ Bay 3,57143,Langley Centre,79530,79710,in_service_layover,39.17547066531874,41.44596596808967,12.80559350762806,180,3.0,22:05:30,22:08:30,False,,no_dispenser,0
2161993,heavy,320.0,21.0,40-ft,STC,2,SAT,14867731,14876903,342,595,57143,57097,Langley Centre @ Bay 5,Langley Centre @ Bay 4,57143,Langley Centre,79530,81030,in_service_layover,47.6108957596594,66.05274784912628,104.01204578459323,1500,25.0,22:05:30,22:30:30,False,,no_dispenser,0
2162412,heavy,502.0,34.0,40-ft,STC,2,SAT,14874921,14875012,502,502,57143,57027,Langley Centre @ Bay 5,Langley Centre @ Bay 3,57143,Langley Centre,80430,80610,in_service_layover,31.757848231970502,34.00898588815906,12.696416380903457,180,3.0,22:20:30,22:23:30,False,,no_dispenser,0
2161525,heavy,312.0,61.0,40-ft,STC,2,SAT,14869492,14869535,364,364,57097,57097,Langley Centre @ Bay 4,Langley Centre @ Bay 4,57097,Langley Centre,80550,80910,in_service_layover,67.69446238275148,71.6511740433581,22.315853765821373,360,6.0,22:22:30,22:28:30,False,,no_dispenser,0
2161664,heavy,320.0,61.0,40-ft,STC,2,SAT,14874930,14875058,502,502,57143,57027,Langley Centre @ Bay 5,Langley Centre @ Bay 3,57143,Langley Centre,81330,81510,in_service_layover,59.29096702716458,61.64589469085077,13.281792023190121,180,3.0,22:35:30,22:38:30,False,,no_dispenser,0
2161673,heavy,502.0,35.0,40-ft,STC,2,SAT,14863462,14863536,320,320,57136,57136,Langley Centre @ Bay 2,Langley Centre @ Bay 2,57136,Langley Centre,81330,81990,in_service_layover,32.35632288372632,40.66042903537742,46.8351586953122,660,11.0,22:35:30,22:46:30,False,,no_dispenser,0
2161867,heavy,320.0,83.0,40-ft,STC,2,SAT,14874656,14874610,501,501,57027,57027,Langley Centre @ Bay 3,Langley Centre @ Bay 3,57027,Langley Centre,81570,82890,in_service_layover,54.58604794392762,69.97934913593285,86.81821872290948,1320,22.0,22:39:30,23:01:30,False,,no_dispenser,0
2162413,heavy,502.0,39.0,40-ft,STC,2,SAT,14874923,14875009,502,502,57143,57027,Langley Centre @ Bay 5,Langley Centre @ Bay 3,57143,Langley Centre,82110,82410,in_service_layover,33.675650789399405,37.440911953067435,21.236072963087707,300,5.0,22:48:30,22:53:30,False,,no_dispenser,0
2162415,heavy,502.0,48.0,40-ft,STC,2,SAT,14874934,14875034,502,502,57143,57027,Langley Centre @ Bay 5,Langley Centre @ Bay 3,57143,Langley Centre,83010,83250,in_service_layover,59.17388663267494,62.29177062412366,17.58486571177076,240,4.0,23:03:30,23:07:30,False,,no_dispenser,0
2161908,heavy,502.0,41.0,40-ft,STC,2,SAT,14874920,14875011,502,502,57143,57027,Langley Centre @ Bay 5,Langley Centre @ Bay 3,57143,Langley Centre,83910,84090,in_service_layover,20.512591292210885,22.7342791538761,12.530319539791805,180,3.0,23:18:30,23:21:30,False,,no_dispenser,0
2161579,heavy,320.0,30.0,40-ft,STC,2,SAT,14869493,14869536,364,364,57097,57097,Langley Centre @ Bay 4,Langley Centre @ Bay 4,57097,Langley Centre,84030,84450,in_service_layover,44.573069017165245,49.925481502903466,30.187606419563565,420,7.0,23:20:30,23:27:30,False,,no_dispenser,0
2161667,heavy,320.0,53.0,40-ft,STC,2,SAT,14863465,14863538,320,320,57136,57136,Langley Centre @ Bay 2,Langley Centre @ Bay 2,57136,Langley Centre,85350,85950,in_service_layover,33.286700738331746,40.83895781392641,42.59472990635393,600,10.0,23:42:30,23:52:30,False,,no_dispenser,0
2161826,heavy,502.0,30.0,40-ft,STC,2,SAT,14874922,14875008,502,502,57143,57027,Langley Centre @ Bay 5,Langley Centre @ Bay 3,57143,Langley Centre,85590,85770,in_service_layover,26.718580654746564,28.95656741768456,12.622245342970302,180,3.0,23:46:30,23:49:30,False,,no_dispenser,0
2161553,heavy,320.0,46.0,40-ft,STC,2,SAT,14874658,14874611,501,501,57027,57027,Langley Centre @ Bay 3,Langley Centre @ Bay 3,57027,Langley Centre,86790,86970,in_service_layover,47.228032350178786,49.52040513663934,12.928982515637529,180,3.0,24:06:30,24:09:30,False,,no_dispenser,0
2162413,heavy,502.0,39.0,40-ft,STC,2,SAT,14874925,14875036,502,502,57143,57027,Langley Centre @ Bay 5,Langley Centre @ Bay 3,57143,Langley Centre,88290,88530,in_service_layover,22.71352663972432,25.684438696290453,16.75594399903298,240,4.0,24:31:30,24:35:30,False,,no_dispenser,0
2161673,heavy,502.0,35.0,40-ft,STC,2,SAT,14863467,14863539,320,320,57136,57136,Langley Centre @ Bay 2,Langley Centre @ Bay 2,57136,Langley Centre,88890,89130,in_service_layover,25.07703038070959,28.05718948178375,16.808097330058246,240,4.0,24:41:30,24:45:30,False,,no_dispenser,0
2161174,heavy,210.0,31.0,40-ft,BTC,2,SAT,14857148,14857108,228,228,58725,54196,Lonsdale Quay @ Bay 4,Lonsdale Quay @ Bay 2,58725,Lonsdale Quay,28710,29010,in_service_layover,66.76158988040028,70.16463495479864,19.193174219606817,300,5.0,07:58:30,08:03:30,False,,no_dispenser,0
2161177,heavy,210.0,33.0,40-ft,BTC,2,SAT,14857149,14857097,228,228,58725,54196,Lonsdale Quay @ Bay 4,Lonsdale Quay @ Bay 2,58725,Lonsdale Quay,30510,30750,in_service_layover,66.76158988040028,69.51690444151475,15.539974124685727,240,4.0,08:28:30,08:32:30,False,,no_dispenser,0
2161184,heavy,210.0,38.0,40-ft,BTC,2,SAT,14857635,14857610,230,230,58725,54516,Lonsdale Quay @ Bay 4,Lonsdale Quay @ Bay 8,58725,Lonsdale Quay,31470,31650,in_service_layover,69.8708586961132,71.83578232000623,11.082169238756649,180,3.0,08:44:30,08:47:30,False,,no_dispenser,0
2161099,heavy,210.0,35.0,40-ft,BTC,2,SAT,14858053,14858003,236,236,58725,54134,Lonsdale Quay @ Bay 4,Lonsdale Quay @ Bay 6,58725,Lonsdale Quay,31950,32370,in_service_layover,61.0681138718559,66.21732430799075,29.041546859800576,420,7.0,08:52:30,08:59:30,False,,no_dispenser,0
2161182,heavy,210.0,32.0,40-ft,BTC,2,SAT,14859504,14859468,249,249,58725,50980,Lonsdale Quay @ Bay 4,Lonsdale Quay @ Bay 5,58725,Lonsdale Quay,32250,32490,in_service_layover,57.139359509398524,60.30736727995284,17.86756382592631,240,4.0,08:57:30,09:01:30,False,,no_dispenser,0
2161174,heavy,210.0,31.0,40-ft,BTC,2,SAT,14857119,14857096,228,228,58725,54196,Lonsdale Quay @ Bay 4,Lonsdale Quay @ Bay 2,58725,Lonsdale Quay,32310,32910,in_service_layover,62.464885857156546,69.41848564462259,39.21830280130848,600,10.0,08:58:30,09:08:30,False,,no_dispenser,0
2161178,heavy,210.0,42.0,40-ft,BTC,2,SAT,14857640,14857602,230,230,58725,54516,Lonsdale Quay @ Bay 4,Lonsdale Quay @ Bay 8,58725,Lonsdale Quay,33210,33450,in_service_layover,69.05052926194318,71.68236654294424,14.8435622648459,240,4.0,09:13:30,09:17:30,False,,no_dispenser,0
2161141,heavy,210.0,52.0,40-ft,BTC,2,SAT,14858091,14858042,236,236,58725,54134,Lonsdale Quay @ Bay 4,Lonsdale Quay @ Bay 6,58725,Lonsdale Quay,33810,34230,in_service_layover,69.0237723717399,73.446853910414,24.946179878121995,420,7.0,09:23:30,09:30:30,False,,no_dispenser,0
2161200,heavy,240.0,53.0,40-ft,BTC,2,SAT,14857403,14857351,229,229,58725,54421,Lonsdale Quay @ Bay 4,Lonsdale Quay @ Bay 1,58725,Lonsdale Quay,34050,34230,in_service_layover,68.11190940821312,70.15043174246118,11.497265965159045,180,3.0,09:27:30,09:30:30,False,,no_dispenser,0
2161177,heavy,210.0,33.0,40-ft,BTC,2,SAT,14857115,14858023,228,236,58725,54134,Lonsdale Quay @ Bay 4,Lonsdale Quay @ Bay 6,58725,Lonsdale Quay,34110,35190,in_service_layover,61.81715534387266,73.27269698692234,64.60925486680014,1080,18.0,09:28:30,09:46:30,False,,no_dispenser,0
2161184,heavy,210.0,38.0,40-ft,BTC,2,SAT,14857628,14857612,230,230,58725,54516,Lonsdale Quay @ Bay 4,Lonsdale Quay @ Bay 8,58725,Lonsdale Quay,35010,35190,in_service_layover,65.66611664442584,67.79497775632564,12.006776671114835,180,3.0,09:43:30,09:46:30,False,,no_dispenser,0
2161067,heavy,210.0,46.0,40-ft,BTC,2,SAT,14858088,14858002,236,236,58725,54134,Lonsdale Quay @ Bay 4,Lonsdale Quay @ Bay 6,58725,Lonsdale Quay,35730,36030,in_service_layover,60.25441066027113,64.05143130682721,21.415196446576317,300,5.0,09:55:30,10:00:30,False,,no_dispenser,0
2161176,heavy,210.0,36.0,40-ft,BTC,2,SAT,14859500,14857608,249,230,58725,54516,Lonsdale Quay @ Bay 4,Lonsdale Quay @ Bay 8,58725,Lonsdale Quay,35850,36930,in_service_layover,55.716060959753754,68.63645346890623,72.8710137516199,1080,18.0,09:57:30,10:15:30,False,,no_dispenser,0
2161178,heavy,210.0,42.0,40-ft,BTC,2,SAT,14857625,14857105,230,228,58725,54196,Lonsdale Quay @ Bay 4,Lonsdale Quay @ Bay 2,58725,Lonsdale Quay,36870,37170,in_service_layover,65.51270086736385,68.99613019832954,19.64654142664648,300,5.0,10:14:30,10:19:30,False,,no_dispenser,0
2161174,heavy,210.0,31.0,40-ft,BTC,2,SAT,14857140,14859465,228,249,58725,50980,Lonsdale Quay @ Bay 4,Lonsdale Quay @ Bay 5,58725,Lonsdale Quay,37650,37830,in_service_layover,61.71873654698049,63.9875756765202,12.796252690603922,180,3.0,10:27:30,10:30:30,False,,no_dispenser,0
2161200,heavy,240.0,53.0,40-ft,BTC,2,SAT,14857401,14857359,229,229,58725,54421,Lonsdale Quay @ Bay 4,Lonsdale Quay @ Bay 1,58725,Lonsdale Quay,37710,37890,in_service_layover,63.67138286016224,65.87097921263874,12.40572342796753,180,3.0,10:28:30,10:31:30,False,,no_dispenser,0
2161173,heavy,210.0,47.0,40-ft,BTC,2,SAT,14859499,14857584,249,230,58725,54516,Lonsdale Quay @ Bay 4,Lonsdale Quay @ Bay 8,58725,Lonsdale Quay,37710,38730,in_service_layover,55.716060959753754,68.04555656957676,69.53835523940171,1020,17.0,10:28:30,10:45:30,False,,no_dispenser,0
2161141,heavy,210.0,52.0,40-ft,BTC,2,SAT,14858082,14858021,236,236,58725,54134,Lonsdale Quay @ Bay 4,Lonsdale Quay @ Bay 6,58725,Lonsdale Quay,38490,38730,in_service_layover,65.31960893717542,68.14608732508549,15.941338107812783,240,4.0,10:41:30,10:45:30,False,,no_dispenser,0
2161184,heavy,210.0,38.0,40-ft,BTC,2,SAT,14857632,14857081,230,228,58725,54196,Lonsdale Quay @ Bay 4,Lonsdale Quay @ Bay 2,58725,Lonsdale Quay,38670,38970,in_service_layover,61.62531208074525,65.34131018472013,20.958229306418275,300,5.0,10:44:30,10:49:30,False,,no_dispenser,0
2161177,heavy,210.0,33.0,40-ft,BTC,2,SAT,14858089,14858034,236,236,58725,54134,Lonsdale Quay @ Bay 4,Lonsdale Quay @ Bay 6,58725,Lonsdale Quay,39270,39630,in_service_layover,65.14545201368375,69.30566752596432,23.463615489262395,360,6.0,10:54:30,11:00:30,False,,no_dispenser,0
2161182,heavy,210.0,32.0,40-ft,BTC,2,SAT,14859498,14857582,249,230,58725,54516,Lonsdale Quay @ Bay 4,Lonsdale Quay @ Bay 8,58725,Lonsdale Quay,39570,40470,in_service_layover,44.369095178635504,56.00434162947266,65.6227899827216,900,15.0,10:59:30,11:14:30,False,,no_dispenser,0
2161067,heavy,210.0,46.0,40-ft,BTC,2,SAT,14858081,14858020,236,236,58725,54134,Lonsdale Quay @ Bay 4,Lonsdale Quay @ Bay 6,58725,Lonsdale Quay,40170,40530,in_service_layover,55.92418633358863,60.655676042978115,26.685601960956717,360,6.0,11:09:30,11:15:30,False,,no_dispenser,0
2161176,heavy,210.0,36.0,40-ft,BTC,2,SAT,14857618,14857109,230,228,58725,54196,Lonsdale Quay @ Bay 4,Lonsdale Quay @ Bay 2,58725,Lonsdale Quay,40410,40770,in_service_layover,62.46678779332584,66.8237531980545,24.573284882669668,360,6.0,11:13:30,11:19:30,False,,no_dispenser,0
2161178,heavy,210.0,42.0,40-ft,BTC,2,SAT,14857130,14859463,228,249,58725,50980,Lonsdale Quay @ Bay 4,Lonsdale Quay @ Bay 5,58725,Lonsdale Quay,41250,41430,in_service_layover,61.29638110068745,63.58019737371271,12.880723779862535,180,3.0,11:27:30,11:30:30,False,,no_dispenser,0
2161186,heavy,210.0,49.0,40-ft,BTC,2,SAT,14859497,14857578,249,230,58725,54516,Lonsdale Quay @ Bay 4,Lonsdale Quay @ Bay 8,58725,Lonsdale Quay,41430,42090,in_service_layover,49.39358812134814,57.990494299728226,48.48655084606372,660,11.0,11:30:30,11:41:30,False,,no_dispenser,0
2161173,heavy,210.0,47.0,40-ft,BTC,2,SAT,14857629,14857114,230,228,58725,54196,Lonsdale Quay @ Bay 4,Lonsdale Quay @ Bay 2,58725,Lonsdale Quay,42270,42570,in_service_layover,61.87589089399638,65.57707937543867,20.874703035334562,300,5.0,11:44:30,11:49:30,False,,no_dispenser,0
2161069,heavy,240.0,55.0,40-ft,BTC,2,SAT,14857398,14859462,229,249,58725,50980,Lonsdale Quay @ Bay 4,Lonsdale Quay @ Bay 5,58725,Lonsdale Quay,42990,43170,in_service_layover,61.489413212412614,63.76638437509302,12.842117357517452,180,3.0,11:56:30,11:59:30,False,,no_dispenser,0
2161184,heavy,210.0,38.0,40-ft,BTC,2,SAT,14857123,14857360,228,229,58725,54421,Lonsdale Quay @ Bay 4,Lonsdale Quay @ Bay 1,58725,Lonsdale Quay,43050,43230,in_service_layover,57.64156108707803,60.02284645228687,13.43044945977789,180,3.0,11:57:30,12:00:30,False,,no_dispenser,0
2161187,heavy,210.0,55.0,40-ft,BTC,2,SAT,14859496,14858018,249,236,58725,54134,Lonsdale Quay @ Bay 4,Lonsdale Quay @ Bay 6,58725,Lonsdale Quay,43230,44130,in_service_layover,68.13607027269416,76.74524970133871,48.555771977555196,900,15.0,12:00:30,12:15:30,False,,no_dispenser,0
2161177,heavy,210.0,33.0,40-ft,BTC,2,SAT,14858080,14857107,236,228,58725,54196,Lonsdale Quay @ Bay 4,Lonsdale Quay @ Bay 2,58725,Lonsdale Quay,44010,44370,in_service_layover,61.17842255272573,65.62676137877355,25.08863097890969,360,6.0,12:13:30,12:19:30,False,,no_dispenser,0
2161128,heavy,210.0,48.0,40-ft,BTC,2,SAT,14857408,14857088,229,228,58725,54196,Lonsdale Quay @ Bay 4,Lonsdale Quay @ Bay 2,58725,Lonsdale Quay,44790,46170,in_service_layover,49.7062209723529,66.65208066352307,95.57464865819975,1380,23.0,12:26:30,12:49:30,False,,no_dispenser,0
2161176,heavy,210.0,36.0,40-ft,BTC,2,SAT,14857124,14857326,228,229,58725,54421,Lonsdale Quay @ Bay 4,Lonsdale Quay @ Bay 1,58725,Lonsdale Quay,44850,45030,in_service_layover,59.12400410041241,61.48364396263263,13.308368822922034,180,3.0,12:27:30,12:30:30,False,,no_dispenser,0
2161186,heavy,210.0,49.0,40-ft,BTC,2,SAT,14857638,14857585,230,230,58725,54516,Lonsdale Quay @ Bay 4,Lonsdale Quay @ Bay 8,58725,Lonsdale Quay,45750,45930,in_service_layover,51.82082862414784,54.14992201347242,13.136086715790611,180,3.0,12:42:30,12:45:30,False,,no_dispenser,0
2161173,heavy,210.0,47.0,40-ft,BTC,2,SAT,14857117,14857324,228,229,58725,54421,Lonsdale Quay @ Bay 4,Lonsdale Quay @ Bay 1,58725,Lonsdale Quay,46650,46830,in_service_layover,57.87733027779658,60.25760045339502,13.424723790375253,180,3.0,12:57:30,13:00:30,False,,no_dispenser,0
2161202,heavy,240.0,51.0,40-ft,BTC,2,SAT,14857383,14859460,229,249,58725,50980,Lonsdale Quay @ Bay 4,Lonsdale Quay @ Bay 5,58725,Lonsdale Quay,46650,46830,in_service_layover,42.30522473285351,44.58388770305069,12.851659151912116,180,3.0,12:57:30,13:00:30,False,,no_dispenser,0
2161181,heavy,210.0,39.0,40-ft,BTC,2,SAT,14859494,14857613,249,230,58725,54516,Lonsdale Quay @ Bay 4,Lonsdale Quay @ Bay 8,58725,Lonsdale Quay,46830,47730,in_service_layover,39.56569792475798,51.05893573697914,64.82186126092734,900,15.0,13:00:30,13:15:30,False,,no_dispenser,0
2161182,heavy,210.0,32.0,40-ft,BTC,2,SAT,14857621,14857075,230,228,58725,54196,Lonsdale Quay @ Bay 4,Lonsdale Quay @ Bay 2,58725,Lonsdale Quay,47790,47970,in_service_layover,43.6650102783119,45.94722185835723,12.871673311455652,180,3.0,13:16:30,13:19:30,False,,no_dispenser,0
2161177,heavy,210.0,33.0,40-ft,BTC,2,SAT,14857128,14857363,228,229,58725,54421,Lonsdale Quay @ Bay 4,Lonsdale Quay @ Bay 1,58725,Lonsdale Quay,48450,48810,in_service_layover,57.927012281131454,62.59472099602233,26.32587715198457,360,6.0,13:27:30,13:33:30,False,,no_dispenser,0
2161175,heavy,210.0,51.0,40-ft,BTC,2,SAT,14859493,14857112,249,228,58725,54196,Lonsdale Quay @ Bay 4,Lonsdale Quay @ Bay 2,58725,Lonsdale Quay,48630,49770,in_service_layover,45.01328859602031,59.68888679424281,82.77037383797494,1140,19.0,13:30:30,13:49:30,False,,no_dispenser,0
2161176,heavy,210.0,36.0,40-ft,BTC,2,SAT,14857388,14857334,229,229,58725,54421,Lonsdale Quay @ Bay 4,Lonsdale Quay @ Bay 1,58725,Lonsdale Quay,49350,49770,in_service_layover,55.00459508033367,60.517641599478964,31.093582367979423,420,7.0,13:42:30,13:49:30,False,,no_dispenser,0
2161128,heavy,210.0,48.0,40-ft,BTC,2,SAT,14857118,14859458,228,249,58725,50980,Lonsdale Quay @ Bay 4,Lonsdale Quay @ Bay 5,58725,Lonsdale Quay,50250,50430,in_service_layover,58.95233156588097,61.31633644911641,13.332987541447892,180,3.0,13:57:30,14:00:30,False,,no_dispenser,0
2161181,heavy,210.0,39.0,40-ft,BTC,2,SAT,14857619,14857093,230,228,58725,54196,Lonsdale Quay @ Bay 4,Lonsdale Quay @ Bay 2,58725,Lonsdale Quay,51330,51570,in_service_layover,44.88927006139875,47.93848819840075,17.197590292691245,240,4.0,14:15:30,14:19:30,False,,no_dispenser,0
2161178,heavy,210.0,42.0,40-ft,BTC,2,SAT,14857385,14857603,229,230,58725,54516,Lonsdale Quay @ Bay 4,Lonsdale Quay @ Bay 8,58725,Lonsdale Quay,51750,53070,in_service_layover,45.99925607993058,62.72421901020646,94.32879092675591,1320,22.0,14:22:30,14:44:30,False,,no_dispenser,0
2161182,heavy,210.0,32.0,40-ft,BTC,2,SAT,14857138,14857319,228,229,58725,54421,Lonsdale Quay @ Bay 4,Lonsdale Quay @ Bay 1,58725,Lonsdale Quay,52050,52290,in_service_layover,38.24747276071514,41.273580246296824,17.067246218680708,240,4.0,14:27:30,14:31:30,False,,no_dispenser,0
2161177,heavy,210.0,33.0,40-ft,BTC,2,SAT,14857395,14857344,229,229,58725,54421,Lonsdale Quay @ Bay 4,Lonsdale Quay @ Bay 1,58725,Lonsdale Quay,52950,53430,in_service_layover,56.11567211372338,62.34807498427617,35.15075218991774,480,8.0,14:42:30,14:50:30,False,,no_dispenser,0
2161131,heavy,210.0,50.0,40-ft,BTC,2,SAT,14858076,14858013,236,236,58725,54134,Lonsdale Quay @ Bay 4,Lonsdale Quay @ Bay 6,58725,Lonsdale Quay,53010,53190,in_service_layover,46.23494161256643,48.52385989991003,12.909499140617868,180,3.0,14:43:30,14:46:30,False,,no_dispenser,0
2161186,heavy,210.0,49.0,40-ft,BTC,2,SAT,14857642,14857078,230,228,58725,54196,Lonsdale Quay @ Bay 4,Lonsdale Quay @ Bay 2,58725,Lonsdale Quay,53130,53370,in_service_layover,41.81059066231166,44.849096294368664,17.137171764801508,240,4.0,14:45:30,14:49:30,False,,no_dispenser,0
2161176,heavy,210.0,36.0,40-ft,BTC,2,SAT,14857384,14857350,229,229,58725,54421,Lonsdale Quay @ Bay 4,Lonsdale Quay @ Bay 1,58725,Lonsdale Quay,53850,54570,in_service_layover,54.03859271718002,63.28343029527142,52.140883940435515,720,12.0,14:57:30,15:09:30,False,,no_dispenser,0
2161187,heavy,210.0,55.0,40-ft,BTC,2,SAT,14858058,14858035,236,236,58725,54134,Lonsdale Quay @ Bay 4,Lonsdale Quay @ Bay 6,58725,Lonsdale Quay,53910,54090,in_service_layover,60.49075975486152,62.803144160717494,13.041848049027692,180,3.0,14:58:30,15:01:30,False,,no_dispenser,0
2161132,heavy,210.0,61.0,40-ft,BTC,2,SAT,14857641,14858012,230,236,58725,54134,Lonsdale Quay @ Bay 4,Lonsdale Quay @ Bay 6,58725,Lonsdale Quay,54870,55050,in_service_layover,54.433251384297144,56.78775307182947,13.279389517682318,180,3.0,15:14:30,15:17:30,False,,no_dispenser,0
2161181,heavy,210.0,39.0,40-ft,BTC,2,SAT,14857132,14857349,228,229,58725,54421,Lonsdale Quay @ Bay 4,Lonsdale Quay @ Bay 1,58725,Lonsdale Quay,55650,55830,in_service_layover,40.23873910075866,42.51200919757989,12.821243346071782,180,3.0,15:27:30,15:30:30,False,,no_dispenser,0
2161130,heavy,210.0,56.0,40-ft,BTC,2,SAT,14858067,14858006,236,236,58725,54134,Lonsdale Quay @ Bay 4,Lonsdale Quay @ Bay 6,58725,Lonsdale Quay,55710,55950,in_service_layover,48.56763087103385,51.64029122693147,17.3298044072626,240,4.0,15:28:30,15:32:30,False,,no_dispenser,0
2161178,heavy,210.0,42.0,40-ft,BTC,2,SAT,14857643,14857343,230,229,58725,54421,Lonsdale Quay @ Bay 4,Lonsdale Quay @ Bay 1,58725,Lonsdale Quay,56550,56970,in_service_layover,56.55455333462608,62.02623629419123,30.860291891947497,420,7.0,15:42:30,15:49:30,False,,no_dispenser,0
2161182,heavy,210.0,32.0,40-ft,BTC,2,SAT,14857389,14857085,229,228,58725,54196,Lonsdale Quay @ Bay 4,Lonsdale Quay @ Bay 2,58725,Lonsdale Quay,56550,56970,in_service_layover,34.79453136399787,40.07974324636336,29.808595016541346,420,7.0,15:42:30,15:49:30,False,,no_dispenser,0
2160067,heavy,210.0,58.0,40-ft,BTC,2,SAT,14858085,14858011,236,236,58725,54134,Lonsdale Quay @ Bay 4,Lonsdale Quay @ Bay 6,58725,Lonsdale Quay,56670,56850,in_service_layover,55.231497690578514,57.59376308332066,13.323176815065722,180,3.0,15:44:30,15:47:30,False,,no_dispenser,0
2161177,heavy,210.0,33.0,40-ft,BTC,2,SAT,14857367,14857320,229,229,58725,54421,Lonsdale Quay @ Bay 4,Lonsdale Quay @ Bay 1,58725,Lonsdale Quay,57510,58170,in_service_layover,55.86902610197723,64.27229812776892,47.394454225465154,660,11.0,15:58:30,16:09:30,False,,no_dispenser,0
2161179,heavy,210.0,63.0,40-ft,BTC,2,SAT,14858086,14858045,236,236,58725,54134,Lonsdale Quay @ Bay 4,Lonsdale Quay @ Bay 6,58725,Lonsdale Quay,57570,57750,in_service_layover,66.16914260267515,68.28016591463702,11.906171479464945,180,3.0,15:59:30,16:02:30,False,,no_dispenser,0
2161173,heavy,210.0,47.0,40-ft,BTC,2,SAT,14859488,14858027,249,236,58725,54134,Lonsdale Quay @ Bay 4,Lonsdale Quay @ Bay 6,58725,Lonsdale Quay,57570,58650,in_service_layover,43.638028523501156,57.5899592590384,78.68888934843011,1080,18.0,15:59:30,16:17:30,False,,no_dispenser,0
2161144,heavy,210.0,54.0,40-ft,BTC,2,SAT,14857645,14857095,230,228,58725,54196,Lonsdale Quay @ Bay 4,Lonsdale Quay @ Bay 2,58725,Lonsdale Quay,58410,58770,in_service_layover,45.776969180261325,50.369369757020706,25.901139252922917,360,6.0,16:13:30,16:19:30,False,,no_dispenser,0
2161176,heavy,210.0,36.0,40-ft,BTC,2,SAT,14857378,14859453,229,249,58725,50980,Lonsdale Quay @ Bay 4,Lonsdale Quay @ Bay 5,58725,Lonsdale Quay,59010,59370,in_service_layover,56.80438141297247,61.51600249365609,26.57354289505554,360,6.0,16:23:30,16:29:30,False,,no_dispenser,0
2161180,heavy,210.0,66.0,40-ft,BTC,2,SAT,14857133,14857327,228,229,58725,54421,Lonsdale Quay @ Bay 4,Lonsdale Quay @ Bay 1,58725,Lonsdale Quay,59250,59430,in_service_layover,67.21552554729503,69.28862414623129,11.692276098000434,180,3.0,16:27:30,16:30:30,False,,no_dispenser,0
2161187,heavy,210.0,55.0,40-ft,BTC,2,SAT,14858066,14858030,236,236,58725,54134,Lonsdale Quay @ Bay 4,Lonsdale Quay @ Bay 6,58725,Lonsdale Quay,59370,59550,in_service_layover,54.675899187478905,57.03276085588291,13.292699809798592,180,3.0,16:29:30,16:32:30,False,,no_dispenser,0
2161181,heavy,210.0,39.0,40-ft,BTC,2,SAT,14857386,14857342,229,229,58725,54421,Lonsdale Quay @ Bay 4,Lonsdale Quay @ Bay 1,58725,Lonsdale Quay,60150,60570,in_service_layover,36.032960315280945,41.32571331526654,29.851126919918755,420,7.0,16:42:30,16:49:30,False,,no_dispenser,0
2161185,heavy,210.0,65.0,40-ft,BTC,2,SAT,14857622,14857079,230,228,58725,54196,Lonsdale Quay @ Bay 4,Lonsdale Quay @ Bay 2,58725,Lonsdale Quay,60210,60570,in_service_layover,66.64875608761814,70.69088869573606,22.797627909785092,360,6.0,16:43:30,16:49:30,False,,no_dispenser,0
2161182,heavy,210.0,32.0,40-ft,BTC,2,SAT,14857153,14859452,228,249,58725,50980,Lonsdale Quay @ Bay 4,Lonsdale Quay @ Bay 5,58725,Lonsdale Quay,61050,61230,in_service_layover,32.379994148721266,34.632755408818944,12.705573506950884,180,3.0,16:57:30,17:00:30,False,,no_dispenser,0
2161142,heavy,210.0,60.0,40-ft,BTC,2,SAT,14858051,14858041,236,236,58725,54134,Lonsdale Quay @ Bay 4,Lonsdale Quay @ Bay 6,58725,Lonsdale Quay,61110,61350,in_service_layover,51.605069529043135,54.71440791835456,17.53666851571643,240,4.0,16:58:30,17:02:30,False,,no_dispenser,0
2161208,heavy,210.0,62.0,40-ft,BTC,2,SAT,14859486,14857594,249,230,58725,54516,Lonsdale Quay @ Bay 4,Lonsdale Quay @ Bay 8,58725,Lonsdale Quay,61170,62130,in_service_layover,51.57600630412041,63.79641484494649,68.92310417025902,960,16.0,16:59:30,17:15:30,False,,no_dispenser,0
2161178,heavy,210.0,42.0,40-ft,BTC,2,SAT,14857377,14858009,229,236,58725,54134,Lonsdale Quay @ Bay 4,Lonsdale Quay @ Bay 6,58725,Lonsdale Quay,61230,62250,in_service_layover,55.54718741189228,67.90660520590303,69.70711635822062,1020,17.0,17:00:30,17:17:30,False,,no_dispenser,0
2161143,heavy,210.0,53.0,40-ft,BTC,2,SAT,14857646,14857084,230,228,58725,54196,Lonsdale Quay @ Bay 4,Lonsdale Quay @ Bay 2,58725,Lonsdale Quay,62130,62370,in_service_layover,43.403184088114614,46.447231273135635,17.168426123518543,240,4.0,17:15:30,17:19:30,False,,no_dispenser,0
2161177,heavy,210.0,33.0,40-ft,BTC,2,SAT,14857376,14857329,229,229,58725,54421,Lonsdale Quay @ Bay 4,Lonsdale Quay @ Bay 1,58725,Lonsdale Quay,62730,63210,in_service_layover,57.79324924546998,63.92522366130794,34.58433570532611,480,8.0,17:25:30,17:33:30,False,,no_dispenser,0
2161141,heavy,210.0,52.0,40-ft,BTC,2,SAT,14858069,14858001,236,236,58725,54134,Lonsdale Quay @ Bay 4,Lonsdale Quay @ Bay 6,58725,Lonsdale Quay,62850,63150,in_service_layover,34.02445643043459,37.791234714623336,21.24462952282451,300,5.0,17:27:30,17:32:30,False,,no_dispenser,0
2161067,heavy,210.0,46.0,40-ft,BTC,2,SAT,14858065,14858008,236,236,58725,54134,Lonsdale Quay @ Bay 4,Lonsdale Quay @ Bay 6,58725,Lonsdale Quay,63750,64050,in_service_layover,27.22228008834185,30.959472494035513,21.07776516811228,300,5.0,17:42:30,17:47:30,False,,no_dispenser,0
2161180,heavy,210.0,66.0,40-ft,BTC,2,SAT,14857397,14857080,229,228,58725,54196,Lonsdale Quay @ Bay 4,Lonsdale Quay @ Bay 2,58725,Lonsdale Quay,63870,64170,in_service_layover,62.80957526393234,66.45558145400726,20.56347491202257,300,5.0,17:44:30,17:49:30,False,,no_dispenser,0
2161130,heavy,210.0,56.0,40-ft,BTC,2,SAT,14857644,14857341,230,229,58725,54421,Lonsdale Quay @ Bay 4,Lonsdale Quay @ Bay 1,58725,Lonsdale Quay,63930,64410,in_service_layover,37.343380578112495,43.405379480951595,34.1896738120125,480,8.0,17:45:30,17:53:30,False,,no_dispenser,0
2161187,heavy,210.0,55.0,40-ft,BTC,2,SAT,14858096,14858028,236,236,58725,54134,Lonsdale Quay @ Bay 4,Lonsdale Quay @ Bay 6,58725,Lonsdale Quay,64590,64950,in_service_layover,48.90551588264433,53.53927246333811,26.13438711511293,360,6.0,17:56:30,18:02:30,False,,no_dispenser,0
2161181,heavy,210.0,39.0,40-ft,BTC,2,SAT,14857375,14857355,229,229,58725,54421,Lonsdale Quay @ Bay 4,Lonsdale Quay @ Bay 1,58725,Lonsdale Quay,64770,65730,in_service_layover,34.846664432967586,47.01172361468265,68.61093378487297,960,16.0,17:59:30,18:15:30,False,,no_dispenser,0
2161140,heavy,210.0,67.0,40-ft,BTC,2,SAT,14858047,14858007,236,236,58725,54134,Lonsdale Quay @ Bay 4,Lonsdale Quay @ Bay 6,58725,Lonsdale Quay,65490,65850,in_service_layover,62.339675898468116,66.70565633120088,24.62412964061275,360,6.0,18:11:30,18:17:30,False,,no_dispenser,0
2161208,heavy,210.0,62.0,40-ft,BTC,2,SAT,14857617,14859449,230,249,58725,50980,Lonsdale Quay @ Bay 4,Lonsdale Quay @ Bay 5,58725,Lonsdale Quay,65610,66510,in_service_layover,57.6267491693661,68.40905532299081,60.81220670644336,900,15.0,18:13:30,18:28:30,False,,no_dispenser,0
2161179,heavy,210.0,63.0,40-ft,BTC,2,SAT,14857374,14857098,229,228,58725,54196,Lonsdale Quay @ Bay 4,Lonsdale Quay @ Bay 2,58725,Lonsdale Quay,65790,65970,in_service_layover,53.673872059099494,56.020988059812005,13.237734244018554,180,3.0,18:16:30,18:19:30,False,,no_dispenser,0
2161178,heavy,210.0,42.0,40-ft,BTC,2,SAT,14858048,14858005,236,236,58725,54134,Lonsdale Quay @ Bay 4,Lonsdale Quay @ Bay 6,58725,Lonsdale Quay,66390,66750,in_service_layover,59.779360232664445,64.32910324731398,25.660550602623346,360,6.0,18:26:30,18:32:30,False,,no_dispenser,0
2161143,heavy,210.0,53.0,40-ft,BTC,2,SAT,14857126,14857352,228,229,58725,54421,Lonsdale Quay @ Bay 4,Lonsdale Quay @ Bay 1,58725,Lonsdale Quay,66450,66990,in_service_layover,38.747482175493545,45.58274499993095,38.550882329826976,540,9.0,18:27:30,18:36:30,False,,no_dispenser,0
2161069,heavy,240.0,55.0,40-ft,BTC,2,SAT,14859483,14857110,249,228,58725,54196,Lonsdale Quay @ Bay 4,Lonsdale Quay @ Bay 2,58725,Lonsdale Quay,66570,67650,in_service_layover,24.26172779365625,37.78694285460664,76.28221294376021,1080,18.0,18:29:30,18:47:30,False,,no_dispenser,0
2161177,heavy,210.0,33.0,40-ft,BTC,2,SAT,14857396,14857606,229,230,58725,54516,Lonsdale Quay @ Bay 4,Lonsdale Quay @ Bay 8,58725,Lonsdale Quay,67110,67650,in_service_layover,57.446174779009,64.31521520447849,38.741387999648,540,9.0,18:38:30,18:47:30,False,,no_dispenser,0
2161141,heavy,210.0,52.0,40-ft,BTC,2,SAT,14858070,14859448,236,249,58725,50980,Lonsdale Quay @ Bay 4,Lonsdale Quay @ Bay 5,58725,Lonsdale Quay,67230,68370,in_service_layover,29.663989741384743,44.0424972429083,81.09478230859281,1140,19.0,18:40:30,18:59:30,False,,no_dispenser,0
2161067,heavy,210.0,46.0,40-ft,BTC,2,SAT,14858064,14857099,236,228,58725,54196,Lonsdale Quay @ Bay 4,Lonsdale Quay @ Bay 2,58725,Lonsdale Quay,68130,68550,in_service_layover,22.832227520796923,28.04369693108156,29.392687474005328,420,7.0,18:55:30,19:02:30,False,,no_dispenser,0
2161181,heavy,210.0,39.0,40-ft,BTC,2,SAT,14857382,14857588,229,230,58725,54516,Lonsdale Quay @ Bay 4,Lonsdale Quay @ Bay 8,58725,Lonsdale Quay,69210,69450,in_service_layover,40.5326747323837,43.56673375635196,17.11209289518098,240,4.0,19:13:30,19:17:30,False,,no_dispenser,0
2161140,heavy,210.0,67.0,40-ft,BTC,2,SAT,14858094,14857330,236,229,58725,54421,Lonsdale Quay @ Bay 4,Lonsdale Quay @ Bay 1,58725,Lonsdale Quay,69990,70290,in_service_layover,58.57841135796229,62.471662631300376,21.95793718162679,300,5.0,19:26:30,19:31:30,False,,no_dispenser,0
2161177,heavy,210.0,33.0,40-ft,BTC,2,SAT,14857627,14857607,230,230,58725,54516,Lonsdale Quay @ Bay 4,Lonsdale Quay @ Bay 8,58725,Lonsdale Quay,71010,71310,in_service_layover,58.14554952889811,62.05689351824467,22.059980099914583,300,5.0,19:43:30,19:48:30,False,,no_dispenser,0
2161178,heavy,210.0,42.0,40-ft,BTC,2,SAT,14858063,14858037,236,236,58725,54134,Lonsdale Quay @ Bay 4,Lonsdale Quay @ Bay 6,58725,Lonsdale Quay,71790,72210,in_service_layover,56.20185827407539,61.68644049652801,30.933043734632747,420,7.0,19:56:30,20:03:30,False,,no_dispenser,0
2161069,heavy,240.0,55.0,40-ft,BTC,2,SAT,14857139,14857077,228,228,58725,54196,Lonsdale Quay @ Bay 4,Lonsdale Quay @ Bay 2,58725,Lonsdale Quay,71850,72150,in_service_layover,30.087193756964552,33.83684702568734,21.148044435596518,300,5.0,19:57:30,20:02:30,False,,no_dispenser,0
2161181,heavy,210.0,39.0,40-ft,BTC,2,SAT,14857637,14857356,230,229,58725,54421,Lonsdale Quay @ Bay 4,Lonsdale Quay @ Bay 1,58725,Lonsdale Quay,72810,73950,in_service_layover,37.397068080771575,51.98154683072514,82.25646014973807,1140,19.0,20:13:30,20:32:30,False,,no_dispenser,0
2161070,heavy,210.0,68.0,40-ft,BTC,2,SAT,14857131,14857074,228,228,58725,54196,Lonsdale Quay @ Bay 4,Lonsdale Quay @ Bay 2,58725,Lonsdale Quay,73650,73950,in_service_layover,50.38725944596223,54.262539937451834,21.85658197200138,300,5.0,20:27:30,20:32:30,False,,no_dispenser,0
2161177,heavy,210.0,33.0,40-ft,BTC,2,SAT,14857626,14859446,230,249,58725,50980,Lonsdale Quay @ Bay 4,Lonsdale Quay @ Bay 5,58725,Lonsdale Quay,74610,75630,in_service_layover,55.88722784266429,68.18581722532772,69.36404411822184,1020,17.0,20:43:30,21:00:30,False,,no_dispenser,0
2161173,heavy,210.0,47.0,40-ft,BTC,2,SAT,14858062,14857614,236,230,58725,54516,Lonsdale Quay @ Bay 4,Lonsdale Quay @ Bay 8,58725,Lonsdale Quay,75390,76590,in_service_layover,29.952722426861705,45.10954195908669,85.48446216174892,1200,20.0,20:56:30,21:16:30,False,,no_dispenser,0
2161181,heavy,210.0,39.0,40-ft,BTC,2,SAT,14857392,14857331,229,229,58725,54421,Lonsdale Quay @ Bay 4,Lonsdale Quay @ Bay 1,58725,Lonsdale Quay,77250,77550,in_service_layover,45.50249794842619,49.32137723816284,21.5384791941147,300,5.0,21:27:30,21:32:30,False,,no_dispenser,0
2160067,heavy,210.0,58.0,40-ft,BTC,2,SAT,14858061,14858046,236,236,58725,54134,Lonsdale Quay @ Bay 4,Lonsdale Quay @ Bay 6,58725,Lonsdale Quay,79050,79410,in_service_layover,38.04260113521868,42.58672143220027,25.628838474976135,360,6.0,21:57:30,22:03:30,False,,no_dispenser,0
2161181,heavy,210.0,39.0,40-ft,BTC,2,SAT,14857391,14857335,229,229,58725,54421,Lonsdale Quay @ Bay 4,Lonsdale Quay @ Bay 1,58725,Lonsdale Quay,80790,81150,in_service_layover,42.84232835586389,47.41150484312463,25.770155388150584,360,6.0,22:26:30,22:32:30,False,,no_dispenser,0
2161177,heavy,210.0,33.0,40-ft,BTC,2,SAT,14859476,14859444,249,249,58725,50980,Lonsdale Quay @ Bay 4,Lonsdale Quay @ Bay 5,58725,Lonsdale Quay,82590,82830,in_service_layover,52.2475451240104,55.365215095666066,17.58365864013797,240,4.0,22:56:30,23:00:30,False,,no_dispenser,0
2161129,heavy,210.0,69.0,40-ft,BTC,2,SAT,14858060,14858026,236,236,58725,54134,Lonsdale Quay @ Bay 4,Lonsdale Quay @ Bay 6,58725,Lonsdale Quay,82770,83010,in_service_layover,48.70354386294355,51.77752276896575,17.33724102996524,240,4.0,22:59:30,23:03:30,False,,no_dispenser,0
2161181,heavy,210.0,39.0,40-ft,BTC,2,SAT,14857390,14857338,229,229,58725,54421,Lonsdale Quay @ Bay 4,Lonsdale Quay @ Bay 1,58725,Lonsdale Quay,84390,84750,in_service_layover,40.93245596082568,45.49165947049196,25.713907794517837,360,6.0,23:26:30,23:32:30,False,,no_dispenser,0
2161129,heavy,210.0,69.0,40-ft,BTC,2,SAT,14858092,14857101,236,228,58725,54196,Lonsdale Quay @ Bay 4,Lonsdale Quay @ Bay 2,58725,Lonsdale Quay,86310,86550,in_service_layover,43.65027779572716,46.695184762564196,17.173275292960852,240,4.0,23:58:30,24:02:30,False,,no_dispenser,0
2161181,heavy,210.0,39.0,40-ft,BTC,2,SAT,14857393,14857337,229,229,58725,54421,Lonsdale Quay @ Bay 4,Lonsdale Quay @ Bay 1,58725,Lonsdale Quay,87870,88470,in_service_layover,39.012610588193006,46.61532846487847,42.87932882450602,600,10.0,24:24:30,24:34:30,False,,no_dispenser,0
2161177,heavy,210.0,33.0,40-ft,BTC,2,SAT,14859475,14859442,249,249,58725,50980,Lonsdale Quay @ Bay 4,Lonsdale Quay @ Bay 5,58725,Lonsdale Quay,89730,90030,in_service_layover,39.426942994348735,43.2172192449254,21.3771580532524,300,5.0,24:55:30,25:00:30,False,,no_dispenser,0
2161129,heavy,210.0,69.0,40-ft,BTC,2,SAT,14857136,14857102,228,228,58725,54196,Lonsdale Quay @ Bay 4,Lonsdale Quay @ Bay 2,58725,Lonsdale Quay,89790,90330,in_service_layover,38.995435664922105,45.832639729720704,38.56183092546408,540,9.0,24:56:30,25:05:30,False,,no_dispenser,0
2161181,heavy,210.0,39.0,40-ft,BTC,2,SAT,14857364,14857318,229,229,58725,54421,Lonsdale Quay @ Bay 4,Lonsdale Quay @ Bay 1,58725,Lonsdale Quay,91470,92190,in_service_layover,40.13627958257952,49.29869722620302,51.676035510036485,720,12.0,25:24:30,25:36:30,False,,no_dispenser,0
2160428,heavy,151.0,22.0,40-ft,PCT,2,SAT,14844802,14842660,110,101,58430,58438,Lougheed Station @ Bay 6,Lougheed Station @ Bay 4,58430,Lougheed Station,29610,30510,in_service_layover,64.16713585307811,73.61834152510588,53.30479999023669,900,15.0,08:13:30,08:28:30,False,,no_dispenser,0
2160847,heavy,152.0,21.0,40-ft,PCT,2,SAT,14903040,14902943,156,152,58430,58436,Lougheed Station @ Bay 6,Lougheed Station @ Bay 2,58430,Lougheed Station,30690,31410,in_service_layover,69.3462671633916,76.34108344192694,39.45076381093929,720,12.0,08:31:30,08:43:30,False,,no_dispenser,0
2160431,heavy,151.0,25.0,40-ft,PCT,2,SAT,14842625,14844828,101,110,58430,58437,Lougheed Station @ Bay 6,Lougheed Station @ Bay 3,58430,Lougheed Station,31530,31830,in_service_layover,67.73157799351324,71.06954023997055,18.82610707001919,300,5.0,08:45:30,08:50:30,False,,no_dispenser,0
2160427,heavy,151.0,29.0,40-ft,PCT,2,SAT,14844803,14842661,110,101,58430,58438,Lougheed Station @ Bay 6,Lougheed Station @ Bay 4,58430,Lougheed Station,31530,32310,in_service_layover,64.16713585307811,72.58309209355782,47.46599319630565,780,13.0,08:45:30,08:58:30,False,,no_dispenser,0
2160845,heavy,152.0,22.0,40-ft,PCT,2,SAT,14902974,14903008,152,156,58430,58433,Lougheed Station @ Bay 6,Lougheed Station @ Bay 9,58430,Lougheed Station,32130,32610,in_service_layover,69.22048612019425,74.1818550375244,27.982120693742047,480,8.0,08:55:30,09:03:30,False,,no_dispenser,0
2160430,heavy,151.0,30.0,40-ft,PCT,2,SAT,14842626,14842662,101,101,58430,58438,Lougheed Station @ Bay 6,Lougheed Station @ Bay 4,58430,Lougheed Station,33450,34110,in_service_layover,67.73157799351324,74.49759117723703,38.16031435620215,660,11.0,09:17:30,09:28:30,False,,no_dispenser,0
2160551,heavy,151.0,28.0,40-ft,PCT,2,SAT,14844791,14844817,110,110,58430,58437,Lougheed Station @ Bay 6,Lougheed Station @ Bay 3,58430,Lougheed Station,33810,34710,in_service_layover,66.76109187265628,75.66637121101684,50.22577546835356,900,15.0,09:23:30,09:38:30,False,,no_dispenser,0
2160843,heavy,152.0,32.0,40-ft,PCT,2,SAT,14902975,14903009,152,156,58430,58433,Lougheed Station @ Bay 6,Lougheed Station @ Bay 9,58430,Lougheed Station,34050,34410,in_service_layover,67.27581569674432,71.26704872756625,22.510554293835696,360,6.0,09:27:30,09:33:30,False,,no_dispenser,0
2160846,heavy,152.0,27.0,40-ft,PCT,2,SAT,14903042,14902945,156,152,58430,58436,Lougheed Station @ Bay 6,Lougheed Station @ Bay 2,58430,Lougheed Station,34290,35010,in_service_layover,69.55513012971906,76.51319589556293,39.24349091935943,720,12.0,09:31:30,09:43:30,False,,no_dispenser,0
2160847,heavy,152.0,21.0,40-ft,PCT,2,SAT,14902976,14903010,152,156,58430,58433,Lougheed Station @ Bay 6,Lougheed Station @ Bay 9,58430,Lougheed Station,35850,36210,in_service_layover,67.1920225515326,71.19011323235252,22.54923143982427,360,6.0,09:57:30,10:03:30,False,,no_dispenser,0
2160432,heavy,151.0,24.0,40-ft,PCT,2,SAT,14844771,14844830,110,110,58430,58437,Lougheed Station @ Bay 6,Lougheed Station @ Bay 3,58430,Lougheed Station,35970,36330,in_service_layover,61.638219384035565,66.05394850573518,24.90471224638577,360,6.0,09:59:30,10:05:30,False,,no_dispenser,0
2160844,heavy,152.0,31.0,40-ft,PCT,2,SAT,14903043,14902946,156,152,58430,58436,Lougheed Station @ Bay 6,Lougheed Station @ Bay 2,58430,Lougheed Station,36150,36810,in_service_layover,69.55513012971906,76.03085412718222,36.523083345692214,660,11.0,10:02:30,10:13:30,False,,no_dispenser,0
2160427,heavy,151.0,29.0,40-ft,PCT,2,SAT,14842628,14842664,101,101,58430,58438,Lougheed Station @ Bay 6,Lougheed Station @ Bay 4,58430,Lougheed Station,37230,37710,in_service_layover,69.59001327359599,74.50824373904553,27.738819825135465,480,8.0,10:20:30,10:28:30,False,,no_dispenser,0
2160842,heavy,152.0,37.0,40-ft,PCT,2,SAT,14902977,14903011,152,156,58430,58433,Lougheed Station @ Bay 6,Lougheed Station @ Bay 9,58430,Lougheed Station,37650,38010,in_service_layover,67.27581569674432,71.26704872756625,22.510554293835696,360,6.0,10:27:30,10:33:30,False,,no_dispenser,0
2160431,heavy,151.0,25.0,40-ft,PCT,2,SAT,14844795,14844823,110,110,58430,58437,Lougheed Station @ Bay 6,Lougheed Station @ Bay 3,58430,Lougheed Station,38010,38490,in_service_layover,63.127917346099814,68.75204786004949,31.720096098676095,480,8.0,10:33:30,10:41:30,False,,no_dispenser,0
2160846,heavy,152.0,27.0,40-ft,PCT,2,SAT,14902978,14903012,152,156,58430,58433,Lougheed Station @ Bay 6,Lougheed Station @ Bay 9,58430,Lougheed Station,39450,39810,in_service_layover,67.3641350051686,71.34812132638618,22.469682851667017,360,6.0,10:57:30,11:03:30,False,,no_dispenser,0
2160843,heavy,152.0,32.0,40-ft,PCT,2,SAT,14903045,14902948,156,152,58430,58436,Lougheed Station @ Bay 6,Lougheed Station @ Bay 2,58430,Lougheed Station,39990,40410,in_service_layover,67.87562550487985,72.41307391185012,25.5912090153123,420,7.0,11:06:30,11:13:30,False,,no_dispenser,0
2160844,heavy,152.0,31.0,40-ft,PCT,2,SAT,14902979,14903013,152,156,58430,58433,Lougheed Station @ Bay 6,Lougheed Station @ Bay 9,58430,Lougheed Station,41250,41610,in_service_layover,66.8817932367879,70.90512297129352,22.691579702611705,360,6.0,11:27:30,11:33:30,False,,no_dispenser,0
2160847,heavy,152.0,21.0,40-ft,PCT,2,SAT,14903046,14902949,156,152,58430,58436,Lougheed Station @ Bay 6,Lougheed Station @ Bay 2,58430,Lougheed Station,41790,42810,in_service_layover,66.72633241023954,76.52773932982755,55.279935026476494,1020,17.0,11:36:30,11:53:30,False,,no_dispenser,0
2160842,heavy,152.0,37.0,40-ft,PCT,2,SAT,14903047,14902950,156,152,58430,58436,Lougheed Station @ Bay 6,Lougheed Station @ Bay 2,58430,Lougheed Station,43530,44010,in_service_layover,65.63872533595648,71.00079819105002,30.24209090272751,480,8.0,12:05:30,12:13:30,False,,no_dispenser,0
2160432,heavy,151.0,24.0,40-ft,PCT,2,SAT,14844785,14844834,110,110,58430,58437,Lougheed Station @ Bay 6,Lougheed Station @ Bay 3,58430,Lougheed Station,43590,44010,in_service_layover,66.84285615427122,71.48040569450635,26.155779406926058,420,7.0,12:06:30,12:13:30,False,,no_dispenser,0
2160425,heavy,151.0,23.0,40-ft,PCT,2,SAT,14842632,14905856,101,152,58430,58436,Lougheed Station @ Bay 6,Lougheed Station @ Bay 2,58430,Lougheed Station,44130,45210,in_service_layover,68.14443441646543,78.004766874005,55.61227506052319,1080,18.0,12:15:30,12:33:30,False,,no_dispenser,0
2160843,heavy,152.0,32.0,40-ft,PCT,2,SAT,14902981,14903015,152,156,58430,58433,Lougheed Station @ Bay 6,Lougheed Station @ Bay 9,58430,Lougheed Station,44970,45210,in_service_layover,67.18280626123325,69.91636691981974,15.417282114427792,240,4.0,12:29:30,12:33:30,False,,no_dispenser,0
2160846,heavy,152.0,27.0,40-ft,PCT,2,SAT,14903048,14902951,156,152,58430,58436,Lougheed Station @ Bay 6,Lougheed Station @ Bay 2,58430,Lougheed Station,45330,46410,in_service_layover,64.48853790294386,75.27865014245752,60.856233030857084,1080,18.0,12:35:30,12:53:30,False,,no_dispenser,0
2160431,heavy,151.0,25.0,40-ft,PCT,2,SAT,14844786,14844836,110,110,58430,58437,Lougheed Station @ Bay 6,Lougheed Station @ Bay 3,58430,Lougheed Station,45450,45690,in_service_layover,65.29189691860779,68.11969270232491,15.948768220164538,240,4.0,12:37:30,12:41:30,False,,no_dispenser,0
2160844,heavy,152.0,31.0,40-ft,PCT,2,SAT,14903049,14902952,156,152,58430,58436,Lougheed Station @ Bay 6,Lougheed Station @ Bay 2,58430,Lougheed Station,47130,47610,in_service_layover,64.0804608299891,69.60700034727752,31.16968287750666,480,8.0,13:05:30,13:13:30,False,,no_dispenser,0
2160552,heavy,151.0,32.0,40-ft,PCT,2,SAT,14844778,14844831,110,110,58430,58437,Lougheed Station @ Bay 6,Lougheed Station @ Bay 3,58430,Lougheed Station,47250,47550,in_service_layover,68.35766544208903,71.65238887612253,18.582240167948896,300,5.0,13:07:30,13:12:30,False,,no_dispenser,0
2160847,heavy,152.0,21.0,40-ft,PCT,2,SAT,14905863,14902953,152,152,58430,58436,Lougheed Station @ Bay 6,Lougheed Station @ Bay 2,58430,Lougheed Station,47490,48810,in_service_layover,67.37867843943323,78.98704133070957,65.47116670679856,1320,22.0,13:11:30,13:33:30,False,,no_dispenser,0
2160551,heavy,151.0,28.0,40-ft,PCT,2,SAT,14844787,14844808,110,110,58430,58437,Lougheed Station @ Bay 6,Lougheed Station @ Bay 3,58430,Lougheed Station,49050,49350,in_service_layover,65.76771389510893,69.2350414026472,19.555727142515877,300,5.0,13:37:30,13:42:30,False,,no_dispenser,0
2160430,heavy,151.0,30.0,40-ft,PCT,2,SAT,14842635,14842671,101,101,58430,58438,Lougheed Station @ Bay 6,Lougheed Station @ Bay 4,58430,Lougheed Station,49590,50310,in_service_layover,69.94008898464007,76.83013879125745,38.859880909322044,720,12.0,13:46:30,13:58:30,False,,no_dispenser,0
2160425,heavy,151.0,23.0,40-ft,PCT,2,SAT,14902984,14903018,152,156,58430,58433,Lougheed Station @ Bay 6,Lougheed Station @ Bay 9,58430,Lougheed Station,49890,50610,in_service_layover,68.85570598361068,75.9364143848614,39.935195383054065,720,12.0,13:51:30,14:03:30,False,,no_dispenser,0
2160843,heavy,152.0,32.0,40-ft,PCT,2,SAT,14903051,14902954,156,152,58430,58436,Lougheed Station @ Bay 6,Lougheed Station @ Bay 2,58430,Lougheed Station,50850,51210,in_service_layover,62.50893599498213,66.86291216555077,24.556425602007153,360,6.0,14:07:30,14:13:30,False,,no_dispenser,0
2160432,heavy,151.0,24.0,40-ft,PCT,2,SAT,14844788,14844809,110,110,58430,58437,Lougheed Station @ Bay 6,Lougheed Station @ Bay 3,58430,Lougheed Station,50970,51270,in_service_layover,65.30430856560578,68.80077698722327,19.720081897922626,300,5.0,14:09:30,14:14:30,False,,no_dispenser,0
2160846,heavy,152.0,27.0,40-ft,PCT,2,SAT,14905864,14842672,152,101,58430,58438,Lougheed Station @ Bay 6,Lougheed Station @ Bay 4,58430,Lougheed Station,51030,52110,in_service_layover,66.1295892520632,76.50220793649414,58.501569380190574,1080,18.0,14:10:30,14:28:30,False,,no_dispenser,0
2160844,heavy,152.0,31.0,40-ft,PCT,2,SAT,14902985,14903019,152,156,58430,58433,Lougheed Station @ Bay 6,Lougheed Station @ Bay 9,58430,Lougheed Station,52230,52410,in_service_layover,64.60300792155418,66.76956792433595,12.21939841568917,180,3.0,14:30:30,14:33:30,False,,no_dispenser,0
2165153,heavy,152.0,40.0,40-ft,PCT,2,SAT,14903052,14905860,156,152,58430,58436,Lougheed Station @ Bay 6,Lougheed Station @ Bay 2,58430,Lougheed Station,52650,53610,in_service_layover,67.1433805497467,76.41385489035417,52.28547528102621,960,16.0,14:37:30,14:53:30,False,,no_dispenser,0
2160431,heavy,151.0,25.0,40-ft,PCT,2,SAT,14844789,14844810,110,110,58430,58437,Lougheed Station @ Bay 6,Lougheed Station @ Bay 3,58430,Lougheed Station,52710,53010,in_service_layover,62.4247573298055,66.09350689660187,20.691747556731514,300,5.0,14:38:30,14:43:30,False,,no_dispenser,0
2160847,heavy,152.0,21.0,40-ft,PCT,2,SAT,14902986,14903020,152,156,58430,58433,Lougheed Station @ Bay 6,Lougheed Station @ Bay 9,58430,Lougheed Station,53430,54210,in_service_layover,69.83798044031525,77.20653887455596,41.558669569117626,780,13.0,14:50:30,15:03:30,False,,no_dispenser,0
2160552,heavy,151.0,32.0,40-ft,PCT,2,SAT,14844772,14844842,110,110,58430,58437,Lougheed Station @ Bay 6,Lougheed Station @ Bay 3,58430,Lougheed Station,54330,54690,in_service_layover,63.01544992546598,67.33344589808678,24.35349728558134,360,6.0,15:05:30,15:11:30,False,,no_dispenser,0
2160842,heavy,152.0,37.0,40-ft,PCT,2,SAT,14903053,14902956,156,152,58430,58436,Lougheed Station @ Bay 6,Lougheed Station @ Bay 2,58430,Lougheed Station,54390,54810,in_service_layover,57.99342401798035,63.39118863624063,30.443392446987957,420,7.0,15:06:30,15:13:30,False,,no_dispenser,0
2165156,heavy,152.0,39.0,40-ft,PCT,2,SAT,14905865,14842674,152,101,58430,58438,Lougheed Station @ Bay 6,Lougheed Station @ Bay 4,58430,Lougheed Station,54630,55710,in_service_layover,68.07891326702756,77.95568125368516,55.70497144474888,1080,18.0,15:10:30,15:28:30,False,,no_dispenser,0
2160845,heavy,152.0,22.0,40-ft,PCT,2,SAT,14842638,14902957,101,152,58430,58436,Lougheed Station @ Bay 6,Lougheed Station @ Bay 2,58430,Lougheed Station,54990,56010,in_service_layover,68.08318253912718,77.55316800280389,53.410718015136695,1020,17.0,15:16:30,15:33:30,False,,no_dispenser,0
2160843,heavy,152.0,32.0,40-ft,PCT,2,SAT,14902987,14903021,152,156,58430,58433,Lougheed Station @ Bay 6,Lougheed Station @ Bay 9,58430,Lougheed Station,55830,56010,in_service_layover,63.39128319744637,65.60081216207594,12.461743360510752,180,3.0,15:30:30,15:33:30,False,,no_dispenser,0
2160551,heavy,151.0,28.0,40-ft,PCT,2,SAT,14844800,14844837,110,110,58430,58437,Lougheed Station @ Bay 6,Lougheed Station @ Bay 3,58430,Lougheed Station,56130,56490,in_service_layover,60.80516389586109,65.27997496707663,25.237934441655568,360,6.0,15:35:30,15:41:30,False,,no_dispenser,0
2160425,heavy,151.0,23.0,40-ft,PCT,2,SAT,14903054,14905858,156,152,58430,58436,Lougheed Station @ Bay 6,Lougheed Station @ Bay 2,58430,Lougheed Station,56190,57210,in_service_layover,65.00146156725769,75.21855492125907,57.624406516567774,1020,17.0,15:36:30,15:53:30,False,,no_dispenser,0
2160428,heavy,151.0,22.0,40-ft,PCT,2,SAT,14842639,14842675,101,101,58430,58438,Lougheed Station @ Bay 6,Lougheed Station @ Bay 4,58430,Lougheed Station,56910,57510,in_service_layover,68.18150059678794,74.3562845157033,34.82578130268263,600,10.0,15:48:30,15:58:30,False,,no_dispenser,0
2160426,heavy,151.0,34.0,40-ft,PCT,2,SAT,14902988,14903022,152,156,58430,58433,Lougheed Station @ Bay 6,Lougheed Station @ Bay 9,58430,Lougheed Station,57030,57810,in_service_layover,67.99006836146424,75.70863132160234,43.532695095178894,780,13.0,15:50:30,16:03:30,False,,no_dispenser,0
2160432,heavy,151.0,24.0,40-ft,PCT,2,SAT,14844792,14844840,110,110,58430,58437,Lougheed Station @ Bay 6,Lougheed Station @ Bay 3,58430,Lougheed Station,57870,58230,in_service_layover,57.55294136085368,62.237594618192105,26.421444371388702,360,6.0,16:04:30,16:10:30,False,,no_dispenser,0
2160844,heavy,152.0,31.0,40-ft,PCT,2,SAT,14903055,14902958,156,152,58430,58436,Lougheed Station @ Bay 6,Lougheed Station @ Bay 2,58430,Lougheed Station,57990,58410,in_service_layover,58.83441838871673,64.17314587272742,30.110423009820295,420,7.0,16:06:30,16:13:30,False,,no_dispenser,0
2165153,heavy,152.0,40.0,40-ft,PCT,2,SAT,14905866,14902959,152,152,58430,58436,Lougheed Station @ Bay 6,Lougheed Station @ Bay 2,58430,Lougheed Station,58230,59610,in_service_layover,67.26479399995983,79.27284309129448,67.72539687512733,1380,23.0,16:10:30,16:33:30,False,,no_dispenser,0
2160842,heavy,152.0,37.0,40-ft,PCT,2,SAT,14902989,14903023,152,156,58430,58433,Lougheed Station @ Bay 6,Lougheed Station @ Bay 9,58430,Lougheed Station,59430,59610,in_service_layover,58.108027523990444,60.48641595966545,13.414110777206986,180,3.0,16:30:30,16:33:30,False,,no_dispenser,0
2160431,heavy,151.0,25.0,40-ft,PCT,2,SAT,14844793,14844838,110,110,58430,58437,Lougheed Station @ Bay 6,Lougheed Station @ Bay 3,58430,Lougheed Station,59670,59970,in_service_layover,55.70037100207427,59.65580370284352,22.30864043233862,300,5.0,16:34:30,16:39:30,False,,no_dispenser,0
2160847,heavy,152.0,21.0,40-ft,PCT,2,SAT,14903056,14905859,156,152,58430,58436,Lougheed Station @ Bay 6,Lougheed Station @ Bay 2,58430,Lougheed Station,59790,60810,in_service_layover,66.27158605695227,76.18329424670678,55.90203419021543,1020,17.0,16:36:30,16:53:30,False,,no_dispenser,0
2160430,heavy,151.0,30.0,40-ft,PCT,2,SAT,14842641,14842677,101,101,58430,58438,Lougheed Station @ Bay 6,Lougheed Station @ Bay 4,58430,Lougheed Station,60450,61110,in_service_layover,68.74067462030308,75.34706373810339,37.26003462439371,660,11.0,16:47:30,16:58:30,False,,no_dispenser,0
2160845,heavy,152.0,22.0,40-ft,PCT,2,SAT,14902990,14903024,152,156,58430,58433,Lougheed Station @ Bay 6,Lougheed Station @ Bay 9,58430,Lougheed Station,60630,61410,in_service_layover,68.40410711240956,76.04497960573747,43.09452086236939,780,13.0,16:50:30,17:03:30,False,,no_dispenser,0
2160552,heavy,151.0,32.0,40-ft,PCT,2,SAT,14844794,14844839,110,110,58430,58437,Lougheed Station @ Bay 6,Lougheed Station @ Bay 3,58430,Lougheed Station,61530,61830,in_service_layover,58.354313833544566,62.257317770032515,22.012942201792043,300,5.0,17:05:30,17:10:30,False,,no_dispenser,0
2160843,heavy,152.0,32.0,40-ft,PCT,2,SAT,14903057,14902960,156,152,58430,58436,Lougheed Station @ Bay 6,Lougheed Station @ Bay 2,58430,Lougheed Station,61590,62010,in_service_layover,58.4492278537058,63.81644570871978,30.271108702278866,420,7.0,17:06:30,17:13:30,False,,no_dispenser,0
2160425,heavy,151.0,23.0,40-ft,PCT,2,SAT,14905867,14842678,152,101,58430,58438,Lougheed Station @ Bay 6,Lougheed Station @ Bay 4,58430,Lougheed Station,61770,62910,in_service_layover,66.06949403086475,76.86958476606908,60.912511746552525,1140,19.0,17:09:30,17:28:30,False,,no_dispenser,0
2160846,heavy,152.0,27.0,40-ft,PCT,2,SAT,14842642,14902961,101,152,58430,58436,Lougheed Station @ Bay 6,Lougheed Station @ Bay 2,58430,Lougheed Station,62130,63210,in_service_layover,68.91962550511042,78.58677161140992,54.522704039529174,1080,18.0,17:15:30,17:33:30,False,,no_dispenser,0
2160844,heavy,152.0,31.0,40-ft,PCT,2,SAT,14902991,14903025,152,156,58430,58433,Lougheed Station @ Bay 6,Lougheed Station @ Bay 9,58430,Lougheed Station,62970,63210,in_service_layover,58.10707135755453,61.25976376134004,17.78118515735025,240,4.0,17:29:30,17:33:30,False,,no_dispenser,0
2160551,heavy,151.0,28.0,40-ft,PCT,2,SAT,14844773,14844841,110,110,58430,58437,Lougheed Station @ Bay 6,Lougheed Station @ Bay 3,58430,Lougheed Station,63210,63510,in_service_layover,54.90512973228421,58.85361881154648,22.26947840703923,300,5.0,17:33:30,17:38:30,False,,no_dispenser,0
2160426,heavy,151.0,34.0,40-ft,PCT,2,SAT,14903058,14905861,156,152,58430,58436,Lougheed Station @ Bay 6,Lougheed Station @ Bay 2,58430,Lougheed Station,63510,64410,in_service_layover,64.77367850399864,74.09871547752786,52.59320853070477,900,15.0,17:38:30,17:53:30,False,,no_dispenser,0
2160429,heavy,151.0,21.0,40-ft,PCT,2,SAT,14842643,14842679,101,101,58430,58438,Lougheed Station @ Bay 6,Lougheed Station @ Bay 4,58430,Lougheed Station,63930,64710,in_service_layover,69.36689249158064,76.82547640819251,42.066413289690956,780,13.0,17:45:30,17:58:30,False,,no_dispenser,0
2160432,heavy,151.0,24.0,40-ft,PCT,2,SAT,14844776,14844824,110,110,58430,58437,Lougheed Station @ Bay 6,Lougheed Station @ Bay 3,58430,Lougheed Station,64950,65310,in_service_layover,54.21787786973251,58.95143636203311,26.697269896575335,360,6.0,18:02:30,18:08:30,False,,no_dispenser,0
2160842,heavy,152.0,37.0,40-ft,PCT,2,SAT,14903059,14902962,156,152,58430,58436,Lougheed Station @ Bay 6,Lougheed Station @ Bay 2,58430,Lougheed Station,65310,65610,in_service_layover,54.28889271439423,58.22741836863328,22.21328468990822,300,5.0,18:08:30,18:13:30,False,,no_dispenser,0
2160843,heavy,152.0,32.0,40-ft,PCT,2,SAT,14902993,14903027,152,156,58430,58433,Lougheed Station @ Bay 6,Lougheed Station @ Bay 9,58430,Lougheed Station,66570,66810,in_service_layover,57.76842996070718,60.92824135406851,17.82133625855795,240,4.0,18:29:30,18:33:30,False,,no_dispenser,0
2160431,heavy,151.0,25.0,40-ft,PCT,2,SAT,14844777,14844818,110,110,58430,58437,Lougheed Station @ Bay 6,Lougheed Station @ Bay 3,58430,Lougheed Station,66930,67170,in_service_layover,53.9612730724919,57.10116655836393,17.708999260318194,240,4.0,18:35:30,18:39:30,False,,no_dispenser,0
2160845,heavy,152.0,22.0,40-ft,PCT,2,SAT,14903060,14902963,156,152,58430,58436,Lougheed Station @ Bay 6,Lougheed Station @ Bay 2,58430,Lougheed Station,66990,67410,in_service_layover,65.11002678813377,69.90962991977466,27.069761662454653,420,7.0,18:36:30,18:43:30,False,,no_dispenser,0
2160846,heavy,152.0,27.0,40-ft,PCT,2,SAT,14902994,14903028,152,156,58430,58433,Lougheed Station @ Bay 6,Lougheed Station @ Bay 9,58430,Lougheed Station,68190,68610,in_service_layover,69.43771072101559,73.81876339771874,24.709137096605787,420,7.0,18:56:30,19:03:30,False,,no_dispenser,0
2160552,heavy,151.0,32.0,40-ft,PCT,2,SAT,14844804,14844819,110,110,58430,58437,Lougheed Station @ Bay 6,Lougheed Station @ Bay 3,58430,Lougheed Station,68670,69030,in_service_layover,57.925115067635346,62.59291582693157,26.326396282430665,360,6.0,19:04:30,19:10:30,False,,no_dispenser,0
2160844,heavy,152.0,31.0,40-ft,PCT,2,SAT,14903061,14902964,156,152,58430,58436,Lougheed Station @ Bay 6,Lougheed Station @ Bay 2,58430,Lougheed Station,68790,69210,in_service_layover,55.05253115593307,60.56489154754695,31.089712608702314,420,7.0,19:06:30,19:13:30,False,,no_dispenser,0
2160842,heavy,152.0,37.0,40-ft,PCT,2,SAT,14902995,14903029,152,156,58430,58433,Lougheed Station @ Bay 6,Lougheed Station @ Bay 9,58430,Lougheed Station,69930,70410,in_service_layover,55.37153569137592,61.63360268864865,35.3180578646182,480,8.0,19:25:30,19:33:30,False,,no_dispenser,0
2160551,heavy,151.0,28.0,40-ft,PCT,2,SAT,14844796,14844825,110,110,58430,58437,Lougheed Station @ Bay 6,Lougheed Station @ Bay 3,58430,Lougheed Station,70350,70710,in_service_layover,55.42628389344721,60.163346168744795,26.71703123267838,360,6.0,19:32:30,19:38:30,False,,no_dispenser,0
2165153,heavy,152.0,40.0,40-ft,PCT,2,SAT,14903062,14902965,156,152,58430,58436,Lougheed Station @ Bay 6,Lougheed Station @ Bay 2,58430,Lougheed Station,70410,71010,in_service_layover,63.359535453165236,70.19656213432413,38.560830481736105,600,10.0,19:33:30,19:43:30,False,,no_dispenser,0
2165156,heavy,152.0,39.0,40-ft,PCT,2,SAT,14842647,14842683,101,101,58430,58438,Lougheed Station @ Bay 6,Lougheed Station @ Bay 4,58430,Lougheed Station,71550,71910,in_service_layover,66.37026479446327,70.43469258137584,22.92337271818684,360,6.0,19:52:30,19:58:30,False,,no_dispenser,0
2160432,heavy,151.0,24.0,40-ft,PCT,2,SAT,14844797,14844814,110,110,58430,58437,Lougheed Station @ Bay 6,Lougheed Station @ Bay 3,58430,Lougheed Station,72090,72510,in_service_layover,57.65713830437763,63.07524076362775,30.558097870170684,420,7.0,20:01:30,20:08:30,False,,no_dispenser,0
2160843,heavy,152.0,32.0,40-ft,PCT,2,SAT,14903063,14902966,156,152,58430,58436,Lougheed Station @ Bay 6,Lougheed Station @ Bay 2,58430,Lougheed Station,72210,72810,in_service_layover,57.69461831048993,65.23770241263821,42.54299433611624,600,10.0,20:03:30,20:13:30,False,,no_dispenser,0
2160428,heavy,151.0,22.0,40-ft,PCT,2,SAT,14842648,14842684,101,101,58430,58438,Lougheed Station @ Bay 6,Lougheed Station @ Bay 4,58430,Lougheed Station,73290,73710,in_service_layover,68.94902581285002,73.37965170169856,24.98873001310585,420,7.0,20:21:30,20:28:30,False,,no_dispenser,0
2160844,heavy,152.0,31.0,40-ft,PCT,2,SAT,14902997,14903030,152,156,58430,58433,Lougheed Station @ Bay 6,Lougheed Station @ Bay 9,58430,Lougheed Station,73530,74010,in_service_layover,59.081785462264705,65.10505800397108,33.97125713522399,480,8.0,20:25:30,20:33:30,False,,no_dispenser,0
2160431,heavy,151.0,25.0,40-ft,PCT,2,SAT,14844774,14844829,110,110,58430,58437,Lougheed Station @ Bay 6,Lougheed Station @ Bay 3,58430,Lougheed Station,73950,74310,in_service_layover,55.91887734850541,60.65044761133072,26.686056282334732,360,6.0,20:32:30,20:38:30,False,,no_dispenser,0
2160846,heavy,152.0,27.0,40-ft,PCT,2,SAT,14903064,14906046,156,152,58430,58436,Lougheed Station @ Bay 6,Lougheed Station @ Bay 2,58430,Lougheed Station,73950,74610,in_service_layover,69.496146357262,75.98138787728818,36.57676217294767,660,11.0,20:32:30,20:43:30,False,,no_dispenser,0
2160427,heavy,151.0,29.0,40-ft,PCT,2,SAT,14842649,14842685,101,101,58430,58438,Lougheed Station @ Bay 6,Lougheed Station @ Bay 4,58430,Lougheed Station,75030,75210,in_service_layover,68.46793975197563,70.49217991424082,11.416714515175613,180,3.0,20:50:30,20:53:30,False,,no_dispenser,0
2160552,heavy,151.0,32.0,40-ft,PCT,2,SAT,14844798,14844835,110,110,58430,58437,Lougheed Station @ Bay 6,Lougheed Station @ Bay 3,58430,Lougheed Station,75750,76110,in_service_layover,62.123672124377414,66.50497197371236,24.71053115024904,360,6.0,21:02:30,21:08:30,False,,no_dispenser,0
2160842,heavy,152.0,37.0,40-ft,PCT,2,SAT,14903065,14902967,156,152,58430,58436,Lougheed Station @ Bay 6,Lougheed Station @ Bay 2,58430,Lougheed Station,75750,76410,in_service_layover,59.04440146600661,67.09469001923661,45.40362744021712,660,11.0,21:02:30,21:13:30,False,,no_dispenser,0
2165156,heavy,152.0,39.0,40-ft,PCT,2,SAT,14842650,14842686,101,101,58430,58438,Lougheed Station @ Bay 6,Lougheed Station @ Bay 4,58430,Lougheed Station,76650,77010,in_service_layover,67.7733822740812,71.723537815761,22.27887725507412,360,6.0,21:17:30,21:23:30,False,,no_dispenser,0
2160843,heavy,152.0,32.0,40-ft,PCT,2,SAT,14902998,14903031,152,156,58430,58433,Lougheed Station @ Bay 6,Lougheed Station @ Bay 9,58430,Lougheed Station,77070,77610,in_service_layover,63.23224671055041,69.47475342678334,35.20773787955369,540,9.0,21:24:30,21:33:30,False,,no_dispenser,0
2160551,heavy,151.0,28.0,40-ft,PCT,2,SAT,14844779,14844815,110,110,58430,58437,Lougheed Station @ Bay 6,Lougheed Station @ Bay 3,58430,Lougheed Station,77670,78030,in_service_layover,63.57889608020923,67.8562411605198,24.124226252951587,360,6.0,21:34:30,21:40:30,False,,no_dispenser,0
2160844,heavy,152.0,31.0,40-ft,PCT,2,SAT,14903066,14902968,156,152,58430,58436,Lougheed Station @ Bay 6,Lougheed Station @ Bay 2,58430,Lougheed Station,79290,80010,in_service_layover,63.307262588919485,71.31819657313055,45.18166767095039,720,12.0,22:01:30,22:13:30,False,,no_dispenser,0
2160432,heavy,151.0,24.0,40-ft,PCT,2,SAT,14844780,14842690,110,101,58430,58438,Lougheed Station @ Bay 6,Lougheed Station @ Bay 4,58430,Lougheed Station,79350,80010,in_service_layover,65.72071658771895,72.79734193829142,39.912166977228765,660,11.0,22:02:30,22:13:30,False,,no_dispenser,0
2160842,heavy,152.0,37.0,40-ft,PCT,2,SAT,14902999,14903032,152,156,58430,58433,Lougheed Station @ Bay 6,Lougheed Station @ Bay 9,58430,Lougheed Station,80490,81210,in_service_layover,66.03303753335487,73.59645488363675,42.65767385558985,720,12.0,22:21:30,22:33:30,False,,no_dispenser,0
2160431,heavy,151.0,25.0,40-ft,PCT,2,SAT,14844782,14844816,110,110,58430,58437,Lougheed Station @ Bay 6,Lougheed Station @ Bay 3,58430,Lougheed Station,80730,81030,in_service_layover,59.85657986951687,63.67834073389318,21.55473127508236,300,5.0,22:25:30,22:30:30,False,,no_dispenser,0
2160552,heavy,151.0,32.0,40-ft,PCT,2,SAT,14844781,14842687,110,101,58430,58438,Lougheed Station @ Bay 6,Lougheed Station @ Bay 4,58430,Lougheed Station,82530,83310,in_service_layover,66.68226229192791,74.64345018152785,44.901099697343625,780,13.0,22:55:30,23:08:30,False,,no_dispenser,0
2160843,heavy,152.0,32.0,40-ft,PCT,2,SAT,14903067,14902969,156,152,58430,58436,Lougheed Station @ Bay 6,Lougheed Station @ Bay 2,58430,Lougheed Station,82650,83610,in_service_layover,66.92155391731322,76.24285025171586,52.57211132603095,960,16.0,22:57:30,23:13:30,False,,no_dispenser,0
2160844,heavy,152.0,31.0,40-ft,PCT,2,SAT,14903000,14844812,152,110,58430,58437,Lougheed Station @ Bay 6,Lougheed Station @ Bay 3,58430,Lougheed Station,84090,84510,in_service_layover,69.5603037064029,73.92882804000361,24.638477241508042,420,7.0,23:21:30,23:28:30,False,,no_dispenser,0
2160551,heavy,151.0,28.0,40-ft,PCT,2,SAT,14844799,14903033,110,156,58430,58433,Lougheed Station @ Bay 6,Lougheed Station @ Bay 9,58430,Lougheed Station,84330,84810,in_service_layover,66.66644086797227,71.91677189536153,29.61186699447535,480,8.0,23:25:30,23:33:30,False,,no_dispenser,0
2160431,heavy,151.0,25.0,40-ft,PCT,2,SAT,14844801,14844821,110,110,58430,58437,Lougheed Station @ Bay 6,Lougheed Station @ Bay 3,58430,Lougheed Station,87090,88110,in_service_layover,62.4157753344108,73.24228882451978,61.06153608421454,1020,17.0,24:11:30,24:28:30,False,,no_dispenser,0
2160552,heavy,151.0,32.0,40-ft,PCT,2,SAT,14842652,14842688,101,101,58430,58438,Lougheed Station @ Bay 6,Lougheed Station @ Bay 4,58430,Lougheed Station,87630,87810,in_service_layover,69.78090826752043,71.74978049579111,11.104439367446616,180,3.0,24:20:30,24:23:30,False,,no_dispenser,0
2160843,heavy,152.0,32.0,40-ft,PCT,2,SAT,14903001,14903034,152,156,58430,58433,Lougheed Station @ Bay 6,Lougheed Station @ Bay 9,58430,Lougheed Station,87630,88230,in_service_layover,67.09378936132154,73.4229592863565,35.69651837719721,600,10.0,24:20:30,24:30:30,False,,no_dispenser,0
2160843,heavy,152.0,32.0,40-ft,PCT,2,SAT,14903069,14886306,156,N9,58430,58434,Lougheed Station @ Bay 6,Lougheed Station @ Bay 10,58430,Lougheed Station,92550,92910,in_service_layover,64.5187192207071,68.72651996179152,23.731996179716134,360,6.0,25:42:30,25:48:30,False,,no_dispenser,0
2159715,heavy,15.0,12.0,40-ft,VTC,2,SAT,14833197,14833130,015,015,61338,61337,Marine Drive Station @ Bay 2,Marine Drive Station @ Bay 1,61338,Marine Drive Station,26250,26670,in_service_layover,66.77906530065778,71.42271152355109,26.190164697118234,420,7.0,07:17:30,07:24:30,False,,no_dispenser,0
2159709,heavy,15.0,13.0,40-ft,VTC,2,SAT,14833198,14833131,015,015,61338,61337,Marine Drive Station @ Bay 2,Marine Drive Station @ Bay 1,61338,Marine Drive Station,27570,27870,in_service_layover,66.77906530065778,70.18095843989033,19.186677305271644,300,5.0,07:39:30,07:44:30,False,,no_dispenser,0
2159710,heavy,15.0,11.0,40-ft,VTC,2,SAT,14833199,14833132,015,015,61338,61337,Marine Drive Station @ Bay 2,Marine Drive Station @ Bay 1,61338,Marine Drive Station,28770,29010,in_service_layover,62.36554778160156,65.33171573519013,16.729187258239563,240,4.0,07:59:30,08:03:30,False,,no_dispenser,0
2159711,heavy,15.0,14.0,40-ft,VTC,2,SAT,14833200,14833134,015,015,61338,61337,Marine Drive Station @ Bay 2,Marine Drive Station @ Bay 1,61338,Marine Drive Station,30030,31230,in_service_layover,62.36554778160156,74.5971038835742,68.98597641512578,1200,20.0,08:20:30,08:40:30,False,,no_dispenser,0
2159714,heavy,15.0,15.0,40-ft,VTC,2,SAT,14833201,14833135,015,015,61338,61337,Marine Drive Station @ Bay 2,Marine Drive Station @ Bay 1,61338,Marine Drive Station,31230,32250,in_service_layover,62.36554778160156,73.20373332650043,61.12736647322964,1020,17.0,08:40:30,08:57:30,False,,no_dispenser,0
2159715,heavy,15.0,12.0,40-ft,VTC,2,SAT,14833202,14833136,015,015,61338,61337,Marine Drive Station @ Bay 2,Marine Drive Station @ Bay 1,61338,Marine Drive Station,32550,33150,in_service_layover,57.9635609236618,65.47925260827499,42.38850110121831,600,10.0,09:02:30,09:12:30,False,,no_dispenser,0
2159709,heavy,15.0,13.0,40-ft,VTC,2,SAT,14833204,14833138,015,015,61338,61337,Marine Drive Station @ Bay 2,Marine Drive Station @ Bay 1,61338,Marine Drive Station,34590,35190,in_service_layover,56.72180784000106,64.35400063758581,43.045567378377996,600,10.0,09:36:30,09:46:30,False,,no_dispenser,0
2159710,heavy,15.0,11.0,40-ft,VTC,2,SAT,14833205,14833139,015,015,61338,61337,Marine Drive Station @ Bay 2,Marine Drive Station @ Bay 1,61338,Marine Drive Station,35850,36210,in_service_layover,51.87256513530085,56.561811479081236,26.44734937892133,360,6.0,09:57:30,10:03:30,False,,no_dispenser,0
2159711,heavy,15.0,14.0,40-ft,VTC,2,SAT,14833207,14833142,015,015,61338,61337,Marine Drive Station @ Bay 2,Marine Drive Station @ Bay 1,61338,Marine Drive Station,38070,38970,in_service_layover,61.13795328368493,71.20571374509721,56.78216900236521,900,15.0,10:34:30,10:49:30,False,,no_dispenser,0
2159714,heavy,15.0,15.0,40-ft,VTC,2,SAT,14833208,14833143,015,015,61338,61337,Marine Drive Station @ Bay 2,Marine Drive Station @ Bay 1,61338,Marine Drive Station,39150,39750,in_service_layover,59.74458272661115,67.04515093252964,41.17520468138025,600,10.0,10:52:30,11:02:30,False,,no_dispenser,0
2159715,heavy,15.0,12.0,40-ft,VTC,2,SAT,14833209,14833144,015,015,61338,61337,Marine Drive Station @ Bay 2,Marine Drive Station @ Bay 1,61338,Marine Drive Station,40230,40650,in_service_layover,52.020102008385706,57.50592494696109,30.94004137356518,420,7.0,11:10:30,11:17:30,False,,no_dispenser,0
2159706,heavy,15.0,16.0,40-ft,VTC,2,SAT,14833210,14833145,015,015,61338,61337,Marine Drive Station @ Bay 2,Marine Drive Station @ Bay 1,61338,Marine Drive Station,41370,41550,in_service_layover,66.77906530065778,68.86828320654305,11.783188989192922,180,3.0,11:29:30,11:32:30,False,,no_dispenser,0
2159709,heavy,15.0,13.0,40-ft,VTC,2,SAT,14833211,14833147,015,015,61338,61337,Marine Drive Station @ Bay 2,Marine Drive Station @ Bay 1,61338,Marine Drive Station,42450,43290,in_service_layover,50.894850037696536,61.74574322775661,61.19903759193886,840,14.0,11:47:30,12:01:30,False,,no_dispenser,0
2159710,heavy,15.0,11.0,40-ft,VTC,2,SAT,14833212,14833148,015,015,61338,61337,Marine Drive Station @ Bay 2,Marine Drive Station @ Bay 1,61338,Marine Drive Station,43350,44190,in_service_layover,43.10266087919195,53.90367834452932,60.91773850450272,840,14.0,12:02:30,12:16:30,False,,no_dispenser,0
2159707,heavy,15.0,17.0,40-ft,VTC,2,SAT,14833214,14833150,015,015,61338,61337,Marine Drive Station @ Bay 2,Marine Drive Station @ Bay 1,61338,Marine Drive Station,45150,45990,in_service_layover,62.36554778160156,71.65078882190309,52.368759467300606,840,14.0,12:32:30,12:46:30,False,,no_dispenser,0
2159711,heavy,15.0,14.0,40-ft,VTC,2,SAT,14833216,14833152,015,015,61338,61337,Marine Drive Station @ Bay 2,Marine Drive Station @ Bay 1,61338,Marine Drive Station,46830,47670,in_service_layover,57.74656314520793,67.897759661459,57.25274835165612,840,14.0,13:00:30,13:14:30,False,,no_dispenser,0
2159714,heavy,15.0,15.0,40-ft,VTC,2,SAT,14833217,14833153,015,015,61338,61337,Marine Drive Station @ Bay 2,Marine Drive Station @ Bay 1,61338,Marine Drive Station,47670,48510,in_service_layover,53.58600033264036,64.26297097599623,60.21811442852709,840,14.0,13:14:30,13:28:30,False,,no_dispenser,0
2159715,heavy,15.0,12.0,40-ft,VTC,2,SAT,14833218,14833154,015,015,61338,61337,Marine Drive Station @ Bay 2,Marine Drive Station @ Bay 1,61338,Marine Drive Station,48630,49410,in_service_layover,44.04677434707181,54.08266929890334,56.60244752832983,780,13.0,13:30:30,13:43:30,False,,no_dispenser,0
2159706,heavy,15.0,16.0,40-ft,VTC,2,SAT,14833219,14833155,015,015,61338,61337,Marine Drive Station @ Bay 2,Marine Drive Station @ Bay 1,61338,Marine Drive Station,49470,50310,in_service_layover,55.40913260665378,65.897713504434,59.15559626348045,840,14.0,13:44:30,13:58:30,False,,no_dispenser,0
2159709,heavy,15.0,13.0,40-ft,VTC,2,SAT,14833221,14833157,015,015,61338,61337,Marine Drive Station @ Bay 2,Marine Drive Station @ Bay 1,61338,Marine Drive Station,51270,52110,in_service_layover,48.286592627867336,59.19355382979469,61.515261178870276,840,14.0,14:14:30,14:28:30,False,,no_dispenser,0
2159710,heavy,15.0,11.0,40-ft,VTC,2,SAT,14833222,14833158,015,015,61338,61337,Marine Drive Station @ Bay 2,Marine Drive Station @ Bay 1,61338,Marine Drive Station,52350,53010,in_service_layover,40.444527744640034,48.83644044422061,47.330387625634444,660,11.0,14:32:30,14:43:30,False,,no_dispenser,0
2159708,heavy,15.0,19.0,40-ft,VTC,2,SAT,14833223,14833159,015,015,61338,61337,Marine Drive Station @ Bay 2,Marine Drive Station @ Bay 1,61338,Marine Drive Station,53310,53910,in_service_layover,66.77906530065778,73.1523622637114,35.9453948716224,600,10.0,14:48:30,14:58:30,False,,no_dispenser,0
2159707,heavy,15.0,17.0,40-ft,VTC,2,SAT,14833224,14833160,015,015,61338,61337,Marine Drive Station @ Bay 2,Marine Drive Station @ Bay 1,61338,Marine Drive Station,54270,54810,in_service_layover,58.19163822201381,64.99514144835796,38.37175819658097,540,9.0,15:04:30,15:13:30,False,,no_dispenser,0
2159712,heavy,15.0,18.0,40-ft,VTC,2,SAT,14833225,14833161,015,015,61338,61337,Marine Drive Station @ Bay 2,Marine Drive Station @ Bay 1,61338,Marine Drive Station,55230,55710,in_service_layover,62.36554778160156,68.06617587117888,32.151542425216064,480,8.0,15:20:30,15:28:30,False,,no_dispenser,0
2159711,heavy,15.0,14.0,40-ft,VTC,2,SAT,14833226,14833162,015,015,61338,61337,Marine Drive Station @ Bay 2,Marine Drive Station @ Bay 1,61338,Marine Drive Station,56190,56610,in_service_layover,54.43860906156973,59.9568677752238,31.12297914500897,420,7.0,15:36:30,15:43:30,False,,no_dispenser,0
2159714,heavy,15.0,15.0,40-ft,VTC,2,SAT,14833227,14833163,015,015,61338,61337,Marine Drive Station @ Bay 2,Marine Drive Station @ Bay 1,61338,Marine Drive Station,57090,57570,in_service_layover,50.80382037610695,57.05514395537203,35.25746498705513,480,8.0,15:51:30,15:59:30,False,,no_dispenser,0
2159715,heavy,15.0,12.0,40-ft,VTC,2,SAT,14833228,14833164,015,015,61338,61337,Marine Drive Station @ Bay 2,Marine Drive Station @ Bay 1,61338,Marine Drive Station,57990,58470,in_service_layover,40.62351869901406,46.70836846090117,34.31855265704331,480,8.0,16:06:30,16:14:30,False,,no_dispenser,0
2159706,heavy,15.0,16.0,40-ft,VTC,2,SAT,14833229,14833165,015,015,61338,61337,Marine Drive Station @ Bay 2,Marine Drive Station @ Bay 1,61338,Marine Drive Station,58890,59490,in_service_layover,52.43856290454472,60.277166930689454,44.209726707456355,600,10.0,16:21:30,16:31:30,False,,no_dispenser,0
2159713,heavy,15.0,20.0,40-ft,VTC,2,SAT,14833230,14833166,015,015,61338,61337,Marine Drive Station @ Bay 2,Marine Drive Station @ Bay 1,61338,Marine Drive Station,59790,60390,in_service_layover,62.36554778160156,69.331968851711,39.29061483541716,600,10.0,16:36:30,16:46:30,False,,no_dispenser,0
2159709,heavy,15.0,13.0,40-ft,VTC,2,SAT,14833231,14833167,015,015,61338,61337,Marine Drive Station @ Bay 2,Marine Drive Station @ Bay 1,61338,Marine Drive Station,60630,61290,in_service_layover,45.73440322990541,54.23335165270373,47.934069104582534,660,11.0,16:50:30,17:01:30,False,,no_dispenser,0
2159710,heavy,15.0,11.0,40-ft,VTC,2,SAT,14833232,14833168,015,015,61338,61337,Marine Drive Station @ Bay 2,Marine Drive Station @ Bay 1,61338,Marine Drive Station,61530,62190,in_service_layover,35.37728984433133,43.71030314352847,46.99819500747185,660,11.0,17:05:30,17:16:30,False,,no_dispenser,0
2159708,heavy,15.0,19.0,40-ft,VTC,2,SAT,14833233,14833169,015,015,61338,61337,Marine Drive Station @ Bay 2,Marine Drive Station @ Bay 1,61338,Marine Drive Station,62430,63090,in_service_layover,59.69321166382212,67.64739143147874,44.86157388958338,660,11.0,17:20:30,17:31:30,False,,no_dispenser,0
2159707,heavy,15.0,17.0,40-ft,VTC,2,SAT,14833234,14833170,015,015,61338,61337,Marine Drive Station @ Bay 2,Marine Drive Station @ Bay 1,61338,Marine Drive Station,63330,63990,in_service_layover,51.53599084846867,60.14492538316395,48.554390775681384,660,11.0,17:35:30,17:46:30,False,,no_dispenser,0
2159712,heavy,15.0,18.0,40-ft,VTC,2,SAT,14833235,14833171,015,015,61338,61337,Marine Drive Station @ Bay 2,Marine Drive Station @ Bay 1,61338,Marine Drive Station,64230,65010,in_service_layover,54.6070252712896,64.50606205664901,55.83056746942714,780,13.0,17:50:30,18:03:30,False,,no_dispenser,0
2159711,heavy,15.0,14.0,40-ft,VTC,2,SAT,14833236,14833172,015,015,61338,61337,Marine Drive Station @ Bay 2,Marine Drive Station @ Bay 1,61338,Marine Drive Station,65070,65910,in_service_layover,46.49771717533452,57.39382941463216,61.454073029638664,840,14.0,18:04:30,18:18:30,False,,no_dispenser,0
2159714,heavy,15.0,15.0,40-ft,VTC,2,SAT,14833237,14833173,015,015,61338,61337,Marine Drive Station @ Bay 2,Marine Drive Station @ Bay 1,61338,Marine Drive Station,65790,66810,in_service_layover,43.59599335548276,56.78148909000276,74.3661959426928,1020,17.0,18:16:30,18:33:30,False,,no_dispenser,0
2159715,heavy,15.0,12.0,40-ft,VTC,2,SAT,14833238,14833174,015,015,61338,61337,Marine Drive Station @ Bay 2,Marine Drive Station @ Bay 1,61338,Marine Drive Station,66690,67710,in_service_layover,33.24921786101189,46.15615532548764,72.79512729964318,1020,17.0,18:31:30,18:48:30,False,,no_dispenser,0
2159713,heavy,15.0,20.0,40-ft,VTC,2,SAT,14833240,14833175,015,015,61338,61337,Marine Drive Station @ Bay 2,Marine Drive Station @ Bay 1,61338,Marine Drive Station,68370,68730,in_service_layover,55.87281825182171,60.605073067016015,26.689917157695902,360,6.0,18:59:30,19:05:30,False,,no_dispenser,0
2159709,heavy,15.0,13.0,40-ft,VTC,2,SAT,14833241,14833176,015,015,61338,61337,Marine Drive Station @ Bay 2,Marine Drive Station @ Bay 1,61338,Marine Drive Station,69210,69630,in_service_layover,40.774201052814455,46.095824707051094,30.013957409894658,420,7.0,19:13:30,19:20:30,False,,no_dispenser,0
2159710,heavy,15.0,11.0,40-ft,VTC,2,SAT,14833242,14833177,015,015,61338,61337,Marine Drive Station @ Bay 2,Marine Drive Station @ Bay 1,61338,Marine Drive Station,70110,70590,in_service_layover,30.251152543639186,36.26379552594118,33.91130642018325,480,8.0,19:28:30,19:36:30,False,,no_dispenser,0
2159708,heavy,15.0,19.0,40-ft,VTC,2,SAT,14833243,14833178,015,015,61338,61337,Marine Drive Station @ Bay 2,Marine Drive Station @ Bay 1,61338,Marine Drive Station,71010,71550,in_service_layover,54.18824083158946,61.235982124879165,39.749260894153906,540,9.0,19:43:30,19:52:30,False,,no_dispenser,0
2159707,heavy,15.0,17.0,40-ft,VTC,2,SAT,14833244,14833179,015,015,61338,61337,Marine Drive Station @ Bay 2,Marine Drive Station @ Bay 1,61338,Marine Drive Station,71910,72690,in_service_layover,46.68577478327467,56.799505777995066,57.04144281022303,780,13.0,19:58:30,20:11:30,False,,no_dispenser,0
2159712,heavy,15.0,18.0,40-ft,VTC,2,SAT,14833245,14833180,015,015,61338,61337,Marine Drive Station @ Bay 2,Marine Drive Station @ Bay 1,61338,Marine Drive Station,72990,73890,in_service_layover,51.04691145675974,62.60665897117782,65.19697598131796,900,15.0,20:16:30,20:31:30,False,,no_dispenser,0
2159711,heavy,15.0,14.0,40-ft,VTC,2,SAT,14833246,14833181,015,015,61338,61337,Marine Drive Station @ Bay 2,Marine Drive Station @ Bay 1,61338,Marine Drive Station,74070,75150,in_service_layover,43.93467881474288,57.88602017367908,78.68556526440017,1080,18.0,20:34:30,20:52:30,False,,no_dispenser,0
2159715,heavy,15.0,12.0,40-ft,VTC,2,SAT,14833247,14833182,015,015,61338,61337,Marine Drive Station @ Bay 2,Marine Drive Station @ Bay 1,61338,Marine Drive Station,75210,76350,in_service_layover,32.697004725598354,47.143822762440735,81.48005372779102,1140,19.0,20:53:30,21:12:30,False,,no_dispenser,0
2159709,heavy,15.0,13.0,40-ft,VTC,2,SAT,14833249,14833183,015,015,61338,61337,Marine Drive Station @ Bay 2,Marine Drive Station @ Bay 1,61338,Marine Drive Station,77430,77610,in_service_layover,32.63667410716181,34.890105220701734,12.709351480365143,180,3.0,21:30:30,21:33:30,False,,no_dispenser,0
2159708,heavy,15.0,19.0,40-ft,VTC,2,SAT,14833250,14833184,015,015,61338,61337,Marine Drive Station @ Bay 2,Marine Drive Station @ Bay 1,61338,Marine Drive Station,78570,78990,in_service_layover,47.640872887442654,53.03608167932735,30.428977586229678,420,7.0,21:49:30,21:56:30,False,,no_dispenser,0
2159707,heavy,15.0,17.0,40-ft,VTC,2,SAT,14833251,14833185,015,015,61338,61337,Marine Drive Station @ Bay 2,Marine Drive Station @ Bay 1,61338,Marine Drive Station,79710,80190,in_service_layover,43.7219804480345,49.83767971660674,34.49254387474741,480,8.0,22:08:30,22:16:30,False,,no_dispenser,0
2159712,heavy,15.0,18.0,40-ft,VTC,2,SAT,14833252,14833186,015,015,61338,61337,Marine Drive Station @ Bay 2,Marine Drive Station @ Bay 1,61338,Marine Drive Station,80850,81810,in_service_layover,49.52913364121726,61.8802853794678,69.66049580373306,960,16.0,22:27:30,22:43:30,False,,no_dispenser,0
2159715,heavy,15.0,12.0,40-ft,VTC,2,SAT,14833254,14833187,015,015,61338,61337,Marine Drive Station @ Bay 2,Marine Drive Station @ Bay 1,61338,Marine Drive Station,83430,83670,in_service_layover,34.06629743248018,37.07785619259442,16.98519140704434,240,4.0,23:10:30,23:14:30,False,,no_dispenser,0
2159709,heavy,15.0,13.0,40-ft,VTC,2,SAT,14833255,14833188,015,015,61338,61337,Marine Drive Station @ Bay 2,Marine Drive Station @ Bay 1,61338,Marine Drive Station,84690,85530,in_service_layover,21.81257989074117,32.27359631846732,59.0001326523755,840,14.0,23:31:30,23:45:30,False,,no_dispenser,0
2159708,heavy,15.0,19.0,40-ft,VTC,2,SAT,14833256,14833189,015,015,61338,61337,Marine Drive Station @ Bay 2,Marine Drive Station @ Bay 1,61338,Marine Drive Station,86490,87330,in_service_layover,39.958556349366795,50.67726267978953,60.45350370358423,840,14.0,24:01:30,24:15:30,False,,no_dispenser,0
2159712,heavy,15.0,18.0,40-ft,VTC,2,SAT,14833257,14833190,015,015,61338,61337,Marine Drive Station @ Bay 2,Marine Drive Station @ Bay 1,61338,Marine Drive Station,87990,89310,in_service_layover,48.802760049507235,65.25458002305258,92.78826465079572,1320,22.0,24:26:30,24:48:30,False,,no_dispenser,0
2159715,heavy,15.0,12.0,40-ft,VTC,2,SAT,14833258,14833191,015,015,61338,61337,Marine Drive Station @ Bay 2,Marine Drive Station @ Bay 1,61338,Marine Drive Station,89430,90450,in_service_layover,24.00033086263386,36.76165997311037,71.9738961830875,1020,17.0,24:50:30,25:07:30,False,,no_dispenser,0
2159708,heavy,15.0,19.0,40-ft,VTC,2,SAT,14833260,14886272,015,N8,61338,61337,Marine Drive Station @ Bay 2,Marine Drive Station @ Bay 1,61338,Marine Drive Station,93090,93630,in_service_layover,37.59973734982897,44.426014422200296,38.500202688174255,540,9.0,25:51:30,26:00:30,False,,no_dispenser,0
2159712,heavy,15.0,18.0,40-ft,VTC,2,SAT,14833261,14886274,015,N8,61338,61337,Marine Drive Station @ Bay 2,Marine Drive Station @ Bay 1,61338,Marine Drive Station,94770,95130,in_service_layover,52.17705469309202,56.872223938481994,26.48075454399941,360,6.0,26:19:30,26:25:30,False,,no_dispenser,0
2159708,heavy,15.0,19.0,40-ft,VTC,2,SAT,14886266,14886115,N8,N20,61338,61337,Marine Drive Station @ Bay 2,Marine Drive Station @ Bay 1,61338,Marine Drive Station,99210,100050,in_service_layover,30.942169293834926,41.51490865768277,59.63025001210178,840,14.0,27:33:30,27:47:30,False,,no_dispenser,0
2160394,heavy,100.0,1.0,40-ft,HTC,2,SAT,14842314,14842230,100,100,50738,52123,Marpole Loop @ Bay 1,Marpole Loop @ Bay 5,50738,Marpole Loop,23550,24390,in_service_layover,69.51807731987397,77.39525581772673,44.42728672788962,840,14.0,06:32:30,06:46:30,True,1,,1
2160396,heavy,100.0,2.0,40-ft,HTC,2,SAT,14842313,14842255,100,100,50738,52123,Marpole Loop @ Bay 1,Marpole Loop @ Bay 5,50738,Marpole Loop,24450,25110,in_service_layover,69.51807731987397,75.99978127795669,36.55681032358649,660,11.0,06:47:30,06:58:30,True,1,,1
2160397,heavy,100.0,3.0,40-ft,HTC,2,SAT,14842290,14842240,100,100,50738,52123,Marpole Loop @ Bay 1,Marpole Loop @ Bay 5,50738,Marpole Loop,25890,26610,in_service_layover,69.12766681419065,76.16083114224283,39.66704681021429,720,12.0,07:11:30,07:23:30,True,1,,1
2160392,heavy,100.0,4.0,40-ft,HTC,2,SAT,14842312,14842252,100,100,50738,52123,Marpole Loop @ Bay 1,Marpole Loop @ Bay 5,50738,Marpole Loop,26670,27330,in_service_layover,69.3328995014076,75.84443910698235,36.72508337544161,660,11.0,07:24:30,07:35:30,True,1,,1
2160391,heavy,100.0,5.0,40-ft,HTC,2,SAT,14842311,14842272,100,100,50738,52123,Marpole Loop @ Bay 1,Marpole Loop @ Bay 5,50738,Marpole Loop,28830,29430,in_service_layover,68.73725630850733,74.83203383739624,34.37454526293345,600,10.0,08:00:30,08:10:30,True,1,,1
2160394,heavy,100.0,1.0,40-ft,HTC,2,SAT,14842280,14842251,100,100,50738,52123,Marpole Loop @ Bay 1,Marpole Loop @ Bay 5,50738,Marpole Loop,29610,30090,in_service_layover,64.54895238496621,70.02667431281182,30.8943516730493,480,8.0,08:13:30,08:21:30,True,1,,1
2160396,heavy,100.0,2.0,40-ft,HTC,2,SAT,14842362,14842205,100,100,50738,52123,Marpole Loop @ Bay 1,Marpole Loop @ Bay 5,50738,Marpole Loop,30450,30810,in_service_layover,67.35427691933495,71.33907310255142,22.47425047334093,360,6.0,08:27:30,08:33:30,True,1,,1
2160393,heavy,100.0,6.0,40-ft,HTC,2,SAT,14842310,14842229,100,100,50738,52123,Marpole Loop @ Bay 1,Marpole Loop @ Bay 5,50738,Marpole Loop,31230,31590,in_service_layover,69.51807731987397,73.31937989416879,21.439346519022763,360,6.0,08:40:30,08:46:30,True,1,,1
2160397,heavy,100.0,3.0,40-ft,HTC,2,SAT,14842333,14842204,100,100,50738,52123,Marpole Loop @ Bay 1,Marpole Loop @ Bay 5,50738,Marpole Loop,31950,32370,in_service_layover,67.665068105284,72.2231379281198,25.70751380079389,420,7.0,08:52:30,08:59:30,True,1,,1
2160392,heavy,100.0,4.0,40-ft,HTC,2,SAT,14842338,14842273,100,100,50738,52123,Marpole Loop @ Bay 1,Marpole Loop @ Bay 5,50738,Marpole Loop,32670,33210,in_service_layover,66.99066013045388,72.77862290935983,32.64411007302954,540,9.0,09:04:30,09:13:30,True,1,,1
2160388,heavy,100.0,7.0,40-ft,HTC,2,SAT,14842281,14842228,100,100,50738,52123,Marpole Loop @ Bay 1,Marpole Loop @ Bay 5,50738,Marpole Loop,33390,33930,in_service_layover,69.51807731987397,74.98081260438009,30.809827004614476,540,9.0,09:16:30,09:25:30,True,1,,1
2160389,heavy,100.0,8.0,40-ft,HTC,2,SAT,14842331,14842235,100,100,50738,52123,Marpole Loop @ Bay 1,Marpole Loop @ Bay 5,50738,Marpole Loop,34230,34770,in_service_layover,69.3328995014076,74.81999714463653,30.947230707811173,540,9.0,09:30:30,09:39:30,True,1,,1
2160391,heavy,100.0,5.0,40-ft,HTC,2,SAT,14842363,14842227,100,100,50738,52123,Marpole Loop @ Bay 1,Marpole Loop @ Bay 5,50738,Marpole Loop,35010,35490,in_service_layover,67.59339485074922,72.74070832663972,29.03084800402246,480,8.0,09:43:30,09:51:30,True,1,,1
2160394,heavy,100.0,1.0,40-ft,HTC,2,SAT,14842327,14842258,100,100,50738,52123,Marpole Loop @ Bay 1,Marpole Loop @ Bay 5,50738,Marpole Loop,35670,36270,in_service_layover,62.11503031516771,69.11367953485077,39.47238159901252,600,10.0,09:54:30,10:04:30,True,1,,1
2160396,heavy,100.0,2.0,40-ft,HTC,2,SAT,14842337,14842191,100,100,50738,52123,Marpole Loop @ Bay 1,Marpole Loop @ Bay 5,50738,Marpole Loop,36390,36930,in_service_layover,62.91983833298473,69.19856178590756,35.41200027448474,540,9.0,10:06:30,10:15:30,True,1,,1
2160393,heavy,100.0,6.0,40-ft,HTC,2,SAT,14842326,14842236,100,100,50738,52123,Marpole Loop @ Bay 1,Marpole Loop @ Bay 5,50738,Marpole Loop,37170,37890,in_service_layover,65.10571116639244,72.82342974049986,43.52793275796586,720,12.0,10:19:30,10:31:30,True,1,,1
2160397,heavy,100.0,3.0,40-ft,HTC,2,SAT,14842347,14842226,100,100,50738,52123,Marpole Loop @ Bay 1,Marpole Loop @ Bay 5,50738,Marpole Loop,38130,38550,in_service_layover,65.15029958475266,69.94622042388825,27.04899353272475,420,7.0,10:35:30,10:42:30,True,1,,1
2160392,heavy,100.0,4.0,40-ft,HTC,2,SAT,14842360,14842257,100,100,50738,52123,Marpole Loop @ Bay 1,Marpole Loop @ Bay 5,50738,Marpole Loop,39030,39810,in_service_layover,66.36490456847636,74.38433366474759,45.229580102969635,780,13.0,10:50:30,11:03:30,True,1,,1
2160388,heavy,100.0,7.0,40-ft,HTC,2,SAT,14842353,14842260,100,100,50738,52123,Marpole Loop @ Bay 1,Marpole Loop @ Bay 5,50738,Marpole Loop,39750,40410,in_service_layover,67.86510617371817,74.61014108018188,38.04199687245523,660,11.0,11:02:30,11:13:30,False,,busy,1
2160389,heavy,100.0,8.0,40-ft,HTC,2,SAT,14842355,14842274,100,100,50738,52123,Marpole Loop @ Bay 1,Marpole Loop @ Bay 5,50738,Marpole Loop,40470,41130,in_service_layover,67.03023462359413,73.90571328242916,38.777699635829606,660,11.0,11:14:30,11:25:30,True,1,,1
2160391,heavy,100.0,5.0,40-ft,HTC,2,SAT,14842345,14842241,100,100,50738,52123,Marpole Loop @ Bay 1,Marpole Loop @ Bay 5,50738,Marpole Loop,41310,41850,in_service_layover,65.76658166952949,71.70640551617328,33.50060649507094,540,9.0,11:28:30,11:37:30,True,1,,1
2160394,heavy,100.0,1.0,40-ft,HTC,2,SAT,14842364,14842225,100,100,50738,52123,Marpole Loop @ Bay 1,Marpole Loop @ Bay 5,50738,Marpole Loop,42030,42630,in_service_layover,62.408834065401805,69.36967151981223,39.25912324287475,600,10.0,11:40:30,11:50:30,True,1,,1
2160396,heavy,100.0,2.0,40-ft,HTC,2,SAT,14842325,14842256,100,100,50738,52123,Marpole Loop @ Bay 1,Marpole Loop @ Bay 5,50738,Marpole Loop,42690,43290,in_service_layover,61.621731098625965,68.68338972758947,39.82775466735416,600,10.0,11:51:30,12:01:30,True,1,,1
2160393,heavy,100.0,6.0,40-ft,HTC,2,SAT,14842324,14842201,100,100,50738,52123,Marpole Loop @ Bay 1,Marpole Loop @ Bay 5,50738,Marpole Loop,44310,44790,in_service_layover,69.41782883190976,74.3562022577528,27.852426121754775,480,8.0,12:18:30,12:26:30,True,1,,1
2160397,heavy,100.0,3.0,40-ft,HTC,2,SAT,14842282,14842237,100,100,50738,52123,Marpole Loop @ Bay 1,Marpole Loop @ Bay 5,50738,Marpole Loop,45030,45990,in_service_layover,67.18509936157271,76.44600350775225,52.231499384452604,960,16.0,12:30:30,12:46:30,True,1,,1
2160392,heavy,100.0,4.0,40-ft,HTC,2,SAT,14842323,14842190,100,100,50738,52123,Marpole Loop @ Bay 1,Marpole Loop @ Bay 5,50738,Marpole Loop,45750,46650,in_service_layover,66.6512903371671,75.58001584454908,50.358011861634395,900,15.0,12:42:30,12:57:30,False,,busy,1
2160388,heavy,100.0,7.0,40-ft,HTC,2,SAT,14842365,14842200,100,100,50738,52123,Marpole Loop @ Bay 1,Marpole Loop @ Bay 5,50738,Marpole Loop,46530,47430,in_service_layover,67.93812561100728,76.59021969521511,48.79781063493215,900,15.0,12:55:30,13:10:30,True,1,,1
2160389,heavy,100.0,8.0,40-ft,HTC,2,SAT,14842322,14842262,100,100,50738,52123,Marpole Loop @ Bay 1,Marpole Loop @ Bay 5,50738,Marpole Loop,47310,48150,in_service_layover,67.33402003595003,75.654517779852,46.927607275607045,840,14.0,13:08:30,13:22:30,False,,busy,1
2160391,heavy,100.0,5.0,40-ft,HTC,2,SAT,14842350,14842276,100,100,50738,52123,Marpole Loop @ Bay 1,Marpole Loop @ Bay 5,50738,Marpole Loop,48030,48870,in_service_layover,65.44006805728979,74.135491979027,49.04219091859778,840,14.0,13:20:30,13:34:30,True,1,,1
2160394,heavy,100.0,1.0,40-ft,HTC,2,SAT,14842283,14842238,100,100,50738,52123,Marpole Loop @ Bay 1,Marpole Loop @ Bay 5,50738,Marpole Loop,48870,49530,in_service_layover,63.62205533001071,71.01223700607564,41.68062465300625,660,11.0,13:34:30,13:45:30,True,1,,1
2160396,heavy,100.0,2.0,40-ft,HTC,2,SAT,14842366,14842259,100,100,50738,52123,Marpole Loop @ Bay 1,Marpole Loop @ Bay 5,50738,Marpole Loop,49590,50190,in_service_layover,63.85945993295468,70.6304878882203,38.18859766769816,600,10.0,13:46:30,13:56:30,True,1,,1
2160395,heavy,100.0,9.0,40-ft,HTC,2,SAT,14842292,14842220,100,100,50738,52123,Marpole Loop @ Bay 1,Marpole Loop @ Bay 5,50738,Marpole Loop,50310,50970,in_service_layover,69.51807731987397,75.99978127795669,36.55681032358649,660,11.0,13:58:30,14:09:30,True,1,,1
2160393,heavy,100.0,6.0,40-ft,HTC,2,SAT,14842329,14842263,100,100,50738,52123,Marpole Loop @ Bay 1,Marpole Loop @ Bay 5,50738,Marpole Loop,51030,51630,in_service_layover,67.72049232459068,73.96106584214944,35.19683463903135,600,10.0,14:10:30,14:20:30,True,1,,1
2160397,heavy,100.0,3.0,40-ft,HTC,2,SAT,14842284,14842239,100,100,50738,52123,Marpole Loop @ Bay 1,Marpole Loop @ Bay 5,50738,Marpole Loop,52410,53070,in_service_layover,63.599700074991716,70.99316275660121,41.69912952427762,660,11.0,14:33:30,14:44:30,True,1,,1
2160388,heavy,100.0,7.0,40-ft,HTC,2,SAT,14842367,14842219,100,100,50738,52123,Marpole Loop @ Bay 1,Marpole Loop @ Bay 5,50738,Marpole Loop,53850,54510,in_service_layover,63.353505756771256,70.7830278311553,41.902504499525946,660,11.0,14:57:30,15:08:30,True,1,,1
2160389,heavy,100.0,8.0,40-ft,HTC,2,SAT,14842328,14842278,100,100,50738,52123,Marpole Loop @ Bay 1,Marpole Loop @ Bay 5,50738,Marpole Loop,54570,55230,in_service_layover,69.8235560562,76.25585816516622,36.27818389456951,660,11.0,15:09:30,15:20:30,True,1,,1
2160391,heavy,100.0,5.0,40-ft,HTC,2,SAT,14842309,14842218,100,100,50738,52123,Marpole Loop @ Bay 1,Marpole Loop @ Bay 5,50738,Marpole Loop,55290,56010,in_service_layover,68.56813712987132,75.69892065272124,40.21761906887349,720,12.0,15:21:30,15:33:30,True,1,,1
2160394,heavy,100.0,1.0,40-ft,HTC,2,SAT,14842285,14842232,100,100,50738,52123,Marpole Loop @ Bay 1,Marpole Loop @ Bay 5,50738,Marpole Loop,56010,56730,in_service_layover,65.02287235094857,72.75427218181679,43.60509504609672,720,12.0,15:33:30,15:45:30,True,1,,1
2160396,heavy,100.0,2.0,40-ft,HTC,2,SAT,14842304,14842210,100,100,50738,52123,Marpole Loop @ Bay 1,Marpole Loop @ Bay 5,50738,Marpole Loop,56730,57450,in_service_layover,64.93054617064121,72.67717455381944,43.69098408112524,720,12.0,15:45:30,15:57:30,True,1,,1
2160395,heavy,100.0,9.0,40-ft,HTC,2,SAT,14842332,14842217,100,100,50738,52123,Marpole Loop @ Bay 1,Marpole Loop @ Bay 5,50738,Marpole Loop,57450,58170,in_service_layover,69.62605750983013,76.57161891992293,39.17296635292337,720,12.0,15:57:30,16:09:30,True,1,,1
2160393,heavy,100.0,6.0,40-ft,HTC,2,SAT,14842358,14842216,100,100,50738,52123,Marpole Loop @ Bay 1,Marpole Loop @ Bay 5,50738,Marpole Loop,58170,58830,in_service_layover,67.91144085165763,74.64918542056222,38.00087936862184,660,11.0,16:09:30,16:20:30,True,1,,1
2160390,heavy,100.0,10.0,40-ft,HTC,2,SAT,14842303,14842233,100,100,50738,52123,Marpole Loop @ Bay 1,Marpole Loop @ Bay 5,50738,Marpole Loop,58890,59610,in_service_layover,67.1663098281914,74.53828195303876,41.577922784139105,720,12.0,16:21:30,16:33:30,True,1,,1
2160397,heavy,100.0,3.0,40-ft,HTC,2,SAT,14842368,14842209,100,100,50738,52123,Marpole Loop @ Bay 1,Marpole Loop @ Bay 5,50738,Marpole Loop,59490,60330,in_service_layover,65.39705480617626,74.10088891533715,49.08962437566743,840,14.0,16:31:30,16:45:30,False,,busy,1
2160392,heavy,100.0,4.0,40-ft,HTC,2,SAT,14842286,14842195,100,100,50738,52123,Marpole Loop @ Bay 1,Marpole Loop @ Bay 5,50738,Marpole Loop,60210,61050,in_service_layover,64.46327220558672,73.34860660168957,50.11328599402003,840,14.0,16:43:30,16:57:30,True,1,,1
2160388,heavy,100.0,7.0,40-ft,HTC,2,SAT,14842302,14842279,100,100,50738,52123,Marpole Loop @ Bay 1,Marpole Loop @ Bay 5,50738,Marpole Loop,60930,61770,in_service_layover,65.21820795104834,73.95697111333386,49.28662423529033,840,14.0,16:55:30,17:09:30,False,,busy,1
2160389,heavy,100.0,8.0,40-ft,HTC,2,SAT,14842342,14842264,100,100,50738,52123,Marpole Loop @ Bay 1,Marpole Loop @ Bay 5,50738,Marpole Loop,61650,62490,in_service_layover,69.45029132008787,77.34140526038343,44.50588262326687,840,14.0,17:07:30,17:21:30,True,1,,1
2160391,heavy,100.0,5.0,40-ft,HTC,2,SAT,14842359,14842194,100,100,50738,52123,Marpole Loop @ Bay 1,Marpole Loop @ Bay 5,50738,Marpole Loop,62370,63210,in_service_layover,68.86944056226417,76.87950523258344,45.176764740600674,840,14.0,17:19:30,17:33:30,False,,busy,1
2160394,heavy,100.0,1.0,40-ft,HTC,2,SAT,14842294,14842231,100,100,50738,52123,Marpole Loop @ Bay 1,Marpole Loop @ Bay 5,50738,Marpole Loop,63270,63930,in_service_layover,67.93395480903949,74.6681560380574,37.980894931661055,660,11.0,17:34:30,17:45:30,True,1,,1
2160396,heavy,100.0,2.0,40-ft,HTC,2,SAT,14842287,14842207,100,100,50738,52123,Marpole Loop @ Bay 1,Marpole Loop @ Bay 5,50738,Marpole Loop,64170,64650,in_service_layover,68.77126384174626,73.7846211837027,28.275335408634362,480,8.0,17:49:30,17:57:30,True,1,,1
2160393,heavy,100.0,6.0,40-ft,HTC,2,SAT,14842301,14842193,100,100,50738,52123,Marpole Loop @ Bay 1,Marpole Loop @ Bay 5,50738,Marpole Loop,65070,65430,in_service_layover,66.87890242747339,70.9024661600066,22.69289945148722,360,6.0,18:04:30,18:10:30,True,1,,1
2160390,heavy,100.0,10.0,40-ft,HTC,2,SAT,14842351,14842265,100,100,50738,52123,Marpole Loop @ Bay 1,Marpole Loop @ Bay 5,50738,Marpole Loop,65970,66450,in_service_layover,67.87655590067396,72.99197845200976,28.85098318953385,480,8.0,18:19:30,18:27:30,True,1,,1
2160397,heavy,100.0,3.0,40-ft,HTC,2,SAT,14842300,14842234,100,100,50738,52123,Marpole Loop @ Bay 1,Marpole Loop @ Bay 5,50738,Marpole Loop,66870,67290,in_service_layover,68.49073289740461,72.9673141376536,25.247918195004274,420,7.0,18:34:30,18:41:30,True,1,,1
2160392,heavy,100.0,4.0,40-ft,HTC,2,SAT,14842352,14842266,100,100,50738,52123,Marpole Loop @ Bay 1,Marpole Loop @ Bay 5,50738,Marpole Loop,67710,68070,in_service_layover,69.372867347846,73.18684484578539,21.51083308837815,360,6.0,18:48:30,18:54:30,True,1,,1
2160389,heavy,100.0,8.0,40-ft,HTC,2,SAT,14842288,14842192,100,100,50738,52123,Marpole Loop @ Bay 1,Marpole Loop @ Bay 5,50738,Marpole Loop,68550,69030,in_service_layover,64.49510182762288,69.9784623591583,30.926153397859764,480,8.0,19:02:30,19:10:30,True,1,,1
2160391,heavy,100.0,5.0,40-ft,HTC,2,SAT,14842341,14842208,100,100,50738,52123,Marpole Loop @ Bay 1,Marpole Loop @ Bay 5,50738,Marpole Loop,69450,69930,in_service_layover,64.03320179982292,69.5646358101393,31.197287818184407,480,8.0,19:17:30,19:25:30,True,1,,1
2160393,heavy,100.0,6.0,40-ft,HTC,2,SAT,14842336,14842215,100,100,50738,52123,Marpole Loop @ Bay 1,Marpole Loop @ Bay 5,50738,Marpole Loop,71310,71670,in_service_layover,63.541386556496974,67.82146209968899,24.139626063602975,360,6.0,19:48:30,19:54:30,True,1,,1
2160390,heavy,100.0,10.0,40-ft,HTC,2,SAT,14842299,14842206,100,100,50738,52123,Marpole Loop @ Bay 1,Marpole Loop @ Bay 5,50738,Marpole Loop,72150,72630,in_service_layover,64.19438877176641,69.70910635196874,31.10300715234115,480,8.0,20:02:30,20:10:30,True,1,,1
2160397,heavy,100.0,3.0,40-ft,HTC,2,SAT,14842340,14842214,100,100,50738,52123,Marpole Loop @ Bay 1,Marpole Loop @ Bay 5,50738,Marpole Loop,72990,73470,in_service_layover,65.96504617148565,71.29192040778676,30.043570692738285,480,8.0,20:16:30,20:24:30,True,1,,1
2160392,heavy,100.0,4.0,40-ft,HTC,2,SAT,14842298,14842242,100,100,50738,52123,Marpole Loop @ Bay 1,Marpole Loop @ Bay 5,50738,Marpole Loop,73830,74250,in_service_layover,65.41557897707642,70.18714372393795,26.911625172298955,420,7.0,20:30:30,20:37:30,True,1,,1
2160389,heavy,100.0,8.0,40-ft,HTC,2,SAT,14842339,14842270,100,100,50738,52123,Marpole Loop @ Bay 1,Marpole Loop @ Bay 5,50738,Marpole Loop,74730,75150,in_service_layover,63.55327004192295,68.49215478750423,27.85530996507839,420,7.0,20:45:30,20:52:30,True,1,,1
2160391,heavy,100.0,5.0,40-ft,HTC,2,SAT,14842344,14842224,100,100,50738,52123,Marpole Loop @ Bay 1,Marpole Loop @ Bay 5,50738,Marpole Loop,75630,75930,in_service_layover,63.584217609830695,67.18444115534898,20.305260796723076,300,5.0,21:00:30,21:05:30,True,1,,1
2160394,heavy,100.0,1.0,40-ft,HTC,2,SAT,14842330,14842196,100,100,50738,52123,Marpole Loop @ Bay 1,Marpole Loop @ Bay 5,50738,Marpole Loop,76470,76950,in_service_layover,64.11680893827368,69.63958068520294,31.148432652681038,480,8.0,21:14:30,21:22:30,True,1,,1
2160393,heavy,100.0,6.0,40-ft,HTC,2,SAT,14842343,14842244,100,100,50738,52123,Marpole Loop @ Bay 1,Marpole Loop @ Bay 5,50738,Marpole Loop,77370,77730,in_service_layover,61.26254251835098,65.70491538938992,25.05498299265963,360,6.0,21:29:30,21:35:30,True,1,,1
2160390,heavy,100.0,10.0,40-ft,HTC,2,SAT,14842334,14842198,100,100,50738,52123,Marpole Loop @ Bay 1,Marpole Loop @ Bay 5,50738,Marpole Loop,78270,78630,in_service_layover,62.70888465632461,67.04868007076966,24.476446137470134,360,6.0,21:44:30,21:50:30,True,1,,1
2160397,heavy,100.0,3.0,40-ft,HTC,2,SAT,14842349,14842245,100,100,50738,52123,Marpole Loop @ Bay 1,Marpole Loop @ Bay 5,50738,Marpole Loop,79110,79530,in_service_layover,64.49472151513656,69.35008852009189,27.384269907948067,420,7.0,21:58:30,22:05:30,True,1,,1
2160392,heavy,100.0,4.0,40-ft,HTC,2,SAT,14842320,14842243,100,100,50738,52123,Marpole Loop @ Bay 1,Marpole Loop @ Bay 5,50738,Marpole Loop,79890,80310,in_service_layover,63.35794841636918,68.31388699577903,27.95149358787154,420,7.0,22:11:30,22:18:30,True,1,,1
2160389,heavy,100.0,8.0,40-ft,HTC,2,SAT,14842315,14842246,100,100,50738,52123,Marpole Loop @ Bay 1,Marpole Loop @ Bay 5,50738,Marpole Loop,80730,81270,in_service_layover,63.85435857975119,70.02402937000494,34.7969432570311,540,9.0,22:25:30,22:34:30,True,1,,1
2160391,heavy,100.0,5.0,40-ft,HTC,2,SAT,14842319,14842197,100,100,50738,52123,Marpole Loop @ Bay 1,Marpole Loop @ Bay 5,50738,Marpole Loop,81570,82230,in_service_layover,63.53186182073864,70.93527534618516,41.755252283518416,660,11.0,22:39:30,22:50:30,True,1,,1
2160394,heavy,100.0,1.0,40-ft,HTC,2,SAT,14842318,14842213,100,100,50738,52123,Marpole Loop @ Bay 1,Marpole Loop @ Bay 5,50738,Marpole Loop,82470,83070,in_service_layover,64.24310679356412,70.96306894378938,37.900586527270434,600,10.0,22:54:30,23:04:30,True,1,,1
2160393,heavy,100.0,6.0,40-ft,HTC,2,SAT,14842356,14842203,100,100,50738,52123,Marpole Loop @ Bay 1,Marpole Loop @ Bay 5,50738,Marpole Loop,83370,83910,in_service_layover,62.58072038250126,68.8984852054754,35.6321936015741,540,9.0,23:09:30,23:18:30,True,1,,1
2160390,heavy,100.0,10.0,40-ft,HTC,2,SAT,14842335,14842267,100,100,50738,52123,Marpole Loop @ Bay 1,Marpole Loop @ Bay 5,50738,Marpole Loop,84270,84870,in_service_layover,63.81148377355578,70.58887168105974,38.224467798322394,600,10.0,23:24:30,23:34:30,True,1,,1
2160397,heavy,100.0,3.0,40-ft,HTC,2,SAT,14842348,14842202,100,100,50738,52123,Marpole Loop @ Bay 1,Marpole Loop @ Bay 5,50738,Marpole Loop,85350,85770,in_service_layover,66.8211921724813,71.46081325565407,26.167462909094468,420,7.0,23:42:30,23:49:30,True,1,,1
2160389,heavy,100.0,8.0,40-ft,HTC,2,SAT,14842357,14842268,100,100,50738,52123,Marpole Loop @ Bay 1,Marpole Loop @ Bay 5,50738,Marpole Loop,86790,87270,in_service_layover,65.5417097136662,70.91419659996689,30.300826038735863,480,8.0,24:06:30,24:14:30,True,1,,1
2160394,heavy,100.0,1.0,40-ft,HTC,2,SAT,14842317,14842199,100,100,50738,52123,Marpole Loop @ Bay 1,Marpole Loop @ Bay 5,50738,Marpole Loop,87870,88470,in_service_layover,62.32312528854075,69.29501479895588,39.32145683874137,600,10.0,24:24:30,24:34:30,True,1,,1
2160393,heavy,100.0,6.0,40-ft,HTC,2,SAT,14842297,14842247,100,100,50738,52123,Marpole Loop @ Bay 1,Marpole Loop @ Bay 5,50738,Marpole Loop,89070,89670,in_service_layover,62.45299112260576,69.4081271144375,39.226966993931,600,10.0,24:44:30,24:54:30,True,1,,1
2160397,heavy,100.0,3.0,40-ft,HTC,2,SAT,14842296,14842248,100,100,50738,52123,Marpole Loop @ Bay 1,Marpole Loop @ Bay 5,50738,Marpole Loop,90690,91170,in_service_layover,64.04094534958118,69.57157765591498,31.19276620772257,480,8.0,25:11:30,25:19:30,True,1,,1
2160389,heavy,100.0,8.0,40-ft,HTC,2,SAT,14842295,14842249,100,100,50738,52123,Marpole Loop @ Bay 1,Marpole Loop @ Bay 5,50738,Marpole Loop,92490,92970,in_service_layover,66.03610762383624,71.35528229356434,30.000145137266372,480,8.0,25:41:30,25:49:30,True,1,,1
2160574,heavy,123.0,2.0,40-ft,HTC,2,SAT,14845806,14845704,119,119,52692,52804,Metrotown Station @ Bay 1,Metrotown Station @ Bay 6,52692,Metrotown Station,26730,27150,in_service_layover,68.49207513588661,72.96852250428276,25.2471631577543,420,7.0,07:25:30,07:32:30,False,,no_dispenser,0
2160713,heavy,130.0,12.0,40-ft,BTC,2,SAT,14847313,14847226,130,130,52692,52736,Metrotown Station @ Bay 1,Metrotown Station @ Bay 4,52692,Metrotown Station,29310,30030,in_service_layover,68.56456420006282,75.6959688058145,40.22112197643952,720,12.0,08:08:30,08:20:30,False,,no_dispenser,0
2162383,heavy,430.0,21.0,40-ft,RTC,2,SAT,14874263,14874312,430,430,52692,51999,Metrotown Station @ Bay 1,Metrotown Station @ Bay 3,52692,Metrotown Station,29610,30030,in_service_layover,69.92930727899837,74.25989829562988,24.42453333380172,420,7.0,08:13:30,08:20:30,False,,no_dispenser,0
2160551,heavy,151.0,28.0,40-ft,PCT,2,SAT,14844826,14844791,110,110,52692,60213,Metrotown Station @ Bay 1,Metrotown Station @ Bay 13,52692,Metrotown Station,30510,31110,in_service_layover,66.18128757522496,72.63772734839249,36.4143203206649,600,10.0,08:28:30,08:38:30,False,,no_dispenser,0
2160578,heavy,410.0,5.0,40-ft,HTC,2,SAT,14848654,14845700,144,119,52692,52804,Metrotown Station @ Bay 1,Metrotown Station @ Bay 6,52692,Metrotown Station,30630,30810,in_service_layover,64.49490661618515,66.66529999858992,12.241018676762963,180,3.0,08:30:30,08:33:30,False,,no_dispenser,0
2162382,heavy,430.0,22.0,40-ft,RTC,2,SAT,14874283,14874309,430,430,52692,51999,Metrotown Station @ Bay 1,Metrotown Station @ Bay 3,52692,Metrotown Station,30810,31230,in_service_layover,69.92930727899837,74.25989829562988,24.42453333380172,420,7.0,08:33:30,08:40:30,False,,no_dispenser,0
2160575,heavy,123.0,7.0,40-ft,HTC,2,SAT,14845803,14845699,119,119,52692,52804,Metrotown Station @ Bay 1,Metrotown Station @ Bay 6,52692,Metrotown Station,30810,31410,in_service_layover,67.2059684639627,73.5193505103619,35.607474741691476,600,10.0,08:33:30,08:43:30,False,,no_dispenser,0
2160718,heavy,130.0,11.0,40-ft,BTC,2,SAT,14847339,14847224,130,130,52692,52736,Metrotown Station @ Bay 1,Metrotown Station @ Bay 4,52692,Metrotown Station,31110,31470,in_service_layover,66.15691206897493,70.23829108606958,23.018977656413824,360,6.0,08:38:30,08:44:30,False,,no_dispenser,0
2160573,heavy,410.0,2.0,40-ft,HTC,2,SAT,14845802,14845390,119,116,52692,60212,Metrotown Station @ Bay 1,Metrotown Station @ Bay 12,52692,Metrotown Station,31710,32310,in_service_layover,65.2428129218231,71.82800705173281,37.140494892690754,600,10.0,08:48:30,08:58:30,False,,no_dispenser,0
2160616,heavy,106.0,3.0,40-ft,HTC,2,SAT,14845429,14845698,116,119,60212,52804,Metrotown Station @ Bay 12,Metrotown Station @ Bay 6,60212,Metrotown Station,31950,32250,in_service_layover,64.35063122919298,67.90540682348949,20.04893435183226,300,5.0,08:52:30,08:57:30,False,,no_dispenser,0
2162386,heavy,430.0,24.0,40-ft,RTC,2,SAT,14874260,14874323,430,430,52692,51999,Metrotown Station @ Bay 1,Metrotown Station @ Bay 3,52692,Metrotown Station,32130,33330,in_service_layover,69.92930727899837,80.10569422351523,57.39482236707511,1200,20.0,08:55:30,09:15:30,False,,no_dispenser,0
2160432,heavy,151.0,24.0,40-ft,PCT,2,SAT,14844827,14844771,110,110,52692,60213,Metrotown Station @ Bay 1,Metrotown Station @ Bay 13,52692,Metrotown Station,32850,33210,in_service_layover,63.21086942948282,67.51485485977177,24.274477826829695,360,6.0,09:07:30,09:13:30,False,,no_dispenser,0
2162387,heavy,430.0,23.0,40-ft,RTC,2,SAT,14874272,14874308,430,430,52692,51999,Metrotown Station @ Bay 1,Metrotown Station @ Bay 3,52692,Metrotown Station,33510,34530,in_service_layover,65.25208262823696,75.4092316568883,57.28632052159355,1020,17.0,09:18:30,09:35:30,False,,no_dispenser,0
2160614,heavy,106.0,4.0,40-ft,HTC,2,SAT,14845430,14845696,116,119,60212,52804,Metrotown Station @ Bay 12,Metrotown Station @ Bay 6,60212,Metrotown Station,33750,34050,in_service_layover,68.5211697175603,71.80444251664835,18.517658586856612,300,5.0,09:22:30,09:27:30,False,,no_dispenser,0
2160713,heavy,130.0,12.0,40-ft,BTC,2,SAT,14847284,14847252,130,130,52692,52736,Metrotown Station @ Bay 1,Metrotown Station @ Bay 4,52692,Metrotown Station,34710,35070,in_service_layover,65.47737628422739,69.61199850383427,23.319269318582826,360,6.0,09:38:30,09:44:30,False,,no_dispenser,0
2162381,heavy,430.0,25.0,40-ft,RTC,2,SAT,14874284,14874327,430,430,52692,51999,Metrotown Station @ Bay 1,Metrotown Station @ Bay 3,52692,Metrotown Station,34710,35730,in_service_layover,65.25208262823696,75.4092316568883,57.28632052159355,1020,17.0,09:38:30,09:55:30,False,,no_dispenser,0
2160431,heavy,151.0,25.0,40-ft,PCT,2,SAT,14844828,14844795,110,110,52692,60213,Metrotown Station @ Bay 1,Metrotown Station @ Bay 13,52692,Metrotown Station,34770,35250,in_service_layover,63.40898629656474,69.00455282183601,31.558995202530014,480,8.0,09:39:30,09:47:30,False,,no_dispenser,0
2160716,heavy,130.0,14.0,40-ft,BTC,2,SAT,14847318,14847235,130,130,52692,52736,Metrotown Station @ Bay 1,Metrotown Station @ Bay 4,52692,Metrotown Station,35430,35790,in_service_layover,66.51309849859854,70.56611529271687,22.859014718827382,360,6.0,09:50:30,09:56:30,False,,no_dispenser,0
2160580,heavy,123.0,14.0,40-ft,HTC,2,SAT,14845404,14845694,116,119,60212,52804,Metrotown Station @ Bay 12,Metrotown Station @ Bay 6,60212,Metrotown Station,35550,35850,in_service_layover,68.5211697175603,71.80444251664835,18.517658586856612,300,5.0,09:52:30,09:57:30,False,,no_dispenser,0
2160616,heavy,106.0,3.0,40-ft,HTC,2,SAT,14845825,14845693,119,119,52692,52804,Metrotown Station @ Bay 1,Metrotown Station @ Bay 6,52692,Metrotown Station,35790,36570,in_service_layover,69.22021308283466,76.70671621590168,42.223877670497984,780,13.0,09:56:30,10:09:30,False,,no_dispenser,0
2160718,heavy,130.0,11.0,40-ft,BTC,2,SAT,14847269,14847253,130,130,52692,52736,Metrotown Station @ Bay 1,Metrotown Station @ Bay 4,52692,Metrotown Station,36150,36510,in_service_layover,62.12785586834046,66.5088589982454,24.708857652663824,360,6.0,10:02:30,10:08:30,False,,no_dispenser,0
2162383,heavy,430.0,21.0,40-ft,RTC,2,SAT,14874259,14874322,430,430,52692,51999,Metrotown Station @ Bay 1,Metrotown Station @ Bay 3,52692,Metrotown Station,36330,36930,in_service_layover,59.94257814786328,67.2153586163893,41.01848184248678,600,10.0,10:05:30,10:15:30,False,,no_dispenser,0
2160717,heavy,130.0,13.0,40-ft,BTC,2,SAT,14847285,14847254,130,130,52692,52736,Metrotown Station @ Bay 1,Metrotown Station @ Bay 4,52692,Metrotown Station,36870,37230,in_service_layover,58.191206603625055,62.845555428581314,26.250527372753254,360,6.0,10:14:30,10:20:30,False,,no_dispenser,0
2160614,heavy,106.0,4.0,40-ft,HTC,2,SAT,14845796,14845744,119,119,52692,52804,Metrotown Station @ Bay 1,Metrotown Station @ Bay 6,52692,Metrotown Station,37230,38010,in_service_layover,68.61725897555854,76.21797091552031,42.86801534138442,780,13.0,10:20:30,10:33:30,False,,no_dispenser,0
2160573,heavy,410.0,2.0,40-ft,HTC,2,SAT,14845405,14848636,116,144,60212,60214,Metrotown Station @ Bay 12,Metrotown Station @ Bay 14,60212,Metrotown Station,37350,38010,in_service_layover,66.55749810694147,73.50607847130682,39.18999325502068,660,11.0,10:22:30,10:33:30,False,,no_dispenser,0
2162382,heavy,430.0,22.0,40-ft,RTC,2,SAT,14874271,14874328,430,430,52692,51999,Metrotown Station @ Bay 1,Metrotown Station @ Bay 3,52692,Metrotown Station,37530,38250,in_service_layover,59.94257814786328,68.48211045646308,48.162962220502834,720,12.0,10:25:30,10:37:30,False,,no_dispenser,0
2160551,heavy,151.0,28.0,40-ft,PCT,2,SAT,14844817,14844806,110,110,52692,60213,Metrotown Station @ Bay 1,Metrotown Station @ Bay 13,52692,Metrotown Station,37770,38850,in_service_layover,68.00581726761104,77.9009307755329,55.808440184679284,1080,18.0,10:29:30,10:47:30,False,,no_dispenser,0
2160715,heavy,130.0,15.0,40-ft,BTC,2,SAT,14847270,14847246,130,130,52692,52736,Metrotown Station @ Bay 1,Metrotown Station @ Bay 4,52692,Metrotown Station,38370,38670,in_service_layover,64.10544636751067,67.67485046050056,20.131439084463068,300,5.0,10:39:30,10:44:30,False,,no_dispenser,0
2162378,heavy,430.0,26.0,40-ft,RTC,2,SAT,14874285,14874307,430,430,52692,51999,Metrotown Station @ Bay 1,Metrotown Station @ Bay 3,52692,Metrotown Station,38730,39510,in_service_layover,69.92930727899837,77.28034958930091,41.459878630106346,780,13.0,10:45:30,10:58:30,False,,no_dispenser,0
2160517,heavy,123.0,1.0,40-ft,HTC,2,SAT,14848656,14845691,144,119,52692,52804,Metrotown Station @ Bay 1,Metrotown Station @ Bay 6,52692,Metrotown Station,38910,39450,in_service_layover,57.07854624146974,63.97652600207901,38.904605849836344,540,9.0,10:48:30,10:57:30,False,,no_dispenser,0
2160574,heavy,123.0,2.0,40-ft,HTC,2,SAT,14845408,14848603,116,144,60212,60214,Metrotown Station @ Bay 12,Metrotown Station @ Bay 14,60212,Metrotown Station,39210,39570,in_service_layover,64.84128644363682,69.024716718274,23.594546748953633,360,6.0,10:53:30,10:59:30,False,,no_dispenser,0
2160432,heavy,151.0,24.0,40-ft,PCT,2,SAT,14844830,14844785,110,110,52692,60213,Metrotown Station @ Bay 1,Metrotown Station @ Bay 13,52692,Metrotown Station,39450,40770,in_service_layover,58.39339456232936,72.71949163000744,80.79918746170432,1320,22.0,10:57:30,11:19:30,False,,no_dispenser,0
2160721,heavy,130.0,16.0,40-ft,BTC,2,SAT,14847347,14847238,130,130,52692,52736,Metrotown Station @ Bay 1,Metrotown Station @ Bay 4,52692,Metrotown Station,39750,40110,in_service_layover,66.51309849859854,70.56611529271687,22.859014718827382,360,6.0,11:02:30,11:08:30,False,,no_dispenser,0
2162386,heavy,430.0,24.0,40-ft,RTC,2,SAT,14874258,14874311,430,430,52692,51999,Metrotown Station @ Bay 1,Metrotown Station @ Bay 3,52692,Metrotown Station,40110,40410,in_service_layover,65.78837407574864,69.25439009054244,19.548330323437142,300,5.0,11:08:30,11:13:30,False,,no_dispenser,0
2160713,heavy,130.0,12.0,40-ft,BTC,2,SAT,14847271,14847263,130,130,52692,52736,Metrotown Station @ Bay 1,Metrotown Station @ Bay 4,52692,Metrotown Station,40470,40830,in_service_layover,66.48477100397817,70.5400550361181,22.871801941269155,360,6.0,11:14:30,11:20:30,False,,no_dispenser,0
2160518,heavy,123.0,18.0,40-ft,HTC,2,SAT,14848647,14845380,144,116,52692,60212,Metrotown Station @ Bay 1,Metrotown Station @ Bay 12,52692,Metrotown Station,40770,41310,in_service_layover,66.30832310993196,72.18139314650621,33.124115006278714,540,9.0,11:19:30,11:28:30,False,,no_dispenser,0
2160716,heavy,130.0,14.0,40-ft,BTC,2,SAT,14847286,14847255,130,130,52692,52736,Metrotown Station @ Bay 1,Metrotown Station @ Bay 4,52692,Metrotown Station,41190,41550,in_service_layover,67.29297607698072,71.2828026505569,22.502621874969577,360,6.0,11:26:30,11:32:30,False,,no_dispenser,0
2162387,heavy,430.0,23.0,40-ft,RTC,2,SAT,14874275,14874306,430,430,52692,51999,Metrotown Station @ Bay 1,Metrotown Station @ Bay 3,52692,Metrotown Station,41490,42750,in_service_layover,61.09191150912171,74.12170937203186,73.48805994681328,1260,21.0,11:31:30,11:52:30,False,,no_dispenser,0
2160431,heavy,151.0,25.0,40-ft,PCT,2,SAT,14844823,14844786,110,110,52692,60213,Metrotown Station @ Bay 1,Metrotown Station @ Bay 13,52692,Metrotown Station,41550,42450,in_service_layover,61.09149391664367,71.168532394344,56.83449701422984,900,15.0,11:32:30,11:47:30,False,,no_dispenser,0
2160718,heavy,130.0,11.0,40-ft,BTC,2,SAT,14847272,14847239,130,130,52692,52736,Metrotown Station @ Bay 1,Metrotown Station @ Bay 4,52692,Metrotown Station,41910,42270,in_service_layover,61.975459535859336,66.36727091629486,24.769816185656282,360,6.0,11:38:30,11:44:30,False,,no_dispenser,0
2160717,heavy,130.0,13.0,40-ft,BTC,2,SAT,14847287,14847256,130,130,52692,52736,Metrotown Station @ Bay 1,Metrotown Station @ Bay 4,52692,Metrotown Station,42510,42990,in_service_layover,57.24251548052533,63.41258432205665,34.79918826623668,480,8.0,11:48:30,11:56:30,False,,no_dispenser,0
2160615,heavy,123.0,17.0,40-ft,HTC,2,SAT,14845432,14845381,116,116,60212,60212,Metrotown Station @ Bay 12,Metrotown Station @ Bay 12,60212,Metrotown Station,42690,43110,in_service_layover,63.481665977105614,68.42681341697585,27.89063156086803,420,7.0,11:51:30,11:58:30,False,,no_dispenser,0
2162381,heavy,430.0,25.0,40-ft,RTC,2,SAT,14874270,14874321,430,430,52692,51999,Metrotown Station @ Bay 1,Metrotown Station @ Bay 3,52692,Metrotown Station,42690,43770,in_service_layover,61.09191150912171,72.72507776652516,65.61105769175549,1080,18.0,11:51:30,12:09:30,False,,no_dispenser,0
2160714,heavy,130.0,17.0,40-ft,BTC,2,SAT,14847348,14847191,130,130,52692,52736,Metrotown Station @ Bay 1,Metrotown Station @ Bay 4,52692,Metrotown Station,43110,43710,in_service_layover,66.51309849859854,72.92349690753503,36.15464702640173,600,10.0,11:58:30,12:08:30,False,,no_dispenser,0
2160517,heavy,123.0,1.0,40-ft,HTC,2,SAT,14845790,14845687,119,119,52692,52804,Metrotown Station @ Bay 1,Metrotown Station @ Bay 6,52692,Metrotown Station,43170,43770,in_service_layover,63.957862129882685,70.71582673688418,38.11492038348848,600,10.0,11:59:30,12:09:30,False,,no_dispenser,0
2160625,heavy,106.0,5.0,40-ft,HTC,2,SAT,14848668,14848641,144,144,52692,60214,Metrotown Station @ Bay 1,Metrotown Station @ Bay 14,52692,Metrotown Station,43290,43890,in_service_layover,66.58974561992562,72.98946955605572,36.09444299977383,600,10.0,12:01:30,12:11:30,False,,no_dispenser,0
2160552,heavy,151.0,32.0,40-ft,PCT,2,SAT,14844832,14844778,110,110,52692,60213,Metrotown Station @ Bay 1,Metrotown Station @ Bay 13,52692,Metrotown Station,43470,44250,in_service_layover,66.18128757522496,74.23430091782525,45.41899525226563,780,13.0,12:04:30,12:17:30,False,,no_dispenser,0
2160715,heavy,130.0,15.0,40-ft,BTC,2,SAT,14847320,14847240,130,130,52692,52736,Metrotown Station @ Bay 1,Metrotown Station @ Bay 4,52692,Metrotown Station,43710,44310,in_service_layover,59.655317392614315,66.96815488636464,41.24440346475188,600,10.0,12:08:30,12:18:30,False,,no_dispenser,0
2162383,heavy,430.0,21.0,40-ft,RTC,2,SAT,14874257,14874330,430,430,52692,51999,Metrotown Station @ Bay 1,Metrotown Station @ Bay 3,52692,Metrotown Station,43890,44670,in_service_layover,52.89803846862271,62.92666747674486,56.56146760580896,780,13.0,12:11:30,12:24:30,False,,no_dispenser,0
2160573,heavy,410.0,2.0,40-ft,HTC,2,SAT,14848683,14845382,144,116,52692,60212,Metrotown Station @ Bay 1,Metrotown Station @ Bay 12,52692,Metrotown Station,44490,44910,in_service_layover,62.61422259381805,67.63423779613706,28.312885741079242,420,7.0,12:21:30,12:28:30,False,,no_dispenser,0
2160612,heavy,123.0,23.0,40-ft,HTC,2,SAT,14845406,14845686,116,119,60212,52804,Metrotown Station @ Bay 12,Metrotown Station @ Bay 6,60212,Metrotown Station,44550,45210,in_service_layover,68.41623777092335,75.0742212161578,37.55102663112234,660,11.0,12:22:30,12:33:30,False,,no_dispenser,0
2160616,heavy,106.0,3.0,40-ft,HTC,2,SAT,14845788,14848614,119,144,52692,60214,Metrotown Station @ Bay 1,Metrotown Station @ Bay 14,52692,Metrotown Station,44610,45150,in_service_layover,69.58358228464576,75.03767884349082,30.761104591886124,540,9.0,12:23:30,12:32:30,False,,no_dispenser,0
2160613,heavy,106.0,7.0,40-ft,HTC,2,SAT,14845787,14845685,119,119,52692,52804,Metrotown Station @ Bay 1,Metrotown Station @ Bay 6,52692,Metrotown Station,45390,45930,in_service_layover,66.95699597696691,72.74918516239454,32.66794700581181,540,9.0,12:36:30,12:45:30,False,,no_dispenser,0
2160551,heavy,151.0,28.0,40-ft,PCT,2,SAT,14844833,14844787,110,110,52692,60213,Metrotown Station @ Bay 1,Metrotown Station @ Bay 13,52692,Metrotown Station,45390,46050,in_service_layover,64.36374135639088,71.64434937084513,41.062629201521986,660,11.0,12:36:30,12:47:30,False,,no_dispenser,0
2160721,heavy,130.0,16.0,40-ft,BTC,2,SAT,14847321,14847241,130,130,52692,52736,Metrotown Station @ Bay 1,Metrotown Station @ Bay 4,52692,Metrotown Station,45510,46110,in_service_layover,63.11219299552464,69.9816452285203,38.743710594095546,600,10.0,12:38:30,12:48:30,False,,no_dispenser,0
2162382,heavy,430.0,22.0,40-ft,RTC,2,SAT,14874276,14874340,430,430,52692,51999,Metrotown Station @ Bay 1,Metrotown Station @ Bay 3,52692,Metrotown Station,45930,46650,in_service_layover,54.164790308696475,63.40106714469361,52.092601355023874,720,12.0,12:45:30,12:57:30,False,,no_dispenser,0
2160574,heavy,123.0,2.0,40-ft,HTC,2,SAT,14848660,14848633,144,144,52692,60214,Metrotown Station @ Bay 1,Metrotown Station @ Bay 14,52692,Metrotown Station,46050,46350,in_service_layover,57.73196721844823,61.65770768820506,22.141176249428497,300,5.0,12:47:30,12:52:30,False,,no_dispenser,0
2160614,heavy,106.0,4.0,40-ft,HTC,2,SAT,14845786,14845684,119,119,52692,52804,Metrotown Station @ Bay 1,Metrotown Station @ Bay 6,52692,Metrotown Station,46110,46650,in_service_layover,68.54883669117599,74.13815307506717,31.523744405146147,540,9.0,12:48:30,12:57:30,False,,no_dispenser,0
2160518,heavy,123.0,18.0,40-ft,HTC,2,SAT,14845407,14845388,116,116,60212,60212,Metrotown Station @ Bay 12,Metrotown Station @ Bay 12,60212,Metrotown Station,46410,46710,in_service_layover,65.13647746795253,68.64336934536273,19.77887018859343,300,5.0,12:53:30,12:58:30,False,,no_dispenser,0
2160713,heavy,130.0,12.0,40-ft,BTC,2,SAT,14847273,14847247,130,130,52692,52736,Metrotown Station @ Bay 1,Metrotown Station @ Bay 4,52692,Metrotown Station,46770,47310,in_service_layover,68.30663757805038,73.9272236582537,31.700105492346665,540,9.0,12:59:30,13:08:30,False,,no_dispenser,0
2162378,heavy,430.0,26.0,40-ft,RTC,2,SAT,14874246,14874331,430,430,52692,51999,Metrotown Station @ Bay 1,Metrotown Station @ Bay 3,52692,Metrotown Station,46950,48270,in_service_layover,62.96302944153431,75.85715611330906,72.72287442880958,1320,22.0,13:02:30,13:24:30,False,,no_dispenser,0
2160432,heavy,151.0,24.0,40-ft,PCT,2,SAT,14844834,14844788,110,110,52692,60213,Metrotown Station @ Bay 1,Metrotown Station @ Bay 13,52692,Metrotown Station,47310,47970,in_service_layover,63.81985175110053,71.18094404134199,41.51656051696176,660,11.0,13:08:30,13:19:30,False,,no_dispenser,0
2160716,heavy,130.0,14.0,40-ft,BTC,2,SAT,14847290,14847180,130,130,52692,52736,Metrotown Station @ Bay 1,Metrotown Station @ Bay 4,52692,Metrotown Station,47430,47910,in_service_layover,67.36511468703748,72.53799419424206,29.175040420633877,480,8.0,13:10:30,13:18:30,False,,no_dispenser,0
2160517,heavy,123.0,1.0,40-ft,HTC,2,SAT,14845785,14845747,119,119,52692,52804,Metrotown Station @ Bay 1,Metrotown Station @ Bay 6,52692,Metrotown Station,47550,48090,in_service_layover,68.8229567451606,74.37670798700856,31.323157004022562,540,9.0,13:12:30,13:21:30,False,,no_dispenser,0
2162386,heavy,430.0,24.0,40-ft,RTC,2,SAT,14874277,14874304,430,430,52692,51999,Metrotown Station @ Bay 1,Metrotown Station @ Bay 3,52692,Metrotown Station,47850,49230,in_service_layover,54.93706994277585,70.75965982500104,89.23940693575003,1380,23.0,13:17:30,13:40:30,False,,no_dispenser,0
2160718,heavy,130.0,11.0,40-ft,BTC,2,SAT,14847324,14847181,130,130,52692,52736,Metrotown Station @ Bay 1,Metrotown Station @ Bay 4,52692,Metrotown Station,48090,48510,in_service_layover,62.48953838105778,67.52016242163268,28.37271958884247,420,7.0,13:21:30,13:28:30,False,,no_dispenser,0
2160615,heavy,123.0,17.0,40-ft,HTC,2,SAT,14845409,14845372,116,116,60212,60212,Metrotown Station @ Bay 12,Metrotown Station @ Bay 12,60212,Metrotown Station,48210,48510,in_service_layover,61.72404593399891,65.43420870385712,20.92531802200034,300,5.0,13:23:30,13:28:30,False,,no_dispenser,0
2160580,heavy,123.0,14.0,40-ft,HTC,2,SAT,14845784,14845682,119,119,52692,52804,Metrotown Station @ Bay 1,Metrotown Station @ Bay 6,52692,Metrotown Station,48270,48810,in_service_layover,68.26474901170582,73.89072903418341,31.730527326773597,540,9.0,13:24:30,13:33:30,False,,no_dispenser,0
2160576,heavy,123.0,21.0,40-ft,HTC,2,SAT,14848684,14848629,144,144,52692,60214,Metrotown Station @ Bay 1,Metrotown Station @ Bay 14,52692,Metrotown Station,48450,48750,in_service_layover,63.58561071667707,67.18575192727533,20.304796427774306,300,5.0,13:27:30,13:32:30,False,,no_dispenser,0
2160717,heavy,130.0,13.0,40-ft,BTC,2,SAT,14847326,14847218,130,130,52692,52736,Metrotown Station @ Bay 1,Metrotown Station @ Bay 4,52692,Metrotown Station,48750,49170,in_service_layover,58.48434267302435,63.84906500301302,30.257033941136115,420,7.0,13:32:30,13:39:30,False,,no_dispenser,0
2160431,heavy,151.0,25.0,40-ft,PCT,2,SAT,14844836,14844789,110,110,52692,60213,Metrotown Station @ Bay 1,Metrotown Station @ Bay 13,52692,Metrotown Station,48990,49650,in_service_layover,60.459138758919096,68.30139280554171,44.23031282295153,660,11.0,13:36:30,13:47:30,False,,no_dispenser,0
2160612,heavy,123.0,23.0,40-ft,HTC,2,SAT,14845783,14845681,119,119,52692,52804,Metrotown Station @ Bay 1,Metrotown Station @ Bay 6,52692,Metrotown Station,49050,49530,in_service_layover,69.27281135787631,74.22809251777555,27.947785741831694,480,8.0,13:37:30,13:45:30,False,,no_dispenser,0
2160714,heavy,130.0,17.0,40-ft,BTC,2,SAT,14847291,14847259,130,130,52692,52736,Metrotown Station @ Bay 1,Metrotown Station @ Bay 4,52692,Metrotown Station,49350,49830,in_service_layover,65.95888851323606,71.28642952377415,30.047331299434802,480,8.0,13:42:30,13:50:30,False,,no_dispenser,0
2160773,heavy,106.0,8.0,40-ft,HTC,2,SAT,14848659,14848638,144,144,52692,60214,Metrotown Station @ Bay 1,Metrotown Station @ Bay 14,52692,Metrotown Station,49650,49950,in_service_layover,68.52073340478888,71.80403683380891,18.51783133967291,300,5.0,13:47:30,13:52:30,False,,no_dispenser,0
2162385,heavy,430.0,27.0,40-ft,RTC,2,SAT,14874256,14874332,430,430,52692,51999,Metrotown Station @ Bay 1,Metrotown Station @ Bay 3,52692,Metrotown Station,49710,51030,in_service_layover,69.92930727899837,80.8278966566115,61.4680440897381,1320,22.0,13:48:30,14:10:30,False,,no_dispenser,0
2160613,heavy,106.0,7.0,40-ft,HTC,2,SAT,14845782,14845391,119,116,52692,60212,Metrotown Station @ Bay 1,Metrotown Station @ Bay 12,52692,Metrotown Station,49770,50370,in_service_layover,66.94777530411305,73.29744781670196,35.81215297100147,600,10.0,13:49:30,13:59:30,False,,no_dispenser,0
2160715,heavy,130.0,15.0,40-ft,BTC,2,SAT,14847323,14847182,130,130,52692,52736,Metrotown Station @ Bay 1,Metrotown Station @ Bay 4,52692,Metrotown Station,49950,50370,in_service_layover,60.385506346367414,65.59119731061597,29.360097038361857,420,7.0,13:52:30,13:59:30,False,,no_dispenser,0
2160573,heavy,410.0,2.0,40-ft,HTC,2,SAT,14845410,14845680,116,119,60212,52804,Metrotown Station @ Bay 12,Metrotown Station @ Bay 6,60212,Metrotown Station,50010,50250,in_service_layover,60.999258650891655,64.03002656337904,17.093531026428877,240,4.0,13:53:30,13:57:30,False,,no_dispenser,0
2160614,heavy,106.0,4.0,40-ft,HTC,2,SAT,14845829,14845679,119,119,52692,52804,Metrotown Station @ Bay 1,Metrotown Station @ Bay 6,52692,Metrotown Station,50490,50970,in_service_layover,68.33674321678566,73.39991506394881,28.556289218000188,480,8.0,14:01:30,14:09:30,False,,no_dispenser,0
2162387,heavy,430.0,23.0,40-ft,RTC,2,SAT,14874269,14874319,430,430,52692,51999,Metrotown Station @ Bay 1,Metrotown Station @ Bay 3,52692,Metrotown Station,50730,51870,in_service_layover,59.804389224265265,72.2599281603728,70.24923959964644,1140,19.0,14:05:30,14:24:30,False,,no_dispenser,0
2160625,heavy,106.0,5.0,40-ft,HTC,2,SAT,14848663,14848608,144,144,52692,60214,Metrotown Station @ Bay 1,Metrotown Station @ Bay 14,52692,Metrotown Station,50850,51150,in_service_layover,65.2474487176904,68.74745625374014,19.740042503320467,300,5.0,14:07:30,14:12:30,False,,no_dispenser,0
2160552,heavy,151.0,32.0,40-ft,PCT,2,SAT,14844831,14844772,110,110,52692,60213,Metrotown Station @ Bay 1,Metrotown Station @ Bay 13,52692,Metrotown Station,50850,51270,in_service_layover,63.99183493271672,68.89208540120218,27.637412642258028,420,7.0,14:07:30,14:14:30,False,,no_dispenser,0
2160341,heavy,130.0,18.0,40-ft,BTC,2,SAT,14847345,14847183,130,130,52692,52736,Metrotown Station @ Bay 1,Metrotown Station @ Bay 4,52692,Metrotown Station,51150,51510,in_service_layover,62.184166362769275,66.56117584058705,24.686333454892292,360,6.0,14:12:30,14:18:30,False,,no_dispenser,0
2160577,heavy,123.0,24.0,40-ft,HTC,2,SAT,14845781,14845748,119,119,52692,52804,Metrotown Station @ Bay 1,Metrotown Station @ Bay 6,52692,Metrotown Station,51210,51690,in_service_layover,67.03283334193019,72.24269757989438,29.383634302118026,480,8.0,14:13:30,14:21:30,False,,no_dispenser,0
2162381,heavy,430.0,25.0,40-ft,RTC,2,SAT,14874255,14874303,430,430,52692,51999,Metrotown Station @ Bay 1,Metrotown Station @ Bay 3,52692,Metrotown Station,51630,52830,in_service_layover,58.40775761875856,71.76429134137801,75.33085019557365,1200,20.0,14:20:30,14:40:30,False,,no_dispenser,0
2160721,heavy,130.0,16.0,40-ft,BTC,2,SAT,14847292,14847219,130,130,52692,52736,Metrotown Station @ Bay 1,Metrotown Station @ Bay 4,52692,Metrotown Station,51750,52110,in_service_layover,59.76305270693321,64.31408043401181,25.66779638072336,360,6.0,14:22:30,14:28:30,False,,no_dispenser,0
2160518,heavy,123.0,18.0,40-ft,HTC,2,SAT,14845411,14845678,116,119,60212,52804,Metrotown Station @ Bay 12,Metrotown Station @ Bay 6,60212,Metrotown Station,51870,52410,in_service_layover,61.921810751871284,68.31462364324844,36.05546470736715,540,9.0,14:24:30,14:33:30,False,,no_dispenser,0
2160616,heavy,106.0,3.0,40-ft,HTC,2,SAT,14848685,14848643,144,144,52692,60214,Metrotown Station @ Bay 1,Metrotown Station @ Bay 14,52692,Metrotown Station,52050,52350,in_service_layover,65.26641005020177,68.76523850865533,19.73339250567801,300,5.0,14:27:30,14:32:30,False,,no_dispenser,0
2160551,heavy,151.0,28.0,40-ft,PCT,2,SAT,14844808,14844800,110,110,52692,60213,Metrotown Station @ Bay 1,Metrotown Station @ Bay 13,52692,Metrotown Station,52650,53070,in_service_layover,61.57448745924139,66.68179937159731,28.805239185687356,420,7.0,14:37:30,14:44:30,False,,no_dispenser,0
2160580,heavy,123.0,14.0,40-ft,HTC,2,SAT,14845779,14845677,119,119,52692,52804,Metrotown Station @ Bay 1,Metrotown Station @ Bay 6,52692,Metrotown Station,52650,53130,in_service_layover,68.08931917590192,73.18064859701803,28.715097935094946,480,8.0,14:37:30,14:45:30,False,,no_dispenser,0
2160713,heavy,130.0,12.0,40-ft,BTC,2,SAT,14847328,14847185,130,130,52692,52736,Metrotown Station @ Bay 1,Metrotown Station @ Bay 4,52692,Metrotown Station,53010,53310,in_service_layover,65.67055478685253,69.14403587133813,19.590433316498775,300,5.0,14:43:30,14:48:30,False,,no_dispenser,0
2160574,heavy,123.0,2.0,40-ft,HTC,2,SAT,14848665,14848637,144,144,52692,60214,Metrotown Station @ Bay 1,Metrotown Station @ Bay 14,52692,Metrotown Station,53250,53550,in_service_layover,52.8224321390488,56.73718658482913,22.079215074201045,300,5.0,14:47:30,14:52:30,False,,no_dispenser,0
2160612,heavy,123.0,23.0,40-ft,HTC,2,SAT,14845777,14845392,119,116,52692,60212,Metrotown Station @ Bay 1,Metrotown Station @ Bay 12,52692,Metrotown Station,53370,53910,in_service_layover,68.42668265949405,74.03178869237833,31.61279802546727,540,9.0,14:49:30,14:58:30,False,,no_dispenser,0
2160716,heavy,130.0,14.0,40-ft,BTC,2,SAT,14847293,14847220,130,130,52692,52736,Metrotown Station @ Bay 1,Metrotown Station @ Bay 4,52692,Metrotown Station,53610,53910,in_service_layover,64.34031931344607,67.89571316391451,20.052421316641983,300,5.0,14:53:30,14:58:30,False,,no_dispenser,0
2162383,heavy,430.0,21.0,40-ft,RTC,2,SAT,14874278,14874333,430,430,52692,51999,Metrotown Station @ Bay 1,Metrotown Station @ Bay 3,52692,Metrotown Station,53610,54690,in_service_layover,48.60934732897827,62.41903783766231,77.88665446897801,1080,18.0,14:53:30,15:11:30,False,,no_dispenser,0
2160615,heavy,123.0,17.0,40-ft,HTC,2,SAT,14845413,14845676,116,119,60212,52804,Metrotown Station @ Bay 12,Metrotown Station @ Bay 6,60212,Metrotown Station,53670,53970,in_service_layover,58.27785913368017,62.184000881929904,22.030639460128498,300,5.0,14:54:30,14:59:30,False,,no_dispenser,0
2160573,heavy,410.0,2.0,40-ft,HTC,2,SAT,14845830,14845749,119,119,52692,52804,Metrotown Station @ Bay 1,Metrotown Station @ Bay 6,52692,Metrotown Station,54090,54570,in_service_layover,61.947038435194415,67.68905228853028,32.38495813281429,480,8.0,15:01:30,15:09:30,False,,no_dispenser,0
2160718,heavy,130.0,11.0,40-ft,BTC,2,SAT,14847329,14847236,130,130,52692,52736,Metrotown Station @ Bay 1,Metrotown Station @ Bay 4,52692,Metrotown Station,54210,54510,in_service_layover,60.90488932281344,64.66346560397103,21.198370225728866,300,5.0,15:03:30,15:08:30,False,,no_dispenser,0
2160624,heavy,106.0,10.0,40-ft,HTC,2,SAT,14848678,14848607,144,144,52692,60214,Metrotown Station @ Bay 1,Metrotown Station @ Bay 14,52692,Metrotown Station,54450,54750,in_service_layover,66.87791781179183,70.27327994366674,19.149842423774487,300,5.0,15:07:30,15:12:30,False,,no_dispenser,0
2162380,heavy,430.0,28.0,40-ft,RTC,2,SAT,14874268,14874318,430,430,52692,51999,Metrotown Station @ Bay 1,Metrotown Station @ Bay 3,52692,Metrotown Station,54450,55470,in_service_layover,65.25208262823696,75.4092316568883,57.28632052159355,1020,17.0,15:07:30,15:24:30,False,,no_dispenser,0
2160432,heavy,151.0,24.0,40-ft,PCT,2,SAT,14844809,14844792,110,110,52692,60213,Metrotown Station @ Bay 1,Metrotown Station @ Bay 13,52692,Metrotown Station,54630,54810,in_service_layover,61.14022304381746,63.42957683658989,12.911955391236518,180,3.0,15:10:30,15:13:30,False,,no_dispenser,0
2160717,heavy,130.0,13.0,40-ft,BTC,2,SAT,14847330,14847186,130,130,52692,52736,Metrotown Station @ Bay 1,Metrotown Station @ Bay 4,52692,Metrotown Station,54810,55110,in_service_layover,56.715997046180036,60.665108471490136,22.27298843874894,300,5.0,15:13:30,15:18:30,False,,no_dispenser,0
2160614,heavy,106.0,4.0,40-ft,HTC,2,SAT,14845776,14845675,119,119,52692,52804,Metrotown Station @ Bay 1,Metrotown Station @ Bay 6,52692,Metrotown Station,54810,55290,in_service_layover,67.59850520566734,72.74524467196198,29.027610589901826,480,8.0,15:13:30,15:21:30,False,,no_dispenser,0
2162382,heavy,430.0,22.0,40-ft,RTC,2,SAT,14874254,14874337,430,430,52692,51999,Metrotown Station @ Bay 1,Metrotown Station @ Bay 3,52692,Metrotown Station,55350,56550,in_service_layover,49.08374699692702,64.21842310544417,85.35957325203674,1200,20.0,15:22:30,15:42:30,False,,no_dispenser,0
2160714,heavy,130.0,17.0,40-ft,BTC,2,SAT,14847295,14847187,130,130,52692,52736,Metrotown Station @ Bay 1,Metrotown Station @ Bay 4,52692,Metrotown Station,55410,55710,in_service_layover,65.66158592608525,69.13563404379722,19.593631383895513,300,5.0,15:23:30,15:28:30,False,,no_dispenser,0
2160613,heavy,106.0,7.0,40-ft,HTC,2,SAT,14845414,14848615,116,144,60212,60214,Metrotown Station @ Bay 12,Metrotown Station @ Bay 14,60212,Metrotown Station,55470,55950,in_service_layover,64.93842283426191,70.37514919075055,30.663136650595902,480,8.0,15:24:30,15:32:30,False,,no_dispenser,0
2160576,heavy,123.0,21.0,40-ft,HTC,2,SAT,14848686,14845674,144,119,52692,52804,Metrotown Station @ Bay 1,Metrotown Station @ Bay 6,52692,Metrotown Station,55650,56010,in_service_layover,57.467067759988225,62.1552839741071,26.441539447630475,360,6.0,15:27:30,15:33:30,False,,no_dispenser,0
2160715,heavy,130.0,15.0,40-ft,BTC,2,SAT,14847294,14847188,130,130,52692,52736,Metrotown Station @ Bay 1,Metrotown Station @ Bay 4,52692,Metrotown Station,56010,56310,in_service_layover,61.14832943079149,64.89251799871163,21.117223523069526,300,5.0,15:33:30,15:38:30,False,,no_dispenser,0
2160518,heavy,123.0,18.0,40-ft,HTC,2,SAT,14845774,14845673,119,119,52692,52804,Metrotown Station @ Bay 1,Metrotown Station @ Bay 6,52692,Metrotown Station,56250,56730,in_service_layover,65.97410809986228,71.3000010767083,30.038036389411502,480,8.0,15:37:30,15:45:30,False,,no_dispenser,0
2160431,heavy,151.0,25.0,40-ft,PCT,2,SAT,14844810,14844793,110,110,52692,60213,Metrotown Station @ Bay 1,Metrotown Station @ Bay 13,52692,Metrotown Station,56370,56610,in_service_layover,58.43295295319606,61.57700647781047,17.73246187882529,240,4.0,15:39:30,15:43:30,False,,no_dispenser,0
2162384,heavy,430.0,30.0,40-ft,RTC,2,SAT,14874279,14874302,430,430,52692,51999,Metrotown Station @ Bay 1,Metrotown Station @ Bay 3,52692,Metrotown Station,56370,57450,in_service_layover,69.92930727899837,79.34815250126533,53.122287053585694,1080,18.0,15:39:30,15:57:30,False,,no_dispenser,0
2160719,heavy,130.0,19.0,40-ft,BTC,2,SAT,14847276,14847221,130,130,52692,52736,Metrotown Station @ Bay 1,Metrotown Station @ Bay 4,52692,Metrotown Station,56610,56910,in_service_layover,67.23846631654506,70.60980414771315,19.014345367788053,300,5.0,15:43:30,15:48:30,False,,no_dispenser,0
2160773,heavy,106.0,8.0,40-ft,HTC,2,SAT,14848679,14848625,144,144,52692,60214,Metrotown Station @ Bay 1,Metrotown Station @ Bay 14,52692,Metrotown Station,56850,57210,in_service_layover,61.710503441608225,66.12110603440196,24.87579862335673,360,6.0,15:47:30,15:53:30,False,,no_dispenser,0
2160580,heavy,123.0,14.0,40-ft,HTC,2,SAT,14845831,14845672,119,119,52692,52804,Metrotown Station @ Bay 1,Metrotown Station @ Bay 6,52692,Metrotown Station,56970,57450,in_service_layover,67.37923873873656,72.55054018178787,29.166140138809396,480,8.0,15:49:30,15:57:30,False,,no_dispenser,0
2160341,heavy,130.0,18.0,40-ft,BTC,2,SAT,14847264,14847189,130,130,52692,52736,Metrotown Station @ Bay 1,Metrotown Station @ Bay 4,52692,Metrotown Station,57210,57510,in_service_layover,62.66125129682213,66.31602367880663,20.612916234392628,300,5.0,15:53:30,15:58:30,False,,no_dispenser,0
2160511,heavy,123.0,9.0,40-ft,HTC,2,SAT,14845415,14845394,116,116,60212,60212,Metrotown Station @ Bay 12,Metrotown Station @ Bay 12,60212,Metrotown Station,57210,57510,in_service_layover,59.03857934801538,62.90920134042881,21.830308037211694,300,5.0,15:53:30,15:58:30,False,,no_dispenser,0
2162378,heavy,430.0,26.0,40-ft,RTC,2,SAT,14874286,14874334,430,430,52692,51999,Metrotown Station @ Bay 1,Metrotown Station @ Bay 3,52692,Metrotown Station,57270,58350,in_service_layover,61.539835965542466,73.06345252452327,64.99319739265178,1080,18.0,15:54:30,16:12:30,False,,no_dispenser,0
2160721,heavy,130.0,16.0,40-ft,BTC,2,SAT,14847277,14847190,130,130,52692,52736,Metrotown Station @ Bay 1,Metrotown Station @ Bay 4,52692,Metrotown Station,57810,58110,in_service_layover,59.30612297561587,63.161980318254805,21.747035412483626,300,5.0,16:03:30,16:08:30,False,,no_dispenser,0
2160615,heavy,123.0,17.0,40-ft,HTC,2,SAT,14845773,14845750,119,119,52692,52804,Metrotown Station @ Bay 1,Metrotown Station @ Bay 6,52692,Metrotown Station,57810,58170,in_service_layover,60.21210265395956,64.72897480616102,25.4751589384162,360,6.0,16:03:30,16:09:30,False,,no_dispenser,0
2160625,heavy,106.0,5.0,40-ft,HTC,2,SAT,14848655,14848606,144,144,52692,60214,Metrotown Station @ Bay 1,Metrotown Station @ Bay 14,52692,Metrotown Station,58050,58410,in_service_layover,58.912882265405266,63.52486247192067,26.01156836474695,360,6.0,16:07:30,16:13:30,False,,no_dispenser,0
2160552,heavy,151.0,32.0,40-ft,PCT,2,SAT,14844842,14844794,110,110,52692,60213,Metrotown Station @ Bay 1,Metrotown Station @ Bay 13,52692,Metrotown Station,58110,58470,in_service_layover,59.67289195468097,64.23094930928077,25.707443479942867,360,6.0,16:08:30,16:14:30,False,,no_dispenser,0
2162386,heavy,430.0,24.0,40-ft,RTC,2,SAT,14874267,14874317,430,430,52692,51999,Metrotown Station @ Bay 1,Metrotown Station @ Bay 3,52692,Metrotown Station,58170,59250,in_service_layover,56.44233967723444,69.21507195717453,72.03821005886203,1080,18.0,16:09:30,16:27:30,False,,no_dispenser,0
2160720,heavy,130.0,21.0,40-ft,BTC,2,SAT,14847278,14847222,130,130,52692,52736,Metrotown Station @ Bay 1,Metrotown Station @ Bay 4,52692,Metrotown Station,58410,58710,in_service_layover,66.66834837308457,70.07752755918688,19.22777060961704,300,5.0,16:13:30,16:18:30,False,,no_dispenser,0
2160571,heavy,123.0,15.0,40-ft,HTC,2,SAT,14845772,14845670,119,119,52692,52804,Metrotown Station @ Bay 1,Metrotown Station @ Bay 6,52692,Metrotown Station,58410,58890,in_service_layover,68.33438715427937,73.39782783949059,28.557805464591354,480,8.0,16:13:30,16:21:30,False,,no_dispenser,0
2160713,heavy,130.0,12.0,40-ft,BTC,2,SAT,14847265,14847192,130,130,52692,52736,Metrotown Station @ Bay 1,Metrotown Station @ Bay 4,52692,Metrotown Station,59010,59310,in_service_layover,63.72086910412907,67.3130163201971,20.259710298623645,300,5.0,16:23:30,16:28:30,False,,no_dispenser,0
2162377,heavy,430.0,29.0,40-ft,RTC,2,SAT,14874253,14874338,430,430,52692,51999,Metrotown Station @ Bay 1,Metrotown Station @ Bay 3,52692,Metrotown Station,59010,60270,in_service_layover,65.25208262823696,77.07951749377881,66.706732641656,1260,21.0,16:23:30,16:44:30,False,,no_dispenser,0
2160612,heavy,123.0,23.0,40-ft,HTC,2,SAT,14845416,14845395,116,116,60212,60212,Metrotown Station @ Bay 12,Metrotown Station @ Bay 12,60212,Metrotown Station,59070,59310,in_service_layover,65.62146809572069,68.43347292818041,15.859707255072863,240,4.0,16:24:30,16:28:30,False,,no_dispenser,0
2160614,heavy,106.0,4.0,40-ft,HTC,2,SAT,14845771,14845742,119,119,52692,52804,Metrotown Station @ Bay 1,Metrotown Station @ Bay 6,52692,Metrotown Station,59130,59610,in_service_layover,66.9438348136805,72.16355898327711,29.439244316524878,480,8.0,16:25:30,16:33:30,False,,no_dispenser,0
2160616,heavy,106.0,3.0,40-ft,HTC,2,SAT,14848687,14848622,144,144,52692,60214,Metrotown Station @ Bay 1,Metrotown Station @ Bay 14,52692,Metrotown Station,59250,59610,in_service_layover,57.48857632748424,62.17591245786566,26.43657577535123,360,6.0,16:27:30,16:33:30,False,,no_dispenser,0
2160716,heavy,130.0,14.0,40-ft,BTC,2,SAT,14847274,14847251,130,130,52692,52736,Metrotown Station @ Bay 1,Metrotown Station @ Bay 4,52692,Metrotown Station,59610,59910,in_service_layover,62.58484722915296,66.24413521797369,20.638384256948996,300,5.0,16:33:30,16:38:30,False,,no_dispenser,0
2160576,heavy,123.0,21.0,40-ft,HTC,2,SAT,14845770,14845741,119,119,52692,52804,Metrotown Station @ Bay 1,Metrotown Station @ Bay 6,52692,Metrotown Station,59790,60330,in_service_layover,60.18523172825761,66.77071354683778,37.14211745679211,540,9.0,16:36:30,16:45:30,False,,no_dispenser,0
2160551,heavy,151.0,28.0,40-ft,PCT,2,SAT,14844837,14844773,110,110,52692,60213,Metrotown Station @ Bay 1,Metrotown Station @ Bay 13,52692,Metrotown Station,59910,60150,in_service_layover,57.61942102367081,60.78176520802041,17.835621199731747,240,4.0,16:38:30,16:42:30,False,,no_dispenser,0
2162385,heavy,430.0,27.0,40-ft,RTC,2,SAT,14874280,14874297,430,430,52692,51999,Metrotown Station @ Bay 1,Metrotown Station @ Bay 3,52692,Metrotown Station,59910,61170,in_service_layover,66.5105765088449,77.98415816261235,64.71100052724836,1260,21.0,16:38:30,16:59:30,False,,no_dispenser,0
2160718,heavy,130.0,11.0,40-ft,BTC,2,SAT,14847322,14847227,130,130,52692,52736,Metrotown Station @ Bay 1,Metrotown Station @ Bay 4,52692,Metrotown Station,60210,60510,in_service_layover,59.62659920716239,63.463214069029895,21.638507820932716,300,5.0,16:43:30,16:48:30,False,,no_dispenser,0
2160574,heavy,123.0,2.0,40-ft,HTC,2,SAT,14848652,14848627,144,144,52692,60214,Metrotown Station @ Bay 1,Metrotown Station @ Bay 14,52692,Metrotown Station,60450,60810,in_service_layover,45.44920609538235,50.038265046230144,25.882292482781565,360,6.0,16:47:30,16:53:30,False,,no_dispenser,0
2160518,heavy,123.0,18.0,40-ft,HTC,2,SAT,14845769,14845723,119,119,52692,52804,Metrotown Station @ Bay 1,Metrotown Station @ Bay 6,52692,Metrotown Station,60510,61050,in_service_layover,68.75833140803567,74.32048437485803,31.370542732878107,540,9.0,16:48:30,16:57:30,False,,no_dispenser,0
2160577,heavy,123.0,24.0,40-ft,HTC,2,SAT,14845426,14845373,116,116,60212,60212,Metrotown Station @ Bay 12,Metrotown Station @ Bay 12,60212,Metrotown Station,60750,61110,in_service_layover,60.82737971986095,65.30061520072188,25.229048112055636,360,6.0,16:52:30,16:58:30,False,,no_dispenser,0
2160717,heavy,130.0,13.0,40-ft,BTC,2,SAT,14847266,14847223,130,130,52692,52736,Metrotown Station @ Bay 1,Metrotown Station @ Bay 4,52692,Metrotown Station,60810,61110,in_service_layover,57.37357005050255,61.309500948880036,22.198650266848972,300,5.0,16:53:30,16:58:30,False,,no_dispenser,0
2162387,heavy,430.0,23.0,40-ft,RTC,2,SAT,14874266,14874335,430,430,52692,51999,Metrotown Station @ Bay 1,Metrotown Station @ Bay 3,52692,Metrotown Station,60810,62130,in_service_layover,57.9426080126062,72.4100914581613,81.59660663293084,1320,22.0,16:53:30,17:15:30,False,,no_dispenser,0
2160477,heavy,123.0,25.0,40-ft,HTC,2,SAT,14845832,14845740,119,119,52692,52804,Metrotown Station @ Bay 1,Metrotown Station @ Bay 6,52692,Metrotown Station,61230,61770,in_service_layover,69.73041171599459,75.1651077906331,30.65168586096121,540,9.0,17:00:30,17:09:30,False,,no_dispenser,0
2160714,heavy,130.0,17.0,40-ft,BTC,2,SAT,14847279,14847193,130,130,52692,52736,Metrotown Station @ Bay 1,Metrotown Station @ Bay 4,52692,Metrotown Station,61410,61890,in_service_layover,64.93228667155276,70.3696618829777,30.666796192436607,480,8.0,17:03:30,17:11:30,False,,no_dispenser,0
2160432,heavy,151.0,24.0,40-ft,PCT,2,SAT,14844840,14844776,110,110,52692,60213,Metrotown Station @ Bay 1,Metrotown Station @ Bay 13,52692,Metrotown Station,61530,61950,in_service_layover,54.57704067478629,60.09451334546873,31.118545862648887,420,7.0,17:05:30,17:12:30,False,,no_dispenser,0
2160624,heavy,106.0,10.0,40-ft,HTC,2,SAT,14848676,14848605,144,144,52692,60214,Metrotown Station @ Bay 1,Metrotown Station @ Bay 14,52692,Metrotown Station,61650,62070,in_service_layover,58.90462720503044,64.2378972421244,30.07964300921003,420,7.0,17:07:30,17:14:30,False,,no_dispenser,0
2162381,heavy,430.0,25.0,40-ft,RTC,2,SAT,14874287,14874316,430,430,52692,51999,Metrotown Station @ Bay 1,Metrotown Station @ Bay 3,52692,Metrotown Station,61650,63030,in_service_layover,57.446971193611404,72.53765830502905,85.11147530839548,1380,23.0,17:07:30,17:30:30,False,,no_dispenser,0
2160615,heavy,123.0,17.0,40-ft,HTC,2,SAT,14845768,14845751,119,119,52692,52804,Metrotown Station @ Bay 1,Metrotown Station @ Bay 6,52692,Metrotown Station,61950,62490,in_service_layover,63.297547035145975,69.53245309813437,35.16487019525459,540,9.0,17:12:30,17:21:30,False,,no_dispenser,0
2160715,heavy,130.0,15.0,40-ft,BTC,2,SAT,14847280,14847194,130,130,52692,52736,Metrotown Station @ Bay 1,Metrotown Station @ Bay 4,52692,Metrotown Station,62010,62550,in_service_layover,61.18054107999683,67.65650390937253,36.524430357678966,540,9.0,17:13:30,17:22:30,False,,no_dispenser,0
2160511,heavy,123.0,9.0,40-ft,HTC,2,SAT,14845417,14845374,116,116,60212,60212,Metrotown Station @ Bay 12,Metrotown Station @ Bay 12,60212,Metrotown Station,62610,62910,in_service_layover,54.39302828067619,58.33324196410311,22.22280517452782,300,5.0,17:23:30,17:28:30,False,,no_dispenser,0
2160517,heavy,123.0,1.0,40-ft,HTC,2,SAT,14845767,14845739,119,119,52692,52804,Metrotown Station @ Bay 1,Metrotown Station @ Bay 6,52692,Metrotown Station,62670,63210,in_service_layover,66.58325486248985,72.42217109264692,32.93148753808583,540,9.0,17:24:30,17:33:30,False,,no_dispenser,0
2160613,heavy,106.0,7.0,40-ft,HTC,2,SAT,14848645,14848611,144,144,52692,60214,Metrotown Station @ Bay 1,Metrotown Station @ Bay 14,52692,Metrotown Station,62790,63270,in_service_layover,59.000475811033645,65.03141878695719,34.01451838420877,480,8.0,17:26:30,17:34:30,False,,no_dispenser,0
2160431,heavy,151.0,25.0,40-ft,PCT,2,SAT,14844838,14844777,110,110,52692,60213,Metrotown Station @ Bay 1,Metrotown Station @ Bay 13,52692,Metrotown Station,63330,63930,in_service_layover,51.995249759437726,59.837908548228114,44.23259556877781,600,10.0,17:35:30,17:45:30,False,,no_dispenser,0
2162383,heavy,430.0,21.0,40-ft,RTC,2,SAT,14874282,14874301,430,430,52692,51999,Metrotown Station @ Bay 1,Metrotown Station @ Bay 3,52692,Metrotown Station,63510,64050,in_service_layover,48.101717689895715,55.07792450840541,39.345806456394655,540,9.0,17:38:30,17:47:30,False,,no_dispenser,0
2160720,heavy,130.0,21.0,40-ft,BTC,2,SAT,14847304,14847245,130,130,52692,52736,Metrotown Station @ Bay 1,Metrotown Station @ Bay 4,52692,Metrotown Station,63810,63990,in_service_layover,59.85893503759977,62.19438569807003,13.17194172505225,180,3.0,17:43:30,17:46:30,False,,no_dispenser,0
2160478,heavy,410.0,9.0,40-ft,HTC,2,SAT,14845765,14845737,119,119,52692,52804,Metrotown Station @ Bay 1,Metrotown Station @ Bay 6,52692,Metrotown Station,64050,64650,in_service_layover,22.704700729889176,30.16410205641924,42.07102348162957,600,10.0,17:47:30,17:57:30,False,,no_dispenser,0
2160773,heavy,106.0,8.0,40-ft,HTC,2,SAT,14848648,14848612,144,144,52692,60214,Metrotown Station @ Bay 1,Metrotown Station @ Bay 14,52692,Metrotown Station,64110,64590,in_service_layover,55.70874378682051,61.95850070038983,35.24862899253094,480,8.0,17:48:30,17:56:30,False,,no_dispenser,0
2160612,heavy,123.0,23.0,40-ft,HTC,2,SAT,14845418,14845375,116,116,60212,60212,Metrotown Station @ Bay 12,Metrotown Station @ Bay 12,60212,Metrotown Station,64410,64710,in_service_layover,59.684615926356365,63.51756651894777,21.617841342215513,300,5.0,17:53:30,17:58:30,False,,no_dispenser,0
2162380,heavy,430.0,28.0,40-ft,RTC,2,SAT,14874265,14874339,430,430,52692,51999,Metrotown Station @ Bay 1,Metrotown Station @ Bay 3,52692,Metrotown Station,64410,65250,in_service_layover,61.09191150912171,70.61466939741176,53.708354489955866,840,14.0,17:53:30,18:07:30,False,,no_dispenser,0
2160713,heavy,130.0,12.0,40-ft,BTC,2,SAT,14847282,14847200,130,130,52692,52736,Metrotown Station @ Bay 1,Metrotown Station @ Bay 4,52692,Metrotown Station,64470,64710,in_service_layover,57.094423798609995,60.26276661686898,17.86945349498069,240,4.0,17:54:30,17:58:30,False,,no_dispenser,0
2160580,heavy,123.0,14.0,40-ft,HTC,2,SAT,14845833,14845736,119,119,52692,52804,Metrotown Station @ Bay 1,Metrotown Station @ Bay 6,52692,Metrotown Station,64770,65370,in_service_layover,67.67090161919018,73.91852062710356,35.2365712046315,600,10.0,17:59:30,18:09:30,False,,no_dispenser,0
2160552,heavy,151.0,32.0,40-ft,PCT,2,SAT,14844839,14844804,110,110,52692,60213,Metrotown Station @ Bay 1,Metrotown Station @ Bay 13,52692,Metrotown Station,65010,65730,in_service_layover,54.596763826626706,63.80175054337156,51.91612508244094,720,12.0,18:03:30,18:15:30,False,,no_dispenser,0
2160716,heavy,130.0,14.0,40-ft,BTC,2,SAT,14847302,14847217,130,130,52692,52736,Metrotown Station @ Bay 1,Metrotown Station @ Bay 4,52692,Metrotown Station,65070,65430,in_service_layover,56.02554269638659,60.755397672493174,26.676382065241114,360,6.0,18:04:30,18:10:30,False,,no_dispenser,0
2162382,heavy,430.0,22.0,40-ft,RTC,2,SAT,14874288,14874336,430,430,52692,51999,Metrotown Station @ Bay 1,Metrotown Station @ Bay 3,52692,Metrotown Station,65190,66450,in_service_layover,49.90110295767758,65.59249359424862,88.4994431902607,1260,21.0,18:06:30,18:27:30,False,,no_dispenser,0
2160625,heavy,106.0,5.0,40-ft,HTC,2,SAT,14848673,14848604,144,144,52692,60214,Metrotown Station @ Bay 1,Metrotown Station @ Bay 14,52692,Metrotown Station,65250,65790,in_service_layover,54.69109779793375,61.72270137065319,39.65824415013765,540,9.0,18:07:30,18:16:30,False,,no_dispenser,0
2160477,heavy,123.0,25.0,40-ft,HTC,2,SAT,14845764,14845735,119,119,52692,52804,Metrotown Station @ Bay 1,Metrotown Station @ Bay 6,52692,Metrotown Station,65490,66090,in_service_layover,69.36369793235161,75.367380049871,33.86076714280938,600,10.0,18:11:30,18:21:30,False,,no_dispenser,0
2160718,heavy,130.0,11.0,40-ft,BTC,2,SAT,14847300,14847214,130,130,52692,52736,Metrotown Station @ Bay 1,Metrotown Station @ Bay 4,52692,Metrotown Station,65730,66150,in_service_layover,56.34928345427017,61.82872307724367,30.90403947357055,420,7.0,18:15:30,18:22:30,False,,no_dispenser,0
2160577,heavy,123.0,24.0,40-ft,HTC,2,SAT,14845433,14845396,116,116,60212,60212,Metrotown Station @ Bay 12,Metrotown Station @ Bay 12,60212,Metrotown Station,66090,66510,in_service_layover,56.69988385977058,62.16565368365432,30.82694180670427,420,7.0,18:21:30,18:28:30,False,,no_dispenser,0
2160615,heavy,123.0,17.0,40-ft,HTC,2,SAT,14845778,14845752,119,119,52692,52804,Metrotown Station @ Bay 1,Metrotown Station @ Bay 6,52692,Metrotown Station,66210,66810,in_service_layover,68.34519247306255,74.49648977698186,34.693316794104874,600,10.0,18:23:30,18:33:30,False,,no_dispenser,0
2160616,heavy,106.0,3.0,40-ft,HTC,2,SAT,14848680,14848634,144,144,52692,60214,Metrotown Station @ Bay 1,Metrotown Station @ Bay 14,52692,Metrotown Station,66390,66870,in_service_layover,53.34682887614889,59.6433084899317,35.51214502173508,480,8.0,18:26:30,18:34:30,False,,no_dispenser,0
2160717,heavy,130.0,13.0,40-ft,BTC,2,SAT,14847283,14847258,130,130,52692,52736,Metrotown Station @ Bay 1,Metrotown Station @ Bay 4,52692,Metrotown Station,66450,66810,in_service_layover,55.78490019013736,60.51836126376718,26.69672045527227,360,6.0,18:27:30,18:33:30,False,,no_dispenser,0
2162378,heavy,430.0,26.0,40-ft,RTC,2,SAT,14874293,14874315,430,430,52692,51999,Metrotown Station @ Bay 1,Metrotown Station @ Bay 3,52692,Metrotown Station,66690,67710,in_service_layover,58.74613237675668,70.44247226916025,65.96735699315616,1020,17.0,18:31:30,18:48:30,False,,no_dispenser,0
2160551,heavy,151.0,28.0,40-ft,PCT,2,SAT,14844841,14844796,110,110,52692,60213,Metrotown Station @ Bay 1,Metrotown Station @ Bay 13,52692,Metrotown Station,66750,67530,in_service_layover,51.19306486814068,61.302919369183414,57.01957938588106,780,13.0,18:32:30,18:45:30,False,,no_dispenser,0
2160714,heavy,130.0,17.0,40-ft,BTC,2,SAT,14847303,14847230,130,130,52692,52736,Metrotown Station @ Bay 1,Metrotown Station @ Bay 4,52692,Metrotown Station,67170,67590,in_service_layover,64.83250255671214,69.6573724360891,27.212266119686035,420,7.0,18:39:30,18:46:30,False,,no_dispenser,0
2160574,heavy,123.0,2.0,40-ft,HTC,2,SAT,14848672,14845733,144,119,52692,52804,Metrotown Station @ Bay 1,Metrotown Station @ Bay 6,52692,Metrotown Station,67530,68430,in_service_layover,41.00009776794289,52.531901224678634,65.0393714959896,900,15.0,18:45:30,19:00:30,False,,no_dispenser,0
2160715,heavy,130.0,15.0,40-ft,BTC,2,SAT,14847338,14847207,130,130,52692,52736,Metrotown Station @ Bay 1,Metrotown Station @ Bay 4,52692,Metrotown Station,67890,68310,in_service_layover,63.00696501923695,67.9933125433509,28.123000036002622,420,7.0,18:51:30,18:58:30,False,,no_dispenser,0
2160511,heavy,123.0,9.0,40-ft,HTC,2,SAT,14845428,14845397,116,116,60212,60212,Metrotown Station @ Bay 12,Metrotown Station @ Bay 12,60212,Metrotown Station,67950,68310,in_service_layover,52.162932647363405,56.857827192077316,26.479205232186473,360,6.0,18:52:30,18:58:30,False,,no_dispenser,0
2162377,heavy,430.0,29.0,40-ft,RTC,2,SAT,14874264,14874314,430,430,52692,51999,Metrotown Station @ Bay 1,Metrotown Station @ Bay 3,52692,Metrotown Station,68250,69630,in_service_layover,62.762197346012215,76.11719667905626,75.32219623836846,1380,23.0,18:57:30,19:20:30,False,,no_dispenser,0
2160432,heavy,151.0,24.0,40-ft,PCT,2,SAT,14844824,14844797,110,110,52692,60213,Metrotown Station @ Bay 1,Metrotown Station @ Bay 13,52692,Metrotown Station,68370,69330,in_service_layover,51.29088241862729,63.53377378011383,69.04990727878408,960,16.0,18:59:30,19:15:30,False,,no_dispenser,0
2160478,heavy,410.0,9.0,40-ft,HTC,2,SAT,14845762,14848620,119,144,52692,60214,Metrotown Station @ Bay 1,Metrotown Station @ Bay 14,52692,Metrotown Station,68430,68610,in_service_layover,31.86651075704835,34.1179319880314,12.698015742744445,180,3.0,19:00:30,19:03:30,False,,no_dispenser,0
2160341,heavy,130.0,18.0,40-ft,BTC,2,SAT,14847307,14847231,130,130,52692,52736,Metrotown Station @ Bay 1,Metrotown Station @ Bay 4,52692,Metrotown Station,68610,69210,in_service_layover,59.41971998231354,66.76419232048086,41.42282398726371,600,10.0,19:03:30,19:13:30,False,,no_dispenser,0
2160624,heavy,106.0,10.0,40-ft,HTC,2,SAT,14848675,14845732,144,119,52692,52804,Metrotown Station @ Bay 1,Metrotown Station @ Bay 6,52692,Metrotown Station,68730,69330,in_service_layover,54.6281781558991,62.39912406632797,43.82813493481888,600,10.0,19:05:30,19:15:30,False,,no_dispenser,0
2160720,heavy,130.0,21.0,40-ft,BTC,2,SAT,14847344,14847204,130,130,52692,52736,Metrotown Station @ Bay 1,Metrotown Station @ Bay 4,52692,Metrotown Station,69330,70110,in_service_layover,58.07592787867337,67.54967448179137,53.43193084158554,780,13.0,19:15:30,19:28:30,False,,no_dispenser,0
2160612,heavy,123.0,23.0,40-ft,HTC,2,SAT,14845419,14845398,116,116,60212,60212,Metrotown Station @ Bay 12,Metrotown Station @ Bay 12,60212,Metrotown Station,69750,70110,in_service_layover,57.93801774014048,62.6051925188497,26.32286575191995,360,6.0,19:22:30,19:28:30,False,,no_dispenser,0
2160613,heavy,106.0,7.0,40-ft,HTC,2,SAT,14848653,14845731,144,119,52692,52804,Metrotown Station @ Bay 1,Metrotown Station @ Bay 6,52692,Metrotown Station,69870,70230,in_service_layover,55.406486193152816,60.1436863721997,26.717809009824407,360,6.0,19:24:30,19:30:30,False,,no_dispenser,0
2160615,heavy,123.0,17.0,40-ft,HTC,2,SAT,14845760,14848631,119,144,52692,60214,Metrotown Station @ Bay 1,Metrotown Station @ Bay 14,52692,Metrotown Station,70170,70410,in_service_layover,68.69507991870037,71.34693829046105,14.956481216730197,240,4.0,19:29:30,19:33:30,False,,no_dispenser,0
2160431,heavy,151.0,25.0,40-ft,PCT,2,SAT,14844818,14844774,110,110,52692,60213,Metrotown Station @ Bay 1,Metrotown Station @ Bay 13,52692,Metrotown Station,70230,71190,in_service_layover,49.44061261495811,61.79551282424162,69.68163718035896,960,16.0,19:30:30,19:46:30,False,,no_dispenser,0
2162381,heavy,430.0,25.0,40-ft,RTC,2,SAT,14874289,14874300,430,430,52692,51999,Metrotown Station @ Bay 1,Metrotown Station @ Bay 3,52692,Metrotown Station,70470,71310,in_service_layover,58.220338157262454,68.28991847550168,56.792432994869216,840,14.0,19:34:30,19:48:30,False,,no_dispenser,0
2160716,heavy,130.0,14.0,40-ft,BTC,2,SAT,14847298,14847213,130,130,52692,52736,Metrotown Station @ Bay 1,Metrotown Station @ Bay 4,52692,Metrotown Station,70770,71010,in_service_layover,58.85865674181737,61.98878294936109,17.65391181054656,240,4.0,19:39:30,19:43:30,False,,no_dispenser,0
2160773,heavy,106.0,8.0,40-ft,HTC,2,SAT,14848661,14848623,144,144,52692,60214,Metrotown Station @ Bay 1,Metrotown Station @ Bay 14,52692,Metrotown Station,71070,72030,in_service_layover,50.7466493391028,63.028717226476225,69.27086288478614,960,16.0,19:44:30,20:00:30,False,,no_dispenser,0
2160577,heavy,123.0,24.0,40-ft,HTC,2,SAT,14845420,14845399,116,116,60212,60212,Metrotown Station @ Bay 12,Metrotown Station @ Bay 12,60212,Metrotown Station,71310,71790,in_service_layover,55.94553773837894,62.18553052849721,35.19355933626713,480,8.0,19:48:30,19:56:30,False,,no_dispenser,0
2160717,heavy,130.0,13.0,40-ft,BTC,2,SAT,14847312,14847209,130,130,52692,52736,Metrotown Station @ Bay 1,Metrotown Station @ Bay 4,52692,Metrotown Station,71610,71910,in_service_layover,50.299768742180085,54.17363101636964,21.84858322642907,300,5.0,19:53:30,19:58:30,False,,no_dispenser,0
2160552,heavy,151.0,32.0,40-ft,PCT,2,SAT,14844819,14844798,110,110,52692,60213,Metrotown Station @ Bay 1,Metrotown Station @ Bay 13,52692,Metrotown Station,71970,73050,in_service_layover,54.93236188352576,68.00030760011363,73.70321384155557,1080,18.0,19:59:30,20:17:30,False,,no_dispenser,0
2160625,heavy,106.0,5.0,40-ft,HTC,2,SAT,14848674,14845729,144,119,52692,52804,Metrotown Station @ Bay 1,Metrotown Station @ Bay 6,52692,Metrotown Station,72090,72930,in_service_layover,50.50702772111932,61.37313250705972,61.28483099270386,840,14.0,20:01:30,20:15:30,False,,no_dispenser,0
2160714,heavy,130.0,17.0,40-ft,BTC,2,SAT,14847334,14847232,130,130,52692,52736,Metrotown Station @ Bay 1,Metrotown Station @ Bay 4,52692,Metrotown Station,72390,72810,in_service_layover,59.43877991450199,64.72786553407386,29.830442894385328,420,7.0,20:06:30,20:13:30,False,,no_dispenser,0
2162380,heavy,430.0,28.0,40-ft,RTC,2,SAT,14874249,14874324,430,430,52692,51999,Metrotown Station @ Bay 1,Metrotown Station @ Bay 3,52692,Metrotown Station,72750,73710,in_service_layover,56.29734924964516,67.92090915927278,65.5568778902998,960,16.0,20:12:30,20:28:30,False,,no_dispenser,0
2160511,heavy,123.0,9.0,40-ft,HTC,2,SAT,14845421,14845383,116,116,60212,60212,Metrotown Station @ Bay 12,Metrotown Station @ Bay 12,60212,Metrotown Station,73230,73710,in_service_layover,53.02265667809494,59.31835706211761,35.5077501658879,480,8.0,20:20:30,20:28:30,False,,no_dispenser,0
2160715,heavy,130.0,15.0,40-ft,BTC,2,SAT,14847311,14847199,130,130,52692,52736,Metrotown Station @ Bay 1,Metrotown Station @ Bay 4,52692,Metrotown Station,73290,73710,in_service_layover,61.350075304265296,66.47595559823861,28.909964858009516,420,7.0,20:21:30,20:28:30,False,,no_dispenser,0
2160616,heavy,106.0,3.0,40-ft,HTC,2,SAT,14848649,14848617,144,144,52692,60214,Metrotown Station @ Bay 1,Metrotown Station @ Bay 14,52692,Metrotown Station,73290,74010,in_service_layover,51.5535577533614,60.9133602079684,52.78928584398352,720,12.0,20:21:30,20:33:30,False,,no_dispenser,0
2160551,heavy,151.0,28.0,40-ft,PCT,2,SAT,14844825,14844779,110,110,52692,60213,Metrotown Station @ Bay 1,Metrotown Station @ Bay 13,52692,Metrotown Station,73530,74970,in_service_layover,52.50279222533899,69.45553155594546,95.61344982462043,1440,24.0,20:25:30,20:49:30,False,,no_dispenser,0
2160613,heavy,106.0,7.0,40-ft,HTC,2,SAT,14845756,14845728,119,119,52692,52804,Metrotown Station @ Bay 1,Metrotown Station @ Bay 6,52692,Metrotown Station,73590,73830,in_service_layover,60.481199854116106,63.53646227236121,17.23168003890237,240,4.0,20:26:30,20:30:30,False,,no_dispenser,0
2160341,heavy,130.0,18.0,40-ft,BTC,2,SAT,14847297,14847179,130,130,52692,52736,Metrotown Station @ Bay 1,Metrotown Station @ Bay 4,52692,Metrotown Station,74190,74610,in_service_layover,60.19359830565404,65.41516818580088,29.449654124028143,420,7.0,20:36:30,20:43:30,False,,no_dispenser,0
2162378,heavy,430.0,26.0,40-ft,RTC,2,SAT,14874274,14874298,430,430,52692,51999,Metrotown Station @ Bay 1,Metrotown Station @ Bay 3,52692,Metrotown Station,74430,75510,in_service_layover,56.12515212139366,68.9636493641876,72.40912444935788,1080,18.0,20:40:30,20:58:30,False,,no_dispenser,0
2160517,heavy,123.0,1.0,40-ft,HTC,2,SAT,14845755,14845727,119,119,52692,52804,Metrotown Station @ Bay 1,Metrotown Station @ Bay 6,52692,Metrotown Station,74490,74730,in_service_layover,68.49158265191217,71.15476301678501,15.020337257882886,240,4.0,20:41:30,20:45:30,False,,no_dispenser,0
2160478,heavy,410.0,9.0,40-ft,HTC,2,SAT,14848651,14848610,144,144,52692,60214,Metrotown Station @ Bay 1,Metrotown Station @ Bay 14,52692,Metrotown Station,74670,75810,in_service_layover,21.22693510715912,35.46744154461186,80.31645630723347,1140,19.0,20:44:30,21:03:30,False,,no_dispenser,0
2160612,heavy,123.0,23.0,40-ft,HTC,2,SAT,14845422,14845384,116,116,60212,60212,Metrotown Station @ Bay 12,Metrotown Station @ Bay 12,60212,Metrotown Station,75030,75510,in_service_layover,58.50705432869805,64.58220148406052,34.263829956244365,480,8.0,20:50:30,20:58:30,False,,no_dispenser,0
2160720,heavy,130.0,21.0,40-ft,BTC,2,SAT,14847332,14847201,130,130,52692,52736,Metrotown Station @ Bay 1,Metrotown Station @ Bay 4,52692,Metrotown Station,75090,75510,in_service_layover,60.240710923470154,65.4583825964691,29.427668235713952,420,7.0,20:51:30,20:58:30,False,,no_dispenser,0
2160432,heavy,151.0,24.0,40-ft,PCT,2,SAT,14844814,14844780,110,110,52692,60213,Metrotown Station @ Bay 1,Metrotown Station @ Bay 13,52692,Metrotown Station,75330,76770,in_service_layover,55.41468682022194,71.59735206345516,91.27023197183536,1440,24.0,20:55:30,21:19:30,False,,no_dispenser,0
2160574,heavy,123.0,2.0,40-ft,HTC,2,SAT,14845754,14845726,119,119,52692,52804,Metrotown Station @ Bay 1,Metrotown Station @ Bay 6,52692,Metrotown Station,75390,75630,in_service_layover,51.789186125450136,54.900912126985155,17.55013464865749,240,4.0,20:56:30,21:00:30,False,,no_dispenser,0
2160716,heavy,130.0,14.0,40-ft,BTC,2,SAT,14847333,14847206,130,130,52692,52736,Metrotown Station @ Bay 1,Metrotown Station @ Bay 4,52692,Metrotown Station,75990,76650,in_service_layover,54.92532834681027,63.39981134724266,47.79608412243874,660,11.0,21:06:30,21:17:30,False,,no_dispenser,0
2162377,heavy,430.0,29.0,40-ft,RTC,2,SAT,14874248,14874299,430,430,52692,51999,Metrotown Station @ Bay 1,Metrotown Station @ Bay 3,52692,Metrotown Station,76230,77490,in_service_layover,61.79987653128967,74.62491854579112,72.3332369617882,1260,21.0,21:10:30,21:31:30,False,,no_dispenser,0
2160625,heavy,106.0,5.0,40-ft,HTC,2,SAT,14845753,14845725,119,119,52692,52804,Metrotown Station @ Bay 1,Metrotown Station @ Bay 6,52692,Metrotown Station,76290,76530,in_service_layover,61.609465329712755,64.61138186258685,16.930809245409932,240,4.0,21:11:30,21:15:30,False,,no_dispenser,0
2160615,heavy,123.0,17.0,40-ft,HTC,2,SAT,14848670,14848639,144,144,52692,60214,Metrotown Station @ Bay 1,Metrotown Station @ Bay 14,52692,Metrotown Station,76290,77610,in_service_layover,59.914830566789625,73.73394801573154,77.93982241203247,1320,22.0,21:11:30,21:33:30,False,,no_dispenser,0
2160575,heavy,123.0,7.0,40-ft,HTC,2,SAT,14845427,14845385,116,116,60212,60212,Metrotown Station @ Bay 12,Metrotown Station @ Bay 12,60212,Metrotown Station,76710,77310,in_service_layover,64.5253307817644,71.20749648339027,37.68741455716997,600,10.0,21:18:30,21:28:30,False,,no_dispenser,0
2160717,heavy,130.0,13.0,40-ft,BTC,2,SAT,14847275,14847215,130,130,52692,52736,Metrotown Station @ Bay 1,Metrotown Station @ Bay 4,52692,Metrotown Station,76890,77850,in_service_layover,48.61146439639549,60.997129501331194,69.85515119183736,960,16.0,21:21:30,21:37:30,False,,no_dispenser,0
2160613,heavy,106.0,7.0,40-ft,HTC,2,SAT,14845824,14845724,119,119,52692,52804,Metrotown Station @ Bay 1,Metrotown Station @ Bay 6,52692,Metrotown Station,77070,77430,in_service_layover,63.560399067876276,67.83909142602836,24.1318248999778,360,6.0,21:24:30,21:30:30,False,,no_dispenser,0
2160431,heavy,151.0,25.0,40-ft,PCT,2,SAT,14844829,14844782,110,110,52692,60213,Metrotown Station @ Bay 1,Metrotown Station @ Bay 13,52692,Metrotown Station,77130,78150,in_service_layover,52.98989366792492,65.73321534525309,71.87233426013086,1020,17.0,21:25:30,21:42:30,False,,no_dispenser,0
2160773,heavy,106.0,8.0,40-ft,HTC,2,SAT,14848669,14848621,144,144,52692,60214,Metrotown Station @ Bay 1,Metrotown Station @ Bay 14,52692,Metrotown Station,77910,79410,in_service_layover,51.8342139893497,69.47360693374912,99.48617620641278,1500,25.0,21:38:30,22:03:30,False,,no_dispenser,0
2160511,heavy,123.0,9.0,40-ft,HTC,2,SAT,14845423,14845386,116,116,60212,60212,Metrotown Station @ Bay 12,Metrotown Station @ Bay 12,60212,Metrotown Station,78510,79110,in_service_layover,55.437394442710875,63.16329573665305,43.57408329783385,600,10.0,21:48:30,21:58:30,False,,no_dispenser,0
2160715,heavy,130.0,15.0,40-ft,BTC,2,SAT,14847341,14847203,130,130,52692,52736,Metrotown Station @ Bay 1,Metrotown Station @ Bay 4,52692,Metrotown Station,78690,79050,in_service_layover,61.28814940986791,65.7287061893099,25.04474023605286,360,6.0,21:51:30,21:57:30,False,,no_dispenser,0
2160552,heavy,151.0,32.0,40-ft,PCT,2,SAT,14844835,14844781,110,110,52692,60213,Metrotown Station @ Bay 1,Metrotown Station @ Bay 13,52692,Metrotown Station,78690,79950,in_service_layover,58.84441803030654,72.55889776766412,77.34966571869671,1260,21.0,21:51:30,22:12:30,False,,no_dispenser,0
2160574,heavy,123.0,2.0,40-ft,HTC,2,SAT,14845822,14845722,119,119,52692,52804,Metrotown Station @ Bay 1,Metrotown Station @ Bay 6,52692,Metrotown Station,78930,79410,in_service_layover,56.17087004115645,62.400706761095435,35.13627910045591,480,8.0,21:55:30,22:03:30,False,,no_dispenser,0
2160341,heavy,130.0,18.0,40-ft,BTC,2,SAT,14847299,14847178,130,130,52692,52736,Metrotown Station @ Bay 1,Metrotown Station @ Bay 4,52692,Metrotown Station,79590,80730,in_service_layover,62.2829619606349,74.08941511236101,66.58839577573531,1140,19.0,22:06:30,22:25:30,False,,no_dispenser,0
2160612,heavy,123.0,23.0,40-ft,HTC,2,SAT,14845424,14845721,116,119,60212,52804,Metrotown Station @ Bay 12,Metrotown Station @ Bay 6,60212,Metrotown Station,80310,81210,in_service_layover,61.55524837815191,71.53941353489014,56.310691484003655,900,15.0,22:18:30,22:33:30,False,,no_dispenser,0
2160613,heavy,106.0,7.0,40-ft,HTC,2,SAT,14845820,14848632,119,144,52692,60214,Metrotown Station @ Bay 1,Metrotown Station @ Bay 14,52692,Metrotown Station,80610,81210,in_service_layover,68.02307209709045,74.22052394001226,34.95362839407903,600,10.0,22:23:30,22:33:30,False,,no_dispenser,0
2160551,heavy,151.0,28.0,40-ft,PCT,2,SAT,14844815,14844799,110,110,52692,60213,Metrotown Station @ Bay 1,Metrotown Station @ Bay 13,52692,Metrotown Station,80610,81750,in_service_layover,60.19568721711399,72.54307634370849,69.63927467399293,1140,19.0,22:23:30,22:42:30,False,,no_dispenser,0
2162378,heavy,430.0,26.0,40-ft,RTC,2,SAT,14874294,14874344,430,430,52692,51999,Metrotown Station @ Bay 1,Metrotown Station @ Bay 3,52692,Metrotown Station,81210,81870,in_service_layover,54.64632921642101,63.13904918367606,47.89894061531845,660,11.0,22:33:30,22:44:30,False,,no_dispenser,0
2160478,heavy,410.0,9.0,40-ft,HTC,2,SAT,14848657,14848616,144,144,52692,60214,Metrotown Station @ Bay 1,Metrotown Station @ Bay 14,52692,Metrotown Station,81630,83010,in_service_layover,24.825765132490616,42.17979121809599,97.87670712281434,1380,23.0,22:40:30,23:03:30,False,,no_dispenser,0
2160575,heavy,123.0,7.0,40-ft,HTC,2,SAT,14845425,14845401,116,116,60212,60212,Metrotown Station @ Bay 12,Metrotown Station @ Bay 12,60212,Metrotown Station,82110,82710,in_service_layover,67.11305940573135,73.43951976805894,35.681236443527666,600,10.0,22:48:30,22:58:30,False,,no_dispenser,0
2160574,heavy,123.0,2.0,40-ft,HTC,2,SAT,14845819,14845720,119,119,52692,52804,Metrotown Station @ Bay 1,Metrotown Station @ Bay 6,52692,Metrotown Station,82350,83010,in_service_layover,61.134912608498716,68.8826479777645,43.69722748265906,660,11.0,22:52:30,23:03:30,False,,no_dispenser,0
2160615,heavy,123.0,17.0,40-ft,HTC,2,SAT,14848644,14845719,144,119,52692,52804,Metrotown Station @ Bay 1,Metrotown Station @ Bay 6,52692,Metrotown Station,83430,84810,in_service_layover,62.825084127260254,76.16076697987117,75.21325128872564,1380,23.0,23:10:30,23:33:30,False,,no_dispenser,0
2160431,heavy,151.0,25.0,40-ft,PCT,2,SAT,14844816,14844801,110,110,52692,60213,Metrotown Station @ Bay 1,Metrotown Station @ Bay 13,52692,Metrotown Station,83490,84510,in_service_layover,56.017786790487364,68.29241081014702,69.22887947088043,1020,17.0,23:11:30,23:28:30,False,,no_dispenser,0
2160612,heavy,123.0,23.0,40-ft,HTC,2,SAT,14845818,14848618,119,144,52692,60214,Metrotown Station @ Bay 1,Metrotown Station @ Bay 14,52692,Metrotown Station,84030,85110,in_service_layover,69.57620399382371,79.08145627649897,53.60962287428845,1080,18.0,23:20:30,23:38:30,False,,no_dispenser,0
2160574,heavy,123.0,2.0,40-ft,HTC,2,SAT,14845814,14845718,119,119,52692,52804,Metrotown Station @ Bay 1,Metrotown Station @ Bay 6,52692,Metrotown Station,85710,86610,in_service_layover,66.50554961713796,75.46534569790431,50.533249895522204,900,15.0,23:48:30,24:03:30,False,,no_dispenser,0
2160844,heavy,152.0,31.0,40-ft,PCT,2,SAT,14844812,14844790,110,110,52692,60213,Metrotown Station @ Bay 1,Metrotown Station @ Bay 13,52692,Metrotown Station,86910,88110,in_service_layover,66.2682740965978,77.41700828879532,62.87886084399395,1200,20.0,24:08:30,24:28:30,False,,no_dispenser,0
2160613,heavy,106.0,7.0,40-ft,HTC,2,SAT,14848666,14845717,144,119,52692,52804,Metrotown Station @ Bay 1,Metrotown Station @ Bay 6,52692,Metrotown Station,86970,88410,in_service_layover,63.27491369438041,76.86079833759605,76.62438938773619,1440,24.0,24:09:30,24:33:30,False,,no_dispenser,0
2160574,heavy,123.0,2.0,40-ft,HTC,2,SAT,14845812,14845716,119,119,52692,52804,Metrotown Station @ Bay 1,Metrotown Station @ Bay 6,52692,Metrotown Station,89190,90210,in_service_layover,69.66393583962282,78.75364064636635,51.265935110033524,1020,17.0,24:46:30,25:03:30,False,,no_dispenser,0
2160341,heavy,130.0,18.0,40-ft,BTC,2,SAT,14847337,14847210,130,130,52692,52736,Metrotown Station @ Bay 1,Metrotown Station @ Bay 4,52692,Metrotown Station,91530,92070,in_service_layover,60.611121631404885,67.1500398534193,36.8794987721613,540,9.0,25:25:30,25:34:30,False,,no_dispenser,0
2160517,heavy,123.0,1.0,40-ft,HTC,2,SAT,14844269,14844350,106,106,61650,61654,New Westminster Station @ Bay 3,New Westminster Station @ Bay 7,61650,New Westminster Station,24870,25410,in_service_layover,68.15804622158412,73.79774535409544,31.807903107363813,540,9.0,06:54:30,07:03:30,False,,no_dispenser,0
2160636,heavy,123.0,3.0,40-ft,HTC,2,SAT,14846237,14846292,123,123,61678,61651,New Westminster Station @ Unloading Only,New Westminster Station @ Bay 4,61678,New Westminster Station,25410,25770,in_service_layover,69.9487287860429,73.71213572605956,21.225615141693936,360,6.0,07:03:30,07:09:30,False,,no_dispenser,0
2160513,heavy,106.0,1.0,40-ft,HTC,2,SAT,14844229,14844355,106,106,61650,61654,New Westminster Station @ Bay 3,New Westminster Station @ Bay 7,61650,New Westminster Station,26010,26310,in_service_layover,62.71845372634526,66.36984535008372,20.593848757884928,300,5.0,07:13:30,07:18:30,False,,no_dispenser,0
2160635,heavy,123.0,5.0,40-ft,HTC,2,SAT,14846218,14846293,123,123,61678,61651,New Westminster Station @ Unloading Only,New Westminster Station @ Bay 4,61678,New Westminster Station,27510,27690,in_service_layover,69.9487287860429,71.91021801192448,11.062799233972157,180,3.0,07:38:30,07:41:30,False,,no_dispenser,0
2160573,heavy,410.0,2.0,40-ft,HTC,2,SAT,14845101,14845138,112,112,61657,61657,New Westminster Station @ Bay 10,New Westminster Station @ Bay 10,61657,New Westminster Station,28410,28830,in_service_layover,64.2169323805795,69.09717002156613,27.52454029516457,420,7.0,07:53:30,08:00:30,False,,no_dispenser,0
2160513,heavy,106.0,1.0,40-ft,HTC,2,SAT,14844228,14844326,106,106,61650,61654,New Westminster Station @ Bay 3,New Westminster Station @ Bay 7,61650,New Westminster Station,29670,29910,in_service_layover,64.38755067602933,67.25811565588612,16.189986486392172,240,4.0,08:14:30,08:18:30,False,,no_dispenser,0
2160511,heavy,123.0,9.0,40-ft,HTC,2,SAT,14845103,14845143,112,112,61657,61657,New Westminster Station @ Bay 10,New Westminster Station @ Bay 10,61657,New Westminster Station,30330,30690,in_service_layover,68.80763882495532,72.67045923450026,21.786307109833388,360,6.0,08:25:30,08:31:30,False,,no_dispenser,0
2160572,heavy,123.0,4.0,40-ft,HTC,2,SAT,14845104,14845125,112,112,61657,61657,New Westminster Station @ Bay 10,New Westminster Station @ Bay 10,61657,New Westminster Station,31290,31590,in_service_layover,67.65728870725981,71.00031740903235,18.854681877997052,300,5.0,08:41:30,08:46:30,False,,no_dispenser,0
2160635,heavy,123.0,5.0,40-ft,HTC,2,SAT,14846200,14846253,123,123,61678,61651,New Westminster Station @ Unloading Only,New Westminster Station @ Bay 4,61678,New Westminster Station,32190,32430,in_service_layover,61.01724283457739,64.04716043105127,17.088735244112684,240,4.0,08:56:30,09:00:30,False,,no_dispenser,0
2160511,heavy,123.0,9.0,40-ft,HTC,2,SAT,14845106,14845151,112,112,61657,61657,New Westminster Station @ Bay 10,New Westminster Station @ Bay 10,61657,New Westminster Station,32970,33330,in_service_layover,68.03132665631033,71.95994723464135,22.157420061787036,360,6.0,09:09:30,09:15:30,False,,no_dispenser,0
2160513,heavy,106.0,1.0,40-ft,HTC,2,SAT,14844230,14844342,106,106,61650,61654,New Westminster Station @ Bay 3,New Westminster Station @ Bay 7,61650,New Westminster Station,33330,33810,in_service_layover,64.53219469690764,70.01167151156201,30.90424923465065,480,8.0,09:15:30,09:23:30,False,,no_dispenser,0
2160637,heavy,123.0,8.0,40-ft,HTC,2,SAT,14846176,14846276,123,123,61678,61651,New Westminster Station @ Unloading Only,New Westminster Station @ Bay 4,61678,New Westminster Station,33750,34110,in_service_layover,62.41009805587614,66.77108400936011,24.595960777649566,360,6.0,09:22:30,09:28:30,False,,no_dispenser,0
2160575,heavy,123.0,7.0,40-ft,HTC,2,SAT,14845107,14845133,112,112,61657,61657,New Westminster Station @ Bay 10,New Westminster Station @ Bay 10,61657,New Westminster Station,33990,34230,in_service_layover,69.73675223849021,72.3290573844548,14.620601023240283,240,4.0,09:26:30,09:30:30,False,,no_dispenser,0
2160581,heavy,123.0,16.0,40-ft,HTC,2,SAT,14846194,14846284,123,123,61678,61651,New Westminster Station @ Unloading Only,New Westminster Station @ Bay 4,61678,New Westminster Station,34650,35010,in_service_layover,69.28349831889807,73.10525085478443,21.554684302399096,360,6.0,09:37:30,09:43:30,False,,no_dispenser,0
2160515,heavy,106.0,2.0,40-ft,HTC,2,SAT,14844251,14844328,106,106,61650,61654,New Westminster Station @ Bay 3,New Westminster Station @ Bay 7,61650,New Westminster Station,35010,35190,in_service_layover,66.93437357684391,69.0179093389456,11.751141698253548,180,3.0,09:43:30,09:46:30,False,,no_dispenser,0
2160511,heavy,123.0,9.0,40-ft,HTC,2,SAT,14845046,14845128,112,112,61657,61657,New Westminster Station @ Bay 10,New Westminster Station @ Bay 10,61657,New Westminster Station,35850,36150,in_service_layover,69.97476082486952,73.15333843214847,17.927177705053282,300,5.0,09:57:30,10:02:30,False,,no_dispenser,0
2160636,heavy,123.0,3.0,40-ft,HTC,2,SAT,14846178,14846302,123,123,61678,61651,New Westminster Station @ Unloading Only,New Westminster Station @ Bay 4,61678,New Westminster Station,36510,36810,in_service_layover,67.86305235346963,71.1920148909155,18.77534871119468,300,5.0,10:08:30,10:13:30,False,,no_dispenser,0
2160635,heavy,123.0,5.0,40-ft,HTC,2,SAT,14846228,14846255,123,123,61678,61651,New Westminster Station @ Unloading Only,New Westminster Station @ Bay 4,61678,New Westminster Station,37410,37710,in_service_layover,57.78557814044842,61.70961175279422,22.131549573630252,300,5.0,10:23:30,10:28:30,False,,no_dispenser,0
2160571,heavy,123.0,15.0,40-ft,HTC,2,SAT,14845048,14845163,112,112,61657,61657,New Westminster Station @ Bay 10,New Westminster Station @ Bay 10,61657,New Westminster Station,37650,38010,in_service_layover,67.99360067168246,71.92538109524702,22.1752415889041,360,6.0,10:27:30,10:33:30,False,,no_dispenser,0
2160583,heavy,123.0,19.0,40-ft,HTC,2,SAT,14846196,14846281,123,123,61678,61651,New Westminster Station @ Unloading Only,New Westminster Station @ Bay 4,61678,New Westminster Station,38310,38610,in_service_layover,69.28349831889807,72.51251299862284,18.211642793647684,300,5.0,10:38:30,10:43:30,False,,no_dispenser,0
2160511,heavy,123.0,9.0,40-ft,HTC,2,SAT,14845049,14845134,112,112,61657,61657,New Westminster Station @ Bay 10,New Westminster Station @ Bay 10,61657,New Westminster Station,38430,38910,in_service_layover,68.51420585395854,73.55708937495133,28.44186305839935,480,8.0,10:40:30,10:48:30,False,,no_dispenser,0
2160515,heavy,106.0,2.0,40-ft,HTC,2,SAT,14844270,14844352,106,106,61650,61654,New Westminster Station @ Bay 3,New Westminster Station @ Bay 7,61650,New Westminster Station,38850,39510,in_service_layover,64.82577437537255,72.0374385156044,40.673785750907655,660,11.0,10:47:30,10:58:30,False,,no_dispenser,0
2160637,heavy,123.0,8.0,40-ft,HTC,2,SAT,14846219,14846300,123,123,61678,61651,New Westminster Station @ Unloading Only,New Westminster Station @ Bay 4,61678,New Westminster Station,39210,39510,in_service_layover,61.006135346031456,64.75872781967026,21.164621551322853,300,5.0,10:53:30,10:58:30,False,,no_dispenser,0
2160575,heavy,123.0,7.0,40-ft,HTC,2,SAT,14845050,14845122,112,112,61657,61657,New Westminster Station @ Bay 10,New Westminster Station @ Bay 10,61657,New Westminster Station,39390,39810,in_service_layover,65.6839757277983,70.43072223150698,26.7716502809169,420,7.0,10:56:30,11:03:30,False,,no_dispenser,0
2160516,heavy,123.0,6.0,40-ft,HTC,2,SAT,14844237,14844307,106,106,61650,61654,New Westminster Station @ Bay 3,New Westminster Station @ Bay 7,61650,New Westminster Station,39750,40230,in_service_layover,61.238859362078955,67.04992043736928,32.77438446463742,480,8.0,11:02:30,11:10:30,False,,no_dispenser,0
2160581,heavy,123.0,16.0,40-ft,HTC,2,SAT,14846207,14846279,123,123,61678,61651,New Westminster Station @ Unloading Only,New Westminster Station @ Bay 4,61678,New Westminster Station,40170,40410,in_service_layover,66.77100611889114,69.52583920405945,15.537258600349276,240,4.0,11:09:30,11:13:30,False,,no_dispenser,0
2160571,heavy,123.0,15.0,40-ft,HTC,2,SAT,14845051,14845127,112,112,61657,61657,New Westminster Station @ Bay 10,New Westminster Station @ Bay 10,61657,New Westminster Station,40290,40590,in_service_layover,67.28624851705709,70.65437873322401,18.996254419181412,300,5.0,11:11:30,11:16:30,False,,no_dispenser,0
2160634,heavy,123.0,20.0,40-ft,HTC,2,SAT,14846181,14846251,123,123,61678,61651,New Westminster Station @ Unloading Only,New Westminster Station @ Bay 4,61678,New Westminster Station,41070,41310,in_service_layover,66.59279352798512,69.35670303299533,15.58844960825752,240,4.0,11:24:30,11:28:30,False,,no_dispenser,0
2160513,heavy,106.0,1.0,40-ft,HTC,2,SAT,14844238,14844308,106,106,61650,61654,New Westminster Station @ Bay 3,New Westminster Station @ Bay 7,61650,New Westminster Station,41250,41670,in_service_layover,63.076820060762984,68.05714003566676,28.089004658457327,420,7.0,11:27:30,11:34:30,False,,no_dispenser,0
2160511,heavy,123.0,9.0,40-ft,HTC,2,SAT,14845052,14845112,112,112,61657,61657,New Westminster Station @ Bay 10,New Westminster Station @ Bay 10,61657,New Westminster Station,41310,41610,in_service_layover,68.9179567967614,72.17316720372989,18.35938669530225,300,5.0,11:28:30,11:33:30,False,,no_dispenser,0
2160571,heavy,123.0,15.0,40-ft,HTC,2,SAT,14845054,14845144,112,112,61657,61657,New Westminster Station @ Bay 10,New Westminster Station @ Bay 10,61657,New Westminster Station,43110,44070,in_service_layover,66.01524615503408,75.54291621881846,53.736059159743945,960,16.0,11:58:30,12:14:30,False,,no_dispenser,0
2160515,heavy,106.0,2.0,40-ft,HTC,2,SAT,14844274,14844311,106,106,61650,61654,New Westminster Station @ Bay 3,New Westminster Station @ Bay 7,61650,New Westminster Station,43410,43650,in_service_layover,68.38038999031811,71.04971385655523,15.054986605577312,240,4.0,12:03:30,12:07:30,False,,no_dispenser,0
2160583,heavy,123.0,19.0,40-ft,HTC,2,SAT,14846235,14846275,123,123,61678,61651,New Westminster Station @ Unloading Only,New Westminster Station @ Bay 4,61678,New Westminster Station,43830,44010,in_service_layover,61.61953782127573,63.891894636124114,12.81609243574485,180,3.0,12:10:30,12:13:30,False,,no_dispenser,0
2160511,heavy,123.0,9.0,40-ft,HTC,2,SAT,14845055,14845135,112,112,61657,61657,New Westminster Station @ Bay 10,New Westminster Station @ Bay 10,61657,New Westminster Station,44010,44910,in_service_layover,67.53403462553995,76.27343474104745,49.29021665146229,900,15.0,12:13:30,12:28:30,False,,no_dispenser,0
2160516,heavy,123.0,6.0,40-ft,HTC,2,SAT,14844275,14844338,106,106,61650,61654,New Westminster Station @ Bay 3,New Westminster Station @ Bay 7,61650,New Westminster Station,44130,44370,in_service_layover,63.63903043588851,66.54498644364793,16.389591883763046,240,4.0,12:15:30,12:19:30,False,,no_dispenser,0
2160637,heavy,123.0,8.0,40-ft,HTC,2,SAT,14846229,14846274,123,123,61678,61651,New Westminster Station @ Unloading Only,New Westminster Station @ Bay 4,61678,New Westminster Station,44730,44910,in_service_layover,53.86575264232315,56.214734864366,13.248259732321628,180,3.0,12:25:30,12:28:30,False,,no_dispenser,0
2160510,heavy,106.0,6.0,40-ft,HTC,2,SAT,14844288,14844312,106,106,61650,61654,New Westminster Station @ Bay 3,New Westminster Station @ Bay 7,61650,New Westminster Station,44850,45150,in_service_layover,69.508659916486,72.72137514557404,18.119713892056552,300,5.0,12:27:30,12:32:30,False,,no_dispenser,0
2160575,heavy,123.0,7.0,40-ft,HTC,2,SAT,14845056,14845121,112,112,61657,61657,New Westminster Station @ Bay 10,New Westminster Station @ Bay 10,61657,New Westminster Station,44970,45750,in_service_layover,63.39397008539728,71.94659497014113,48.23680434995532,780,13.0,12:29:30,12:42:30,False,,no_dispenser,0
2160513,heavy,106.0,1.0,40-ft,HTC,2,SAT,14844277,14844313,106,106,61650,61654,New Westminster Station @ Bay 3,New Westminster Station @ Bay 7,61650,New Westminster Station,45570,45870,in_service_layover,64.59862735814357,68.13845623306264,19.964634854543533,300,5.0,12:39:30,12:44:30,False,,no_dispenser,0
2160581,heavy,123.0,16.0,40-ft,HTC,2,SAT,14846205,14846277,123,123,61678,61651,New Westminster Station @ Unloading Only,New Westminster Station @ Bay 4,61678,New Westminster Station,45630,45810,in_service_layover,58.63286402671235,61.00369642313193,13.37149471580642,180,3.0,12:40:30,12:43:30,False,,no_dispenser,0
2160514,heavy,123.0,22.0,40-ft,HTC,2,SAT,14844278,14844315,106,106,61650,61654,New Westminster Station @ Bay 3,New Westminster Station @ Bay 7,61650,New Westminster Station,47010,47310,in_service_layover,69.08590809222856,72.32912341125484,18.29173439930821,300,5.0,13:03:30,13:08:30,False,,no_dispenser,0
2160515,heavy,106.0,2.0,40-ft,HTC,2,SAT,14844279,14844316,106,106,61650,61654,New Westminster Station @ Bay 3,New Westminster Station @ Bay 7,61650,New Westminster Station,47730,48030,in_service_layover,64.70788498565229,68.24108065239454,19.92722356042634,300,5.0,13:15:30,13:20:30,False,,no_dispenser,0
2160516,heavy,123.0,6.0,40-ft,HTC,2,SAT,14844289,14844317,106,106,61650,61654,New Westminster Station @ Bay 3,New Westminster Station @ Bay 7,61650,New Westminster Station,48450,48750,in_service_layover,60.20315757274498,64.00320736158983,21.432280809085,300,5.0,13:27:30,13:32:30,False,,no_dispenser,0
2160635,heavy,123.0,5.0,40-ft,HTC,2,SAT,14846241,14846263,123,123,61678,61651,New Westminster Station @ Unloading Only,New Westminster Station @ Bay 4,61678,New Westminster Station,48510,49410,in_service_layover,43.092188934378974,54.686698204895414,65.3930322857127,900,15.0,13:28:30,13:43:30,False,,no_dispenser,0
2160510,heavy,106.0,6.0,40-ft,HTC,2,SAT,14844280,14844318,106,106,61650,61654,New Westminster Station @ Bay 3,New Westminster Station @ Bay 7,61650,New Westminster Station,49230,49470,in_service_layover,66.3795462746711,69.15421387984745,15.64912529319463,240,4.0,13:40:30,13:44:30,False,,no_dispenser,0
2160583,heavy,123.0,19.0,40-ft,HTC,2,SAT,14846175,14846250,123,123,61678,61651,New Westminster Station @ Unloading Only,New Westminster Station @ Bay 4,61678,New Westminster Station,49410,50250,in_service_layover,55.372980070459455,65.86593121591432,59.18024446036537,840,14.0,13:43:30,13:57:30,False,,no_dispenser,0
2160513,heavy,106.0,1.0,40-ft,HTC,2,SAT,14844281,14844319,106,106,61650,61654,New Westminster Station @ Bay 3,New Westminster Station @ Bay 7,61650,New Westminster Station,49950,50190,in_service_layover,61.7966273621597,64.78969462636019,16.88089937009073,240,4.0,13:52:30,13:56:30,False,,no_dispenser,0
2160637,heavy,123.0,8.0,40-ft,HTC,2,SAT,14846185,14846273,123,123,61678,61651,New Westminster Station @ Unloading Only,New Westminster Station @ Bay 4,61678,New Westminster Station,50310,51210,in_service_layover,47.640611249535446,59.307191471390176,65.79951245126068,900,15.0,13:58:30,14:13:30,False,,no_dispenser,0
2160512,heavy,106.0,9.0,40-ft,HTC,2,SAT,14844282,14844320,106,106,61650,61654,New Westminster Station @ Bay 3,New Westminster Station @ Bay 7,61650,New Westminster Station,50670,50970,in_service_layover,69.508659916486,72.72137514557404,18.119713892056552,300,5.0,14:04:30,14:09:30,False,,no_dispenser,0
2160581,heavy,123.0,16.0,40-ft,HTC,2,SAT,14846208,14846248,123,123,61678,61651,New Westminster Station @ Unloading Only,New Westminster Station @ Bay 4,61678,New Westminster Station,51270,52110,in_service_layover,52.47615001825632,63.2393462819925,60.70442692747207,840,14.0,14:14:30,14:28:30,False,,no_dispenser,0
2160514,heavy,123.0,22.0,40-ft,HTC,2,SAT,14844283,14844322,106,106,61650,61654,New Westminster Station @ Bay 3,New Westminster Station @ Bay 7,61650,New Westminster Station,51390,51690,in_service_layover,65.98729454035191,69.44062941213406,19.476808676851363,300,5.0,14:16:30,14:21:30,False,,no_dispenser,0
2160515,heavy,106.0,2.0,40-ft,HTC,2,SAT,14844290,14844364,106,106,61650,61654,New Westminster Station @ Bay 3,New Westminster Station @ Bay 7,61650,New Westminster Station,52110,52410,in_service_layover,61.89925178149161,65.59905959582424,20.866916072836148,300,5.0,14:28:30,14:33:30,False,,no_dispenser,0
2160634,heavy,123.0,20.0,40-ft,HTC,2,SAT,14846184,14846265,123,123,61678,61651,New Westminster Station @ Unloading Only,New Westminster Station @ Bay 4,61678,New Westminster Station,52170,53010,in_service_layover,47.570752678301126,58.477745913907995,61.515441848822775,840,14.0,14:29:30,14:43:30,False,,no_dispenser,0
2160516,heavy,123.0,6.0,40-ft,HTC,2,SAT,14844284,14844365,106,106,61650,61654,New Westminster Station @ Bay 3,New Westminster Station @ Bay 7,61650,New Westminster Station,52830,53130,in_service_layover,57.6613784906869,61.58929383459283,22.153442539629452,300,5.0,14:40:30,14:45:30,False,,no_dispenser,0
2160636,heavy,123.0,3.0,40-ft,HTC,2,SAT,14846201,14846269,123,123,61678,61651,New Westminster Station @ Unloading Only,New Westminster Station @ Bay 4,61678,New Westminster Station,53130,53910,in_service_layover,42.626872813322386,52.62521320053253,56.3906397838652,780,13.0,14:45:30,14:58:30,False,,no_dispenser,0
2160510,heavy,106.0,6.0,40-ft,HTC,2,SAT,14844285,14844366,106,106,61650,61654,New Westminster Station @ Bay 3,New Westminster Station @ Bay 7,61650,New Westminster Station,53550,53850,in_service_layover,62.8123850089445,66.45822513843952,20.562538330351856,300,5.0,14:52:30,14:57:30,False,,no_dispenser,0
2160513,heavy,106.0,1.0,40-ft,HTC,2,SAT,14844286,14844367,106,106,61650,61654,New Westminster Station @ Bay 3,New Westminster Station @ Bay 7,61650,New Westminster Station,54270,54570,in_service_layover,58.447865755457244,62.34689999708438,21.9905531227771,300,5.0,15:04:30,15:09:30,False,,no_dispenser,0
2160635,heavy,123.0,5.0,40-ft,HTC,2,SAT,14846230,14846278,123,123,61678,61651,New Westminster Station @ Unloading Only,New Westminster Station @ Bay 4,61678,New Westminster Station,54870,55710,in_service_layover,43.79372302754831,54.61515146240963,61.03285637261786,840,14.0,15:14:30,15:28:30,False,,no_dispenser,0
2160512,heavy,106.0,9.0,40-ft,HTC,2,SAT,14844287,14844368,106,106,61650,61654,New Westminster Station @ Bay 3,New Westminster Station @ Bay 7,61650,New Westminster Station,55050,55290,in_service_layover,68.39092473201856,71.05966779957782,15.051710901034198,240,4.0,15:17:30,15:21:30,False,,no_dispenser,0
2160514,heavy,123.0,22.0,40-ft,HTC,2,SAT,14844291,14844369,106,106,61650,61654,New Westminster Station @ Bay 3,New Westminster Station @ Bay 7,61650,New Westminster Station,55770,56010,in_service_layover,65.23350437504367,68.06406999163168,15.964390077556345,240,4.0,15:29:30,15:33:30,False,,no_dispenser,0
2160583,heavy,123.0,19.0,40-ft,HTC,2,SAT,14846197,14846258,123,123,61678,61651,New Westminster Station @ Unloading Only,New Westminster Station @ Bay 4,61678,New Westminster Station,55770,56550,in_service_layover,57.28788568719983,66.87909508066372,54.094420979136316,780,13.0,15:29:30,15:42:30,False,,no_dispenser,0
2160515,heavy,106.0,2.0,40-ft,HTC,2,SAT,14844212,14844370,106,106,61650,61654,New Westminster Station @ Bay 3,New Westminster Station @ Bay 7,61650,New Westminster Station,56490,56730,in_service_layover,61.52816043874486,64.5339211745016,16.952490549668028,240,4.0,15:41:30,15:45:30,False,,no_dispenser,0
2160637,heavy,123.0,8.0,40-ft,HTC,2,SAT,14846206,14846308,123,123,61678,61651,New Westminster Station @ Unloading Only,New Westminster Station @ Bay 4,61678,New Westminster Station,56670,57450,in_service_layover,48.41421629404308,58.55654727435295,57.202746728947716,780,13.0,15:44:30,15:57:30,False,,no_dispenser,0
2160516,heavy,123.0,6.0,40-ft,HTC,2,SAT,14844213,14844371,106,106,61650,61654,New Westminster Station @ Bay 3,New Westminster Station @ Bay 7,61650,New Westminster Station,57210,57450,in_service_layover,57.62872955527928,60.790925464683355,17.834784929039017,240,4.0,15:53:30,15:57:30,False,,no_dispenser,0
2160581,heavy,123.0,16.0,40-ft,HTC,2,SAT,14846220,14846247,123,123,61678,61651,New Westminster Station @ Unloading Only,New Westminster Station @ Bay 4,61678,New Westminster Station,57570,58350,in_service_layover,52.34637110464541,62.40653675836144,56.73933428695847,780,13.0,15:59:30,16:12:30,False,,no_dispenser,0
2160510,heavy,106.0,6.0,40-ft,HTC,2,SAT,14844214,14844372,106,106,61650,61654,New Westminster Station @ Bay 3,New Westminster Station @ Bay 7,61650,New Westminster Station,57870,58170,in_service_layover,62.356859118146815,66.02962158161331,20.71438029395108,300,5.0,16:04:30,16:09:30,False,,no_dispenser,0
2160573,heavy,410.0,2.0,40-ft,HTC,2,SAT,14845072,14845162,112,112,61657,61657,New Westminster Station @ Bay 10,New Westminster Station @ Bay 10,61657,New Westminster Station,57930,58290,in_service_layover,69.91006632442858,73.67689405489993,21.24490839985839,360,6.0,16:05:30,16:11:30,False,,no_dispenser,0
2160634,heavy,123.0,20.0,40-ft,HTC,2,SAT,14846240,14846271,123,123,61678,61651,New Westminster Station @ Unloading Only,New Westminster Station @ Bay 4,61678,New Westminster Station,58470,59250,in_service_layover,47.5847707365609,57.717620934533684,57.149275116566514,780,13.0,16:14:30,16:27:30,False,,no_dispenser,0
2160513,heavy,106.0,1.0,40-ft,HTC,2,SAT,14844215,14844373,106,106,61650,61654,New Westminster Station @ Bay 3,New Westminster Station @ Bay 7,61650,New Westminster Station,58530,58890,in_service_layover,58.37970329760145,63.02381571851815,26.192794053970204,360,6.0,16:15:30,16:21:30,False,,no_dispenser,0
2160512,heavy,106.0,9.0,40-ft,HTC,2,SAT,14844292,14844374,106,106,61650,61654,New Westminster Station @ Bay 3,New Westminster Station @ Bay 7,61650,New Westminster Station,59250,59610,in_service_layover,66.79449100460845,70.82488039183119,22.731396143936195,360,6.0,16:27:30,16:33:30,False,,no_dispenser,0
2160636,heavy,123.0,3.0,40-ft,HTC,2,SAT,14846179,14846282,123,123,61678,61651,New Westminster Station @ Unloading Only,New Westminster Station @ Bay 4,61678,New Westminster Station,59370,60150,in_service_layover,41.732238023185424,51.708728147672545,56.267404302107366,780,13.0,16:29:30,16:42:30,False,,no_dispenser,0
2160514,heavy,123.0,22.0,40-ft,HTC,2,SAT,14844216,14844375,106,106,61650,61654,New Westminster Station @ Bay 3,New Westminster Station @ Bay 7,61650,New Westminster Station,59970,60330,in_service_layover,63.90575911838889,68.15916392694004,23.98920312022841,360,6.0,16:39:30,16:45:30,False,,no_dispenser,0
2160582,heavy,123.0,26.0,40-ft,HTC,2,SAT,14846189,14846249,123,123,61678,61651,New Westminster Station @ Unloading Only,New Westminster Station @ Bay 4,61678,New Westminster Station,60270,61110,in_service_layover,66.59279352798512,75.06107562871752,47.761111048130715,840,14.0,16:44:30,16:58:30,False,,no_dispenser,0
2160580,heavy,123.0,14.0,40-ft,HTC,2,SAT,14845075,14845150,112,112,61657,61657,New Westminster Station @ Bay 10,New Westminster Station @ Bay 10,61657,New Westminster Station,60570,61110,in_service_layover,68.76794190991617,74.3288457837899,31.363497848647853,540,9.0,16:49:30,16:58:30,False,,no_dispenser,0
2160515,heavy,106.0,2.0,40-ft,HTC,2,SAT,14844217,14844376,106,106,61650,61654,New Westminster Station @ Bay 3,New Westminster Station @ Bay 7,61650,New Westminster Station,60690,61050,in_service_layover,60.500792883426556,64.99719055126864,25.35968284662937,360,6.0,16:51:30,16:57:30,False,,no_dispenser,0
2160635,heavy,123.0,5.0,40-ft,HTC,2,SAT,14846238,14846264,123,123,61678,61651,New Westminster Station @ Unloading Only,New Westminster Station @ Bay 4,61678,New Westminster Station,61170,62010,in_service_layover,43.72217628506253,54.54145296873995,61.02072049594062,840,14.0,16:59:30,17:13:30,False,,no_dispenser,0
2160516,heavy,123.0,6.0,40-ft,HTC,2,SAT,14844218,14844377,106,106,61650,61654,New Westminster Station @ Bay 3,New Westminster Station @ Bay 7,61650,New Westminster Station,61410,61770,in_service_layover,56.82711948997188,61.538057315546915,26.569689336243187,360,6.0,17:03:30,17:09:30,False,,no_dispenser,0
2160573,heavy,410.0,2.0,40-ft,HTC,2,SAT,14845076,14845124,112,112,61657,61657,New Westminster Station @ Bay 10,New Westminster Station @ Bay 10,61657,New Westminster Station,61530,62130,in_service_layover,69.03776147671,75.08896145034696,34.12876785131243,600,10.0,17:05:30,17:15:30,False,,no_dispenser,0
2160583,heavy,123.0,19.0,40-ft,HTC,2,SAT,14846195,14846260,123,123,61678,61651,New Westminster Station @ Unloading Only,New Westminster Station @ Bay 4,61678,New Westminster Station,62010,62910,in_service_layover,55.98611990331662,67.04092891381678,62.34912281922095,900,15.0,17:13:30,17:28:30,False,,no_dispenser,0
2160510,heavy,106.0,6.0,40-ft,HTC,2,SAT,14844219,14844297,106,106,61650,61654,New Westminster Station @ Bay 3,New Westminster Station @ Bay 7,61650,New Westminster Station,62130,62490,in_service_layover,61.94345426900949,66.33753552652654,24.782618292396194,360,6.0,17:15:30,17:21:30,False,,no_dispenser,0
2160571,heavy,123.0,15.0,40-ft,HTC,2,SAT,14845077,14845161,112,112,61657,61657,New Westminster Station @ Bay 10,New Westminster Station @ Bay 10,61657,New Westminster Station,62430,63030,in_service_layover,69.6152295676189,75.58206313024097,33.65294129318846,600,10.0,17:20:30,17:30:30,False,,no_dispenser,0
2160513,heavy,106.0,1.0,40-ft,HTC,2,SAT,14844293,14844378,106,106,61650,61654,New Westminster Station @ Bay 3,New Westminster Station @ Bay 7,61650,New Westminster Station,62850,63210,in_service_layover,59.04267368348543,63.64611994505197,25.963436915235206,360,6.0,17:27:30,17:33:30,False,,no_dispenser,0
2160637,heavy,123.0,8.0,40-ft,HTC,2,SAT,14846209,14846288,123,123,61678,61651,New Westminster Station @ Unloading Only,New Westminster Station @ Bay 4,61678,New Westminster Station,62910,63810,in_service_layover,47.663572097005854,59.32994986783587,65.79837062748129,900,15.0,17:28:30,17:43:30,False,,no_dispenser,0
2160576,heavy,123.0,21.0,40-ft,HTC,2,SAT,14845078,14845109,112,112,61657,61657,New Westminster Station @ Bay 10,New Westminster Station @ Bay 10,61657,New Westminster Station,63390,63930,in_service_layover,66.54442762867944,72.38817785844016,32.95875129585039,540,9.0,17:36:30,17:45:30,False,,no_dispenser,0
2160512,heavy,106.0,9.0,40-ft,HTC,2,SAT,14844220,14844298,106,106,61650,61654,New Westminster Station @ Bay 3,New Westminster Station @ Bay 7,61650,New Westminster Station,63570,63930,in_service_layover,66.5683780378795,70.61696523945324,22.834031816875893,360,6.0,17:39:30,17:45:30,False,,no_dispenser,0
2160581,heavy,123.0,16.0,40-ft,HTC,2,SAT,14846199,14846299,123,123,61678,61651,New Westminster Station @ Unloading Only,New Westminster Station @ Bay 4,61678,New Westminster Station,63810,64710,in_service_layover,54.682710794923615,65.91590559696485,63.355218683512476,900,15.0,17:43:30,17:58:30,False,,no_dispenser,0
2160514,heavy,123.0,22.0,40-ft,HTC,2,SAT,14844224,14844357,106,106,61650,61654,New Westminster Station @ Bay 3,New Westminster Station @ Bay 7,61650,New Westminster Station,64290,64650,in_service_layover,63.997480928331704,68.24412078162175,23.951048772555794,360,6.0,17:51:30,17:57:30,False,,no_dispenser,0
2160515,heavy,106.0,2.0,40-ft,HTC,2,SAT,14844225,14844339,106,106,61650,61654,New Westminster Station @ Bay 3,New Westminster Station @ Bay 7,61650,New Westminster Station,64950,65370,in_service_layover,60.94763426810966,66.10681346578382,29.097770674882156,420,7.0,18:02:30,18:09:30,False,,no_dispenser,0
2160516,heavy,123.0,6.0,40-ft,HTC,2,SAT,14844226,14844380,106,106,61650,61654,New Westminster Station @ Bay 3,New Westminster Station @ Bay 7,61650,New Westminster Station,65670,66090,in_service_layover,57.57759930483319,63.00024003247492,30.583693703899314,420,7.0,18:14:30,18:21:30,False,,no_dispenser,0
2160582,heavy,123.0,26.0,40-ft,HTC,2,SAT,14846192,14846259,123,123,61678,61651,New Westminster Station @ Unloading Only,New Westminster Station @ Bay 4,61678,New Westminster Station,66330,66630,in_service_layover,66.14424112698364,69.58750176743285,19.419990012133496,300,5.0,18:25:30,18:30:30,False,,no_dispenser,0
2160510,heavy,106.0,6.0,40-ft,HTC,2,SAT,14844227,14844323,106,106,61650,61654,New Westminster Station @ Bay 3,New Westminster Station @ Bay 7,61650,New Westminster Station,66390,66810,in_service_layover,62.240449279705935,67.29215261246105,28.491606796738893,420,7.0,18:26:30,18:33:30,False,,no_dispenser,0
2160513,heavy,106.0,1.0,40-ft,HTC,2,SAT,14844243,14844348,106,106,61650,61654,New Westminster Station @ Bay 3,New Westminster Station @ Bay 7,61650,New Westminster Station,67110,67530,in_service_layover,61.85971712241567,66.94334513377798,28.671661984083414,420,7.0,18:38:30,18:45:30,False,,no_dispenser,0
2160635,heavy,123.0,5.0,40-ft,HTC,2,SAT,14846198,14846256,123,123,61678,61651,New Westminster Station @ Unloading Only,New Westminster Station @ Bay 4,61678,New Westminster Station,67290,67470,in_service_layover,46.726429960779065,49.016842236091804,12.917925232763878,180,3.0,18:41:30,18:44:30,False,,no_dispenser,0
2160512,heavy,106.0,9.0,40-ft,HTC,2,SAT,14844294,14844301,106,106,61650,61654,New Westminster Station @ Bay 3,New Westminster Station @ Bay 7,61650,New Westminster Station,67830,68310,in_service_layover,68.31494199392085,73.38060146532361,28.570319418711506,480,8.0,18:50:30,18:58:30,False,,no_dispenser,0
2160583,heavy,123.0,19.0,40-ft,HTC,2,SAT,14846204,14846298,123,123,61678,61651,New Westminster Station @ Unloading Only,New Westminster Station @ Bay 4,61678,New Westminster Station,68190,68370,in_service_layover,59.15060236027762,61.50952243436044,13.304309217827154,180,3.0,18:56:30,18:59:30,False,,no_dispenser,0
2160514,heavy,123.0,22.0,40-ft,HTC,2,SAT,14844260,14844331,106,106,61650,61654,New Westminster Station @ Bay 3,New Westminster Station @ Bay 7,61650,New Westminster Station,68490,69210,in_service_layover,66.12611007351116,73.67392309509655,42.56966544174168,720,12.0,19:01:30,19:13:30,False,,no_dispenser,0
2160637,heavy,123.0,8.0,40-ft,HTC,2,SAT,14846215,14846266,123,123,61678,61651,New Westminster Station @ Unloading Only,New Westminster Station @ Bay 4,61678,New Westminster Station,68970,69210,in_service_layover,51.575853169376785,54.68481268280831,17.534531655753767,240,4.0,19:09:30,19:13:30,False,,no_dispenser,0
2160581,heavy,123.0,16.0,40-ft,HTC,2,SAT,14846202,14846295,123,123,61678,61651,New Westminster Station @ Unloading Only,New Westminster Station @ Bay 4,61678,New Westminster Station,69870,70110,in_service_layover,58.8072709462365,61.939236743137705,17.664287094522763,240,4.0,19:24:30,19:28:30,False,,no_dispenser,0
2160516,heavy,123.0,6.0,40-ft,HTC,2,SAT,14844252,14844334,106,106,61650,61654,New Westminster Station @ Bay 3,New Westminster Station @ Bay 7,61650,New Westminster Station,69930,70170,in_service_layover,61.260632397298195,64.27904221302879,17.023831360720465,240,4.0,19:25:30,19:29:30,False,,no_dispenser,0
2160510,heavy,106.0,6.0,40-ft,HTC,2,SAT,14844296,14844347,106,106,61650,61654,New Westminster Station @ Bay 3,New Westminster Station @ Bay 7,61650,New Westminster Station,70650,71130,in_service_layover,65.24406938249278,70.64836151562265,30.48020763085259,480,8.0,19:37:30,19:45:30,False,,no_dispenser,0
2160636,heavy,123.0,3.0,40-ft,HTC,2,SAT,14846214,14846305,123,123,61678,61651,New Westminster Station @ Unloading Only,New Westminster Station @ Bay 4,61678,New Westminster Station,70770,71010,in_service_layover,35.99434820447575,39.01261576753821,17.023029055672254,240,4.0,19:39:30,19:43:30,False,,no_dispenser,0
2160513,heavy,106.0,1.0,40-ft,HTC,2,SAT,14844232,14844358,106,106,61650,61654,New Westminster Station @ Bay 3,New Westminster Station @ Bay 7,61650,New Westminster Station,71370,72030,in_service_layover,64.92032506982218,72.11781438416607,40.59383973289954,660,11.0,19:49:30,20:00:30,False,,no_dispenser,0
2160575,heavy,123.0,7.0,40-ft,HTC,2,SAT,14845082,14845120,112,112,61657,61657,New Westminster Station @ Bay 10,New Westminster Station @ Bay 10,61657,New Westminster Station,71550,71970,in_service_layover,69.87087975470388,74.2074997923448,24.458537012294755,420,7.0,19:52:30,19:59:30,False,,no_dispenser,0
2160582,heavy,123.0,26.0,40-ft,HTC,2,SAT,14846224,14846296,123,123,61678,61651,New Westminster Station @ Unloading Only,New Westminster Station @ Bay 4,61678,New Westminster Station,71610,71910,in_service_layover,62.26184513183743,65.94022307912837,20.74605162272087,300,5.0,19:53:30,19:58:30,False,,no_dispenser,0
2160635,heavy,123.0,5.0,40-ft,HTC,2,SAT,14846212,14846306,123,123,61678,61651,New Westminster Station @ Unloading Only,New Westminster Station @ Bay 4,61678,New Westminster Station,72510,72810,in_service_layover,42.69739620753213,46.50189720420811,21.45738562125257,300,5.0,20:08:30,20:13:30,False,,no_dispenser,0
2160514,heavy,123.0,22.0,40-ft,HTC,2,SAT,14844263,14844324,106,106,61650,61654,New Westminster Station @ Bay 3,New Westminster Station @ Bay 7,61650,New Westminster Station,72630,72870,in_service_layover,67.33209422419361,70.05783991126418,15.373205675077998,240,4.0,20:10:30,20:14:30,False,,no_dispenser,0
2160583,heavy,123.0,19.0,40-ft,HTC,2,SAT,14846226,14846290,123,123,61678,61651,New Westminster Station @ Unloading Only,New Westminster Station @ Bay 4,61678,New Westminster Station,73410,73710,in_service_layover,55.34576097058209,59.299387791208645,22.298455268333782,300,5.0,20:23:30,20:28:30,False,,no_dispenser,0
2160516,heavy,123.0,6.0,40-ft,HTC,2,SAT,14844244,14844302,106,106,61650,61654,New Westminster Station @ Bay 3,New Westminster Station @ Bay 7,61650,New Westminster Station,73530,73770,in_service_layover,57.93721334212584,61.093713220470505,17.8026593138639,240,4.0,20:25:30,20:29:30,False,,no_dispenser,0
2160637,heavy,123.0,8.0,40-ft,HTC,2,SAT,14846213,14846309,123,123,61678,61651,New Westminster Station @ Unloading Only,New Westminster Station @ Bay 4,61678,New Westminster Station,74310,74610,in_service_layover,49.21584291143892,53.07318946535221,21.75543456407098,300,5.0,20:38:30,20:43:30,False,,no_dispenser,0
2160510,heavy,106.0,6.0,40-ft,HTC,2,SAT,14844231,14844346,106,106,61650,61654,New Westminster Station @ Bay 3,New Westminster Station @ Bay 7,61650,New Westminster Station,74490,74670,in_service_layover,64.30653264471971,66.48360595519065,12.278693471056044,180,3.0,20:41:30,20:44:30,False,,no_dispenser,0
2160577,heavy,123.0,24.0,40-ft,HTC,2,SAT,14845088,14845148,112,112,61657,61657,New Westminster Station @ Bay 10,New Westminster Station @ Bay 10,61657,New Westminster Station,75150,75450,in_service_layover,55.54990987936144,59.50483048531997,22.30575221760614,300,5.0,20:52:30,20:57:30,False,,no_dispenser,0
2160581,heavy,123.0,16.0,40-ft,HTC,2,SAT,14846227,14846297,123,123,61678,61651,New Westminster Station @ Unloading Only,New Westminster Station @ Bay 4,61678,New Westminster Station,75210,75510,in_service_layover,56.52037048602397,60.472023499941386,22.287322998494176,300,5.0,20:53:30,20:58:30,False,,no_dispenser,0
2160513,heavy,106.0,1.0,40-ft,HTC,2,SAT,14844254,14844300,106,106,61650,61654,New Westminster Station @ Bay 3,New Westminster Station @ Bay 7,61650,New Westminster Station,75330,75570,in_service_layover,65.77598551326312,68.58049488983352,15.817432883856952,240,4.0,20:55:30,20:59:30,False,,no_dispenser,0
2160636,heavy,123.0,3.0,40-ft,HTC,2,SAT,14846211,14846243,123,123,61678,61651,New Westminster Station @ Unloading Only,New Westminster Station @ Bay 4,61678,New Westminster Station,76050,76410,in_service_layover,33.39736960510017,37.91724473429077,25.49209572863498,360,6.0,21:07:30,21:13:30,False,,no_dispenser,0
2160514,heavy,123.0,22.0,40-ft,HTC,2,SAT,14844255,14844361,106,106,61650,61654,New Westminster Station @ Bay 3,New Westminster Station @ Bay 7,61650,New Westminster Station,76230,76470,in_service_layover,65.82882797704153,68.63076053109677,15.802899604871584,240,4.0,21:10:30,21:14:30,False,,no_dispenser,0
2160582,heavy,123.0,26.0,40-ft,HTC,2,SAT,14846216,14846244,123,123,61678,61651,New Westminster Station @ Unloading Only,New Westminster Station @ Bay 4,61678,New Westminster Station,76950,77610,in_service_layover,60.92966956247435,68.70623068519566,43.85980473214812,660,11.0,21:22:30,21:33:30,False,,no_dispenser,0
2160516,heavy,123.0,6.0,40-ft,HTC,2,SAT,14844261,14844305,106,106,61650,61654,New Westminster Station @ Bay 3,New Westminster Station @ Bay 7,61650,New Westminster Station,77130,77370,in_service_layover,57.13235830688521,60.30042013747612,17.86786872453274,240,4.0,21:25:30,21:29:30,False,,no_dispenser,0
2160510,heavy,106.0,6.0,40-ft,HTC,2,SAT,14844268,14844362,106,106,61650,61654,New Westminster Station @ Bay 3,New Westminster Station @ Bay 7,61650,New Westminster Station,78030,78270,in_service_layover,62.38133990593514,65.3467611869784,16.724976025083947,240,4.0,21:40:30,21:44:30,False,,no_dispenser,0
2160583,heavy,123.0,19.0,40-ft,HTC,2,SAT,14846239,14845117,123,112,61678,61657,New Westminster Station @ Unloading Only,New Westminster Station @ Bay 10,61678,New Westminster Station,78750,78930,in_service_layover,54.700641480810184,57.05774379156997,13.294057032685203,180,3.0,21:52:30,21:55:30,False,,no_dispenser,0
2160513,heavy,106.0,1.0,40-ft,HTC,2,SAT,14844271,14844306,106,106,61650,61654,New Westminster Station @ Bay 3,New Westminster Station @ Bay 7,61650,New Westminster Station,78930,79170,in_service_layover,65.09723730194781,67.9342473585933,16.000736719480585,240,4.0,21:55:30,21:59:30,False,,no_dispenser,0
2160475,heavy,410.0,7.0,40-ft,HTC,2,SAT,14845092,14846245,112,123,61657,61651,New Westminster Station @ Bay 10,New Westminster Station @ Bay 4,61657,New Westminster Station,79350,79590,in_service_layover,24.264712993381092,27.241808589362904,16.790819161337424,240,4.0,22:02:30,22:06:30,False,,no_dispenser,0
2160514,heavy,123.0,22.0,40-ft,HTC,2,SAT,14844272,14844341,106,106,61650,61654,New Westminster Station @ Bay 3,New Westminster Station @ Bay 7,61650,New Westminster Station,79830,80070,in_service_layover,65.14512631714662,67.97987211775435,15.98796631542757,240,4.0,22:10:30,22:14:30,False,,no_dispenser,0
2160517,heavy,123.0,1.0,40-ft,HTC,2,SAT,14845090,14846246,112,123,61657,61651,New Westminster Station @ Bay 10,New Westminster Station @ Bay 4,61657,New Westminster Station,80910,81210,in_service_layover,69.28527080939824,72.51415763542478,18.21092169878972,300,5.0,22:28:30,22:33:30,False,,no_dispenser,0
2160510,heavy,106.0,6.0,40-ft,HTC,2,SAT,14844256,14844335,106,106,61650,61654,New Westminster Station @ Bay 3,New Westminster Station @ Bay 7,61650,New Westminster Station,81570,81870,in_service_layover,62.01639880962959,65.70928304073894,20.82786706345678,300,5.0,22:39:30,22:44:30,False,,no_dispenser,0
2160582,heavy,123.0,26.0,40-ft,HTC,2,SAT,14846231,14845167,123,112,61678,61657,New Westminster Station @ Unloading Only,New Westminster Station @ Bay 10,61678,New Westminster Station,82290,82710,in_service_layover,60.73716645925086,65.91376025103861,29.19598898568296,420,7.0,22:51:30,22:58:30,False,,no_dispenser,0
2160511,heavy,123.0,9.0,40-ft,HTC,2,SAT,14845091,14846280,112,123,61657,61651,New Westminster Station @ Bay 10,New Westminster Station @ Bay 4,61657,New Westminster Station,82710,83010,in_service_layover,64.0535910497366,67.6260701182907,20.148781946645215,300,5.0,22:58:30,23:03:30,False,,no_dispenser,0
2160514,heavy,123.0,22.0,40-ft,HTC,2,SAT,14844240,14844363,106,106,61650,61654,New Westminster Station @ Bay 3,New Westminster Station @ Bay 7,61650,New Westminster Station,83370,83670,in_service_layover,65.21129187500617,68.7135459025796,19.75271271551418,300,5.0,23:09:30,23:14:30,False,,no_dispenser,0
2160475,heavy,410.0,7.0,40-ft,HTC,2,SAT,14846232,14845155,123,112,61678,61657,New Westminster Station @ Unloading Only,New Westminster Station @ Bay 10,61678,New Westminster Station,84270,84510,in_service_layover,20.80678950481934,23.77204191561281,16.72402359687517,240,4.0,23:24:30,23:28:30,False,,no_dispenser,0
2160513,heavy,106.0,1.0,40-ft,HTC,2,SAT,14845065,14846261,112,123,61657,61651,New Westminster Station @ Bay 10,New Westminster Station @ Bay 4,61657,New Westminster Station,84510,84930,in_service_layover,61.62803824756013,66.73091778637014,28.780240598888497,420,7.0,23:28:30,23:35:30,False,,no_dispenser,0
2160510,heavy,106.0,6.0,40-ft,HTC,2,SAT,14844246,14844325,106,106,61650,61654,New Westminster Station @ Bay 3,New Westminster Station @ Bay 7,61650,New Westminster Station,85110,85470,in_service_layover,62.36178015020997,66.72619290551422,24.615287939916016,360,6.0,23:38:30,23:44:30,False,,no_dispenser,0
2160517,heavy,123.0,1.0,40-ft,HTC,2,SAT,14846233,14845145,123,112,61678,61657,New Westminster Station @ Unloading Only,New Westminster Station @ Bay 10,61678,New Westminster Station,85590,86130,in_service_layover,65.62945610906553,71.58606115346832,33.59525245043176,540,9.0,23:46:30,23:55:30,False,,no_dispenser,0
2160514,heavy,123.0,22.0,40-ft,HTC,2,SAT,14844257,14844336,106,106,61650,61654,New Westminster Station @ Bay 3,New Westminster Station @ Bay 7,61650,New Westminster Station,86850,87270,in_service_layover,65.22399748666808,70.01316931148011,27.010929091939772,420,7.0,24:07:30,24:14:30,False,,no_dispenser,0
2160511,heavy,123.0,9.0,40-ft,HTC,2,SAT,14846234,14845108,123,112,61678,61657,New Westminster Station @ Unloading Only,New Westminster Station @ Bay 10,61678,New Westminster Station,87390,88170,in_service_layover,61.78996452874728,70.62142586823862,49.80944195473114,780,13.0,24:16:30,24:29:30,False,,no_dispenser,0
2160517,heavy,123.0,1.0,40-ft,HTC,2,SAT,14845097,14846301,112,123,61657,61651,New Westminster Station @ Bay 10,New Westminster Station @ Bay 4,61657,New Westminster Station,88170,88410,in_service_layover,66.94692857527839,69.69272502069069,15.486291952125384,240,4.0,24:29:30,24:33:30,False,,no_dispenser,0
2160510,heavy,106.0,6.0,40-ft,HTC,2,SAT,14844241,14844349,106,106,61650,61654,New Westminster Station @ Bay 3,New Westminster Station @ Bay 7,61650,New Westminster Station,88590,89070,in_service_layover,63.33060917031502,68.93416057422112,31.604029918030392,480,8.0,24:36:30,24:44:30,False,,no_dispenser,0
2160513,heavy,106.0,1.0,40-ft,HTC,2,SAT,14846236,14846307,123,123,61678,61651,New Westminster Station @ Unloading Only,New Westminster Station @ Bay 4,61678,New Westminster Station,89310,90510,in_service_layover,60.969292569388166,73.58480498866909,71.15149004474438,1200,20.0,24:48:30,25:08:30,False,,no_dispenser,0
2160514,heavy,123.0,22.0,40-ft,HTC,2,SAT,14844233,14844332,106,106,61650,61654,New Westminster Station @ Bay 3,New Westminster Station @ Bay 7,61650,New Westminster Station,90330,90870,in_service_layover,66.46123253758128,72.31532967441167,33.01710785172338,540,9.0,25:05:30,25:14:30,False,,no_dispenser,0
2160511,heavy,123.0,9.0,40-ft,HTC,2,SAT,14845096,14845118,112,112,61657,61657,New Westminster Station @ Bay 10,New Westminster Station @ Bay 10,61657,New Westminster Station,90390,90570,in_service_layover,68.70871782225089,70.7231222150986,11.361240775661088,180,3.0,25:06:30,25:09:30,False,,no_dispenser,0
2160510,heavy,106.0,6.0,40-ft,HTC,2,SAT,14844236,14844337,106,106,61650,61654,New Westminster Station @ Bay 3,New Westminster Station @ Bay 7,61650,New Westminster Station,92130,92670,in_service_layover,65.4341812045677,71.41460550117837,33.729593032884225,540,9.0,25:35:30,25:44:30,False,,no_dispenser,0
2160517,heavy,123.0,1.0,40-ft,HTC,2,SAT,14846177,14846285,123,123,61678,61651,New Westminster Station @ Unloading Only,New Westminster Station @ Bay 4,61678,New Westminster Station,92790,93090,in_service_layover,63.6774133703223,67.27212889217087,20.274195543225915,300,5.0,25:46:30,25:51:30,False,,no_dispenser,0
2161681,heavy,320.0,20.0,40-ft,STC,2,SAT,14866294,14866358,335,335,55538,61707,Newton Exchange @ Bay 1,Newton Exchange @ Layover,55538,Newton Exchange,25230,26010,in_service_layover,67.31777332635673,75.16158733091693,44.239110985719606,780,13.0,07:00:30,07:13:30,False,,no_dispenser,0
2161739,heavy,320.0,36.0,40-ft,STC,2,SAT,14866292,14866401,335,335,55538,61707,Newton Exchange @ Bay 1,Newton Exchange @ Layover,55538,Newton Exchange,28890,29610,in_service_layover,68.63205897321956,75.75172971736544,40.154942996982754,720,12.0,08:01:30,08:13:30,False,,no_dispenser,0
2161994,heavy,320.0,29.0,40-ft,STC,2,SAT,14867782,14867734,342,342,55538,61707,Newton Exchange @ Bay 1,Newton Exchange @ Layover,55538,Newton Exchange,29010,29790,in_service_layover,65.88288909891277,73.9903028651941,45.725813641826676,780,13.0,08:03:30,08:16:30,False,,no_dispenser,0
2161609,heavy,319.0,20.0,40-ft,STC,2,SAT,14863071,14862992,319,319,55456,61707,Newton Exchange @ Bay 5,Newton Exchange @ Layover,55456,Newton Exchange,29070,29490,in_service_layover,68.73238226456483,73.18479679177705,25.111617933476964,420,7.0,08:04:30,08:11:30,False,,no_dispenser,0
2161891,heavy,320.0,24.0,40-ft,STC,2,SAT,14867523,14865756,341,325,55538,61707,Newton Exchange @ Bay 1,Newton Exchange @ Layover,55538,Newton Exchange,29490,29790,in_service_layover,64.83190209252237,68.35753302583345,19.884558463874555,300,5.0,08:11:30,08:16:30,False,,no_dispenser,0
2161608,heavy,319.0,21.0,40-ft,STC,2,SAT,14863072,14862993,319,319,55456,61707,Newton Exchange @ Bay 5,Newton Exchange @ Layover,55456,Newton Exchange,29970,30390,in_service_layover,68.73238226456483,73.18479679177705,25.111617933476964,420,7.0,08:19:30,08:26:30,False,,no_dispenser,0
2161973,heavy,320.0,33.0,40-ft,STC,2,SAT,14867792,14867747,342,342,55538,61707,Newton Exchange @ Bay 1,Newton Exchange @ Layover,55538,Newton Exchange,30210,30990,in_service_layover,67.57223290664481,75.36877229829899,43.97248216892956,780,13.0,08:23:30,08:36:30,False,,no_dispenser,0
2161607,heavy,319.0,23.0,40-ft,STC,2,SAT,14863073,14862994,319,319,55456,61707,Newton Exchange @ Bay 5,Newton Exchange @ Layover,55456,Newton Exchange,30870,31290,in_service_layover,68.73238226456483,73.18479679177705,25.111617933476964,420,7.0,08:34:30,08:41:30,False,,no_dispenser,0
2161887,heavy,320.0,38.0,40-ft,STC,2,SAT,14867522,14865770,341,325,55538,61707,Newton Exchange @ Bay 1,Newton Exchange @ Layover,55538,Newton Exchange,31290,31590,in_service_layover,64.83190209252237,68.35753302583345,19.884558463874555,300,5.0,08:41:30,08:46:30,False,,no_dispenser,0
2161974,heavy,320.0,44.0,40-ft,STC,2,SAT,14867783,14867735,342,342,55538,61707,Newton Exchange @ Bay 1,Newton Exchange @ Layover,55538,Newton Exchange,31410,32190,in_service_layover,67.57223290664481,75.36877229829899,43.97248216892956,780,13.0,08:43:30,08:56:30,False,,no_dispenser,0
2161816,heavy,801.0,51.0,40-ft,STC,2,SAT,14865099,14864988,323,323,55538,61707,Newton Exchange @ Bay 1,Newton Exchange @ Layover,55538,Newton Exchange,31530,31950,in_service_layover,65.761028883496,70.50061746544252,26.731279602178404,420,7.0,08:45:30,08:52:30,False,,no_dispenser,0
2161606,heavy,319.0,24.0,40-ft,STC,2,SAT,14863074,14862995,319,319,55456,61707,Newton Exchange @ Bay 5,Newton Exchange @ Layover,55456,Newton Exchange,31770,32190,in_service_layover,68.73238226456483,73.18479679177705,25.111617933476964,420,7.0,08:49:30,08:56:30,False,,no_dispenser,0
2161819,heavy,801.0,53.0,40-ft,STC,2,SAT,14865155,14865071,323,323,55538,60677,Newton Exchange @ Bay 1,Newton Exchange @ Bay 11,55538,Newton Exchange,32250,32970,in_service_layover,65.761028883496,73.36992576255128,42.91417839787175,720,12.0,08:57:30,09:09:30,False,,no_dispenser,0
2161993,heavy,320.0,21.0,40-ft,STC,2,SAT,14867784,14867736,342,342,55538,56019,Newton Exchange @ Bay 1,Newton Exchange @ Bay 4,55538,Newton Exchange,32610,33510,in_service_layover,64.68674328781061,74.02991943674252,52.69551347997594,900,15.0,09:03:30,09:18:30,False,,no_dispenser,0
2161613,heavy,319.0,25.0,40-ft,STC,2,SAT,14863075,14862996,319,319,55456,55538,Newton Exchange @ Bay 5,Newton Exchange @ Bay 1,55456,Newton Exchange,32670,33210,in_service_layover,68.73238226456483,74.29790529520307,31.38954989279972,540,9.0,09:04:30,09:13:30,False,,no_dispenser,0
2161681,heavy,320.0,20.0,40-ft,STC,2,SAT,14866280,14866405,335,335,55538,55688,Newton Exchange @ Bay 1,Newton Exchange @ Bay 7,55538,Newton Exchange,32850,33330,in_service_layover,63.7897984537228,69.34635416809064,31.33897422903459,480,8.0,09:07:30,09:15:30,False,,no_dispenser,0
2161884,heavy,320.0,51.0,40-ft,STC,2,SAT,14867521,14865751,341,325,55538,61703,Newton Exchange @ Bay 1,Newton Exchange @ Bay 12,55538,Newton Exchange,33150,33510,in_service_layover,64.83190209252237,69.01604516513211,23.598566929518995,360,6.0,09:12:30,09:18:30,False,,no_dispenser,0
2161818,heavy,801.0,50.0,40-ft,STC,2,SAT,14865156,14865072,323,323,55538,60677,Newton Exchange @ Bay 1,Newton Exchange @ Bay 11,55538,Newton Exchange,33210,33870,in_service_layover,66.26924618674317,73.2621295691416,39.439862276727126,660,11.0,09:13:30,09:24:30,False,,no_dispenser,0
2161891,heavy,320.0,24.0,40-ft,STC,2,SAT,14865811,14867478,325,341,55538,55688,Newton Exchange @ Bay 1,Newton Exchange @ Bay 7,55538,Newton Exchange,33390,33870,in_service_layover,66.53945017517074,71.80372928773627,29.6905341948696,480,8.0,09:16:30,09:24:30,False,,no_dispenser,0
2161611,heavy,319.0,22.0,40-ft,STC,2,SAT,14863076,14862997,319,319,55456,55538,Newton Exchange @ Bay 5,Newton Exchange @ Bay 1,55456,Newton Exchange,33570,33990,in_service_layover,67.31468944977071,71.9068323429427,25.89968591748999,420,7.0,09:19:30,09:26:30,False,,no_dispenser,0
2161677,heavy,320.0,27.0,40-ft,STC,2,SAT,14866351,14866406,335,335,55538,55688,Newton Exchange @ Bay 1,Newton Exchange @ Bay 7,55538,Newton Exchange,33750,34230,in_service_layover,63.62745933221642,69.2006892682436,31.43301683919327,480,8.0,09:22:30,09:30:30,False,,no_dispenser,0
2161680,heavy,320.0,49.0,40-ft,STC,2,SAT,14867793,14867748,342,342,55538,56019,Newton Exchange @ Bay 1,Newton Exchange @ Bay 4,55538,Newton Exchange,33810,34710,in_service_layover,69.46697969663438,77.78511745414977,46.91429695238679,900,15.0,09:23:30,09:38:30,False,,no_dispenser,0
2161817,heavy,801.0,52.0,40-ft,STC,2,SAT,14865157,14865073,323,323,55538,60677,Newton Exchange @ Bay 1,Newton Exchange @ Bay 11,55538,Newton Exchange,34110,34770,in_service_layover,67.47845805379467,74.28411864002565,38.38392570634278,660,11.0,09:28:30,09:39:30,False,,no_dispenser,0
2161609,heavy,319.0,20.0,40-ft,STC,2,SAT,14863077,14862998,319,319,55456,55538,Newton Exchange @ Bay 5,Newton Exchange @ Bay 1,55456,Newton Exchange,34530,34890,in_service_layover,68.35966088074517,72.26063287100796,22.00148202508211,360,6.0,09:35:30,09:41:30,False,,no_dispenser,0
2161885,heavy,320.0,43.0,40-ft,STC,2,SAT,14866312,14866407,335,335,55538,55688,Newton Exchange @ Bay 1,Newton Exchange @ Bay 7,55538,Newton Exchange,34650,35130,in_service_layover,62.744095746965854,68.40691846575825,31.938320133989123,480,8.0,09:37:30,09:45:30,False,,no_dispenser,0
2161888,heavy,320.0,64.0,40-ft,STC,2,SAT,14867520,14865769,341,325,55538,61703,Newton Exchange @ Bay 1,Newton Exchange @ Bay 12,55538,Newton Exchange,35010,35310,in_service_layover,64.83190209252237,68.35753302583345,19.884558463874555,300,5.0,09:43:30,09:48:30,False,,no_dispenser,0
2161813,heavy,801.0,54.0,40-ft,STC,2,SAT,14865158,14865074,323,323,55538,60677,Newton Exchange @ Bay 1,Newton Exchange @ Bay 11,55538,Newton Exchange,35010,35670,in_service_layover,68.61674827704883,75.24287526207485,37.37135619554675,660,11.0,09:43:30,09:54:30,False,,no_dispenser,0
2161684,heavy,320.0,34.0,40-ft,STC,2,SAT,14867794,14867737,342,342,55538,56019,Newton Exchange @ Bay 1,Newton Exchange @ Bay 4,55538,Newton Exchange,35070,35910,in_service_layover,64.68674328781061,73.5288384522315,49.86941672733383,840,14.0,09:44:30,09:58:30,False,,no_dispenser,0
2161887,heavy,320.0,38.0,40-ft,STC,2,SAT,14865794,14867476,325,341,55538,55688,Newton Exchange @ Bay 1,Newton Exchange @ Bay 7,55538,Newton Exchange,35250,35730,in_service_layover,66.53945017517074,71.80372928773627,29.6905341948696,480,8.0,09:47:30,09:55:30,False,,no_dispenser,0
2161608,heavy,319.0,21.0,40-ft,STC,2,SAT,14863078,14862999,319,319,55456,55538,Newton Exchange @ Bay 5,Newton Exchange @ Bay 1,55456,Newton Exchange,35430,35790,in_service_layover,68.35966088074517,72.26063287100796,22.00148202508211,360,6.0,09:50:30,09:56:30,False,,no_dispenser,0
2161862,heavy,320.0,40.0,40-ft,STC,2,SAT,14866290,14866408,335,335,55538,55688,Newton Exchange @ Bay 1,Newton Exchange @ Bay 7,55538,Newton Exchange,35550,36030,in_service_layover,61.09288677220939,66.9180267270376,32.85378934523112,480,8.0,09:52:30,10:00:30,False,,no_dispenser,0
2161815,heavy,801.0,55.0,40-ft,STC,2,SAT,14865159,14865076,323,323,55538,60677,Newton Exchange @ Bay 1,Newton Exchange @ Bay 11,55538,Newton Exchange,35910,36570,in_service_layover,68.61674827704883,75.24287526207485,37.37135619554675,660,11.0,09:58:30,10:09:30,False,,no_dispenser,0
2161994,heavy,320.0,29.0,40-ft,STC,2,SAT,14867785,14867738,342,342,55538,56019,Newton Exchange @ Bay 1,Newton Exchange @ Bay 4,55538,Newton Exchange,36270,37110,in_service_layover,66.74218752809873,75.1807925179728,47.59373214288979,840,14.0,10:04:30,10:18:30,False,,no_dispenser,0
2161607,heavy,319.0,23.0,40-ft,STC,2,SAT,14863079,14863000,319,319,55456,55538,Newton Exchange @ Bay 5,Newton Exchange @ Bay 1,55456,Newton Exchange,36330,36690,in_service_layover,68.35966088074517,72.26063287100796,22.00148202508211,360,6.0,10:05:30,10:11:30,False,,no_dispenser,0
2161739,heavy,320.0,36.0,40-ft,STC,2,SAT,14866324,14866409,335,335,55538,55688,Newton Exchange @ Bay 1,Newton Exchange @ Bay 7,55538,Newton Exchange,36450,36930,in_service_layover,63.717617388803404,69.28159491671795,31.380833257437985,480,8.0,10:07:30,10:15:30,False,,no_dispenser,0
2161526,heavy,320.0,63.0,40-ft,STC,2,SAT,14867519,14865777,341,325,55538,61703,Newton Exchange @ Bay 1,Newton Exchange @ Bay 12,55538,Newton Exchange,36810,37110,in_service_layover,62.67893558709936,66.3326627982637,20.607021470966856,300,5.0,10:13:30,10:18:30,False,,no_dispenser,0
2161816,heavy,801.0,51.0,40-ft,STC,2,SAT,14865160,14865075,323,323,55538,60677,Newton Exchange @ Bay 1,Newton Exchange @ Bay 11,55538,Newton Exchange,36930,37470,in_service_layover,67.89186287060514,73.56566382212377,32.0002373665651,540,9.0,10:15:30,10:24:30,False,,no_dispenser,0
2161884,heavy,320.0,51.0,40-ft,STC,2,SAT,14865809,14867475,325,341,55538,55688,Newton Exchange @ Bay 1,Newton Exchange @ Bay 7,55538,Newton Exchange,37050,37530,in_service_layover,67.29640698715345,72.47695690071423,29.21830151248281,480,8.0,10:17:30,10:25:30,False,,no_dispenser,0
2161606,heavy,319.0,24.0,40-ft,STC,2,SAT,14863080,14863001,319,319,55456,55538,Newton Exchange @ Bay 5,Newton Exchange @ Bay 1,55456,Newton Exchange,37230,37590,in_service_layover,68.89277709467191,72.74829053178584,21.745095785322576,360,6.0,10:20:30,10:26:30,False,,no_dispenser,0
2161893,heavy,320.0,48.0,40-ft,STC,2,SAT,14866325,14866410,335,335,55538,55688,Newton Exchange @ Bay 1,Newton Exchange @ Bay 7,55538,Newton Exchange,37350,37830,in_service_layover,62.287966077113566,67.99629881447355,32.19499663871028,480,8.0,10:22:30,10:30:30,False,,no_dispenser,0
2161973,heavy,320.0,33.0,40-ft,STC,2,SAT,14867795,14867749,342,342,55538,56019,Newton Exchange @ Bay 1,Newton Exchange @ Bay 4,55538,Newton Exchange,37470,38310,in_service_layover,67.37831252062591,75.68993816576881,46.877568638605965,840,14.0,10:24:30,10:38:30,False,,no_dispenser,0
2161613,heavy,319.0,25.0,40-ft,STC,2,SAT,14863081,14863002,319,319,55456,55538,Newton Exchange @ Bay 5,Newton Exchange @ Bay 1,55456,Newton Exchange,38190,38490,in_service_layover,69.99348129867928,73.17067658721292,17.919381427329768,300,5.0,10:36:30,10:41:30,False,,no_dispenser,0
2161935,heavy,320.0,57.0,40-ft,STC,2,SAT,14866326,14866411,335,335,55538,55688,Newton Exchange @ Bay 1,Newton Exchange @ Bay 7,55538,Newton Exchange,38250,38730,in_service_layover,62.287966077113566,67.99629881447355,32.19499663871028,480,8.0,10:37:30,10:45:30,False,,no_dispenser,0
2161676,heavy,320.0,69.0,40-ft,STC,2,SAT,14867518,14865768,341,325,55538,61703,Newton Exchange @ Bay 1,Newton Exchange @ Bay 12,55538,Newton Exchange,38490,38910,in_service_layover,62.67893558709936,67.6934290214273,28.28174296960964,420,7.0,10:41:30,10:48:30,False,,no_dispenser,0
2161818,heavy,801.0,50.0,40-ft,STC,2,SAT,14865162,14865009,323,323,55538,60677,Newton Exchange @ Bay 1,Newton Exchange @ Bay 11,55538,Newton Exchange,38730,39270,in_service_layover,69.92540484850501,75.33425288581483,30.505902930427396,540,9.0,10:45:30,10:54:30,False,,no_dispenser,0
2161974,heavy,320.0,44.0,40-ft,STC,2,SAT,14867786,14867739,342,342,55538,56019,Newton Exchange @ Bay 1,Newton Exchange @ Bay 4,55538,Newton Exchange,38850,39510,in_service_layover,67.37831252062591,74.19961424021828,38.47214169850099,660,11.0,10:47:30,10:58:30,False,,no_dispenser,0
2161888,heavy,320.0,64.0,40-ft,STC,2,SAT,14865817,14867486,325,341,55538,55688,Newton Exchange @ Bay 1,Newton Exchange @ Bay 7,55538,Newton Exchange,38910,39330,in_service_layover,66.08116088476706,70.79085471995647,26.56267323046825,420,7.0,10:48:30,10:55:30,False,,no_dispenser,0
2161611,heavy,319.0,22.0,40-ft,STC,2,SAT,14863082,14863003,319,319,55456,55538,Newton Exchange @ Bay 5,Newton Exchange @ Bay 1,55456,Newton Exchange,39090,39390,in_service_layover,68.99314924964895,72.24299789961619,18.32914638581525,300,5.0,10:51:30,10:56:30,False,,no_dispenser,0
2161880,heavy,320.0,54.0,40-ft,STC,2,SAT,14866327,14866412,335,335,55538,55688,Newton Exchange @ Bay 1,Newton Exchange @ Bay 7,55538,Newton Exchange,39150,39630,in_service_layover,58.62503287990637,64.68997515491633,34.20627443105616,480,8.0,10:52:30,11:00:30,False,,no_dispenser,0
2161609,heavy,319.0,20.0,40-ft,STC,2,SAT,14863083,14863004,319,319,55456,55538,Newton Exchange @ Bay 5,Newton Exchange @ Bay 1,55456,Newton Exchange,40050,40290,in_service_layover,68.25114670105913,70.92757292871018,15.095043923951948,240,4.0,11:07:30,11:11:30,False,,no_dispenser,0
2161681,heavy,320.0,20.0,40-ft,STC,2,SAT,14866328,14866413,335,335,55538,55688,Newton Exchange @ Bay 1,Newton Exchange @ Bay 7,55538,Newton Exchange,40050,40530,in_service_layover,56.42648323270637,62.64378709798698,35.065593800182626,480,8.0,11:07:30,11:15:30,False,,no_dispenser,0
2161993,heavy,320.0,21.0,40-ft,STC,2,SAT,14867787,14867740,342,342,55538,56019,Newton Exchange @ Bay 1,Newton Exchange @ Bay 4,55538,Newton Exchange,40050,40710,in_service_layover,66.37471198123029,73.35140907242463,39.34857159433608,660,11.0,11:07:30,11:18:30,False,,no_dispenser,0
2161813,heavy,801.0,54.0,40-ft,STC,2,SAT,14865164,14864995,323,323,55538,60677,Newton Exchange @ Bay 1,Newton Exchange @ Bay 11,55538,Newton Exchange,40530,41010,in_service_layover,66.3522968022883,71.63705992374449,29.806064005012956,480,8.0,11:15:30,11:23:30,False,,no_dispenser,0
2161526,heavy,320.0,63.0,40-ft,STC,2,SAT,14865810,14867474,325,341,55538,55688,Newton Exchange @ Bay 1,Newton Exchange @ Bay 7,55538,Newton Exchange,40710,41130,in_service_layover,63.55983052600448,68.49814073140746,27.852069558472806,420,7.0,11:18:30,11:25:30,False,,no_dispenser,0
2161608,heavy,319.0,21.0,40-ft,STC,2,SAT,14863084,14863005,319,319,55456,55538,Newton Exchange @ Bay 5,Newton Exchange @ Bay 1,55456,Newton Exchange,40950,41190,in_service_layover,68.25114670105913,70.92757292871018,15.095043923951948,240,4.0,11:22:30,11:26:30,False,,no_dispenser,0
2161677,heavy,320.0,27.0,40-ft,STC,2,SAT,14866329,14866414,335,335,55538,55688,Newton Exchange @ Bay 1,Newton Exchange @ Bay 7,55538,Newton Exchange,41010,41430,in_service_layover,56.285983754839705,61.76767449380289,30.916735767752357,420,7.0,11:23:30,11:30:30,False,,no_dispenser,0
2161680,heavy,320.0,49.0,40-ft,STC,2,SAT,14867796,14867750,342,342,55538,56019,Newton Exchange @ Bay 1,Newton Exchange @ Bay 4,55538,Newton Exchange,41250,41910,in_service_layover,62.24143006216155,69.8319734047481,42.81066445218812,660,11.0,11:27:30,11:38:30,False,,no_dispenser,0
2161815,heavy,801.0,55.0,40-ft,STC,2,SAT,14865167,14865003,323,323,55538,60677,Newton Exchange @ Bay 1,Newton Exchange @ Bay 11,55538,Newton Exchange,41430,42450,in_service_layover,66.3522968022883,76.24446479736433,55.79182749222889,1020,17.0,11:30:30,11:47:30,False,,no_dispenser,0
2161607,heavy,319.0,23.0,40-ft,STC,2,SAT,14863085,14863006,319,319,55456,55538,Newton Exchange @ Bay 5,Newton Exchange @ Bay 1,55456,Newton Exchange,41850,42090,in_service_layover,67.70696525202511,70.41284540370266,15.261164055461336,240,4.0,11:37:30,11:41:30,False,,no_dispenser,0
2161885,heavy,320.0,43.0,40-ft,STC,2,SAT,14866330,14866415,335,335,55538,55688,Newton Exchange @ Bay 1,Newton Exchange @ Bay 7,55538,Newton Exchange,41910,42330,in_service_layover,55.52036085315173,61.024047076123246,31.04079029755934,420,7.0,11:38:30,11:45:30,False,,no_dispenser,0
2161816,heavy,801.0,51.0,40-ft,STC,2,SAT,14865165,14865010,323,323,55538,60677,Newton Exchange @ Bay 1,Newton Exchange @ Bay 11,55538,Newton Exchange,42390,43170,in_service_layover,69.08785645632267,76.59950559413933,42.36570113728595,780,13.0,11:46:30,11:59:30,False,,no_dispenser,0
2161684,heavy,320.0,34.0,40-ft,STC,2,SAT,14867788,14867741,342,342,55538,56019,Newton Exchange @ Bay 1,Newton Exchange @ Bay 4,55538,Newton Exchange,42510,43110,in_service_layover,64.93095922898793,71.55845813069448,37.37909380562485,600,10.0,11:48:30,11:58:30,False,,no_dispenser,0
2161676,heavy,320.0,69.0,40-ft,STC,2,SAT,14865793,14867473,325,341,55538,55688,Newton Exchange @ Bay 1,Newton Exchange @ Bay 7,55538,Newton Exchange,42570,42930,in_service_layover,64.82247749309794,69.0073360952926,23.602602516377885,360,6.0,11:49:30,11:55:30,False,,no_dispenser,0
2161606,heavy,319.0,24.0,40-ft,STC,2,SAT,14863086,14863007,319,319,55456,55538,Newton Exchange @ Bay 5,Newton Exchange @ Bay 1,55456,Newton Exchange,42750,42990,in_service_layover,68.13216017363185,70.81508883654138,15.131717658809748,240,4.0,11:52:30,11:56:30,False,,no_dispenser,0
2161862,heavy,320.0,40.0,40-ft,STC,2,SAT,14866331,14866416,335,335,55538,55688,Newton Exchange @ Bay 1,Newton Exchange @ Bay 7,55538,Newton Exchange,42810,43230,in_service_layover,54.08376408035617,59.602593412264035,31.126197431960406,420,7.0,11:53:30,12:00:30,False,,no_dispenser,0
2161819,heavy,801.0,53.0,40-ft,STC,2,SAT,14865166,14865035,323,323,55538,60677,Newton Exchange @ Bay 1,Newton Exchange @ Bay 11,55538,Newton Exchange,43290,43890,in_service_layover,65.25530235468793,71.83879670834928,37.13090815465006,600,10.0,12:01:30,12:11:30,False,,no_dispenser,0
2161613,heavy,319.0,25.0,40-ft,STC,2,SAT,14863087,14863008,319,319,55456,55538,Newton Exchange @ Bay 5,Newton Exchange @ Bay 1,55456,Newton Exchange,43710,43890,in_service_layover,67.95150494131815,69.99635993424567,11.532982160111317,180,3.0,12:08:30,12:11:30,False,,no_dispenser,0
2161739,heavy,320.0,36.0,40-ft,STC,2,SAT,14866332,14866417,335,335,55538,55688,Newton Exchange @ Bay 1,Newton Exchange @ Bay 7,55538,Newton Exchange,43710,44130,in_service_layover,56.36402040868731,61.84292575799585,30.901026170100124,420,7.0,12:08:30,12:15:30,False,,no_dispenser,0
2161994,heavy,320.0,29.0,40-ft,STC,2,SAT,14867789,14867742,342,342,55538,56019,Newton Exchange @ Bay 1,Newton Exchange @ Bay 4,55538,Newton Exchange,43710,44310,in_service_layover,66.32499310515571,72.76152649640659,36.302048326654926,600,10.0,12:08:30,12:18:30,False,,no_dispenser,0
2161683,heavy,502.0,43.0,40-ft,STC,2,SAT,14867515,14865753,341,325,55538,61703,Newton Exchange @ Bay 1,Newton Exchange @ Bay 12,55538,Newton Exchange,43770,44310,in_service_layover,54.252771934595714,61.298674602496995,39.73889104696326,540,9.0,12:09:30,12:18:30,False,,no_dispenser,0
2161818,heavy,801.0,50.0,40-ft,STC,2,SAT,14865096,14865036,323,323,55538,60677,Newton Exchange @ Bay 1,Newton Exchange @ Bay 11,55538,Newton Exchange,44250,44610,in_service_layover,66.44367442602828,70.5022438195299,22.890331379349163,360,6.0,12:17:30,12:23:30,False,,no_dispenser,0
2161892,heavy,320.0,55.0,40-ft,STC,2,SAT,14865807,14867472,325,341,55538,55688,Newton Exchange @ Bay 1,Newton Exchange @ Bay 7,55538,Newton Exchange,44370,44730,in_service_layover,58.65653664898923,63.28455074450618,26.101999498715543,360,6.0,12:19:30,12:25:30,False,,no_dispenser,0
2161611,heavy,319.0,22.0,40-ft,STC,2,SAT,14863088,14863009,319,319,55456,55538,Newton Exchange @ Bay 5,Newton Exchange @ Bay 1,55456,Newton Exchange,44610,44790,in_service_layover,67.12940546510214,69.20572173168756,11.71042374354181,180,3.0,12:23:30,12:26:30,False,,no_dispenser,0
2161893,heavy,320.0,48.0,40-ft,STC,2,SAT,14866333,14866418,335,335,55538,55688,Newton Exchange @ Bay 1,Newton Exchange @ Bay 7,55538,Newton Exchange,44730,45030,in_service_layover,52.804878482355896,56.71934838476734,22.077610249600525,300,5.0,12:25:30,12:30:30,False,,no_dispenser,0
2161973,heavy,320.0,33.0,40-ft,STC,2,SAT,14867797,14867751,342,342,55538,56019,Newton Exchange @ Bay 1,Newton Exchange @ Bay 4,55538,Newton Exchange,44970,45510,in_service_layover,66.2411253898863,72.12251421944545,33.1710329987136,540,9.0,12:29:30,12:38:30,False,,no_dispenser,0
2161817,heavy,801.0,52.0,40-ft,STC,2,SAT,14865095,14865038,323,323,55538,60677,Newton Exchange @ Bay 1,Newton Exchange @ Bay 11,55538,Newton Exchange,45150,46050,in_service_layover,64.85393918169056,74.1622136851985,52.49866819978473,900,15.0,12:32:30,12:47:30,False,,no_dispenser,0
2161526,heavy,320.0,63.0,40-ft,STC,2,SAT,14867514,14865766,341,325,55538,61703,Newton Exchange @ Bay 1,Newton Exchange @ Bay 12,55538,Newton Exchange,45450,46110,in_service_layover,60.155193303790675,68.03959193790823,44.46800829642302,660,11.0,12:37:30,12:48:30,False,,no_dispenser,0
2161609,heavy,319.0,20.0,40-ft,STC,2,SAT,14863089,14863010,319,319,55456,55538,Newton Exchange @ Bay 5,Newton Exchange @ Bay 1,55456,Newton Exchange,45510,45750,in_service_layover,65.36071755708386,68.18523795416998,15.930295039565692,240,4.0,12:38:30,12:42:30,False,,no_dispenser,0
2161935,heavy,320.0,57.0,40-ft,STC,2,SAT,14866334,14866419,335,335,55538,55688,Newton Exchange @ Bay 1,Newton Exchange @ Bay 7,55538,Newton Exchange,45630,45930,in_service_layover,52.804878482355896,56.71934838476734,22.077610249600525,300,5.0,12:40:30,12:45:30,False,,no_dispenser,0
2161813,heavy,801.0,54.0,40-ft,STC,2,SAT,14865100,14865039,323,323,55538,60677,Newton Exchange @ Bay 1,Newton Exchange @ Bay 11,55538,Newton Exchange,46170,46770,in_service_layover,66.74415713407414,73.12233459281519,35.972920867299536,600,10.0,12:49:30,12:59:30,False,,no_dispenser,0
2161974,heavy,320.0,44.0,40-ft,STC,2,SAT,14867790,14867743,342,342,55538,56019,Newton Exchange @ Bay 1,Newton Exchange @ Bay 4,55538,Newton Exchange,46230,46710,in_service_layover,64.41171403118979,69.903792194321,30.97532084006008,480,8.0,12:50:30,12:58:30,False,,no_dispenser,0
2161608,heavy,319.0,21.0,40-ft,STC,2,SAT,14863090,14863011,319,319,55456,55538,Newton Exchange @ Bay 5,Newton Exchange @ Bay 1,55456,Newton Exchange,46410,46710,in_service_layover,65.36071755708386,68.85366710133768,19.700235429591544,300,5.0,12:53:30,12:58:30,False,,no_dispenser,0
2161864,heavy,320.0,70.0,40-ft,STC,2,SAT,14865532,14865489,324,324,55538,61703,Newton Exchange @ Bay 1,Newton Exchange @ Bay 12,55538,Newton Exchange,46590,47310,in_service_layover,65.62183109301239,73.253931480434,43.04504618505797,720,12.0,12:56:30,13:08:30,False,,no_dispenser,0
2161676,heavy,320.0,69.0,40-ft,STC,2,SAT,14867513,14865752,341,325,55538,61703,Newton Exchange @ Bay 1,Newton Exchange @ Bay 12,55538,Newton Exchange,47130,47910,in_service_layover,60.66438866767581,69.68773533730335,50.891675216699355,780,13.0,13:05:30,13:18:30,False,,no_dispenser,0
2161607,heavy,319.0,23.0,40-ft,STC,2,SAT,14863091,14863012,319,319,55456,55538,Newton Exchange @ Bay 5,Newton Exchange @ Bay 1,55456,Newton Exchange,47370,47670,in_service_layover,64.89438440755023,68.41618974403293,19.862982097762426,300,5.0,13:09:30,13:14:30,False,,no_dispenser,0
2161880,heavy,320.0,54.0,40-ft,STC,2,SAT,14866336,14866374,335,335,55538,55688,Newton Exchange @ Bay 1,Newton Exchange @ Bay 7,55538,Newton Exchange,47430,47730,in_service_layover,60.998145248480725,64.75120995010717,21.167284917173106,300,5.0,13:10:30,13:15:30,False,,no_dispenser,0
2161993,heavy,320.0,21.0,40-ft,STC,2,SAT,14867780,14867744,342,342,55538,56019,Newton Exchange @ Bay 1,Newton Exchange @ Bay 4,55538,Newton Exchange,47430,47910,in_service_layover,63.669664197490675,69.23856525511965,31.408601965027458,480,8.0,13:10:30,13:18:30,False,,no_dispenser,0
2161815,heavy,801.0,55.0,40-ft,STC,2,SAT,14865119,14865041,323,323,55538,60677,Newton Exchange @ Bay 1,Newton Exchange @ Bay 11,55538,Newton Exchange,47670,48210,in_service_layover,67.35388633757776,73.09607730532348,32.385957058085864,540,9.0,13:14:30,13:23:30,False,,no_dispenser,0
2161886,heavy,320.0,62.0,40-ft,STC,2,SAT,14865801,14867470,325,341,55538,55688,Newton Exchange @ Bay 1,Newton Exchange @ Bay 7,55538,Newton Exchange,48030,48450,in_service_layover,56.26697352803475,61.74932998177778,30.92049039911069,420,7.0,13:20:30,13:27:30,False,,no_dispenser,0
2161606,heavy,319.0,24.0,40-ft,STC,2,SAT,14863092,14863013,319,319,55456,55538,Newton Exchange @ Bay 5,Newton Exchange @ Bay 1,55456,Newton Exchange,48270,48630,in_service_layover,65.25886523231436,69.41036653068558,23.414467322813607,360,6.0,13:24:30,13:30:30,False,,no_dispenser,0
2161816,heavy,801.0,51.0,40-ft,STC,2,SAT,14865088,14865042,323,323,55538,60677,Newton Exchange @ Bay 1,Newton Exchange @ Bay 11,55538,Newton Exchange,48390,48930,in_service_layover,67.70892713435276,73.40606360656821,32.13184970329513,540,9.0,13:26:30,13:35:30,False,,no_dispenser,0
2161681,heavy,320.0,20.0,40-ft,STC,2,SAT,14866337,14866397,335,335,55538,55688,Newton Exchange @ Bay 1,Newton Exchange @ Bay 7,55538,Newton Exchange,48450,48630,in_service_layover,59.29276853184088,61.64764279192041,13.281490826848596,180,3.0,13:27:30,13:30:30,False,,no_dispenser,0
2161680,heavy,320.0,49.0,40-ft,STC,2,SAT,14867805,14867752,342,342,55538,56019,Newton Exchange @ Bay 1,Newton Exchange @ Bay 4,55538,Newton Exchange,48630,49110,in_service_layover,59.93758889218134,65.87350703405124,33.47857832014631,480,8.0,13:30:30,13:38:30,False,,no_dispenser,0
2161887,heavy,320.0,38.0,40-ft,STC,2,SAT,14867512,14865765,341,325,55538,61703,Newton Exchange @ Bay 1,Newton Exchange @ Bay 12,55538,Newton Exchange,48990,49710,in_service_layover,45.07144189115098,54.34379212160684,52.296055299770984,720,12.0,13:36:30,13:48:30,False,,no_dispenser,0
2161613,heavy,319.0,25.0,40-ft,STC,2,SAT,14863093,14863014,319,319,55456,55538,Newton Exchange @ Bay 5,Newton Exchange @ Bay 1,55456,Newton Exchange,49170,49590,in_service_layover,62.570903165753656,67.59460865758112,28.33369897390685,420,7.0,13:39:30,13:46:30,False,,no_dispenser,0
2161677,heavy,320.0,27.0,40-ft,STC,2,SAT,14866338,14866384,335,335,55538,55688,Newton Exchange @ Bay 1,Newton Exchange @ Bay 7,55538,Newton Exchange,49350,49530,in_service_layover,58.5371465666577,60.9096960152582,13.381178890106867,180,3.0,13:42:30,13:45:30,False,,no_dispenser,0
2161526,heavy,320.0,63.0,40-ft,STC,2,SAT,14865791,14867469,325,341,55538,55688,Newton Exchange @ Bay 1,Newton Exchange @ Bay 7,55538,Newton Exchange,49890,50250,in_service_layover,64.47644677955356,68.68742232626005,23.749902083424672,360,6.0,13:51:30,13:57:30,False,,no_dispenser,0
2161684,heavy,320.0,34.0,40-ft,STC,2,SAT,14867791,14867745,342,342,55538,56019,Newton Exchange @ Bay 1,Newton Exchange @ Bay 4,55538,Newton Exchange,49890,50310,in_service_layover,61.48660470133682,66.60118823668721,28.846251139376136,420,7.0,13:51:30,13:58:30,False,,no_dispenser,0
2161611,heavy,319.0,22.0,40-ft,STC,2,SAT,14863094,14863015,319,319,55456,55538,Newton Exchange @ Bay 5,Newton Exchange @ Bay 1,55456,Newton Exchange,50070,50490,in_service_layover,61.81776249125649,66.90488658251078,28.69137987467417,420,7.0,13:54:30,14:01:30,False,,no_dispenser,0
2161883,heavy,320.0,65.0,40-ft,STC,2,SAT,14867511,14865778,341,325,55538,61703,Newton Exchange @ Bay 1,Newton Exchange @ Bay 12,55538,Newton Exchange,50850,51510,in_service_layover,43.620268524346265,52.07056513250525,47.65967287001669,660,11.0,14:07:30,14:18:30,False,,no_dispenser,0
2161994,heavy,320.0,29.0,40-ft,STC,2,SAT,14867765,14867717,342,342,55538,56019,Newton Exchange @ Bay 1,Newton Exchange @ Bay 4,55538,Newton Exchange,51090,51510,in_service_layover,62.56166752761607,67.58615880313401,28.338130793921152,420,7.0,14:11:30,14:18:30,False,,no_dispenser,0
2161609,heavy,319.0,20.0,40-ft,STC,2,SAT,14863096,14863017,319,319,55456,55538,Newton Exchange @ Bay 5,Newton Exchange @ Bay 1,55456,Newton Exchange,52050,52290,in_service_layover,67.98911421002633,70.67981397478817,15.175546673256804,240,4.0,14:27:30,14:31:30,False,,no_dispenser,0
2161973,heavy,320.0,33.0,40-ft,STC,2,SAT,14867798,14867753,342,342,55538,56019,Newton Exchange @ Bay 1,Newton Exchange @ Bay 4,55538,Newton Exchange,52290,52710,in_service_layover,61.37302131726526,66.497003004962,28.899256718609536,420,7.0,14:31:30,14:38:30,False,,no_dispenser,0
2161888,heavy,320.0,64.0,40-ft,STC,2,SAT,14867510,14865764,341,325,55538,61703,Newton Exchange @ Bay 1,Newton Exchange @ Bay 12,55538,Newton Exchange,52710,53310,in_service_layover,44.058567323371186,51.7350756422902,43.29550691870324,600,10.0,14:38:30,14:48:30,False,,no_dispenser,0
2161608,heavy,319.0,21.0,40-ft,STC,2,SAT,14863097,14863018,319,319,55456,55538,Newton Exchange @ Bay 5,Newton Exchange @ Bay 1,55456,Newton Exchange,52950,53190,in_service_layover,68.02121432580651,70.71017475084909,15.165736797240129,240,4.0,14:42:30,14:46:30,False,,no_dispenser,0
2161887,heavy,320.0,38.0,40-ft,STC,2,SAT,14865790,14867495,325,341,55538,55688,Newton Exchange @ Bay 1,Newton Exchange @ Bay 7,55538,Newton Exchange,53490,53850,in_service_layover,50.31846092905423,54.97747698720047,26.27685056794479,360,6.0,14:51:30,14:57:30,False,,no_dispenser,0
2161974,heavy,320.0,44.0,40-ft,STC,2,SAT,14867766,14867718,342,342,55538,61707,Newton Exchange @ Bay 1,Newton Exchange @ Layover,55538,Newton Exchange,53550,53850,in_service_layover,59.35132176773118,63.20456855812881,21.732311897842692,300,5.0,14:52:30,14:57:30,False,,no_dispenser,0
2161935,heavy,320.0,57.0,40-ft,STC,2,SAT,14866289,14866367,335,335,55538,61707,Newton Exchange @ Bay 1,Newton Exchange @ Layover,55538,Newton Exchange,53970,54810,in_service_layover,53.89958302239134,64.54851015777776,60.05994904357942,840,14.0,14:59:30,15:13:30,False,,no_dispenser,0
2161879,heavy,320.0,74.0,40-ft,STC,2,SAT,14867508,14865788,341,325,55538,61707,Newton Exchange @ Bay 1,Newton Exchange @ Layover,55538,Newton Exchange,54510,54990,in_service_layover,44.13212586946124,50.253167658526735,34.52267569032935,480,8.0,15:08:30,15:16:30,False,,no_dispenser,0
2161606,heavy,319.0,24.0,40-ft,STC,2,SAT,14863099,14863020,319,319,55456,61707,Newton Exchange @ Bay 5,Newton Exchange @ Layover,55456,Newton Exchange,54690,54870,in_service_layover,67.44886356540353,69.51315213878979,11.642587553898522,180,3.0,15:11:30,15:14:30,False,,no_dispenser,0
2161993,heavy,320.0,21.0,40-ft,STC,2,SAT,14867767,14867719,342,342,55538,61707,Newton Exchange @ Bay 1,Newton Exchange @ Layover,55538,Newton Exchange,54750,55050,in_service_layover,58.74280423990932,62.628372011735664,21.914602233100595,300,5.0,15:12:30,15:17:30,False,,no_dispenser,0
2161936,heavy,320.0,81.0,40-ft,STC,2,SAT,14866277,14866399,335,335,55538,61707,Newton Exchange @ Bay 1,Newton Exchange @ Layover,55538,Newton Exchange,54870,55710,in_service_layover,65.72537104808707,74.36487995943624,48.72683026000931,840,14.0,15:14:30,15:28:30,False,,no_dispenser,0
2161884,heavy,320.0,51.0,40-ft,STC,2,SAT,14865803,14867494,325,341,55538,61707,Newton Exchange @ Bay 1,Newton Exchange @ Layover,55538,Newton Exchange,55290,55530,in_service_layover,53.0155882947638,56.14321820103986,17.63983267139696,240,4.0,15:21:30,15:25:30,False,,no_dispenser,0
2161613,heavy,319.0,25.0,40-ft,STC,2,SAT,14863100,14863021,319,319,55456,61707,Newton Exchange @ Bay 5,Newton Exchange @ Layover,55456,Newton Exchange,55590,55770,in_service_layover,65.39516841173199,67.53363761698972,12.060966317653595,180,3.0,15:26:30,15:29:30,False,,no_dispenser,0
2161880,heavy,320.0,54.0,40-ft,STC,2,SAT,14866318,14866386,335,335,55538,61707,Newton Exchange @ Bay 1,Newton Exchange @ Layover,55538,Newton Exchange,55770,56610,in_service_layover,59.823311857592095,69.58370968563786,55.04864375017809,840,14.0,15:29:30,15:43:30,False,,no_dispenser,0
2161680,heavy,320.0,49.0,40-ft,STC,2,SAT,14867799,14867754,342,342,55538,61707,Newton Exchange @ Bay 1,Newton Exchange @ Layover,55538,Newton Exchange,55950,56250,in_service_layover,55.66187206023251,59.61720859707458,22.308098067789274,300,5.0,15:32:30,15:37:30,False,,no_dispenser,0
2161891,heavy,320.0,24.0,40-ft,STC,2,SAT,14867507,14865763,341,325,55538,61707,Newton Exchange @ Bay 1,Newton Exchange @ Layover,55538,Newton Exchange,56430,56790,in_service_layover,26.68210192218249,31.16692760535989,25.294416853120538,360,6.0,15:40:30,15:46:30,False,,no_dispenser,0
2161611,heavy,319.0,22.0,40-ft,STC,2,SAT,14863101,14863022,319,319,55456,61707,Newton Exchange @ Bay 5,Newton Exchange @ Layover,55456,Newton Exchange,56490,56670,in_service_layover,64.81543907648427,66.97446605958766,12.176912184703156,180,3.0,15:41:30,15:44:30,False,,no_dispenser,0
2161681,heavy,320.0,20.0,40-ft,STC,2,SAT,14866304,14866366,335,335,55538,61707,Newton Exchange @ Bay 1,Newton Exchange @ Layover,55538,Newton Exchange,56670,57510,in_service_layover,57.101079038784185,67.35629460376748,57.839415786505754,840,14.0,15:44:30,15:58:30,False,,no_dispenser,0
2161888,heavy,320.0,64.0,40-ft,STC,2,SAT,14865816,14867493,325,341,55538,61707,Newton Exchange @ Bay 1,Newton Exchange @ Layover,55538,Newton Exchange,57090,57330,in_service_layover,47.68089370479764,50.74574452261012,17.28575861246236,240,4.0,15:51:30,15:55:30,False,,no_dispenser,0
2161684,heavy,320.0,34.0,40-ft,STC,2,SAT,14867768,14867720,342,342,55538,61707,Newton Exchange @ Bay 1,Newton Exchange @ Layover,55538,Newton Exchange,57150,57450,in_service_layover,56.32801129270162,60.281548733279344,22.297951164858375,300,5.0,15:52:30,15:57:30,False,,no_dispenser,0
2161818,heavy,801.0,50.0,40-ft,STC,2,SAT,14865131,14865054,323,323,55538,61707,Newton Exchange @ Bay 1,Newton Exchange @ Layover,55538,Newton Exchange,57270,57510,in_service_layover,69.81996908230843,72.40740127329319,14.593117557154073,240,4.0,15:54:30,15:58:30,False,,no_dispenser,0
2161866,heavy,320.0,60.0,40-ft,STC,2,SAT,14865554,14865501,324,324,55538,61707,Newton Exchange @ Bay 1,Newton Exchange @ Layover,55538,Newton Exchange,57450,57990,in_service_layover,69.62461870859835,75.07329882527789,30.73055585807259,540,9.0,15:57:30,16:06:30,False,,no_dispenser,0
2161677,heavy,320.0,27.0,40-ft,STC,2,SAT,14866276,14866365,335,335,55538,61707,Newton Exchange @ Bay 1,Newton Exchange @ Layover,55538,Newton Exchange,57570,58230,in_service_layover,56.42708923036114,64.78133227246204,47.117930757449074,660,11.0,15:59:30,16:10:30,False,,no_dispenser,0
2161609,heavy,319.0,20.0,40-ft,STC,2,SAT,14863103,14863024,319,319,55456,61707,Newton Exchange @ Bay 5,Newton Exchange @ Layover,55456,Newton Exchange,58230,58470,in_service_layover,67.97402562101352,70.66554231016595,15.180154126819673,240,4.0,16:10:30,16:14:30,False,,no_dispenser,0
2164129,heavy,320.0,84.0,40-ft,STC,2,SAT,14867506,14865781,341,325,55538,61707,Newton Exchange @ Bay 1,Newton Exchange @ Layover,55538,Newton Exchange,58230,58590,in_service_layover,64.83190209252237,69.01604516513211,23.598566929518995,360,6.0,16:10:30,16:16:30,False,,no_dispenser,0
2161994,heavy,320.0,29.0,40-ft,STC,2,SAT,14867769,14867721,342,342,55538,61707,Newton Exchange @ Bay 1,Newton Exchange @ Layover,55538,Newton Exchange,58350,58650,in_service_layover,57.22770022606445,61.16717201604922,22.218620895514164,300,5.0,16:12:30,16:17:30,False,,no_dispenser,0
2161885,heavy,320.0,43.0,40-ft,STC,2,SAT,14866275,14866364,335,335,55538,61707,Newton Exchange @ Bay 1,Newton Exchange @ Layover,55538,Newton Exchange,58470,58950,in_service_layover,52.827792419739694,59.12219052276817,35.500405301080605,480,8.0,16:14:30,16:22:30,False,,no_dispenser,0
2161678,heavy,312.0,63.0,40-ft,STC,2,SAT,14865798,14867492,325,341,55538,61707,Newton Exchange @ Bay 1,Newton Exchange @ Layover,55538,Newton Exchange,58650,59130,in_service_layover,59.93475387948973,65.87098144641247,33.480323477444244,480,8.0,16:17:30,16:25:30,False,,no_dispenser,0
2161608,heavy,319.0,21.0,40-ft,STC,2,SAT,14863104,14863025,319,319,55456,61707,Newton Exchange @ Bay 5,Newton Exchange @ Layover,55456,Newton Exchange,59130,59370,in_service_layover,67.99928731452741,70.68943621134922,15.172439778075045,240,4.0,16:25:30,16:29:30,False,,no_dispenser,0
2161862,heavy,320.0,40.0,40-ft,STC,2,SAT,14866274,14866363,335,335,55538,61707,Newton Exchange @ Bay 1,Newton Exchange @ Layover,55538,Newton Exchange,59370,59670,in_service_layover,51.55736035195585,55.45160808540322,21.96355721664321,300,5.0,16:29:30,16:34:30,False,,no_dispenser,0
2161973,heavy,320.0,33.0,40-ft,STC,2,SAT,14867800,14867755,342,342,55538,61707,Newton Exchange @ Bay 1,Newton Exchange @ Layover,55538,Newton Exchange,59550,59910,in_service_layover,56.233173281606184,60.95914543608008,26.654482951232694,360,6.0,16:32:30,16:38:30,False,,no_dispenser,0
2161867,heavy,320.0,83.0,40-ft,STC,2,SAT,14865529,14865490,324,324,55538,61707,Newton Exchange @ Bay 1,Newton Exchange @ Layover,55538,Newton Exchange,59850,60390,in_service_layover,66.10446622187048,72.00273990839383,33.266263591991674,540,9.0,16:37:30,16:46:30,False,,no_dispenser,0
2161879,heavy,320.0,74.0,40-ft,STC,2,SAT,14865789,14866421,325,335,55538,61707,Newton Exchange @ Bay 1,Newton Exchange @ Layover,55538,Newton Exchange,59850,60390,in_service_layover,57.57301862208005,64.4315566624753,38.68215454782916,540,9.0,16:37:30,16:46:30,False,,no_dispenser,0
2161607,heavy,319.0,23.0,40-ft,STC,2,SAT,14863105,14863026,319,319,55456,61707,Newton Exchange @ Bay 5,Newton Exchange @ Layover,55456,Newton Exchange,60030,60270,in_service_layover,64.88430711966734,67.73138479722444,16.057518101422033,240,4.0,16:40:30,16:44:30,False,,no_dispenser,0
2161889,heavy,320.0,79.0,40-ft,STC,2,SAT,14867505,14865762,341,325,55538,61707,Newton Exchange @ Bay 1,Newton Exchange @ Layover,55538,Newton Exchange,60030,60390,in_service_layover,49.36739552425561,54.00870880218639,26.177006887529615,360,6.0,16:40:30,16:46:30,False,,no_dispenser,0
2161739,heavy,320.0,36.0,40-ft,STC,2,SAT,14866273,14866387,335,335,55538,61707,Newton Exchange @ Bay 1,Newton Exchange @ Layover,55538,Newton Exchange,60270,60990,in_service_layover,53.53024408161941,62.806894359835496,52.32030756913872,720,12.0,16:44:30,16:56:30,False,,no_dispenser,0
2161974,heavy,320.0,44.0,40-ft,STC,2,SAT,14867770,14867722,342,342,55538,61707,Newton Exchange @ Bay 1,Newton Exchange @ Layover,55538,Newton Exchange,60750,61110,in_service_layover,53.04199862054124,57.75399267206661,26.575646450603074,360,6.0,16:52:30,16:58:30,False,,no_dispenser,0
2161606,heavy,319.0,24.0,40-ft,STC,2,SAT,14863106,14863027,319,319,55456,61707,Newton Exchange @ Bay 5,Newton Exchange @ Layover,55456,Newton Exchange,60930,61170,in_service_layover,66.85518231083523,69.60570096955176,15.51292523516122,240,4.0,16:55:30,16:59:30,False,,no_dispenser,0
2161891,heavy,320.0,24.0,40-ft,STC,2,SAT,14865824,14866395,325,335,55538,61707,Newton Exchange @ Bay 1,Newton Exchange @ Layover,55538,Newton Exchange,61050,62190,in_service_layover,30.602730155527414,45.00065953240892,81.20432168561172,1140,19.0,16:57:30,17:16:30,False,,no_dispenser,0
2161893,heavy,320.0,48.0,40-ft,STC,2,SAT,14866305,14866362,335,335,55538,61707,Newton Exchange @ Bay 1,Newton Exchange @ Layover,55538,Newton Exchange,61170,61590,in_service_layover,48.807601008579994,54.223408454116985,30.545153992828602,420,7.0,16:59:30,17:06:30,False,,no_dispenser,0
2161683,heavy,502.0,43.0,40-ft,STC,2,SAT,14867504,14865754,341,325,55538,61707,Newton Exchange @ Bay 1,Newton Exchange @ Layover,55538,Newton Exchange,61770,62190,in_service_layover,37.36936515709582,42.67025587551069,29.897023651859854,420,7.0,17:09:30,17:16:30,False,,no_dispenser,0
2161613,heavy,319.0,25.0,40-ft,STC,2,SAT,14863107,14863028,319,319,55456,61707,Newton Exchange @ Bay 5,Newton Exchange @ Layover,55456,Newton Exchange,61830,62070,in_service_layover,65.19670111839037,68.02900839411659,15.974213035095886,240,4.0,17:10:30,17:14:30,False,,no_dispenser,0
2161993,heavy,320.0,21.0,40-ft,STC,2,SAT,14867771,14867723,342,342,55538,61707,Newton Exchange @ Bay 1,Newton Exchange @ Layover,55538,Newton Exchange,61950,62310,in_service_layover,52.48192388507397,57.18302341668131,26.51420135826544,360,6.0,17:12:30,17:18:30,False,,no_dispenser,0
2161823,heavy,801.0,58.0,40-ft,STC,2,SAT,14865138,14865061,323,323,55538,61707,Newton Exchange @ Bay 1,Newton Exchange @ Layover,55538,Newton Exchange,62190,62550,in_service_layover,65.98288439542702,70.0780073630268,23.09649353726269,360,6.0,17:16:30,17:22:30,False,,no_dispenser,0
2161581,heavy,312.0,57.0,40-ft,STC,2,SAT,14865815,14867490,325,341,55538,61707,Newton Exchange @ Bay 1,Newton Exchange @ Layover,55538,Newton Exchange,62250,62730,in_service_layover,67.88963610867272,73.00358022921662,28.842644839867603,480,8.0,17:17:30,17:25:30,False,,no_dispenser,0
2161611,heavy,319.0,22.0,40-ft,STC,2,SAT,14863108,14863029,319,319,55456,61707,Newton Exchange @ Bay 5,Newton Exchange @ Layover,55456,Newton Exchange,62730,62970,in_service_layover,64.72646728301605,67.58100783701056,16.09960872452905,240,4.0,17:25:30,17:29:30,False,,no_dispenser,0
2161935,heavy,320.0,57.0,40-ft,STC,2,SAT,14866313,14866361,335,335,55538,61707,Newton Exchange @ Bay 1,Newton Exchange @ Layover,55538,Newton Exchange,62790,63390,in_service_layover,57.51732106531166,65.07781498016556,42.64118567977596,600,10.0,17:26:30,17:36:30,False,,no_dispenser,0
2161819,heavy,801.0,53.0,40-ft,STC,2,SAT,14865139,14865062,323,323,55538,61707,Newton Exchange @ Bay 1,Newton Exchange @ Layover,55538,Newton Exchange,62910,63210,in_service_layover,69.64836009799974,72.85089967185647,18.062323196551915,300,5.0,17:28:30,17:33:30,False,,no_dispenser,0
2161680,heavy,320.0,49.0,40-ft,STC,2,SAT,14867801,14867756,342,342,55538,61707,Newton Exchange @ Bay 1,Newton Exchange @ Layover,55538,Newton Exchange,63090,63510,in_service_layover,49.46624149758116,54.89472961459242,30.61667297994353,420,7.0,17:31:30,17:38:30,False,,no_dispenser,0
2161866,heavy,320.0,60.0,40-ft,STC,2,SAT,14865520,14865498,324,324,55538,61707,Newton Exchange @ Bay 1,Newton Exchange @ Layover,55538,Newton Exchange,63450,63990,in_service_layover,66.04710510128501,71.95245240558481,33.30615879625077,540,9.0,17:37:30,17:46:30,False,,no_dispenser,0
2161936,heavy,320.0,81.0,40-ft,STC,2,SAT,14866323,14866357,335,335,55538,61707,Newton Exchange @ Bay 1,Newton Exchange @ Layover,55538,Newton Exchange,63450,63990,in_service_layover,64.27244657601749,70.39263246171392,34.51784839532786,540,9.0,17:37:30,17:46:30,False,,no_dispenser,0
2161753,heavy,321.0,46.0,40-ft,STC,2,SAT,14865821,14867489,325,341,55538,61707,Newton Exchange @ Bay 1,Newton Exchange @ Layover,55538,Newton Exchange,63450,64530,in_service_layover,28.96997915641229,42.568796139339646,76.6973277837103,1080,18.0,17:37:30,17:55:30,False,,no_dispenser,0
2161886,heavy,320.0,62.0,40-ft,STC,2,SAT,14867503,14865761,341,325,55538,61707,Newton Exchange @ Bay 1,Newton Exchange @ Layover,55538,Newton Exchange,63510,63990,in_service_layover,35.017042585192485,41.06285213927362,34.09836588501764,480,8.0,17:38:30,17:46:30,False,,no_dispenser,0
2161610,heavy,319.0,26.0,40-ft,STC,2,SAT,14863109,14863030,319,319,55456,61707,Newton Exchange @ Bay 5,Newton Exchange @ Layover,55456,Newton Exchange,63630,63870,in_service_layover,69.0593011081047,71.69064053912102,14.840754390931977,240,4.0,17:40:30,17:44:30,False,,no_dispenser,0
2161880,heavy,320.0,54.0,40-ft,STC,2,SAT,14866285,14866388,335,335,55538,61707,Newton Exchange @ Bay 1,Newton Exchange @ Layover,55538,Newton Exchange,64170,64590,in_service_layover,57.9326452659365,63.334225869766016,30.464914605598437,420,7.0,17:49:30,17:56:30,False,,no_dispenser,0
2161822,heavy,801.0,57.0,40-ft,STC,2,SAT,14865141,14865064,323,323,55538,61707,Newton Exchange @ Bay 1,Newton Exchange @ Layover,55538,Newton Exchange,64170,64650,in_service_layover,69.86838804794257,74.75389948052334,27.554284479755495,480,8.0,17:49:30,17:57:30,False,,no_dispenser,0
2161684,heavy,320.0,34.0,40-ft,STC,2,SAT,14867772,14867724,342,342,55538,56019,Newton Exchange @ Bay 1,Newton Exchange @ Bay 4,55538,Newton Exchange,64290,64830,in_service_layover,50.14411001063637,57.172626699130966,39.640834123109585,540,9.0,17:51:30,18:00:30,False,,no_dispenser,0
2161609,heavy,319.0,20.0,40-ft,STC,2,SAT,14863110,14863031,319,319,55456,55538,Newton Exchange @ Bay 5,Newton Exchange @ Bay 1,55456,Newton Exchange,64530,64890,in_service_layover,67.81623590767923,71.76282511252884,22.258763115351826,360,6.0,17:55:30,18:01:30,False,,no_dispenser,0
2161817,heavy,801.0,52.0,40-ft,STC,2,SAT,14865142,14865065,323,323,55538,60677,Newton Exchange @ Bay 1,Newton Exchange @ Bay 11,55538,Newton Exchange,64770,65490,in_service_layover,69.0169816839624,76.06951694926302,39.776298896295486,720,12.0,17:59:30,18:11:30,False,,no_dispenser,0
2161480,heavy,312.0,53.0,40-ft,STC,2,SAT,14866286,14866356,335,335,55538,55688,Newton Exchange @ Bay 1,Newton Exchange @ Bay 7,55538,Newton Exchange,64890,65310,in_service_layover,33.96307871887912,39.24322766873976,29.78004007721404,420,7.0,18:01:30,18:08:30,False,,no_dispenser,0
2161885,heavy,320.0,43.0,40-ft,STC,2,SAT,14865556,14865497,324,324,55538,61703,Newton Exchange @ Bay 1,Newton Exchange @ Bay 12,55538,Newton Exchange,65250,65790,in_service_layover,50.657790304516695,57.7012950825611,39.72536694817046,540,9.0,18:07:30,18:16:30,False,,no_dispenser,0
2161676,heavy,320.0,69.0,40-ft,STC,2,SAT,14867502,14865783,341,325,55538,61703,Newton Exchange @ Bay 1,Newton Exchange @ Bay 12,55538,Newton Exchange,65310,65910,in_service_layover,44.11978085861893,51.79745778327477,43.30209785505892,600,10.0,18:08:30,18:18:30,False,,no_dispenser,0
2161813,heavy,801.0,54.0,40-ft,STC,2,SAT,14865143,14865066,323,323,55538,60677,Newton Exchange @ Bay 1,Newton Exchange @ Bay 11,55538,Newton Exchange,65370,66210,in_service_layover,66.61455910284842,75.078522129236,47.736751468826014,840,14.0,18:09:30,18:23:30,False,,no_dispenser,0
2161608,heavy,319.0,21.0,40-ft,STC,2,SAT,14863111,14863032,319,319,55456,55538,Newton Exchange @ Bay 5,Newton Exchange @ Bay 1,55456,Newton Exchange,65430,65730,in_service_layover,67.83612903722207,71.16693793994776,18.78576221137297,300,5.0,18:10:30,18:15:30,False,,no_dispenser,0
2161681,heavy,320.0,20.0,40-ft,STC,2,SAT,14866287,14866396,335,335,55538,55688,Newton Exchange @ Bay 1,Newton Exchange @ Bay 7,55538,Newton Exchange,65490,66030,in_service_layover,60.6130733172781,67.15177700095846,36.87828877595723,540,9.0,18:11:30,18:20:30,False,,no_dispenser,0
2161994,heavy,320.0,29.0,40-ft,STC,2,SAT,14867781,14867725,342,342,55538,56019,Newton Exchange @ Bay 1,Newton Exchange @ Bay 4,55538,Newton Exchange,65490,66030,in_service_layover,51.03701954093523,58.09080659440083,39.78335898154597,540,9.0,18:11:30,18:20:30,False,,no_dispenser,0
2161814,heavy,801.0,56.0,40-ft,STC,2,SAT,14865168,14865067,323,323,55538,60677,Newton Exchange @ Bay 1,Newton Exchange @ Bay 11,55538,Newton Exchange,65970,66930,in_service_layover,65.82408859213943,75.39502888851216,53.98010327154219,960,16.0,18:19:30,18:35:30,False,,no_dispenser,0
2161677,heavy,320.0,27.0,40-ft,STC,2,SAT,14866314,14866372,335,335,55538,55688,Newton Exchange @ Bay 1,Newton Exchange @ Bay 7,55538,Newton Exchange,66090,66750,in_service_layover,57.03568457231021,65.33059664162077,46.78330407091164,660,11.0,18:21:30,18:32:30,False,,no_dispenser,0
2161862,heavy,320.0,40.0,40-ft,STC,2,SAT,14865521,14867488,324,341,55538,55688,Newton Exchange @ Bay 1,Newton Exchange @ Bay 7,55538,Newton Exchange,66150,66450,in_service_layover,49.27551748950559,53.13367924384531,21.760032294476048,300,5.0,18:22:30,18:27:30,False,,no_dispenser,0
2161607,heavy,319.0,23.0,40-ft,STC,2,SAT,14863112,14863033,319,319,55456,55538,Newton Exchange @ Bay 5,Newton Exchange @ Bay 1,55456,Newton Exchange,66330,66570,in_service_layover,65.36281256478422,68.18723309826866,15.929731808852239,240,4.0,18:25:30,18:29:30,False,,no_dispenser,0
2161973,heavy,320.0,33.0,40-ft,STC,2,SAT,14867802,14867757,342,342,55538,56019,Newton Exchange @ Bay 1,Newton Exchange @ Bay 4,55538,Newton Exchange,66690,67230,in_service_layover,50.03877384737954,57.06421705249054,39.62349967682604,540,9.0,18:31:30,18:40:30,False,,no_dispenser,0
2161867,heavy,320.0,83.0,40-ft,STC,2,SAT,14866288,14866373,335,335,55538,55688,Newton Exchange @ Bay 1,Newton Exchange @ Bay 7,55538,Newton Exchange,66690,67470,in_service_layover,65.13083249717747,73.37438145532967,46.493616123978484,780,13.0,18:31:30,18:44:30,False,,no_dispenser,0
2161892,heavy,320.0,55.0,40-ft,STC,2,SAT,14867501,14865760,341,325,55538,61703,Newton Exchange @ Bay 1,Newton Exchange @ Bay 12,55538,Newton Exchange,67110,67710,in_service_layover,41.51683054941552,49.15059957948474,43.054457329590406,600,10.0,18:38:30,18:48:30,False,,no_dispenser,0
2161606,heavy,319.0,24.0,40-ft,STC,2,SAT,14863113,14863034,319,319,55456,55538,Newton Exchange @ Bay 5,Newton Exchange @ Bay 1,55456,Newton Exchange,67170,67410,in_service_layover,66.93248629839792,69.6790275387276,15.490492595459386,240,4.0,18:39:30,18:43:30,False,,no_dispenser,0
2161821,heavy,320.0,59.0,40-ft,STC,2,SAT,14865144,14865068,323,323,55538,60677,Newton Exchange @ Bay 1,Newton Exchange @ Bay 11,55538,Newton Exchange,67170,67650,in_service_layover,65.96528320723405,71.2921317764189,30.043425930202545,480,8.0,18:39:30,18:47:30,False,,no_dispenser,0
2161612,heavy,320.0,42.0,40-ft,STC,2,SAT,14866281,14863035,335,319,55538,55538,Newton Exchange @ Bay 1,Newton Exchange @ Bay 1,55538,Newton Exchange,67290,68250,in_service_layover,36.82316210115309,49.031694293834875,68.85612156672528,960,16.0,18:41:30,18:57:30,False,,no_dispenser,0
2161816,heavy,801.0,51.0,40-ft,STC,2,SAT,14865145,14865069,323,323,55538,60677,Newton Exchange @ Bay 1,Newton Exchange @ Bay 11,55538,Newton Exchange,67650,68370,in_service_layover,69.4071896251542,76.3912967672318,39.3903642813176,720,12.0,18:47:30,18:59:30,False,,no_dispenser,0
2161863,heavy,320.0,82.0,40-ft,STC,2,SAT,14865558,14867480,324,341,55538,55688,Newton Exchange @ Bay 1,Newton Exchange @ Bay 7,55538,Newton Exchange,67830,68250,in_service_layover,68.421771787537,72.90522325285782,25.286666264409405,420,7.0,18:50:30,18:57:30,False,,no_dispenser,0
2161879,heavy,320.0,74.0,40-ft,STC,2,SAT,14866347,14866389,335,335,55538,55688,Newton Exchange @ Bay 1,Newton Exchange @ Bay 7,55538,Newton Exchange,67890,68370,in_service_layover,52.23920646437629,58.52585801474828,35.45671474409801,480,8.0,18:51:30,18:59:30,False,,no_dispenser,0
2161974,heavy,320.0,44.0,40-ft,STC,2,SAT,14867773,14867726,342,342,55538,56019,Newton Exchange @ Bay 1,Newton Exchange @ Bay 4,55538,Newton Exchange,67890,68430,in_service_layover,46.77133016566603,53.71818947962983,39.180286530755836,540,9.0,18:51:30,19:00:30,False,,no_dispenser,0
2161866,heavy,320.0,60.0,40-ft,STC,2,SAT,14865543,14865491,324,324,55538,61703,Newton Exchange @ Bay 1,Newton Exchange @ Bay 12,55538,Newton Exchange,68730,69390,in_service_layover,66.28638277177313,73.27663895126052,39.42504485230887,660,11.0,19:05:30,19:16:30,False,,no_dispenser,0
2161883,heavy,320.0,65.0,40-ft,STC,2,SAT,14867500,14865782,341,325,55538,61703,Newton Exchange @ Bay 1,Newton Exchange @ Bay 12,55538,Newton Exchange,68790,69450,in_service_layover,27.565172150532323,35.823432550486764,46.57658865574302,660,11.0,19:06:30,19:17:30,False,,no_dispenser,0
2161611,heavy,319.0,22.0,40-ft,STC,2,SAT,14863115,14863036,319,319,55456,55538,Newton Exchange @ Bay 5,Newton Exchange @ Bay 1,55456,Newton Exchange,68970,69150,in_service_layover,65.79922479222452,67.92336575703925,11.980155041555122,180,3.0,19:09:30,19:12:30,False,,no_dispenser,0
2161893,heavy,320.0,48.0,40-ft,STC,2,SAT,14866279,14866383,335,335,55538,55688,Newton Exchange @ Bay 1,Newton Exchange @ Bay 7,55538,Newton Exchange,69030,69270,in_service_layover,43.45996862943091,46.504213400689665,17.16954050989935,240,4.0,19:10:30,19:14:30,False,,no_dispenser,0
2161993,heavy,320.0,21.0,40-ft,STC,2,SAT,14867774,14867761,342,342,55538,56019,Newton Exchange @ Bay 1,Newton Exchange @ Bay 4,55538,Newton Exchange,69090,69630,in_service_layover,46.189254471208464,53.12424803618079,39.11336370644392,540,9.0,19:11:30,19:20:30,False,,no_dispenser,0
2161894,heavy,320.0,78.0,40-ft,STC,2,SAT,14865819,14867487,325,341,55538,55688,Newton Exchange @ Bay 1,Newton Exchange @ Bay 7,55538,Newton Exchange,69330,70050,in_service_layover,51.36557119663282,60.72992018364721,52.81492828676119,720,12.0,19:15:30,19:27:30,False,,no_dispenser,0
2161818,heavy,801.0,50.0,40-ft,STC,2,SAT,14865147,14865022,323,323,55538,60677,Newton Exchange @ Bay 1,Newton Exchange @ Bay 11,55538,Newton Exchange,69390,69810,in_service_layover,68.22335989476007,72.72651342811966,25.397785928148153,420,7.0,19:16:30,19:23:30,False,,no_dispenser,0
2161891,heavy,320.0,24.0,40-ft,STC,2,SAT,14866315,14866375,335,335,55538,55688,Newton Exchange @ Bay 1,Newton Exchange @ Bay 7,55538,Newton Exchange,69630,70170,in_service_layover,34.17787676611056,40.977363919570934,38.349107545516574,540,9.0,19:20:30,19:29:30,False,,no_dispenser,0
2161610,heavy,319.0,26.0,40-ft,STC,2,SAT,14863116,14863037,319,319,55456,55538,Newton Exchange @ Bay 5,Newton Exchange @ Bay 1,55456,Newton Exchange,69870,70050,in_service_layover,69.17038708681858,71.16553307737225,11.25262338672269,180,3.0,19:24:30,19:27:30,False,,no_dispenser,0
2161822,heavy,801.0,57.0,40-ft,STC,2,SAT,14865148,14865026,323,323,55538,60677,Newton Exchange @ Bay 1,Newton Exchange @ Bay 11,55538,Newton Exchange,69990,70530,in_service_layover,65.64146550880574,71.59660276265171,33.586974111691234,540,9.0,19:26:30,19:35:30,False,,no_dispenser,0
2161555,heavy,320.0,71.0,40-ft,STC,2,SAT,14866282,14866355,335,335,55538,55688,Newton Exchange @ Bay 1,Newton Exchange @ Bay 7,55538,Newton Exchange,70110,71070,in_service_layover,51.993973878411545,64.17900166854322,68.72355673634269,960,16.0,19:28:30,19:44:30,False,,no_dispenser,0
2161680,heavy,320.0,49.0,40-ft,STC,2,SAT,14867803,14867727,342,342,55538,56019,Newton Exchange @ Bay 1,Newton Exchange @ Bay 4,55538,Newton Exchange,70230,70830,in_service_layover,43.86341317779429,51.53623957428223,43.27474087619197,600,10.0,19:30:30,19:40:30,False,,no_dispenser,0
2161885,heavy,320.0,43.0,40-ft,STC,2,SAT,14865550,14865483,324,324,55538,61703,Newton Exchange @ Bay 1,Newton Exchange @ Bay 12,55538,Newton Exchange,70470,71190,in_service_layover,55.17817648146792,64.33617330331288,51.651102075205586,720,12.0,19:34:30,19:46:30,False,,no_dispenser,0
2161817,heavy,801.0,52.0,40-ft,STC,2,SAT,14865149,14864998,323,323,55538,60677,Newton Exchange @ Bay 1,Newton Exchange @ Bay 11,55538,Newton Exchange,70590,71250,in_service_layover,67.17893848947645,74.03130826296444,38.64736552247234,660,11.0,19:36:30,19:47:30,False,,no_dispenser,0
2161935,heavy,320.0,57.0,40-ft,STC,2,SAT,14866283,14865759,335,325,55538,61703,Newton Exchange @ Bay 1,Newton Exchange @ Bay 12,55538,Newton Exchange,70710,71190,in_service_layover,55.158296617124606,61.42717966904697,35.35650041284214,480,8.0,19:38:30,19:46:30,False,,no_dispenser,0
2161813,heavy,801.0,54.0,40-ft,STC,2,SAT,14865150,14864994,323,323,55538,60677,Newton Exchange @ Bay 1,Newton Exchange @ Bay 11,55538,Newton Exchange,71190,71970,in_service_layover,66.18794366944944,74.23974082604605,45.41213596320489,780,13.0,19:46:30,19:59:30,False,,no_dispenser,0
2161684,heavy,320.0,34.0,40-ft,STC,2,SAT,14867775,14867758,342,342,55538,56019,Newton Exchange @ Bay 1,Newton Exchange @ Bay 4,55538,Newton Exchange,71250,72030,in_service_layover,47.07389445532364,57.19700731055832,57.09435650352361,780,13.0,19:47:30,20:00:30,False,,no_dispenser,0
2161936,heavy,320.0,81.0,40-ft,STC,2,SAT,14866348,14866390,335,335,55538,55688,Newton Exchange @ Bay 1,Newton Exchange @ Bay 7,55538,Newton Exchange,71310,71910,in_service_layover,60.05872897010905,67.31607138361116,40.931411212151886,600,10.0,19:48:30,19:58:30,False,,no_dispenser,0
2161814,heavy,801.0,56.0,40-ft,STC,2,SAT,14865151,14865012,323,323,55538,60677,Newton Exchange @ Bay 1,Newton Exchange @ Bay 11,55538,Newton Exchange,71910,72690,in_service_layover,66.50445042872559,74.49830063127595,45.08531514238405,780,13.0,19:58:30,20:11:30,False,,no_dispenser,0
2161865,heavy,320.0,28.0,40-ft,STC,2,SAT,14865522,14865495,324,324,55538,61703,Newton Exchange @ Bay 1,Newton Exchange @ Bay 12,55538,Newton Exchange,72210,72990,in_service_layover,66.10310043281216,74.17038919621974,45.49950862561877,780,13.0,20:03:30,20:16:30,False,,no_dispenser,0
2161480,heavy,312.0,53.0,40-ft,STC,2,SAT,14866278,14866376,335,335,55538,55688,Newton Exchange @ Bay 1,Newton Exchange @ Bay 7,55538,Newton Exchange,72450,72750,in_service_layover,29.31719653667838,33.063500723716835,21.12915561489686,300,5.0,20:07:30,20:12:30,False,,no_dispenser,0
2161678,heavy,312.0,63.0,40-ft,STC,2,SAT,14867526,14865780,341,325,55538,61703,Newton Exchange @ Bay 1,Newton Exchange @ Bay 12,55538,Newton Exchange,72450,72990,in_service_layover,38.93714930308579,45.773897041020966,38.55925724195441,540,9.0,20:07:30,20:16:30,False,,no_dispenser,0
2161994,heavy,320.0,29.0,40-ft,STC,2,SAT,14867776,14867728,342,342,55538,56019,Newton Exchange @ Bay 1,Newton Exchange @ Bay 4,55538,Newton Exchange,72450,73230,in_service_layover,48.01291142216843,58.15162908009275,57.18236759069316,780,13.0,20:07:30,20:20:30,False,,no_dispenser,0
2161607,heavy,319.0,23.0,40-ft,STC,2,SAT,14863119,14863040,319,319,55456,55538,Newton Exchange @ Bay 5,Newton Exchange @ Bay 1,55456,Newton Exchange,72510,72750,in_service_layover,68.93344759913862,71.57191401241086,14.880950570855475,240,4.0,20:08:30,20:12:30,False,,no_dispenser,0
2161821,heavy,320.0,59.0,40-ft,STC,2,SAT,14865152,14864997,323,323,55538,60677,Newton Exchange @ Bay 1,Newton Exchange @ Bay 11,55538,Newton Exchange,72510,73410,in_service_layover,66.42728081797034,75.40374245733928,50.62724364604077,900,15.0,20:08:30,20:23:30,False,,no_dispenser,0
2161937,heavy,503.0,44.0,40-ft,STC,2,SAT,14865818,14867484,325,341,55538,55688,Newton Exchange @ Bay 1,Newton Exchange @ Bay 7,55538,Newton Exchange,72990,73650,in_service_layover,66.9802648215752,73.86349613774095,38.82142462317472,660,11.0,20:16:30,20:27:30,False,,no_dispenser,0
2161681,heavy,320.0,20.0,40-ft,STC,2,SAT,14866317,14866391,335,335,55538,55688,Newton Exchange @ Bay 1,Newton Exchange @ Bay 7,55538,Newton Exchange,73050,73590,in_service_layover,55.80792047243405,62.78873797579387,39.371810718949405,540,9.0,20:17:30,20:26:30,False,,no_dispenser,0
2161816,heavy,801.0,51.0,40-ft,STC,2,SAT,14865153,14865013,323,323,55538,60677,Newton Exchange @ Bay 1,Newton Exchange @ Bay 11,55538,Newton Exchange,73230,74130,in_service_layover,67.50071830744523,76.24729828007447,49.3307110456289,900,15.0,20:20:30,20:35:30,False,,no_dispenser,0
2161973,heavy,320.0,33.0,40-ft,STC,2,SAT,14867804,14867729,342,342,55538,56019,Newton Exchange @ Bay 1,Newton Exchange @ Bay 4,55538,Newton Exchange,73590,74430,in_service_layover,46.963024572319846,57.865469224532106,61.489787838477184,840,14.0,20:26:30,20:40:30,False,,no_dispenser,0
2161819,heavy,801.0,53.0,40-ft,STC,2,SAT,14865091,14864992,323,323,55538,60677,Newton Exchange @ Bay 1,Newton Exchange @ Bay 11,55538,Newton Exchange,73950,74850,in_service_layover,66.25984262085797,75.27190636555594,50.828039520096524,900,15.0,20:32:30,20:47:30,False,,no_dispenser,0
2161866,heavy,320.0,60.0,40-ft,STC,2,SAT,14865541,14865482,324,324,55538,61703,Newton Exchange @ Bay 1,Newton Exchange @ Bay 12,55538,Newton Exchange,74010,74790,in_service_layover,69.45140543855194,76.89387956178207,41.97555405501788,780,13.0,20:33:30,20:46:30,False,,no_dispenser,0
2161867,heavy,320.0,83.0,40-ft,STC,2,SAT,14866271,14866377,335,335,55538,55688,Newton Exchange @ Bay 1,Newton Exchange @ Bay 7,55538,Newton Exchange,74130,74790,in_service_layover,60.99260183822008,68.76033555370678,43.810018155345006,660,11.0,20:35:30,20:46:30,False,,no_dispenser,0
2161611,heavy,319.0,22.0,40-ft,STC,2,SAT,14863121,14863042,319,319,55456,55538,Newton Exchange @ Bay 5,Newton Exchange @ Bay 1,55456,Newton Exchange,74310,74550,in_service_layover,61.968297937758976,64.95324838987439,16.835120549930934,240,4.0,20:38:30,20:42:30,False,,no_dispenser,0
2161894,heavy,320.0,78.0,40-ft,STC,2,SAT,14867525,14865758,341,325,55538,61703,Newton Exchange @ Bay 1,Newton Exchange @ Bay 12,55538,Newton Exchange,74370,74790,in_service_layover,52.38697275603042,57.88112141821053,30.986998454695822,420,7.0,20:39:30,20:46:30,False,,no_dispenser,0
2161818,heavy,801.0,50.0,40-ft,STC,2,SAT,14865101,14865014,323,323,55538,60677,Newton Exchange @ Bay 1,Newton Exchange @ Bay 11,55538,Newton Exchange,74610,75570,in_service_layover,68.33282379951142,77.3287315997473,50.73691999333039,960,16.0,20:43:30,20:59:30,False,,no_dispenser,0
2161935,heavy,320.0,57.0,40-ft,STC,2,SAT,14865805,14867483,325,341,55538,55688,Newton Exchange @ Bay 1,Newton Exchange @ Bay 7,55538,Newton Exchange,74730,75570,in_service_layover,57.4670214024857,67.66428208231534,57.5125502342392,840,14.0,20:45:30,20:59:30,False,,no_dispenser,0
2161974,heavy,320.0,44.0,40-ft,STC,2,SAT,14867777,14867730,342,342,55538,56019,Newton Exchange @ Bay 1,Newton Exchange @ Bay 4,55538,Newton Exchange,74730,75570,in_service_layover,45.121225978776444,55.98418514551933,61.26708970042989,840,14.0,20:45:30,20:59:30,False,,no_dispenser,0
2161610,heavy,319.0,26.0,40-ft,STC,2,SAT,14863122,14863043,319,319,55456,55538,Newton Exchange @ Bay 5,Newton Exchange @ Bay 1,55456,Newton Exchange,75210,75450,in_service_layover,64.9625314455551,67.80591057342482,16.036658281185282,240,4.0,20:53:30,20:57:30,False,,no_dispenser,0
2161879,heavy,320.0,74.0,40-ft,STC,2,SAT,14866270,14866378,335,335,55538,55688,Newton Exchange @ Bay 1,Newton Exchange @ Bay 7,55538,Newton Exchange,75270,75990,in_service_layover,51.17216954080101,60.54058399535599,52.837857523690104,720,12.0,20:54:30,21:06:30,False,,no_dispenser,0
2161885,heavy,320.0,43.0,40-ft,STC,2,SAT,14865551,14865504,324,324,55538,61703,Newton Exchange @ Bay 1,Newton Exchange @ Bay 12,55538,Newton Exchange,75810,76890,in_service_layover,61.446157233609235,72.99272437674504,65.12263868728593,1080,18.0,21:03:30,21:21:30,False,,no_dispenser,0
2161993,heavy,320.0,21.0,40-ft,STC,2,SAT,14867778,14867731,342,342,55538,56019,Newton Exchange @ Bay 1,Newton Exchange @ Bay 4,55538,Newton Exchange,75930,76710,in_service_layover,44.51518978351003,54.564248525953154,56.6766913073792,780,13.0,21:05:30,21:18:30,False,,no_dispenser,0
2161609,heavy,319.0,20.0,40-ft,STC,2,SAT,14863123,14863044,319,319,55456,55538,Newton Exchange @ Bay 5,Newton Exchange @ Bay 1,55456,Newton Exchange,76110,76350,in_service_layover,65.8114359675753,68.61421728246042,15.807686615952036,240,4.0,21:08:30,21:12:30,False,,no_dispenser,0
2161678,heavy,312.0,63.0,40-ft,STC,2,SAT,14865804,14865779,325,325,55538,61703,Newton Exchange @ Bay 1,Newton Exchange @ Bay 12,55538,Newton Exchange,76410,76770,in_service_layover,41.691586751961594,46.254752443768226,25.736254501789375,360,6.0,21:13:30,21:19:30,False,,no_dispenser,0
2161893,heavy,320.0,48.0,40-ft,STC,2,SAT,14866308,14866392,335,335,55538,55688,Newton Exchange @ Bay 1,Newton Exchange @ Bay 7,55538,Newton Exchange,76530,77190,in_service_layover,43.571647181996525,52.02091630044977,47.65387782807633,660,11.0,21:15:30,21:26:30,False,,no_dispenser,0
2161608,heavy,319.0,21.0,40-ft,STC,2,SAT,14863124,14863045,319,319,55456,55538,Newton Exchange @ Bay 5,Newton Exchange @ Bay 1,55456,Newton Exchange,77010,77250,in_service_layover,65.79073872003138,68.5945292483894,15.813378579939297,240,4.0,21:23:30,21:27:30,False,,no_dispenser,0
2161814,heavy,801.0,56.0,40-ft,STC,2,SAT,14865090,14865077,323,323,55538,60677,Newton Exchange @ Bay 1,Newton Exchange @ Bay 11,55538,Newton Exchange,77550,77910,in_service_layover,65.60772217148939,69.73221929714298,23.262163788686166,360,6.0,21:32:30,21:38:30,False,,no_dispenser,0
2161680,heavy,320.0,49.0,40-ft,STC,2,SAT,14867779,14867481,342,341,55538,55688,Newton Exchange @ Bay 1,Newton Exchange @ Bay 7,55538,Newton Exchange,77730,79290,in_service_layover,51.40521060859151,69.6687595619284,103.00641609682003,1560,26.0,21:35:30,22:01:30,False,,no_dispenser,0
2161607,heavy,319.0,23.0,40-ft,STC,2,SAT,14863125,14863046,319,319,55456,55538,Newton Exchange @ Bay 5,Newton Exchange @ Bay 1,55456,Newton Exchange,77790,78150,in_service_layover,66.5333766502975,70.5847694857229,22.84985559179927,360,6.0,21:36:30,21:42:30,False,,no_dispenser,0
2161555,heavy,320.0,71.0,40-ft,STC,2,SAT,14866269,14866379,335,335,55538,55688,Newton Exchange @ Bay 1,Newton Exchange @ Bay 7,55538,Newton Exchange,77850,78390,in_service_layover,56.63990186025949,63.569493211247575,39.08289521957283,540,9.0,21:37:30,21:46:30,False,,no_dispenser,0
2161816,heavy,801.0,51.0,40-ft,STC,2,SAT,14865102,14865016,323,323,55538,60677,Newton Exchange @ Bay 1,Newton Exchange @ Bay 11,55538,Newton Exchange,78450,78810,in_service_layover,67.3567198202879,71.34131543209875,22.473119250613195,360,6.0,21:47:30,21:53:30,False,,no_dispenser,0
2161936,heavy,320.0,81.0,40-ft,STC,2,SAT,14866303,14866380,335,335,55538,55688,Newton Exchange @ Bay 1,Newton Exchange @ Bay 7,55538,Newton Exchange,78510,79590,in_service_layover,58.09522591967864,70.49287709053557,69.92275260363306,1080,18.0,21:48:30,22:06:30,False,,no_dispenser,0
2161606,heavy,319.0,24.0,40-ft,STC,2,SAT,14863126,14863047,319,319,55456,55538,Newton Exchange @ Bay 5,Newton Exchange @ Bay 1,55456,Newton Exchange,78690,79050,in_service_layover,65.55377471408043,69.68246754780563,23.28582758221006,360,6.0,21:51:30,21:57:30,False,,no_dispenser,0
2161480,heavy,312.0,53.0,40-ft,STC,2,SAT,14866320,14865516,335,324,55538,61703,Newton Exchange @ Bay 1,Newton Exchange @ Bay 12,55538,Newton Exchange,79230,80490,in_service_layover,22.34997290249,38.12564719616347,88.97480301631839,1260,21.0,22:00:30,22:21:30,False,,no_dispenser,0
2161819,heavy,801.0,53.0,40-ft,STC,2,SAT,14865083,14864991,323,323,55538,60677,Newton Exchange @ Bay 1,Newton Exchange @ Bay 11,55538,Newton Exchange,79350,79710,in_service_layover,66.38132790576935,70.44487398333169,22.91839987745152,360,6.0,22:02:30,22:08:30,False,,no_dispenser,0
2161611,heavy,319.0,22.0,40-ft,STC,2,SAT,14863127,14863048,319,319,55456,55538,Newton Exchange @ Bay 5,Newton Exchange @ Bay 1,55456,Newton Exchange,79590,79950,in_service_layover,60.595545805011476,65.08522340749293,25.321781677995375,360,6.0,22:06:30,22:12:30,False,,no_dispenser,0
2161935,heavy,320.0,57.0,40-ft,STC,2,SAT,14867532,14866393,341,335,55538,55688,Newton Exchange @ Bay 1,Newton Exchange @ Bay 7,55538,Newton Exchange,79710,80850,in_service_layover,59.32133465469855,71.91680690467322,71.03846348985712,1140,19.0,22:08:30,22:27:30,False,,no_dispenser,0
2161681,heavy,320.0,20.0,40-ft,STC,2,SAT,14866309,14867762,335,342,55538,56019,Newton Exchange @ Bay 1,Newton Exchange @ Bay 4,55538,Newton Exchange,79950,80310,in_service_layover,50.751779538904486,55.41922446899746,26.324389405724446,360,6.0,22:12:30,22:18:30,False,,no_dispenser,0
2161818,heavy,801.0,50.0,40-ft,STC,2,SAT,14865110,14865023,323,323,55538,60677,Newton Exchange @ Bay 1,Newton Exchange @ Bay 11,55538,Newton Exchange,80250,80610,in_service_layover,68.43815313996073,72.33247621125744,21.963982122113464,360,6.0,22:17:30,22:23:30,False,,no_dispenser,0
2161610,heavy,319.0,26.0,40-ft,STC,2,SAT,14863128,14863049,319,319,55456,55538,Newton Exchange @ Bay 5,Newton Exchange @ Bay 1,55456,Newton Exchange,80490,80850,in_service_layover,63.16799422197909,67.47506170564945,24.291860607900787,360,6.0,22:21:30,22:27:30,False,,no_dispenser,0
2161609,heavy,319.0,20.0,40-ft,STC,2,SAT,14863129,14863050,319,319,55456,55538,Newton Exchange @ Bay 5,Newton Exchange @ Bay 1,55456,Newton Exchange,81270,81750,in_service_layover,65.10710542437013,70.52595995180478,30.562339534731393,480,8.0,22:34:30,22:42:30,False,,no_dispenser,0
2161973,heavy,320.0,33.0,40-ft,STC,2,SAT,14867807,14867498,342,341,55538,55688,Newton Exchange @ Bay 1,Newton Exchange @ Bay 7,55538,Newton Exchange,81270,82590,in_service_layover,57.86930910412536,72.35938861697204,81.72404845245529,1320,22.0,22:34:30,22:56:30,False,,no_dispenser,0
2161683,heavy,502.0,43.0,40-ft,STC,2,SAT,14866302,14866381,335,335,55538,55688,Newton Exchange @ Bay 1,Newton Exchange @ Bay 7,55538,Newton Exchange,81390,82110,in_service_layover,33.428571770168276,42.504817952411905,51.19002846785406,720,12.0,22:36:30,22:48:30,False,,no_dispenser,0
2161670,heavy,320.0,31.0,40-ft,STC,2,SAT,14866301,14866382,335,335,55538,55688,Newton Exchange @ Bay 1,Newton Exchange @ Bay 7,55538,Newton Exchange,81990,83310,in_service_layover,29.565176672832,46.26589684449835,94.19206176819822,1320,22.0,22:46:30,23:08:30,False,,no_dispenser,0
2161608,heavy,319.0,21.0,40-ft,STC,2,SAT,14863130,14863051,319,319,55456,55538,Newton Exchange @ Bay 5,Newton Exchange @ Bay 1,55456,Newton Exchange,82170,82650,in_service_layover,65.09004132714927,70.51070712973826,30.57255512660197,480,8.0,22:49:30,22:57:30,False,,no_dispenser,0
2161879,heavy,320.0,74.0,40-ft,STC,2,SAT,14866321,14867763,335,342,55538,56019,Newton Exchange @ Bay 1,Newton Exchange @ Bay 4,55538,Newton Exchange,82830,83910,in_service_layover,58.75184039008143,70.98543415768835,68.997468849303,1080,18.0,23:00:30,23:18:30,False,,no_dispenser,0
2161607,heavy,319.0,23.0,40-ft,STC,2,SAT,14863131,14863052,319,319,55456,55538,Newton Exchange @ Bay 5,Newton Exchange @ Bay 1,55456,Newton Exchange,83070,83550,in_service_layover,66.81023645691411,72.04472530259498,29.522517089640132,480,8.0,23:04:30,23:12:30,False,,no_dispenser,0
2161680,heavy,320.0,49.0,40-ft,STC,2,SAT,14867533,14866394,341,335,55538,55688,Newton Exchange @ Bay 1,Newton Exchange @ Bay 7,55538,Newton Exchange,83250,84510,in_service_layover,61.325812134311604,74.28809764217755,73.10729026436388,1260,21.0,23:07:30,23:28:30,False,,no_dispenser,0
2161893,heavy,320.0,48.0,40-ft,STC,2,SAT,14866310,14865517,335,324,55538,61703,Newton Exchange @ Bay 1,Newton Exchange @ Bay 12,55538,Newton Exchange,83730,84090,in_service_layover,46.87293486891613,51.47787371128625,25.97185507096748,360,6.0,23:15:30,23:21:30,False,,no_dispenser,0
2161819,heavy,801.0,53.0,40-ft,STC,2,SAT,14865097,14865028,323,323,55538,60677,Newton Exchange @ Bay 1,Newton Exchange @ Bay 11,55538,Newton Exchange,83910,84210,in_service_layover,64.34759155624117,67.90254939568098,20.04996221444054,300,5.0,23:18:30,23:23:30,False,,no_dispenser,0
2161606,heavy,319.0,24.0,40-ft,STC,2,SAT,14863132,14863053,319,319,55456,55538,Newton Exchange @ Bay 5,Newton Exchange @ Bay 1,55456,Newton Exchange,83970,84450,in_service_layover,66.03157166656023,71.3512380455455,30.002918377476988,480,8.0,23:19:30,23:27:30,False,,no_dispenser,0
2161555,heavy,320.0,71.0,40-ft,STC,2,SAT,14866300,14866354,335,335,55538,55688,Newton Exchange @ Bay 1,Newton Exchange @ Bay 7,55538,Newton Exchange,84630,86010,in_service_layover,54.621471907167404,70.52724977089417,89.70858715141895,1380,23.0,23:30:30,23:53:30,False,,no_dispenser,0
2161818,heavy,801.0,50.0,40-ft,STC,2,SAT,14865103,14865019,323,323,55538,60677,Newton Exchange @ Bay 1,Newton Exchange @ Bay 11,55538,Newton Exchange,84750,85110,in_service_layover,66.13781681340173,70.22070747868206,23.027503352181043,360,6.0,23:32:30,23:38:30,False,,no_dispenser,0
2161611,heavy,319.0,22.0,40-ft,STC,2,SAT,14863133,14863054,319,319,55456,55538,Newton Exchange @ Bay 5,Newton Exchange @ Bay 1,55456,Newton Exchange,84810,85350,in_service_layover,63.28034208327512,69.51725206419835,35.17617229240699,540,9.0,23:33:30,23:42:30,False,,no_dispenser,0
2161936,heavy,320.0,81.0,40-ft,STC,2,SAT,14866299,14867499,335,341,55538,55688,Newton Exchange @ Bay 1,Newton Exchange @ Bay 7,55538,Newton Exchange,85530,86190,in_service_layover,58.94868903178886,67.01244603201201,45.479589481258586,660,11.0,23:45:30,23:56:30,False,,no_dispenser,0
2161817,heavy,801.0,52.0,40-ft,STC,2,SAT,14865086,14864996,323,323,55538,60677,Newton Exchange @ Bay 1,Newton Exchange @ Bay 11,55538,Newton Exchange,85650,86010,in_service_layover,64.1702465106421,68.40408723102229,23.878861662944303,360,6.0,23:47:30,23:53:30,False,,no_dispenser,0
2161610,heavy,319.0,26.0,40-ft,STC,2,SAT,14863134,14863055,319,319,55456,55538,Newton Exchange @ Bay 5,Newton Exchange @ Bay 1,55456,Newton Exchange,85710,86250,in_service_layover,65.2947710127494,71.29214213440098,33.82517312611492,540,9.0,23:48:30,23:57:30,False,,no_dispenser,0
2161813,heavy,801.0,54.0,40-ft,STC,2,SAT,14865171,14865079,323,323,55538,60677,Newton Exchange @ Bay 1,Newton Exchange @ Bay 11,55538,Newton Exchange,86550,86910,in_service_layover,66.72775864992536,70.76353176239931,22.7617603543531,360,6.0,24:02:30,24:08:30,False,,no_dispenser,0
2161609,heavy,319.0,20.0,40-ft,STC,2,SAT,14863135,14863056,319,319,55456,55538,Newton Exchange @ Bay 5,Newton Exchange @ Bay 1,55456,Newton Exchange,86610,87150,in_service_layover,67.84597800868968,73.52563957062014,32.03329120928777,540,9.0,24:03:30,24:12:30,False,,no_dispenser,0
2161935,heavy,320.0,57.0,40-ft,STC,2,SAT,14866311,14866353,335,335,55538,55688,Newton Exchange @ Bay 1,Newton Exchange @ Bay 7,55538,Newton Exchange,87330,87810,in_service_layover,65.65904798093595,71.0189370341706,30.229774260243403,480,8.0,24:15:30,24:23:30,False,,no_dispenser,0
2161814,heavy,801.0,56.0,40-ft,STC,2,SAT,14865114,14865029,323,323,55538,60677,Newton Exchange @ Bay 1,Newton Exchange @ Bay 11,55538,Newton Exchange,87450,87810,in_service_layover,67.75234835302167,71.70425295291297,22.288741943386924,360,6.0,24:17:30,24:23:30,False,,no_dispenser,0
2161608,heavy,319.0,21.0,40-ft,STC,2,SAT,14863136,14863057,319,319,55456,55538,Newton Exchange @ Bay 5,Newton Exchange @ Bay 1,55456,Newton Exchange,87510,88050,in_service_layover,67.83328141962932,73.51456433177458,32.04243562449926,540,9.0,24:18:30,24:27:30,False,,no_dispenser,0
2161606,heavy,319.0,24.0,40-ft,STC,2,SAT,14863138,14863059,319,319,55456,55538,Newton Exchange @ Bay 5,Newton Exchange @ Bay 1,55456,Newton Exchange,89250,89850,in_service_layover,69.52327142512176,75.50359531257072,33.72902672521212,600,10.0,24:47:30,24:57:30,False,,no_dispenser,0
2161670,heavy,320.0,31.0,40-ft,STC,2,SAT,14866297,14865004,335,323,55538,60677,Newton Exchange @ Bay 1,Newton Exchange @ Bay 11,55538,Newton Exchange,89550,90090,in_service_layover,42.54286423585387,49.41701451541384,38.77020757671826,540,9.0,24:52:30,25:01:30,False,,no_dispenser,0
2161611,heavy,319.0,22.0,40-ft,STC,2,SAT,14863139,14862980,319,319,55456,55538,Newton Exchange @ Bay 5,Newton Exchange @ Bay 1,55456,Newton Exchange,90150,90930,in_service_layover,68.05033594890442,75.75761740856477,43.469067432484394,780,13.0,25:02:30,25:15:30,False,,no_dispenser,0
2161680,heavy,320.0,49.0,40-ft,STC,2,SAT,14866322,14863957,335,321,55538,55645,Newton Exchange @ Bay 1,Newton Exchange @ Bay 2,55538,Newton Exchange,90750,91350,in_service_layover,68.03974361658285,74.23481263261736,34.94018925043457,600,10.0,25:12:30,25:22:30,False,,no_dispenser,0
2161610,heavy,319.0,26.0,40-ft,STC,2,SAT,14863140,14862978,319,319,55456,55538,Newton Exchange @ Bay 5,Newton Exchange @ Bay 1,55456,Newton Exchange,91050,92010,in_service_layover,69.4759391294674,78.20609714351072,49.23809119920429,960,16.0,25:17:30,25:33:30,False,,no_dispenser,0
2161607,heavy,319.0,23.0,40-ft,STC,2,SAT,14863060,14863956,319,321,55456,55645,Newton Exchange @ Bay 5,Newton Exchange @ Bay 2,55456,Newton Exchange,93150,93390,in_service_layover,63.96112057459803,66.8518477341915,16.30370118010717,240,4.0,25:52:30,25:56:30,False,,no_dispenser,0
2162235,heavy,403.0,27.0,40-ft,RTC,2,SAT,14872052,14872781,405,407,56958,56958,Northbound Knight St Bridge Offramp @ SE Marine Dr,Northbound Knight St Bridge Offramp @ SE Marine Dr,56958,Northbound Knight St Bridge Offramp,29730,30090,in_service_layover,68.0373754153041,71.96548912793843,22.154561339257555,360,6.0,08:15:30,08:21:30,False,,no_dispenser,0
2162232,heavy,403.0,29.0,40-ft,RTC,2,SAT,14872040,14872760,405,407,56958,56958,Northbound Knight St Bridge Offramp @ SE Marine Dr,Northbound Knight St Bridge Offramp @ SE Marine Dr,56958,Northbound Knight St Bridge Offramp,32910,33690,in_service_layover,66.75065731808169,74.69926068390235,44.830122983228534,780,13.0,09:08:30,09:21:30,False,,no_dispenser,0
2162214,heavy,403.0,21.0,40-ft,RTC,2,SAT,14872747,14872088,407,405,56958,56958,Northbound Knight St Bridge Offramp @ SE Marine Dr,Northbound Knight St Bridge Offramp @ SE Marine Dr,56958,Northbound Knight St Bridge Offramp,32910,34410,in_service_layover,65.15371523064253,78.52343214260867,75.4052033834891,1500,25.0,09:08:30,09:33:30,False,,no_dispenser,0
2162236,heavy,403.0,31.0,40-ft,RTC,2,SAT,14872062,14872069,405,405,56958,56958,Northbound Knight St Bridge Offramp @ SE Marine Dr,Northbound Knight St Bridge Offramp @ SE Marine Dr,56958,Northbound Knight St Bridge Offramp,35130,36030,in_service_layover,63.872041273454194,73.38430382070452,53.64916076649189,900,15.0,09:45:30,10:00:30,False,,no_dispenser,0
2162235,heavy,403.0,27.0,40-ft,RTC,2,SAT,14872724,14872089,407,405,56958,56958,Northbound Knight St Bridge Offramp @ SE Marine Dr,Northbound Knight St Bridge Offramp @ SE Marine Dr,56958,Northbound Knight St Bridge Offramp,36750,37710,in_service_layover,55.499358283173336,67.25480779169663,66.3007352280714,960,16.0,10:12:30,10:28:30,False,,no_dispenser,0
2162237,heavy,403.0,33.0,40-ft,RTC,2,SAT,14872736,14872090,407,405,56958,56958,Northbound Knight St Bridge Offramp @ SE Marine Dr,Northbound Knight St Bridge Offramp @ SE Marine Dr,56958,Northbound Knight St Bridge Offramp,40470,41010,in_service_layover,63.51729739720393,69.72654892294236,35.02017860516469,540,9.0,11:14:30,11:23:30,False,,no_dispenser,0
2162214,heavy,403.0,21.0,40-ft,RTC,2,SAT,14872042,14872771,405,407,56958,56958,Northbound Knight St Bridge Offramp @ SE Marine Dr,Northbound Knight St Bridge Offramp @ SE Marine Dr,56958,Northbound Knight St Bridge Offramp,40770,41070,in_service_layover,62.90077711684488,66.5413931264876,20.533074294385017,300,5.0,11:19:30,11:24:30,False,,no_dispenser,0
2162236,heavy,403.0,31.0,40-ft,RTC,2,SAT,14872059,14872072,405,405,56958,56958,Northbound Knight St Bridge Offramp @ SE Marine Dr,Northbound Knight St Bridge Offramp @ SE Marine Dr,56958,Northbound Knight St Bridge Offramp,42450,42750,in_service_layover,57.761648794940726,61.68645007180611,22.135879201520822,300,5.0,11:47:30,11:52:30,False,,no_dispenser,0
2162233,heavy,403.0,24.0,40-ft,RTC,2,SAT,14872743,14872073,407,405,56958,56958,Northbound Knight St Bridge Offramp @ SE Marine Dr,Northbound Knight St Bridge Offramp @ SE Marine Dr,56958,Northbound Knight St Bridge Offramp,44070,46290,in_service_layover,50.88164831673024,74.05972722465376,130.7243650406886,2220,37.0,12:14:30,12:51:30,False,,no_dispenser,0
2162235,heavy,403.0,27.0,40-ft,RTC,2,SAT,14872051,14872773,405,407,56958,56958,Northbound Knight St Bridge Offramp @ SE Marine Dr,Northbound Knight St Bridge Offramp @ SE Marine Dr,56958,Northbound Knight St Bridge Offramp,44190,44490,in_service_layover,51.63215276593283,55.52761287841969,21.970395034425906,300,5.0,12:16:30,12:21:30,False,,no_dispenser,0
2162238,heavy,403.0,38.0,40-ft,RTC,2,SAT,14872060,14872092,405,405,56958,56958,Northbound Knight St Bridge Offramp @ SE Marine Dr,Northbound Knight St Bridge Offramp @ SE Marine Dr,56958,Northbound Knight St Bridge Offramp,46050,47970,in_service_layover,56.367687315318015,75.52681595424201,108.05748552353134,1920,32.0,12:47:30,13:19:30,False,,no_dispenser,0
2162237,heavy,403.0,33.0,40-ft,RTC,2,SAT,14872043,14872782,405,407,56958,56958,Northbound Knight St Bridge Offramp @ SE Marine Dr,Northbound Knight St Bridge Offramp @ SE Marine Dr,56958,Northbound Knight St Bridge Offramp,47850,48450,in_service_layover,54.103893897178544,61.89825236362283,43.96018175074579,600,10.0,13:17:30,13:27:30,False,,no_dispenser,0
2162216,heavy,403.0,34.0,40-ft,RTC,2,SAT,14872720,14872075,407,405,56958,56958,Northbound Knight St Bridge Offramp @ SE Marine Dr,Northbound Knight St Bridge Offramp @ SE Marine Dr,56958,Northbound Knight St Bridge Offramp,48090,49770,in_service_layover,58.226794473308566,75.132151068899,95.34621119913015,1680,28.0,13:21:30,13:49:30,False,,no_dispenser,0
2162236,heavy,403.0,31.0,40-ft,RTC,2,SAT,14872061,14872076,405,405,56958,56958,Northbound Knight St Bridge Offramp @ SE Marine Dr,Northbound Knight St Bridge Offramp @ SE Marine Dr,56958,Northbound Knight St Bridge Offramp,49770,51570,in_service_layover,46.06379504604231,67.5801386749988,121.35217806731464,1800,30.0,13:49:30,14:19:30,False,,no_dispenser,0
2162234,heavy,403.0,30.0,40-ft,RTC,2,SAT,14872719,14872093,407,405,56958,56958,Northbound Knight St Bridge Offramp @ SE Marine Dr,Northbound Knight St Bridge Offramp @ SE Marine Dr,56958,Northbound Knight St Bridge Offramp,51630,53370,in_service_layover,52.62710546884327,71.97282997969766,109.10988624121876,1740,29.0,14:20:30,14:49:30,False,,no_dispenser,0
2162233,heavy,403.0,24.0,40-ft,RTC,2,SAT,14872056,14872064,405,405,56958,56958,Northbound Knight St Bridge Offramp @ SE Marine Dr,Northbound Knight St Bridge Offramp @ SE Marine Dr,56958,Northbound Knight St Bridge Offramp,53490,55170,in_service_layover,58.43707219888995,75.25961554613114,94.87914447844031,1680,28.0,14:51:30,15:19:30,False,,no_dispenser,0
2162238,heavy,403.0,38.0,40-ft,RTC,2,SAT,14872045,14872765,405,407,56958,56958,Northbound Knight St Bridge Offramp @ SE Marine Dr,Northbound Knight St Bridge Offramp @ SE Marine Dr,56958,Northbound Knight St Bridge Offramp,55290,55830,in_service_layover,59.90416092847819,66.52176131470615,37.323266178325696,540,9.0,15:21:30,15:30:30,False,,no_dispenser,0
2162232,heavy,403.0,29.0,40-ft,RTC,2,SAT,14872727,14872083,407,405,56958,56958,Northbound Knight St Bridge Offramp @ SE Marine Dr,Northbound Knight St Bridge Offramp @ SE Marine Dr,56958,Northbound Knight St Bridge Offramp,55530,56910,in_service_layover,48.62406627710417,65.71889481013231,96.41483292627868,1380,23.0,15:25:30,15:48:30,False,,no_dispenser,0
2162216,heavy,403.0,34.0,40-ft,RTC,2,SAT,14872063,14872065,405,405,56958,56958,Northbound Knight St Bridge Offramp @ SE Marine Dr,Northbound Knight St Bridge Offramp @ SE Marine Dr,56958,Northbound Knight St Bridge Offramp,57150,58590,in_service_layover,59.509496043135194,74.32449376427715,83.55658714724058,1440,24.0,15:52:30,16:16:30,False,,no_dispenser,0
2162236,heavy,403.0,31.0,40-ft,RTC,2,SAT,14872046,14872764,405,407,56958,56958,Northbound Knight St Bridge Offramp @ SE Marine Dr,Northbound Knight St Bridge Offramp @ SE Marine Dr,56958,Northbound Knight St Bridge Offramp,59010,59610,in_service_layover,51.973808973450566,59.816585304517986,44.23325850722023,600,10.0,16:23:30,16:33:30,False,,no_dispenser,0
2162231,heavy,403.0,36.0,40-ft,RTC,2,SAT,14872728,14872074,407,405,56958,56958,Northbound Knight St Bridge Offramp @ SE Marine Dr,Northbound Knight St Bridge Offramp @ SE Marine Dr,56958,Northbound Knight St Bridge Offramp,59310,60630,in_service_layover,43.686523051970674,60.55793332531788,95.15475394167828,1320,22.0,16:28:30,16:50:30,False,,no_dispenser,0
2162234,heavy,403.0,30.0,40-ft,RTC,2,SAT,14872034,14872066,405,405,56958,56958,Northbound Knight St Bridge Offramp @ SE Marine Dr,Northbound Knight St Bridge Offramp @ SE Marine Dr,56958,Northbound Knight St Bridge Offramp,60870,62730,in_service_layover,56.36650027814943,75.15351671184143,105.95877268602294,1860,31.0,16:54:30,17:25:30,False,,no_dispenser,0
2162233,heavy,403.0,24.0,40-ft,RTC,2,SAT,14872047,14872767,405,407,56958,56958,Northbound Knight St Bridge Offramp @ SE Marine Dr,Northbound Knight St Bridge Offramp @ SE Marine Dr,56958,Northbound Knight St Bridge Offramp,62670,62970,in_service_layover,59.6532858445829,63.48822190759967,21.629039395414566,300,5.0,17:24:30,17:29:30,False,,no_dispenser,0
2162235,heavy,403.0,27.0,40-ft,RTC,2,SAT,14872740,14872067,407,405,56958,56958,Northbound Knight St Bridge Offramp @ SE Marine Dr,Northbound Knight St Bridge Offramp @ SE Marine Dr,56958,Northbound Knight St Bridge Offramp,65790,66630,in_service_layover,24.96678628447435,35.46685010758513,59.22035996234479,840,14.0,18:16:30,18:30:30,False,,no_dispenser,0
2162231,heavy,403.0,36.0,40-ft,RTC,2,SAT,14872035,14872077,405,405,56958,56958,Northbound Knight St Bridge Offramp @ SE Marine Dr,Northbound Knight St Bridge Offramp @ SE Marine Dr,56958,Northbound Knight St Bridge Offramp,67890,68310,in_service_layover,44.95160362376966,50.308405922545965,30.212364965098374,420,7.0,18:51:30,18:58:30,False,,no_dispenser,0
2162237,heavy,403.0,33.0,40-ft,RTC,2,SAT,14872742,14872068,407,405,56958,56958,Northbound Knight St Bridge Offramp @ SE Marine Dr,Northbound Knight St Bridge Offramp @ SE Marine Dr,56958,Northbound Knight St Bridge Offramp,68850,70530,in_service_layover,32.24397431730593,53.73888352843503,121.23128795076815,1680,28.0,19:07:30,19:35:30,False,,no_dispenser,0
2162234,heavy,403.0,30.0,40-ft,RTC,2,SAT,14872049,14872748,405,407,56958,56958,Northbound Knight St Bridge Offramp @ SE Marine Dr,Northbound Knight St Bridge Offramp @ SE Marine Dr,56958,Northbound Knight St Bridge Offramp,69570,70230,in_service_layover,59.547187010293214,67.52373105658508,44.987708421086154,660,11.0,19:19:30,19:30:30,False,,no_dispenser,0
2162232,heavy,403.0,29.0,40-ft,RTC,2,SAT,14872054,14872755,405,407,56958,56958,Northbound Knight St Bridge Offramp @ SE Marine Dr,Northbound Knight St Bridge Offramp @ SE Marine Dr,56958,Northbound Knight St Bridge Offramp,71190,72030,in_service_layover,34.506235407035845,45.12321380864778,59.87975818509133,840,14.0,19:46:30,20:00:30,False,,no_dispenser,0
2162216,heavy,403.0,34.0,40-ft,RTC,2,SAT,14872735,14872750,407,407,56958,56958,Northbound Knight St Bridge Offramp @ SE Marine Dr,Northbound Knight St Bridge Offramp @ SE Marine Dr,56958,Northbound Knight St Bridge Offramp,73170,73950,in_service_layover,42.25203321796382,52.241048134892985,56.3380441314805,780,13.0,20:19:30,20:32:30,False,,no_dispenser,0
2162231,heavy,403.0,36.0,40-ft,RTC,2,SAT,14872036,14872079,405,405,56958,56958,Northbound Knight St Bridge Offramp @ SE Marine Dr,Northbound Knight St Bridge Offramp @ SE Marine Dr,56958,Northbound Knight St Bridge Offramp,74490,74730,in_service_layover,34.70207622099773,37.7158472229641,16.997668451090277,240,4.0,20:41:30,20:45:30,False,,no_dispenser,0
2162238,heavy,403.0,38.0,40-ft,RTC,2,SAT,14872729,14872762,407,407,56958,56958,Northbound Knight St Bridge Offramp @ SE Marine Dr,Northbound Knight St Bridge Offramp @ SE Marine Dr,56958,Northbound Knight St Bridge Offramp,74970,75750,in_service_layover,28.034886318150846,37.81302189767002,55.14868466848813,780,13.0,20:49:30,21:02:30,False,,no_dispenser,0
2162236,heavy,403.0,31.0,40-ft,RTC,2,SAT,14872730,14872756,407,407,56958,56958,Northbound Knight St Bridge Offramp @ SE Marine Dr,Northbound Knight St Bridge Offramp @ SE Marine Dr,56958,Northbound Knight St Bridge Offramp,76170,77430,in_service_layover,41.18467612479657,57.40619696200153,91.48937752183599,1260,21.0,21:09:30,21:30:30,False,,no_dispenser,0
2162231,heavy,403.0,36.0,40-ft,RTC,2,SAT,14872037,14872080,405,405,56958,56958,Northbound Knight St Bridge Offramp @ SE Marine Dr,Northbound Knight St Bridge Offramp @ SE Marine Dr,56958,Northbound Knight St Bridge Offramp,77910,78270,in_service_layover,29.263965966405436,33.76226734537104,25.37041977736604,360,6.0,21:38:30,21:44:30,False,,no_dispenser,0
2162230,heavy,403.0,42.0,40-ft,RTC,2,SAT,14872746,14872759,407,407,56958,56958,Northbound Knight St Bridge Offramp @ SE Marine Dr,Northbound Knight St Bridge Offramp @ SE Marine Dr,56958,Northbound Knight St Bridge Offramp,77970,79110,in_service_layover,44.73772364486427,59.42067158091447,82.81182635932316,1140,19.0,21:39:30,21:58:30,False,,no_dispenser,0
2162231,heavy,403.0,36.0,40-ft,RTC,2,SAT,14872038,14872081,405,405,56958,56958,Northbound Knight St Bridge Offramp @ SE Marine Dr,Northbound Knight St Bridge Offramp @ SE Marine Dr,56958,Northbound Knight St Bridge Offramp,81390,81810,in_service_layover,25.310386088812383,30.53782888373928,29.482777363387697,420,7.0,22:36:30,22:43:30,False,,no_dispenser,0
2162232,heavy,403.0,29.0,40-ft,RTC,2,SAT,14872722,14872757,407,407,56958,56958,Northbound Knight St Bridge Offramp @ SE Marine Dr,Northbound Knight St Bridge Offramp @ SE Marine Dr,56958,Northbound Knight St Bridge Offramp,82890,83190,in_service_layover,37.88203495402817,41.66559166966951,21.33925987621714,300,5.0,23:01:30,23:06:30,False,,no_dispenser,0
2162231,heavy,403.0,36.0,40-ft,RTC,2,SAT,14872053,14872082,405,405,56958,56958,Northbound Knight St Bridge Offramp @ SE Marine Dr,Northbound Knight St Bridge Offramp @ SE Marine Dr,56958,Northbound Knight St Bridge Offramp,84990,85650,in_service_layover,22.08594762718062,30.290659733043363,46.274576277065876,660,11.0,23:36:30,23:47:30,False,,no_dispenser,0
2162230,heavy,403.0,42.0,40-ft,RTC,2,SAT,14872717,14872775,407,407,56958,56958,Northbound Knight St Bridge Offramp @ SE Marine Dr,Northbound Knight St Bridge Offramp @ SE Marine Dr,56958,Northbound Knight St Bridge Offramp,85110,85470,in_service_layover,42.95454073614939,47.524328268718534,25.773601683690003,360,6.0,23:38:30,23:44:30,False,,no_dispenser,0
2162232,heavy,403.0,29.0,40-ft,RTC,2,SAT,14872732,14872779,407,407,56958,56958,Northbound Knight St Bridge Offramp @ SE Marine Dr,Northbound Knight St Bridge Offramp @ SE Marine Dr,56958,Northbound Knight St Bridge Offramp,89010,89190,in_service_layover,25.199460824904413,27.43336694408713,12.599230512190502,180,3.0,24:43:30,24:46:30,False,,no_dispenser,0
2163156,heavy,802.0,22.0,40-ft,BTC,2,SAT,14887266,14887177,R2,R2,61776,54411,Eastbound Marine Dr @ South Mall Access,Park Royal @ Bay 5,54411,Park Royal,30870,31050,in_service_layover,69.44586474867353,71.42926916036879,11.186400881961276,180,3.0,08:34:30,08:37:30,False,,no_dispenser,0
2163156,heavy,802.0,22.0,40-ft,BTC,2,SAT,14887271,14887182,R2,R2,61776,54411,Eastbound Marine Dr @ South Mall Access,Park Royal @ Bay 5,54411,Park Royal,35370,35550,in_service_layover,68.26985338692221,70.30207831211442,11.461748578084155,180,3.0,09:49:30,09:52:30,False,,no_dispenser,0
2163156,heavy,802.0,22.0,40-ft,BTC,2,SAT,14887276,14887188,R2,R2,61776,54411,Eastbound Marine Dr @ South Mall Access,Park Royal @ Bay 5,54411,Park Royal,40170,40410,in_service_layover,66.63603860947843,69.39775276161785,15.576067818066292,240,4.0,11:09:30,11:13:30,False,,no_dispenser,0
2163156,heavy,802.0,22.0,40-ft,BTC,2,SAT,14887281,14887195,R2,R2,61776,54411,Eastbound Marine Dr @ South Mall Access,Park Royal @ Bay 5,54411,Park Royal,45210,45390,in_service_layover,65.15690003397012,67.30381847248181,12.108619993205991,180,3.0,12:33:30,12:36:30,False,,no_dispenser,0
2163156,heavy,802.0,22.0,40-ft,BTC,2,SAT,14887322,14887237,R2,R2,61776,54411,Eastbound Marine Dr @ South Mall Access,Park Royal @ Bay 5,54411,Park Royal,77550,77970,in_service_layover,68.6062305697543,73.07127933551482,25.182875038889335,420,7.0,21:32:30,21:39:30,False,,no_dispenser,0
2163156,heavy,802.0,22.0,40-ft,BTC,2,SAT,14887246,14887156,R2,R2,61776,54411,Eastbound Marine Dr @ South Mall Access,Park Royal @ Bay 5,54411,Park Royal,81930,82410,in_service_layover,68.58170826967334,73.61685392588032,28.398221501007356,480,8.0,22:45:30,22:53:30,False,,no_dispenser,0
2161067,heavy,210.0,46.0,40-ft,BTC,2,SAT,14857817,14857846,232,232,60256,60688,Phibbs Exchange @ Bay 4,Phibbs Exchange @ Bay 11,60256,Phibbs Exchange,31290,31470,in_service_layover,68.30285521166533,70.3337565888312,11.454283767215543,180,3.0,08:41:30,08:44:30,False,,no_dispenser,0
2163156,heavy,802.0,22.0,40-ft,BTC,2,SAT,14887177,14887271,R2,R2,60257,60683,Phibbs Exchange @ Bay 5,Phibbs Exchange @ Bay 6,60257,Phibbs Exchange,32850,33270,in_service_layover,67.68862989795986,72.24439764013377,25.69453006586093,420,7.0,09:07:30,09:14:30,False,,no_dispenser,0
2161126,heavy,210.0,34.0,40-ft,BTC,2,SAT,14856208,14856178,212,212,60253,60689,Phibbs Exchange @ Bay 1,Phibbs Exchange @ Bay 12,60253,Phibbs Exchange,33030,33330,in_service_layover,64.68150398919569,68.21630395872023,19.936271828118436,300,5.0,09:10:30,09:15:30,False,,no_dispenser,0
2160048,heavy,27.0,35.0,40-ft,BTC,2,SAT,14837739,14837772,028,028,60253,60686,Phibbs Exchange @ Bay 1,Phibbs Exchange @ Bay 9,60253,Phibbs Exchange,33270,34230,in_service_layover,59.32738918286679,70.33498399813608,62.08283475811885,960,16.0,09:14:30,09:30:30,False,,no_dispenser,0
2160718,heavy,130.0,11.0,40-ft,BTC,2,SAT,14847224,14847269,130,130,60253,60687,Phibbs Exchange @ Bay 1,Phibbs Exchange @ Bay 10,60253,Phibbs Exchange,33630,33810,in_service_layover,66.24996403120461,68.35812133506259,11.890007193759061,180,3.0,09:20:30,09:23:30,False,,no_dispenser,0
2160717,heavy,130.0,13.0,40-ft,BTC,2,SAT,14847249,14847285,130,130,60253,60687,Phibbs Exchange @ Bay 1,Phibbs Exchange @ Bay 10,60253,Phibbs Exchange,34350,34530,in_service_layover,62.16858501410996,64.42147207034719,12.706282997177993,180,3.0,09:32:30,09:35:30,False,,no_dispenser,0
2160045,heavy,27.0,33.0,40-ft,BTC,2,SAT,14837741,14837773,028,028,60253,60686,Phibbs Exchange @ Bay 1,Phibbs Exchange @ Bay 9,60253,Phibbs Exchange,34770,35430,in_service_layover,61.890085738766864,69.53086725978736,43.09400777855558,660,11.0,09:39:30,09:50:30,False,,no_dispenser,0
2161131,heavy,210.0,50.0,40-ft,BTC,2,SAT,14857797,14855977,232,211,60256,60689,Phibbs Exchange @ Bay 4,Phibbs Exchange @ Bay 12,60256,Phibbs Exchange,34830,35310,in_service_layover,64.62057156061405,70.09078223132944,30.85198818283476,480,8.0,09:40:30,09:48:30,False,,no_dispenser,0
2161099,heavy,210.0,35.0,40-ft,BTC,2,SAT,14857814,14856180,232,212,60256,60689,Phibbs Exchange @ Bay 4,Phibbs Exchange @ Bay 12,60256,Phibbs Exchange,36390,36990,in_service_layover,56.094651784423945,63.776003517824854,43.32282377638114,600,10.0,10:06:30,10:16:30,False,,no_dispenser,0
2160713,heavy,130.0,12.0,40-ft,BTC,2,SAT,14847252,14847271,130,130,60253,60687,Phibbs Exchange @ Bay 1,Phibbs Exchange @ Bay 10,60253,Phibbs Exchange,37290,37950,in_service_layover,65.6236714489693,72.7150364707003,39.995298722562836,660,11.0,10:21:30,10:32:30,False,,no_dispenser,0
2163156,heavy,802.0,22.0,40-ft,BTC,2,SAT,14887182,14887276,R2,R2,60257,60683,Phibbs Exchange @ Bay 5,Phibbs Exchange @ Bay 6,60257,Phibbs Exchange,37470,37830,in_service_layover,66.56143904970548,70.61058286269001,22.8371711052327,360,6.0,10:24:30,10:30:30,False,,no_dispenser,0
2160716,heavy,130.0,14.0,40-ft,BTC,2,SAT,14847235,14847286,130,130,60253,60687,Phibbs Exchange @ Bay 1,Phibbs Exchange @ Bay 10,60253,Phibbs Exchange,38010,38670,in_service_layover,66.5777882378519,73.52324154370285,39.17235664499941,660,11.0,10:33:30,10:44:30,False,,no_dispenser,0
2161131,heavy,210.0,50.0,40-ft,BTC,2,SAT,14856210,14857828,212,232,60253,60688,Phibbs Exchange @ Bay 1,Phibbs Exchange @ Bay 11,60253,Phibbs Exchange,38430,38790,in_service_layover,63.073446891096715,67.3872943632385,24.33009974287961,360,6.0,10:40:30,10:46:30,False,,no_dispenser,0
2161143,heavy,210.0,53.0,40-ft,BTC,2,SAT,14857819,14856181,232,212,60256,60689,Phibbs Exchange @ Bay 4,Phibbs Exchange @ Bay 12,60256,Phibbs Exchange,38610,38910,in_service_layover,68.3534315199358,71.64845061102118,18.58390767372157,300,5.0,10:43:30,10:48:30,False,,no_dispenser,0
2160718,heavy,130.0,11.0,40-ft,BTC,2,SAT,14847253,14847272,130,130,60253,60687,Phibbs Exchange @ Bay 1,Phibbs Exchange @ Bay 10,60253,Phibbs Exchange,38850,39330,in_service_layover,62.52053194338042,68.20572500258147,32.06448885389392,480,8.0,10:47:30,10:55:30,False,,no_dispenser,0
2160717,heavy,130.0,13.0,40-ft,BTC,2,SAT,14847254,14847287,130,130,60253,60687,Phibbs Exchange @ Bay 1,Phibbs Exchange @ Bay 10,60253,Phibbs Exchange,39570,39930,in_service_layover,58.85722837371633,63.47278094724745,26.031716514715527,360,6.0,10:59:30,11:05:30,False,,no_dispenser,0
2160045,heavy,27.0,33.0,40-ft,BTC,2,SAT,14837746,14837778,028,028,60253,60686,Phibbs Exchange @ Bay 1,Phibbs Exchange @ Bay 9,60253,Phibbs Exchange,40590,41430,in_service_layover,69.08835727241478,77.05368890604738,44.92447041368786,840,14.0,11:16:30,11:30:30,False,,no_dispenser,0
2160715,heavy,130.0,15.0,40-ft,BTC,2,SAT,14847246,14847320,130,130,60253,60687,Phibbs Exchange @ Bay 1,Phibbs Exchange @ Bay 10,60253,Phibbs Exchange,40950,41130,in_service_layover,63.68652340563558,65.88558285933645,12.402695318872873,180,3.0,11:22:30,11:25:30,False,,no_dispenser,0
2161143,heavy,210.0,53.0,40-ft,BTC,2,SAT,14856212,14857830,212,232,60253,60688,Phibbs Exchange @ Bay 1,Phibbs Exchange @ Bay 11,60253,Phibbs Exchange,42150,42390,in_service_layover,65.58479225168597,68.39856772242729,15.86969365498112,240,4.0,11:42:30,11:46:30,False,,no_dispenser,0
2163156,heavy,802.0,22.0,40-ft,BTC,2,SAT,14887188,14887281,R2,R2,60257,60683,Phibbs Exchange @ Bay 5,Phibbs Exchange @ Bay 6,60257,Phibbs Exchange,42390,42690,in_service_layover,65.65711349920889,69.1314442871817,19.595225644166476,300,5.0,11:46:30,11:51:30,False,,no_dispenser,0
2160721,heavy,130.0,16.0,40-ft,BTC,2,SAT,14847238,14847321,130,130,60253,60687,Phibbs Exchange @ Bay 1,Phibbs Exchange @ Bay 10,60253,Phibbs Exchange,42570,42810,in_service_layover,66.5777882378519,69.34245846224675,15.592740065587066,240,4.0,11:49:30,11:53:30,False,,no_dispenser,0
2160046,heavy,27.0,40.0,40-ft,BTC,2,SAT,14837748,14837780,028,028,60253,60686,Phibbs Exchange @ Bay 1,Phibbs Exchange @ Bay 9,60253,Phibbs Exchange,43170,43890,in_service_layover,68.89575192443455,75.96947058994327,39.89577327346916,720,12.0,11:59:30,12:11:30,False,,no_dispenser,0
2160713,heavy,130.0,12.0,40-ft,BTC,2,SAT,14847263,14847273,130,130,60253,60687,Phibbs Exchange @ Bay 1,Phibbs Exchange @ Bay 10,60253,Phibbs Exchange,43290,44070,in_service_layover,66.55172798125312,74.53690304477252,45.036387358249385,780,13.0,12:01:30,12:14:30,False,,no_dispenser,0
2160716,heavy,130.0,14.0,40-ft,BTC,2,SAT,14847255,14847290,130,130,60253,60687,Phibbs Exchange @ Bay 1,Phibbs Exchange @ Bay 10,60253,Phibbs Exchange,44130,44730,in_service_layover,67.29447559569192,73.59538015375962,35.53710170750179,600,10.0,12:15:30,12:25:30,False,,no_dispenser,0
2161131,heavy,210.0,50.0,40-ft,BTC,2,SAT,14857805,14856184,232,212,60256,60689,Phibbs Exchange @ Bay 4,Phibbs Exchange @ Bay 12,60256,Phibbs Exchange,44250,44490,in_service_layover,55.31252088435018,58.46993726525537,17.80782838830521,240,4.0,12:17:30,12:21:30,False,,no_dispenser,0
2160718,heavy,130.0,11.0,40-ft,BTC,2,SAT,14847239,14847324,130,130,60253,60687,Phibbs Exchange @ Bay 1,Phibbs Exchange @ Bay 10,60253,Phibbs Exchange,44850,45390,in_service_layover,62.37894386142987,68.71980384777989,35.76245032301415,540,9.0,12:27:30,12:36:30,False,,no_dispenser,0
2160717,heavy,130.0,13.0,40-ft,BTC,2,SAT,14847256,14847326,130,130,60253,60687,Phibbs Exchange @ Bay 1,Phibbs Exchange @ Bay 10,60253,Phibbs Exchange,45570,45990,in_service_layover,59.424257267191685,64.71460813974646,29.837578921209,420,7.0,12:39:30,12:46:30,False,,no_dispenser,0
2160048,heavy,27.0,35.0,40-ft,BTC,2,SAT,14837750,14837782,028,028,60253,60686,Phibbs Exchange @ Bay 1,Phibbs Exchange @ Bay 9,60253,Phibbs Exchange,45870,46230,in_service_layover,67.71853439024679,71.67324820034361,22.304585888946065,360,6.0,12:44:30,12:50:30,False,,no_dispenser,0
2161144,heavy,210.0,54.0,40-ft,BTC,2,SAT,14857821,14856185,232,212,60256,60689,Phibbs Exchange @ Bay 4,Phibbs Exchange @ Bay 12,60256,Phibbs Exchange,45990,46290,in_service_layover,61.221032778704874,64.96092445845046,21.092989073765068,300,5.0,12:46:30,12:51:30,False,,no_dispenser,0
2160714,heavy,130.0,17.0,40-ft,BTC,2,SAT,14847191,14847291,130,130,60253,60687,Phibbs Exchange @ Bay 1,Phibbs Exchange @ Bay 10,60253,Phibbs Exchange,46290,46590,in_service_layover,68.93516985267004,72.18915397995819,18.352470477905115,300,5.0,12:51:30,12:56:30,False,,no_dispenser,0
2160715,heavy,130.0,15.0,40-ft,BTC,2,SAT,14847240,14847323,130,130,60253,60687,Phibbs Exchange @ Bay 1,Phibbs Exchange @ Bay 10,60253,Phibbs Exchange,46890,47190,in_service_layover,62.97982783149968,66.61577181308954,20.506724056166775,300,5.0,13:01:30,13:06:30,False,,no_dispenser,0
2160045,heavy,27.0,33.0,40-ft,BTC,2,SAT,14837751,14837783,028,028,60253,60686,Phibbs Exchange @ Bay 1,Phibbs Exchange @ Bay 9,60253,Phibbs Exchange,47010,47430,in_service_layover,67.63401018681475,72.19511286312877,25.724619094411082,420,7.0,13:03:30,13:10:30,False,,no_dispenser,0
2161131,heavy,210.0,50.0,40-ft,BTC,2,SAT,14856215,14857827,212,232,60253,60688,Phibbs Exchange @ Bay 1,Phibbs Exchange @ Bay 11,60253,Phibbs Exchange,47490,47790,in_service_layover,52.406278905920146,56.314287541126504,22.04116870256388,300,5.0,13:11:30,13:16:30,False,,no_dispenser,0
2163156,heavy,802.0,22.0,40-ft,BTC,2,SAT,14887195,14887289,R2,R2,60257,60683,Phibbs Exchange @ Bay 5,Phibbs Exchange @ Bay 6,60257,Phibbs Exchange,47550,48390,in_service_layover,63.56317921007286,72.62143363043646,51.08855493085065,840,14.0,13:12:30,13:26:30,False,,no_dispenser,0
2160067,heavy,210.0,58.0,40-ft,BTC,2,SAT,14857818,14856186,232,212,60256,60689,Phibbs Exchange @ Bay 4,Phibbs Exchange @ Bay 12,60256,Phibbs Exchange,47730,48090,in_service_layover,64.17371505234692,68.40729818786033,23.87740888429562,360,6.0,13:15:30,13:21:30,False,,no_dispenser,0
2161144,heavy,210.0,54.0,40-ft,BTC,2,SAT,14856216,14857845,212,232,60253,60688,Phibbs Exchange @ Bay 1,Phibbs Exchange @ Bay 11,60253,Phibbs Exchange,49350,49590,in_service_layover,58.89726609911524,62.02598078440179,17.645950825016087,240,4.0,13:42:30,13:46:30,False,,no_dispenser,0
2161143,heavy,210.0,53.0,40-ft,BTC,2,SAT,14857794,14856187,232,212,60256,60689,Phibbs Exchange @ Bay 4,Phibbs Exchange @ Bay 12,60256,Phibbs Exchange,49410,49890,in_service_layover,56.32379424353899,62.54626349246236,35.09472656392779,480,8.0,13:43:30,13:51:30,False,,no_dispenser,0
2160046,heavy,27.0,40.0,40-ft,BTC,2,SAT,14837753,14837785,028,028,60253,60686,Phibbs Exchange @ Bay 1,Phibbs Exchange @ Bay 9,60253,Phibbs Exchange,49530,49830,in_service_layover,66.54979187071064,69.96673967480159,19.271585615072865,300,5.0,13:45:30,13:50:30,False,,no_dispenser,0
2160713,heavy,130.0,12.0,40-ft,BTC,2,SAT,14847247,14847328,130,130,60253,60687,Phibbs Exchange @ Bay 1,Phibbs Exchange @ Bay 10,60253,Phibbs Exchange,49950,50130,in_service_layover,69.93889660338873,71.90082025357465,11.065249387048652,180,3.0,13:52:30,13:55:30,False,,no_dispenser,0
2160716,heavy,130.0,14.0,40-ft,BTC,2,SAT,14847180,14847293,130,130,60253,60687,Phibbs Exchange @ Bay 1,Phibbs Exchange @ Bay 10,60253,Phibbs Exchange,50550,50730,in_service_layover,68.54966713937709,70.5705847801682,11.397975494061882,180,3.0,14:02:30,14:05:30,False,,no_dispenser,0
2165027,heavy,27.0,43.0,40-ft,BTC,2,SAT,14837734,14837786,028,028,60253,60686,Phibbs Exchange @ Bay 1,Phibbs Exchange @ Bay 9,60253,Phibbs Exchange,50730,51030,in_service_layover,65.44037612461965,68.9283429080889,19.672132658766543,300,5.0,14:05:30,14:10:30,False,,no_dispenser,0
2160718,heavy,130.0,11.0,40-ft,BTC,2,SAT,14847181,14847329,130,130,60253,60687,Phibbs Exchange @ Bay 1,Phibbs Exchange @ Bay 10,60253,Phibbs Exchange,51030,51330,in_service_layover,63.531835366767694,67.13515478953556,20.32272154441074,300,5.0,14:10:30,14:15:30,False,,no_dispenser,0
2160067,heavy,210.0,58.0,40-ft,BTC,2,SAT,14856217,14857856,212,232,60253,60688,Phibbs Exchange @ Bay 1,Phibbs Exchange @ Bay 11,60253,Phibbs Exchange,51150,51390,in_service_layover,62.34363982852512,65.3108436191386,16.735029379059995,240,4.0,14:12:30,14:16:30,False,,no_dispenser,0
2161142,heavy,210.0,60.0,40-ft,BTC,2,SAT,14857803,14856188,232,212,60256,60689,Phibbs Exchange @ Bay 4,Phibbs Exchange @ Bay 12,60256,Phibbs Exchange,51270,51810,in_service_layover,58.634069136830604,65.39433439129925,38.12789603520315,540,9.0,14:14:30,14:23:30,False,,no_dispenser,0
2160717,heavy,130.0,13.0,40-ft,BTC,2,SAT,14847218,14847330,130,130,60253,60687,Phibbs Exchange @ Bay 1,Phibbs Exchange @ Bay 10,60253,Phibbs Exchange,51690,51930,in_service_layover,59.860737948148035,62.94626251290217,17.402358545213303,240,4.0,14:21:30,14:25:30,False,,no_dispenser,0
2160048,heavy,27.0,35.0,40-ft,BTC,2,SAT,14837754,14837787,028,028,60253,60686,Phibbs Exchange @ Bay 1,Phibbs Exchange @ Bay 9,60253,Phibbs Exchange,51930,52530,in_service_layover,68.14882413699023,74.32828814153986,34.85217698565992,600,10.0,14:25:30,14:35:30,False,,no_dispenser,0
2160714,heavy,130.0,17.0,40-ft,BTC,2,SAT,14847259,14847295,130,130,60253,60687,Phibbs Exchange @ Bay 1,Phibbs Exchange @ Bay 10,60253,Phibbs Exchange,52350,52770,in_service_layover,67.29810246890918,71.89185139280738,25.90874393078593,420,7.0,14:32:30,14:39:30,False,,no_dispenser,0
2160715,heavy,130.0,15.0,40-ft,BTC,2,SAT,14847182,14847294,130,130,60253,60687,Phibbs Exchange @ Bay 1,Phibbs Exchange @ Bay 10,60253,Phibbs Exchange,52890,53370,in_service_layover,61.602870255750986,67.37859489751362,32.575086979541254,480,8.0,14:41:30,14:49:30,False,,no_dispenser,0
2161143,heavy,210.0,53.0,40-ft,BTC,2,SAT,14856218,14857839,212,232,60253,60688,Phibbs Exchange @ Bay 1,Phibbs Exchange @ Bay 11,60253,Phibbs Exchange,52950,53190,in_service_layover,56.48260513312714,59.652195692255084,17.876490753481562,240,4.0,14:42:30,14:46:30,False,,no_dispenser,0
2161141,heavy,210.0,52.0,40-ft,BTC,2,SAT,14857807,14856189,232,212,60256,60689,Phibbs Exchange @ Bay 4,Phibbs Exchange @ Bay 12,60256,Phibbs Exchange,53010,53490,in_service_layover,41.795504482322805,47.89004735782906,34.373221817855324,480,8.0,14:43:30,14:51:30,False,,no_dispenser,0
2160045,heavy,27.0,33.0,40-ft,BTC,2,SAT,14837755,14837788,028,028,60253,60686,Phibbs Exchange @ Bay 1,Phibbs Exchange @ Bay 9,60253,Phibbs Exchange,53070,53430,in_service_layover,68.02748574495376,71.95642817876174,22.159235326676935,360,6.0,14:44:30,14:50:30,False,,no_dispenser,0
2163156,heavy,802.0,22.0,40-ft,BTC,2,SAT,14887203,14887296,R2,R2,60257,60683,Phibbs Exchange @ Bay 5,Phibbs Exchange @ Bay 6,60257,Phibbs Exchange,53430,54210,in_service_layover,64.90625011481595,73.19018254408839,46.721378901096614,780,13.0,14:50:30,15:03:30,False,,no_dispenser,0
2160719,heavy,130.0,19.0,40-ft,BTC,2,SAT,14847250,14847276,130,130,60253,60687,Phibbs Exchange @ Bay 1,Phibbs Exchange @ Bay 10,60253,Phibbs Exchange,53490,53970,in_service_layover,68.41443182949139,73.46873178326719,28.506251739295465,480,8.0,14:51:30,14:59:30,False,,no_dispenser,0
2160341,heavy,130.0,18.0,40-ft,BTC,2,SAT,14847183,14847264,130,130,60253,60687,Phibbs Exchange @ Bay 1,Phibbs Exchange @ Bay 10,60253,Phibbs Exchange,54030,54570,in_service_layover,62.57284878572208,68.89151676354425,35.63728739491705,540,9.0,15:00:30,15:09:30,False,,no_dispenser,0
2165023,heavy,27.0,44.0,40-ft,BTC,2,SAT,14837756,14837789,028,028,60253,60686,Phibbs Exchange @ Bay 1,Phibbs Exchange @ Bay 9,60253,Phibbs Exchange,54210,54690,in_service_layover,65.43986459525934,70.82325898053008,30.362344332927023,480,8.0,15:03:30,15:11:30,False,,no_dispenser,0
2160721,heavy,130.0,16.0,40-ft,BTC,2,SAT,14847219,14847277,130,130,60253,60687,Phibbs Exchange @ Bay 1,Phibbs Exchange @ Bay 10,60253,Phibbs Exchange,54690,55110,in_service_layover,60.32575337914684,65.536388442338,29.38798175639812,420,7.0,15:11:30,15:18:30,False,,no_dispenser,0
2161067,heavy,210.0,46.0,40-ft,BTC,2,SAT,14857813,14856190,232,212,60256,60689,Phibbs Exchange @ Bay 4,Phibbs Exchange @ Bay 12,60256,Phibbs Exchange,54750,55290,in_service_layover,34.305093200215424,41.105576337547866,38.35472489455498,540,9.0,15:12:30,15:21:30,False,,no_dispenser,0
2161142,heavy,210.0,60.0,40-ft,BTC,2,SAT,14856219,14857843,212,232,60253,60688,Phibbs Exchange @ Bay 1,Phibbs Exchange @ Bay 11,60253,Phibbs Exchange,54810,54990,in_service_layover,59.33067603196404,61.684415457603215,13.275090360604963,180,3.0,15:13:30,15:16:30,False,,no_dispenser,0
2160720,heavy,130.0,21.0,40-ft,BTC,2,SAT,14847184,14847278,130,130,60253,60687,Phibbs Exchange @ Bay 1,Phibbs Exchange @ Bay 10,60253,Phibbs Exchange,55290,55710,in_service_layover,68.41443182949139,72.8986138398067,25.290786538178338,420,7.0,15:21:30,15:28:30,False,,no_dispenser,0
2160046,heavy,27.0,40.0,40-ft,BTC,2,SAT,14837757,14837790,028,028,60253,60686,Phibbs Exchange @ Bay 1,Phibbs Exchange @ Bay 9,60253,Phibbs Exchange,55410,55830,in_service_layover,66.6493916094592,71.30540041253924,26.25988964937136,420,7.0,15:23:30,15:30:30,False,,no_dispenser,0
2160713,heavy,130.0,12.0,40-ft,BTC,2,SAT,14847185,14847265,130,130,60253,60687,Phibbs Exchange @ Bay 1,Phibbs Exchange @ Bay 10,60253,Phibbs Exchange,55890,56310,in_service_layover,65.15570881647315,69.9511345708512,27.046201254692164,420,7.0,15:31:30,15:38:30,False,,no_dispenser,0
2160716,heavy,130.0,14.0,40-ft,BTC,2,SAT,14847220,14847274,130,130,60253,60687,Phibbs Exchange @ Bay 1,Phibbs Exchange @ Bay 10,60253,Phibbs Exchange,56490,56910,in_service_layover,63.907386109049526,68.81511269587509,27.679577949696125,420,7.0,15:41:30,15:48:30,False,,no_dispenser,0
2161141,heavy,210.0,52.0,40-ft,BTC,2,SAT,14856220,14857836,212,232,60253,60688,Phibbs Exchange @ Bay 1,Phibbs Exchange @ Bay 11,60253,Phibbs Exchange,56610,56790,in_service_layover,41.826388998493854,44.10380235899466,12.844611353224593,180,3.0,15:43:30,15:46:30,False,,no_dispenser,0
2165027,heavy,27.0,43.0,40-ft,BTC,2,SAT,14837758,14837791,028,028,60253,60686,Phibbs Exchange @ Bay 1,Phibbs Exchange @ Bay 9,60253,Phibbs Exchange,56610,57030,in_service_layover,65.73348962721917,70.47563850913849,26.745719694024956,420,7.0,15:43:30,15:50:30,False,,no_dispenser,0
2160718,heavy,130.0,11.0,40-ft,BTC,2,SAT,14847236,14847322,130,130,60253,60687,Phibbs Exchange @ Bay 1,Phibbs Exchange @ Bay 10,60253,Phibbs Exchange,57090,57510,in_service_layover,60.675138549106066,65.85686467388452,29.224935343750474,420,7.0,15:51:30,15:58:30,False,,no_dispenser,0
2160717,heavy,130.0,13.0,40-ft,BTC,2,SAT,14847186,14847266,130,130,60253,60687,Phibbs Exchange @ Bay 1,Phibbs Exchange @ Bay 10,60253,Phibbs Exchange,57630,58170,in_service_layover,56.676781416625154,63.603835517224695,39.06858512738137,540,9.0,16:00:30,16:09:30,False,,no_dispenser,0
2160048,heavy,27.0,35.0,40-ft,BTC,2,SAT,14837759,14837792,028,028,60253,60686,Phibbs Exchange @ Bay 1,Phibbs Exchange @ Bay 9,60253,Phibbs Exchange,57810,58350,in_service_layover,67.55549021665058,73.27213633200951,32.24188409062435,540,9.0,16:03:30,16:12:30,False,,no_dispenser,0
2160714,heavy,130.0,17.0,40-ft,BTC,2,SAT,14847187,14847279,130,130,60253,60687,Phibbs Exchange @ Bay 1,Phibbs Exchange @ Bay 10,60253,Phibbs Exchange,58230,58770,in_service_layover,65.14730698893224,71.16255213827489,33.925982642292524,540,9.0,16:10:30,16:19:30,False,,no_dispenser,0
2161131,heavy,210.0,50.0,40-ft,BTC,2,SAT,14857820,14856192,232,212,60256,60689,Phibbs Exchange @ Bay 4,Phibbs Exchange @ Bay 12,60256,Phibbs Exchange,58290,59070,in_service_layover,38.42776700362451,48.3356901168112,55.88068635837294,780,13.0,16:11:30,16:24:30,False,,no_dispenser,0
2161067,heavy,210.0,46.0,40-ft,BTC,2,SAT,14856221,14857831,212,232,60253,60688,Phibbs Exchange @ Bay 1,Phibbs Exchange @ Bay 11,60253,Phibbs Exchange,58410,58590,in_service_layover,35.04191797821265,37.30162601690192,12.74475333820746,180,3.0,16:13:30,16:16:30,False,,no_dispenser,0
2160715,heavy,130.0,15.0,40-ft,BTC,2,SAT,14847188,14847280,130,130,60253,60687,Phibbs Exchange @ Bay 1,Phibbs Exchange @ Bay 10,60253,Phibbs Exchange,58830,59370,in_service_layover,60.90419094384665,67.41080654671896,36.697312000199815,540,9.0,16:20:30,16:29:30,False,,no_dispenser,0
2160045,heavy,27.0,33.0,40-ft,BTC,2,SAT,14837760,14837793,028,028,60253,60686,Phibbs Exchange @ Bay 1,Phibbs Exchange @ Bay 9,60253,Phibbs Exchange,59010,59550,in_service_layover,68.39694840288153,74.00589130318343,31.634437957702687,540,9.0,16:23:30,16:32:30,False,,no_dispenser,0
2163156,heavy,802.0,22.0,40-ft,BTC,2,SAT,14887211,14887329,R2,R2,60257,60683,Phibbs Exchange @ Bay 5,Phibbs Exchange @ Bay 6,60257,Phibbs Exchange,59190,60210,in_service_layover,65.47499902846788,75.57870186045676,56.98488397241732,1020,17.0,16:26:30,16:43:30,False,,no_dispenser,0
2160719,heavy,130.0,19.0,40-ft,BTC,2,SAT,14847221,14847267,130,130,60253,60687,Phibbs Exchange @ Bay 1,Phibbs Exchange @ Bay 10,60253,Phibbs Exchange,59430,59970,in_service_layover,66.62147709284817,72.45562984740795,32.904621535717126,540,9.0,16:30:30,16:39:30,False,,no_dispenser,0
2160341,heavy,130.0,18.0,40-ft,BTC,2,SAT,14847189,14847281,130,130,60253,60687,Phibbs Exchange @ Bay 1,Phibbs Exchange @ Bay 10,60253,Phibbs Exchange,59850,60510,in_service_layover,62.32769662394166,69.90585711879952,42.74082519099835,660,11.0,16:37:30,16:48:30,False,,no_dispenser,0
2161132,heavy,210.0,61.0,40-ft,BTC,2,SAT,14857812,14856193,232,212,60256,60689,Phibbs Exchange @ Bay 4,Phibbs Exchange @ Bay 12,60256,Phibbs Exchange,60090,60750,in_service_layover,46.69166017554396,55.21521030945619,48.07282275526495,660,11.0,16:41:30,16:52:30,False,,no_dispenser,0
2161140,heavy,210.0,67.0,40-ft,BTC,2,SAT,14856222,14857842,212,232,60253,60688,Phibbs Exchange @ Bay 1,Phibbs Exchange @ Bay 11,60253,Phibbs Exchange,60210,60570,in_service_layover,68.53273071993897,72.41902182702819,21.918681843983336,360,6.0,16:43:30,16:49:30,False,,no_dispenser,0
2165023,heavy,27.0,44.0,40-ft,BTC,2,SAT,14837761,14837794,028,028,60253,60686,Phibbs Exchange @ Bay 1,Phibbs Exchange @ Bay 9,60253,Phibbs Exchange,60210,60630,in_service_layover,66.80415805928519,71.44540726043537,26.17664549448699,420,7.0,16:43:30,16:50:30,False,,no_dispenser,0
2160046,heavy,27.0,40.0,40-ft,BTC,2,SAT,14837762,14837795,028,028,60253,60686,Phibbs Exchange @ Bay 1,Phibbs Exchange @ Bay 9,60253,Phibbs Exchange,61410,61950,in_service_layover,67.82621951305529,73.50840383724962,32.04751958845594,540,9.0,17:03:30,17:12:30,False,,no_dispenser,0
2160067,heavy,210.0,58.0,40-ft,BTC,2,SAT,14857801,14856194,232,212,60256,60689,Phibbs Exchange @ Bay 4,Phibbs Exchange @ Bay 12,60256,Phibbs Exchange,61890,62550,in_service_layover,47.497670187035155,56.04317899767626,48.19666969201586,660,11.0,17:11:30,17:22:30,False,,no_dispenser,0
2165027,heavy,27.0,43.0,40-ft,BTC,2,SAT,14837723,14837796,028,028,60253,60686,Phibbs Exchange @ Bay 1,Phibbs Exchange @ Bay 9,60253,Phibbs Exchange,62610,63150,in_service_layover,67.09728843872365,72.87184810494031,32.56851651746189,540,9.0,17:23:30,17:32:30,False,,no_dispenser,0
2160718,heavy,130.0,11.0,40-ft,BTC,2,SAT,14847227,14847300,130,130,60253,60687,Phibbs Exchange @ Bay 1,Phibbs Exchange @ Bay 10,60253,Phibbs Exchange,62790,63030,in_service_layover,59.47488701416492,62.57954892099231,17.510293154506485,240,4.0,17:26:30,17:30:30,False,,no_dispenser,0
2160717,heavy,130.0,13.0,40-ft,BTC,2,SAT,14847223,14847283,130,130,60253,60687,Phibbs Exchange @ Bay 1,Phibbs Exchange @ Bay 10,60253,Phibbs Exchange,63390,63750,in_service_layover,57.321173894015054,62.01516565685948,26.47411354244258,360,6.0,17:36:30,17:42:30,False,,no_dispenser,0
2161173,heavy,210.0,47.0,40-ft,BTC,2,SAT,14857798,14857855,232,232,60256,60688,Phibbs Exchange @ Bay 4,Phibbs Exchange @ Bay 11,60256,Phibbs Exchange,63570,63930,in_service_layover,47.4938663627529,52.10684183431008,26.017181659582548,360,6.0,17:39:30,17:45:30,False,,no_dispenser,0
2160048,heavy,27.0,35.0,40-ft,BTC,2,SAT,14837763,14837797,028,028,60253,60686,Phibbs Exchange @ Bay 1,Phibbs Exchange @ Bay 9,60253,Phibbs Exchange,63690,64230,in_service_layover,68.4043937420401,74.01237592452986,31.629019509242198,540,9.0,17:41:30,17:50:30,False,,no_dispenser,0
2161132,heavy,210.0,61.0,40-ft,BTC,2,SAT,14856224,14856195,212,212,60253,60689,Phibbs Exchange @ Bay 1,Phibbs Exchange @ Bay 12,60253,Phibbs Exchange,63810,64350,in_service_layover,49.151551950120975,56.15310358859068,39.48875124096918,540,9.0,17:43:30,17:52:30,False,,no_dispenser,0
2160714,heavy,130.0,17.0,40-ft,BTC,2,SAT,14847193,14847303,130,130,60253,60687,Phibbs Exchange @ Bay 1,Phibbs Exchange @ Bay 10,60253,Phibbs Exchange,64170,64590,in_service_layover,66.38133482811271,71.06276802343427,26.403283221613606,420,7.0,17:49:30,17:56:30,False,,no_dispenser,0
2160715,heavy,130.0,15.0,40-ft,BTC,2,SAT,14847194,14847338,130,130,60253,60687,Phibbs Exchange @ Bay 1,Phibbs Exchange @ Bay 10,60253,Phibbs Exchange,64830,65310,in_service_layover,63.668176854507564,69.23723048595906,31.409462481386527,480,8.0,18:00:30,18:08:30,False,,no_dispenser,0
2160045,heavy,27.0,33.0,40-ft,BTC,2,SAT,14837725,14837798,028,028,60253,60686,Phibbs Exchange @ Bay 1,Phibbs Exchange @ Bay 9,60253,Phibbs Exchange,64830,65430,in_service_layover,69.06570049117437,75.1128366670002,34.10584803165767,600,10.0,18:00:30,18:10:30,False,,no_dispenser,0
2163156,heavy,802.0,22.0,40-ft,BTC,2,SAT,14887219,14887311,R2,R2,60257,60683,Phibbs Exchange @ Bay 5,Phibbs Exchange @ Bay 6,60257,Phibbs Exchange,64890,65910,in_service_layover,67.86351834483624,77.38708062523791,53.712891261465415,1020,17.0,18:01:30,18:18:30,False,,no_dispenser,0
2161129,heavy,210.0,69.0,40-ft,BTC,2,SAT,14857824,14856196,232,212,60256,60689,Phibbs Exchange @ Bay 4,Phibbs Exchange @ Bay 12,60256,Phibbs Exchange,65370,66150,in_service_layover,64.81918174865162,73.11873635981921,46.80948800698519,780,13.0,18:09:30,18:22:30,False,,no_dispenser,0
2160067,heavy,210.0,58.0,40-ft,BTC,2,SAT,14856225,14857835,212,232,60253,60688,Phibbs Exchange @ Bay 1,Phibbs Exchange @ Bay 11,60253,Phibbs Exchange,65490,65850,in_service_layover,49.97952063834104,54.63194366253242,26.23966585643933,360,6.0,18:11:30,18:17:30,False,,no_dispenser,0
2160341,heavy,130.0,18.0,40-ft,BTC,2,SAT,14847195,14847307,130,130,60253,60687,Phibbs Exchange @ Bay 1,Phibbs Exchange @ Bay 10,60253,Phibbs Exchange,65670,66150,in_service_layover,59.687264597212405,65.64998544903567,33.62974560428313,480,8.0,18:14:30,18:22:30,False,,no_dispenser,0
2165023,heavy,27.0,44.0,40-ft,BTC,2,SAT,14837726,14837799,028,028,60253,60686,Phibbs Exchange @ Bay 1,Phibbs Exchange @ Bay 9,60253,Phibbs Exchange,65790,66810,in_service_layover,66.12728541963615,76.07388958734323,56.09884750586798,1020,17.0,18:16:30,18:33:30,False,,no_dispenser,0
2160720,heavy,130.0,21.0,40-ft,BTC,2,SAT,14847245,14847344,130,130,60253,60687,Phibbs Exchange @ Bay 1,Phibbs Exchange @ Bay 10,60253,Phibbs Exchange,66390,66870,in_service_layover,58.20605864320505,64.3061933453955,34.40475972035415,480,8.0,18:26:30,18:34:30,False,,no_dispenser,0
2160713,heavy,130.0,12.0,40-ft,BTC,2,SAT,14847200,14847331,130,130,60253,60687,Phibbs Exchange @ Bay 1,Phibbs Exchange @ Bay 10,60253,Phibbs Exchange,66990,67590,in_service_layover,56.274439562004,63.942367976104244,43.247116255525384,600,10.0,18:36:30,18:46:30,False,,no_dispenser,0
2160046,heavy,27.0,40.0,40-ft,BTC,2,SAT,14837727,14837800,028,028,60253,60686,Phibbs Exchange @ Bay 1,Phibbs Exchange @ Bay 9,60253,Phibbs Exchange,67050,67650,in_service_layover,67.4107427642252,73.69522661646245,35.44448892661808,600,10.0,18:37:30,18:47:30,False,,no_dispenser,0
2161132,heavy,210.0,61.0,40-ft,BTC,2,SAT,14856226,14857850,212,232,60253,60688,Phibbs Exchange @ Bay 1,Phibbs Exchange @ Bay 11,60253,Phibbs Exchange,67290,67590,in_service_layover,50.08944522925547,53.959898176148016,21.829354620473964,300,5.0,18:41:30,18:46:30,False,,no_dispenser,0
2161131,heavy,210.0,50.0,40-ft,BTC,2,SAT,14857802,14856197,232,212,60256,60689,Phibbs Exchange @ Bay 4,Phibbs Exchange @ Bay 12,60256,Phibbs Exchange,67470,67950,in_service_layover,30.197258278587686,36.209526202297326,33.909191089722356,480,8.0,18:44:30,18:52:30,False,,no_dispenser,0
2160716,heavy,130.0,14.0,40-ft,BTC,2,SAT,14847217,14847298,130,130,60253,60687,Phibbs Exchange @ Bay 1,Phibbs Exchange @ Bay 10,60253,Phibbs Exchange,67710,68370,in_service_layover,56.7670706176282,65.08892220853949,46.93524297273973,660,11.0,18:48:30,18:59:30,False,,no_dispenser,0
2165027,heavy,27.0,43.0,40-ft,BTC,2,SAT,14837728,14837801,028,028,60253,60686,Phibbs Exchange @ Bay 1,Phibbs Exchange @ Bay 9,60253,Phibbs Exchange,68310,69450,in_service_layover,67.43916184039107,77.878795624072,58.879534539960446,1140,19.0,18:58:30,19:17:30,False,,no_dispenser,0
2163156,heavy,802.0,22.0,40-ft,BTC,2,SAT,14887227,14887317,R2,R2,60257,60683,Phibbs Exchange @ Bay 5,Phibbs Exchange @ Bay 6,60257,Phibbs Exchange,70350,71130,in_service_layover,69.6718971096174,77.07225599361756,41.73802410576093,780,13.0,19:32:30,19:45:30,False,,no_dispenser,0
2160715,heavy,130.0,15.0,40-ft,BTC,2,SAT,14847207,14847311,130,130,60253,60687,Phibbs Exchange @ Bay 1,Phibbs Exchange @ Bay 10,60253,Phibbs Exchange,70590,70890,in_service_layover,64.00498548848591,67.58034077098743,20.165003793308586,300,5.0,19:36:30,19:41:30,False,,no_dispenser,0
2161131,heavy,210.0,50.0,40-ft,BTC,2,SAT,14856019,14857853,211,232,60689,60688,Phibbs Exchange @ Bay 12,Phibbs Exchange @ Bay 11,60689,Phibbs Exchange,70890,71190,in_service_layover,28.803234524549936,32.54730324798422,21.116547600169326,300,5.0,19:41:30,19:46:30,False,,no_dispenser,0
2160041,heavy,27.0,42.0,40-ft,BTC,2,SAT,14837740,14837806,028,028,60253,60686,Phibbs Exchange @ Bay 1,Phibbs Exchange @ Bay 9,60253,Phibbs Exchange,70950,71370,in_service_layover,21.045528792391245,26.24779733962013,29.340794606370935,420,7.0,19:42:30,19:49:30,False,,no_dispenser,0
2160067,heavy,210.0,58.0,40-ft,BTC,2,SAT,14857804,14856198,232,212,60256,60689,Phibbs Exchange @ Bay 4,Phibbs Exchange @ Bay 12,60256,Phibbs Exchange,71010,71550,in_service_layover,42.55717018364411,49.43151412762147,38.771299844032285,540,9.0,19:43:30,19:52:30,False,,no_dispenser,0
2160341,heavy,130.0,18.0,40-ft,BTC,2,SAT,14847231,14847297,130,130,60253,60687,Phibbs Exchange @ Bay 1,Phibbs Exchange @ Bay 10,60253,Phibbs Exchange,71490,71790,in_service_layover,62.775865265615884,66.42386377237617,20.574711578128017,300,5.0,19:51:30,19:56:30,False,,no_dispenser,0
2160720,heavy,130.0,21.0,40-ft,BTC,2,SAT,14847204,14847332,130,130,60253,60687,Phibbs Exchange @ Bay 1,Phibbs Exchange @ Bay 10,60253,Phibbs Exchange,72450,72690,in_service_layover,63.561347426926396,66.47097639019229,16.410307352819643,240,4.0,20:07:30,20:11:30,False,,no_dispenser,0
2161128,heavy,210.0,48.0,40-ft,BTC,2,SAT,14857809,14855988,232,211,60256,60689,Phibbs Exchange @ Bay 4,Phibbs Exchange @ Bay 12,60256,Phibbs Exchange,72630,72930,in_service_layover,21.829530391707745,25.54172927506424,20.936801702130623,300,5.0,20:10:30,20:15:30,False,,no_dispenser,0
2161129,heavy,210.0,69.0,40-ft,BTC,2,SAT,14856228,14857854,212,232,60253,60688,Phibbs Exchange @ Bay 1,Phibbs Exchange @ Bay 11,60253,Phibbs Exchange,72690,73050,in_service_layover,60.03774266025127,64.56698076945331,25.544902935899472,360,6.0,20:11:30,20:17:30,False,,no_dispenser,0
2160716,heavy,130.0,14.0,40-ft,BTC,2,SAT,14847213,14847333,130,130,60253,60687,Phibbs Exchange @ Bay 1,Phibbs Exchange @ Bay 10,60253,Phibbs Exchange,73350,73590,in_service_layover,58.000455894496106,61.15559381353239,17.794977863364636,240,4.0,20:22:30,20:26:30,False,,no_dispenser,0
2160717,heavy,130.0,13.0,40-ft,BTC,2,SAT,14847209,14847275,130,130,60253,60687,Phibbs Exchange @ Bay 1,Phibbs Exchange @ Bay 10,60253,Phibbs Exchange,74130,74490,in_service_layover,50.18530396150466,54.84172986311763,26.262242085097114,360,6.0,20:35:30,20:41:30,False,,no_dispenser,0
2160067,heavy,210.0,58.0,40-ft,BTC,2,SAT,14856020,14857840,211,232,60689,60688,Phibbs Exchange @ Bay 12,Phibbs Exchange @ Bay 11,60689,Phibbs Exchange,74430,74910,in_service_layover,42.02522244987407,48.121947063778755,34.385526822422435,480,8.0,20:40:30,20:48:30,False,,no_dispenser,0
2161132,heavy,210.0,61.0,40-ft,BTC,2,SAT,14857800,14856199,232,212,60256,60689,Phibbs Exchange @ Bay 4,Phibbs Exchange @ Bay 12,60256,Phibbs Exchange,74490,75150,in_service_layover,41.88512469725971,50.30133518262604,47.467427137466075,660,11.0,20:41:30,20:52:30,False,,no_dispenser,0
2160714,heavy,130.0,17.0,40-ft,BTC,2,SAT,14847232,14847296,130,130,60253,60687,Phibbs Exchange @ Bay 1,Phibbs Exchange @ Bay 10,60253,Phibbs Exchange,75030,75390,in_service_layover,60.739538479208875,65.21900383529335,25.26418460831644,360,6.0,20:50:30,20:56:30,False,,no_dispenser,0
2163156,heavy,802.0,22.0,40-ft,BTC,2,SAT,14887232,14887322,R2,R2,60257,60683,Phibbs Exchange @ Bay 5,Phibbs Exchange @ Bay 6,60257,Phibbs Exchange,75270,75570,in_service_layover,69.35707247799704,72.58077482296586,18.181681225624175,300,5.0,20:54:30,20:59:30,False,,no_dispenser,0
2160715,heavy,130.0,15.0,40-ft,BTC,2,SAT,14847199,14847341,130,130,60253,60687,Phibbs Exchange @ Bay 1,Phibbs Exchange @ Bay 10,60253,Phibbs Exchange,75870,76290,in_service_layover,62.48762854337364,67.51841487659004,28.37363491934053,420,7.0,21:04:30,21:11:30,False,,no_dispenser,0
2161131,heavy,210.0,50.0,40-ft,BTC,2,SAT,14857808,14857849,232,232,60256,60688,Phibbs Exchange @ Bay 4,Phibbs Exchange @ Bay 11,60256,Phibbs Exchange,76350,76710,in_service_layover,20.472529769095914,24.926642540322433,25.121196029717566,360,6.0,21:12:30,21:18:30,False,,no_dispenser,0
2160341,heavy,130.0,18.0,40-ft,BTC,2,SAT,14847179,14847299,130,130,60253,60687,Phibbs Exchange @ Bay 1,Phibbs Exchange @ Bay 10,60253,Phibbs Exchange,76770,77370,in_service_layover,61.42684113093589,68.51322742735702,39.96721871181518,600,10.0,21:19:30,21:29:30,False,,no_dispenser,0
2161129,heavy,210.0,69.0,40-ft,BTC,2,SAT,14857810,14857832,232,232,60256,60688,Phibbs Exchange @ Bay 4,Phibbs Exchange @ Bay 11,60256,Phibbs Exchange,78030,78510,in_service_layover,52.492207290565,58.78288979150362,35.47944930529388,480,8.0,21:40:30,21:48:30,False,,no_dispenser,0
2160047,heavy,27.0,38.0,40-ft,BTC,2,SAT,14837719,14837811,028,028,60253,60686,Phibbs Exchange @ Bay 1,Phibbs Exchange @ Bay 9,60253,Phibbs Exchange,78090,78630,in_service_layover,56.57785118124945,63.51165508511388,39.10665401779545,540,9.0,21:41:30,21:50:30,False,,no_dispenser,0
2161132,heavy,210.0,61.0,40-ft,BTC,2,SAT,14856021,14856200,211,212,60689,60689,Phibbs Exchange @ Bay 12,Phibbs Exchange @ Bay 12,60689,Phibbs Exchange,78150,78750,in_service_layover,42.918760557116066,50.57470499297582,43.179526618248985,600,10.0,21:42:30,21:52:30,False,,no_dispenser,0
2163156,heavy,802.0,22.0,40-ft,BTC,2,SAT,14887237,14887246,R2,R2,60257,60683,Phibbs Exchange @ Bay 5,Phibbs Exchange @ Bay 6,60257,Phibbs Exchange,79770,80070,in_service_layover,69.33064007310588,72.55625252288492,18.192454216753788,300,5.0,22:09:30,22:14:30,False,,no_dispenser,0
2160046,heavy,27.0,40.0,40-ft,BTC,2,SAT,14837731,14837807,028,028,60253,60686,Phibbs Exchange @ Bay 1,Phibbs Exchange @ Bay 9,60253,Phibbs Exchange,79950,80430,in_service_layover,54.507047279911816,60.79209054162491,35.447643996061856,480,8.0,22:12:30,22:20:30,False,,no_dispenser,0
2161132,heavy,210.0,61.0,40-ft,BTC,2,SAT,14856022,14856201,211,212,60689,60689,Phibbs Exchange @ Bay 12,Phibbs Exchange @ Bay 12,60689,Phibbs Exchange,81690,82350,in_service_layover,43.19213036746584,51.63352630452962,47.609473085039724,660,11.0,22:41:30,22:52:30,False,,no_dispenser,0
2160067,heavy,210.0,58.0,40-ft,BTC,2,SAT,14857806,14837809,232,028,60256,60686,Phibbs Exchange @ Bay 4,Phibbs Exchange @ Bay 9,60256,Phibbs Exchange,83310,83910,in_service_layover,32.46404890863345,40.00914978131507,42.55436892192429,600,10.0,23:08:30,23:18:30,False,,no_dispenser,0
2163156,heavy,802.0,22.0,40-ft,BTC,2,SAT,14887156,14887251,R2,R2,60257,60683,Phibbs Exchange @ Bay 5,Phibbs Exchange @ Bay 6,60257,Phibbs Exchange,84150,84570,in_service_layover,69.87621466347137,74.21228456762711,24.455434259438334,420,7.0,23:22:30,23:29:30,False,,no_dispenser,0
2161132,heavy,210.0,61.0,40-ft,BTC,2,SAT,14856023,14856202,211,212,60689,60689,Phibbs Exchange @ Bay 12,Phibbs Exchange @ Bay 12,60689,Phibbs Exchange,85230,85950,in_service_layover,44.25095167901965,53.50207091356296,52.176312482824244,720,12.0,23:40:30,23:52:30,False,,no_dispenser,0
2160065,heavy,27.0,45.0,40-ft,BTC,2,SAT,14837732,14837769,028,028,60253,60686,Phibbs Exchange @ Bay 1,Phibbs Exchange @ Bay 9,60253,Phibbs Exchange,87450,87810,in_service_layover,65.31092673869256,69.45841683029272,23.391844116624952,360,6.0,24:17:30,24:23:30,False,,no_dispenser,0
2163156,heavy,802.0,22.0,40-ft,BTC,2,SAT,14887161,14887256,R2,R2,60257,60683,Phibbs Exchange @ Bay 5,Phibbs Exchange @ Bay 6,60257,Phibbs Exchange,88530,89310,in_service_layover,66.49710105200658,74.49229979057968,45.092920885552246,780,13.0,24:35:30,24:48:30,False,,no_dispenser,0
2160039,heavy,27.0,32.0,40-ft,BTC,2,SAT,14837717,14837805,028,028,60253,60686,Phibbs Exchange @ Bay 1,Phibbs Exchange @ Bay 9,60253,Phibbs Exchange,89310,89550,in_service_layover,62.81393897918518,65.75890640333718,16.609616272217295,240,4.0,24:48:30,24:52:30,False,,no_dispenser,0
2160932,heavy,160.0,21.0,40-ft,PCT,2,SAT,14851574,14851662,160,160,53740,53740,Port Coquitlam Station @ Bay 4,Port Coquitlam Station @ Bay 4,53740,Port Coquitlam Station,31830,32190,in_service_layover,46.793803181281646,51.397766421527905,25.966352674988855,360,6.0,08:50:30,08:56:30,False,,no_dispenser,0
2160935,heavy,160.0,23.0,40-ft,PCT,2,SAT,14851577,14851666,160,160,53740,53740,Port Coquitlam Station @ Bay 4,Port Coquitlam Station @ Bay 4,53740,Port Coquitlam Station,35250,35610,in_service_layover,57.28631297098264,61.981632291974464,26.481600970393913,360,6.0,09:47:30,09:53:30,False,,no_dispenser,0
2160906,heavy,152.0,26.0,40-ft,PCT,2,SAT,14855065,14855108,188,188,53348,53767,Port Coquitlam Station @ Bay 6,Port Coquitlam Station @ Bay 5,53348,Port Coquitlam Station,37290,38010,in_service_layover,67.78936074128568,75.05473188890961,40.97669327259899,720,12.0,10:21:30,10:33:30,False,,no_dispenser,0
2160929,heavy,160.0,24.0,40-ft,PCT,2,SAT,14851580,14851669,160,160,53740,53740,Port Coquitlam Station @ Bay 4,Port Coquitlam Station @ Bay 4,53740,Port Coquitlam Station,38130,38310,in_service_layover,58.67842520703734,61.048386905197994,13.366583977626078,180,3.0,10:35:30,10:38:30,False,,no_dispenser,0
2160934,heavy,160.0,22.0,40-ft,PCT,2,SAT,14851581,14851671,160,160,53740,53740,Port Coquitlam Station @ Bay 4,Port Coquitlam Station @ Bay 4,53740,Port Coquitlam Station,38970,39330,in_service_layover,51.526694354585956,56.20921285318615,26.409404332105055,360,6.0,10:49:30,10:55:30,False,,no_dispenser,0
2160908,heavy,152.0,30.0,40-ft,PCT,2,SAT,14855066,14855109,188,188,53348,53767,Port Coquitlam Station @ Bay 6,Port Coquitlam Station @ Bay 5,53348,Port Coquitlam Station,39150,39810,in_service_layover,67.78936074128568,74.5463008612577,38.109142276642274,660,11.0,10:52:30,11:03:30,False,,no_dispenser,0
2160937,heavy,160.0,25.0,40-ft,PCT,2,SAT,14851582,14851673,160,160,53740,53740,Port Coquitlam Station @ Bay 4,Port Coquitlam Station @ Bay 4,53740,Port Coquitlam Station,40110,40950,in_service_layover,64.10209662434116,73.05705827651752,50.50598371827476,840,14.0,11:08:30,11:22:30,False,,no_dispenser,0
2160932,heavy,160.0,21.0,40-ft,PCT,2,SAT,14851583,14851670,160,160,53740,53740,Port Coquitlam Station @ Bay 4,Port Coquitlam Station @ Bay 4,53740,Port Coquitlam Station,40950,41970,in_service_layover,43.607838868098895,56.793476274432884,74.3669949717237,1020,17.0,11:22:30,11:39:30,False,,no_dispenser,0
2160939,heavy,160.0,26.0,40-ft,PCT,2,SAT,14851585,14851650,160,160,53740,53740,Port Coquitlam Station @ Bay 4,Port Coquitlam Station @ Bay 4,53740,Port Coquitlam Station,42810,43590,in_service_layover,63.02094072857478,71.63897881499561,48.605734807413455,780,13.0,11:53:30,12:06:30,False,,no_dispenser,0
2160931,heavy,160.0,27.0,40-ft,PCT,2,SAT,14851586,14851675,160,160,53740,53740,Port Coquitlam Station @ Bay 4,Port Coquitlam Station @ Bay 4,53740,Port Coquitlam Station,44010,44370,in_service_layover,64.6160787324562,68.81655095226466,23.690663319719704,360,6.0,12:13:30,12:19:30,False,,no_dispenser,0
2160904,heavy,152.0,35.0,40-ft,PCT,2,SAT,14855069,14855112,188,188,53348,53767,Port Coquitlam Station @ Bay 6,Port Coquitlam Station @ Bay 5,53348,Port Coquitlam Station,44670,45210,in_service_layover,69.83694899553001,75.25753472992976,30.572103542014588,540,9.0,12:24:30,12:33:30,False,,no_dispenser,0
2160935,heavy,160.0,23.0,40-ft,PCT,2,SAT,14851587,14851676,160,160,53740,53740,Port Coquitlam Station @ Bay 4,Port Coquitlam Station @ Bay 4,53740,Port Coquitlam Station,44910,45330,in_service_layover,51.28239048829294,56.75147188436124,30.84561907382522,420,7.0,12:28:30,12:35:30,False,,no_dispenser,0
2160930,heavy,160.0,28.0,40-ft,PCT,2,SAT,14851588,14851677,160,160,53740,53740,Port Coquitlam Station @ Bay 4,Port Coquitlam Station @ Bay 4,53740,Port Coquitlam Station,45810,46110,in_service_layover,60.64586206906721,64.4197472895715,21.28471264364424,300,5.0,12:43:30,12:48:30,False,,no_dispenser,0
2160902,heavy,152.0,38.0,40-ft,PCT,2,SAT,14855070,14855113,188,188,53348,53767,Port Coquitlam Station @ Bay 6,Port Coquitlam Station @ Bay 5,53348,Port Coquitlam Station,46530,47010,in_service_layover,69.83694899553001,74.72616511372954,27.575178906645363,480,8.0,12:55:30,13:03:30,False,,no_dispenser,0
2160936,heavy,160.0,29.0,40-ft,PCT,2,SAT,14851589,14851679,160,160,53740,53740,Port Coquitlam Station @ Bay 4,Port Coquitlam Station @ Bay 4,53740,Port Coquitlam Station,46770,47010,in_service_layover,60.00776595721871,63.0854129568774,17.357929078075017,240,4.0,12:59:30,13:03:30,False,,no_dispenser,0
2160929,heavy,160.0,24.0,40-ft,PCT,2,SAT,14851590,14851680,160,160,53740,53740,Port Coquitlam Station @ Bay 4,Port Coquitlam Station @ Bay 4,53740,Port Coquitlam Station,47610,47910,in_service_layover,47.9609226021302,51.80256962591435,21.6668892141426,300,5.0,13:13:30,13:18:30,False,,no_dispenser,0
2160906,heavy,152.0,26.0,40-ft,PCT,2,SAT,14855072,14855115,188,188,53348,53767,Port Coquitlam Station @ Bay 6,Port Coquitlam Station @ Bay 5,53348,Port Coquitlam Station,50130,50610,in_service_layover,66.79168962266549,72.02822424517375,29.534055270946567,480,8.0,13:55:30,14:03:30,False,,no_dispenser,0
2160937,heavy,160.0,25.0,40-ft,PCT,2,SAT,14851593,14851683,160,160,53740,53740,Port Coquitlam Station @ Bay 4,Port Coquitlam Station @ Bay 4,53740,Port Coquitlam Station,50490,50730,in_service_layover,59.56455972353606,62.66499409451926,17.48644985234523,240,4.0,14:01:30,14:05:30,False,,no_dispenser,0
2160932,heavy,160.0,21.0,40-ft,PCT,2,SAT,14851594,14851684,160,160,53740,53740,Port Coquitlam Station @ Bay 4,Port Coquitlam Station @ Bay 4,53740,Port Coquitlam Station,51390,51750,in_service_layover,42.08480747813957,46.650025533197244,25.74782983052532,360,6.0,14:16:30,14:22:30,False,,no_dispenser,0
2160908,heavy,152.0,30.0,40-ft,PCT,2,SAT,14855073,14855116,188,188,53348,53767,Port Coquitlam Station @ Bay 6,Port Coquitlam Station @ Bay 5,53348,Port Coquitlam Station,51930,52410,in_service_layover,66.41093519130908,71.68928955213612,29.76991859506444,480,8.0,14:25:30,14:33:30,False,,no_dispenser,0
2160938,heavy,160.0,30.0,40-ft,PCT,2,SAT,14851595,14851685,160,160,53740,53740,Port Coquitlam Station @ Bay 4,Port Coquitlam Station @ Bay 4,53740,Port Coquitlam Station,52290,52650,in_service_layover,59.351939565245026,63.93393262254119,25.84244084315037,360,6.0,14:31:30,14:37:30,False,,no_dispenser,0
2160939,heavy,160.0,26.0,40-ft,PCT,2,SAT,14851596,14851686,160,160,53740,53740,Port Coquitlam Station @ Bay 4,Port Coquitlam Station @ Bay 4,53740,Port Coquitlam Station,53190,53610,in_service_layover,59.5903407797478,64.8660317833217,29.75489726015678,420,7.0,14:46:30,14:53:30,False,,no_dispenser,0
2160905,heavy,152.0,36.0,40-ft,PCT,2,SAT,14855074,14855117,188,188,53348,53767,Port Coquitlam Station @ Bay 6,Port Coquitlam Station @ Bay 5,53348,Port Coquitlam Station,53730,54210,in_service_layover,67.72280934052161,72.85557176140352,28.948780053774044,480,8.0,14:55:30,15:03:30,False,,no_dispenser,0
2160931,heavy,160.0,27.0,40-ft,PCT,2,SAT,14851597,14851687,160,160,53740,53740,Port Coquitlam Station @ Bay 4,Port Coquitlam Station @ Bay 4,53740,Port Coquitlam Station,54030,54450,in_service_layover,56.34459070399773,61.824200457977675,30.904999012446865,420,7.0,15:00:30,15:07:30,False,,no_dispenser,0
2160935,heavy,160.0,23.0,40-ft,PCT,2,SAT,14851598,14851688,160,160,53740,53740,Port Coquitlam Station @ Bay 4,Port Coquitlam Station @ Bay 4,53740,Port Coquitlam Station,54930,55350,in_service_layover,43.59075365918789,48.93294398579344,30.129953442055324,420,7.0,15:15:30,15:22:30,False,,no_dispenser,0
2160907,heavy,152.0,34.0,40-ft,PCT,2,SAT,14855075,14855118,188,188,53348,53767,Port Coquitlam Station @ Bay 6,Port Coquitlam Station @ Bay 5,53348,Port Coquitlam Station,55530,56010,in_service_layover,64.99592585646316,70.4265674804769,30.628818759437593,480,8.0,15:25:30,15:33:30,False,,no_dispenser,0
2160930,heavy,160.0,28.0,40-ft,PCT,2,SAT,14851599,14851689,160,160,53740,53740,Port Coquitlam Station @ Bay 4,Port Coquitlam Station @ Bay 4,53740,Port Coquitlam Station,55830,56070,in_service_layover,52.16315080993918,55.27972636153816,17.57748611101823,240,4.0,15:30:30,15:34:30,False,,no_dispenser,0
2160936,heavy,160.0,29.0,40-ft,PCT,2,SAT,14851600,14851690,160,160,53740,53740,Port Coquitlam Station @ Bay 4,Port Coquitlam Station @ Bay 4,53740,Port Coquitlam Station,56670,57210,in_service_layover,50.831015379482466,57.87948770851995,39.75338393577135,540,9.0,15:44:30,15:53:30,False,,no_dispenser,0
2160904,heavy,152.0,35.0,40-ft,PCT,2,SAT,14855076,14855119,188,188,53348,53767,Port Coquitlam Station @ Bay 6,Port Coquitlam Station @ Bay 5,53348,Port Coquitlam Station,57330,57810,in_service_layover,65.39135265225272,70.7799336409784,30.391596776412825,480,8.0,15:55:30,16:03:30,False,,no_dispenser,0
2160929,heavy,160.0,24.0,40-ft,PCT,2,SAT,14851601,14851691,160,160,53740,53740,Port Coquitlam Station @ Bay 4,Port Coquitlam Station @ Bay 4,53740,Port Coquitlam Station,57570,58110,in_service_layover,39.36337350664935,46.20346140440033,38.578095743315515,540,9.0,15:59:30,16:08:30,False,,no_dispenser,0
2160934,heavy,160.0,22.0,40-ft,PCT,2,SAT,14851602,14851692,160,160,53740,53740,Port Coquitlam Station @ Bay 4,Port Coquitlam Station @ Bay 4,53740,Port Coquitlam Station,58530,59010,in_service_layover,29.76974179896385,35.77903456884396,33.892411222123826,480,8.0,16:15:30,16:23:30,False,,no_dispenser,0
2160902,heavy,152.0,38.0,40-ft,PCT,2,SAT,14855077,14855120,188,188,53348,53767,Port Coquitlam Station @ Bay 6,Port Coquitlam Station @ Bay 5,53348,Port Coquitlam Station,59130,59610,in_service_layover,64.97076290321655,70.40406803640141,30.643840951162645,480,8.0,16:25:30,16:33:30,False,,no_dispenser,0
2160933,heavy,160.0,31.0,40-ft,PCT,2,SAT,14851603,14851693,160,160,53740,53740,Port Coquitlam Station @ Bay 4,Port Coquitlam Station @ Bay 4,53740,Port Coquitlam Station,59370,59910,in_service_layover,57.98946128759156,64.81164621126042,38.47712296949243,540,9.0,16:29:30,16:38:30,False,,no_dispenser,0
2160937,heavy,160.0,25.0,40-ft,PCT,2,SAT,14851604,14851694,160,160,53740,53740,Port Coquitlam Station @ Bay 4,Port Coquitlam Station @ Bay 4,53740,Port Coquitlam Station,60270,60810,in_service_layover,48.81486051496234,55.80807327986804,39.441719994068194,540,9.0,16:44:30,16:53:30,False,,no_dispenser,0
2160903,heavy,152.0,29.0,40-ft,PCT,2,SAT,14855078,14855121,188,188,53348,53767,Port Coquitlam Station @ Bay 6,Port Coquitlam Station @ Bay 5,53348,Port Coquitlam Station,60930,61410,in_service_layover,64.85521941170447,70.30073462751135,30.712705817150777,480,8.0,16:55:30,17:03:30,False,,no_dispenser,0
2160932,heavy,160.0,21.0,40-ft,PCT,2,SAT,14851605,14851629,160,160,53740,53740,Port Coquitlam Station @ Bay 4,Port Coquitlam Station @ Bay 4,53740,Port Coquitlam Station,61170,61710,in_service_layover,32.65982516433471,39.447427415321954,38.28207669556804,540,9.0,16:59:30,17:08:30,False,,no_dispenser,0
2160938,heavy,160.0,30.0,40-ft,PCT,2,SAT,14851606,14851630,160,160,53740,53740,Port Coquitlam Station @ Bay 4,Port Coquitlam Station @ Bay 4,53740,Port Coquitlam Station,62070,62610,in_service_layover,50.10436843487794,57.131725549405196,39.634294125933764,540,9.0,17:14:30,17:23:30,False,,no_dispenser,0
2160906,heavy,152.0,26.0,40-ft,PCT,2,SAT,14855079,14855122,188,188,53348,53767,Port Coquitlam Station @ Bay 6,Port Coquitlam Station @ Bay 5,53348,Port Coquitlam Station,62730,63210,in_service_layover,65.48924465241855,70.86735366763678,30.33253484583082,480,8.0,17:25:30,17:33:30,False,,no_dispenser,0
2160931,heavy,160.0,27.0,40-ft,PCT,2,SAT,14851607,14851631,160,160,53740,53740,Port Coquitlam Station @ Bay 4,Port Coquitlam Station @ Bay 4,53740,Port Coquitlam Station,63810,63990,in_service_layover,48.751827205564716,51.052856382791504,12.977804559559047,180,3.0,17:43:30,17:46:30,False,,no_dispenser,0
2160908,heavy,152.0,30.0,40-ft,PCT,2,SAT,14855080,14855123,188,188,53348,53767,Port Coquitlam Station @ Bay 6,Port Coquitlam Station @ Bay 5,53348,Port Coquitlam Station,64530,65010,in_service_layover,64.5984544285812,70.07098645621726,30.865080635867287,480,8.0,17:55:30,18:03:30,False,,no_dispenser,0
2160935,heavy,160.0,23.0,40-ft,PCT,2,SAT,14851608,14851632,160,160,53740,53740,Port Coquitlam Station @ Bay 4,Port Coquitlam Station @ Bay 4,53740,Port Coquitlam Station,64710,64890,in_service_layover,35.713757466168495,37.97521879325776,12.754641884783439,180,3.0,17:58:30,18:01:30,False,,no_dispenser,0
2160936,heavy,160.0,29.0,40-ft,PCT,2,SAT,14851610,14851633,160,160,53740,53740,Port Coquitlam Station @ Bay 4,Port Coquitlam Station @ Bay 4,53740,Port Coquitlam Station,66270,66510,in_service_layover,43.95557865962459,47.00154794461505,17.17926676734615,240,4.0,18:24:30,18:28:30,False,,no_dispenser,0
2160905,heavy,152.0,36.0,40-ft,PCT,2,SAT,14855081,14855124,188,188,53348,53767,Port Coquitlam Station @ Bay 6,Port Coquitlam Station @ Bay 5,53348,Port Coquitlam Station,66330,66810,in_service_layover,66.24055456173144,71.53750735540667,29.87481375632825,480,8.0,18:25:30,18:33:30,False,,no_dispenser,0
2160929,heavy,160.0,24.0,40-ft,PCT,2,SAT,14851611,14851634,160,160,53740,53740,Port Coquitlam Station @ Bay 4,Port Coquitlam Station @ Bay 4,53740,Port Coquitlam Station,67170,67410,in_service_layover,33.72974343831759,36.74013113257555,16.9785865956149,240,4.0,18:39:30,18:43:30,False,,no_dispenser,0
2160907,heavy,152.0,34.0,40-ft,PCT,2,SAT,14855082,14855125,188,188,53348,53767,Port Coquitlam Station @ Bay 6,Port Coquitlam Station @ Bay 5,53348,Port Coquitlam Station,67830,68610,in_service_layover,60.97578585159689,69.94635856296605,50.59403009212207,780,13.0,18:50:30,19:03:30,False,,no_dispenser,0
2160934,heavy,160.0,22.0,40-ft,PCT,2,SAT,14851612,14851652,160,160,53740,53740,Port Coquitlam Station @ Bay 4,Port Coquitlam Station @ Bay 4,53740,Port Coquitlam Station,68070,68310,in_service_layover,23.993518761005635,26.969564859508832,16.78489999555802,240,4.0,18:54:30,18:58:30,False,,no_dispenser,0
2160933,heavy,160.0,31.0,40-ft,PCT,2,SAT,14851613,14851635,160,160,53740,53740,Port Coquitlam Station @ Bay 4,Port Coquitlam Station @ Bay 4,53740,Port Coquitlam Station,68910,69150,in_service_layover,53.30471694309716,56.4360962511568,17.660979297456322,240,4.0,19:08:30,19:12:30,False,,no_dispenser,0
2160904,heavy,152.0,35.0,40-ft,PCT,2,SAT,14855083,14855126,188,188,53348,53767,Port Coquitlam Station @ Bay 6,Port Coquitlam Station @ Bay 5,53348,Port Coquitlam Station,69450,70410,in_service_layover,63.86188693648008,73.87178533185705,56.45582694992612,960,16.0,19:17:30,19:33:30,False,,no_dispenser,0
2160937,heavy,160.0,25.0,40-ft,PCT,2,SAT,14851614,14851639,160,160,53740,53740,Port Coquitlam Station @ Bay 4,Port Coquitlam Station @ Bay 4,53740,Port Coquitlam Station,69810,70170,in_service_layover,45.60391924591959,50.194532211599565,25.891057126435044,360,6.0,19:23:30,19:29:30,False,,no_dispenser,0
2160932,heavy,160.0,21.0,40-ft,PCT,2,SAT,14851617,14851638,160,160,53740,53740,Port Coquitlam Station @ Bay 4,Port Coquitlam Station @ Bay 4,53740,Port Coquitlam Station,70470,71430,in_service_layover,29.200111624749365,41.27507147461232,68.10277355322708,960,16.0,19:34:30,19:50:30,False,,no_dispenser,0
2160902,heavy,152.0,38.0,40-ft,PCT,2,SAT,14855084,14855127,188,188,53348,53767,Port Coquitlam Station @ Bay 6,Port Coquitlam Station @ Bay 5,53348,Port Coquitlam Station,71250,71910,in_service_layover,66.98578285118826,73.86815833588734,38.816597733702906,660,11.0,19:47:30,19:58:30,False,,no_dispenser,0
2160931,heavy,160.0,27.0,40-ft,PCT,2,SAT,14851618,14851640,160,160,53740,53740,Port Coquitlam Station @ Bay 4,Port Coquitlam Station @ Bay 4,53740,Port Coquitlam Station,72150,72450,in_service_layover,37.844734463807924,41.62812894199525,21.338344856976533,300,5.0,20:02:30,20:07:30,False,,no_dispenser,0
2160903,heavy,152.0,29.0,40-ft,PCT,2,SAT,14855085,14855128,188,188,53348,53767,Port Coquitlam Station @ Bay 6,Port Coquitlam Station @ Bay 5,53348,Port Coquitlam Station,72990,73710,in_service_layover,67.37731967073857,74.71329601708399,41.37490659338812,720,12.0,20:16:30,20:28:30,False,,no_dispenser,0
2160930,heavy,160.0,28.0,40-ft,PCT,2,SAT,14851620,14851641,160,160,53740,53740,Port Coquitlam Station @ Bay 4,Port Coquitlam Station @ Bay 4,53740,Port Coquitlam Station,73410,73590,in_service_layover,25.024723833731915,27.25813440506681,12.596435622328784,180,3.0,20:23:30,20:26:30,False,,no_dispenser,0
2160929,heavy,160.0,24.0,40-ft,PCT,2,SAT,14851621,14851678,160,160,53740,53740,Port Coquitlam Station @ Bay 4,Port Coquitlam Station @ Bay 4,53740,Port Coquitlam Station,75390,75630,in_service_layover,24.961275828614927,27.941005717081413,16.805676570950993,240,4.0,20:56:30,21:00:30,False,,no_dispenser,0
2160933,heavy,160.0,31.0,40-ft,PCT,2,SAT,14851623,14851642,160,160,53740,53740,Port Coquitlam Station @ Bay 4,Port Coquitlam Station @ Bay 4,53740,Port Coquitlam Station,77370,77610,in_service_layover,47.19586460849944,50.25702600211987,17.264950260019248,240,4.0,21:29:30,21:33:30,False,,no_dispenser,0
2160905,heavy,152.0,36.0,40-ft,PCT,2,SAT,14855088,14855131,188,188,53348,53767,Port Coquitlam Station @ Bay 6,Port Coquitlam Station @ Bay 5,53348,Port Coquitlam Station,78270,79110,in_service_layover,66.47650484911333,74.96784988531367,47.891186004169924,840,14.0,21:44:30,21:58:30,False,,no_dispenser,0
2160932,heavy,160.0,21.0,40-ft,PCT,2,SAT,14851624,14851643,160,160,53740,53740,Port Coquitlam Station @ Bay 4,Port Coquitlam Station @ Bay 4,53740,Port Coquitlam Station,79170,79710,in_service_layover,28.771343253924524,35.52850238412472,38.11037749432913,540,9.0,21:59:30,22:08:30,False,,no_dispenser,0
2160904,heavy,152.0,35.0,40-ft,PCT,2,SAT,14855090,14855133,188,188,53348,53767,Port Coquitlam Station @ Bay 6,Port Coquitlam Station @ Bay 5,53348,Port Coquitlam Station,81750,82710,in_service_layover,67.54633414720807,76.72418221216675,51.76306308636697,960,16.0,22:42:30,22:58:30,False,,no_dispenser,0
2160905,heavy,152.0,36.0,40-ft,PCT,2,SAT,14855091,14855134,188,188,53348,53767,Port Coquitlam Station @ Bay 6,Port Coquitlam Station @ Bay 5,53348,Port Coquitlam Station,83550,84510,in_service_layover,66.48784284523994,75.90815003586675,53.13053255513523,960,16.0,23:12:30,23:28:30,False,,no_dispenser,0
2160933,heavy,160.0,31.0,40-ft,PCT,2,SAT,14851562,14851646,160,160,53740,53740,Port Coquitlam Station @ Bay 4,Port Coquitlam Station @ Bay 4,53740,Port Coquitlam Station,84870,85230,in_service_layover,37.0447503523723,41.58366249998531,25.599464512537367,360,6.0,23:34:30,23:40:30,False,,no_dispenser,0
2160932,heavy,160.0,21.0,40-ft,PCT,2,SAT,14851563,14851647,160,160,53740,53740,Port Coquitlam Station @ Bay 4,Port Coquitlam Station @ Bay 4,53740,Port Coquitlam Station,86550,87210,in_service_layover,23.741252955322274,31.96264507627854,46.36865156219332,660,11.0,24:02:30,24:13:30,False,,no_dispenser,0
2160904,heavy,152.0,35.0,40-ft,PCT,2,SAT,14855093,14855136,188,188,53348,53767,Port Coquitlam Station @ Bay 6,Port Coquitlam Station @ Bay 5,53348,Port Coquitlam Station,87030,88110,in_service_layover,68.24417517209301,78.07952321720902,55.47136297445422,1080,18.0,24:10:30,24:28:30,False,,no_dispenser,0
2162211,heavy,401.0,57.0,40-ft,RTC,2,SAT,14871878,14871015,404,401,60482,59982,Richmond-Brighouse Station @ Bay 2,Southbound Buswell St @ Cook Rd,60482,Richmond-Brighouse Station,25290,26790,in_service_layover,62.27665358146258,76.56335501700904,80.57699609648205,1500,25.0,07:01:30,07:26:30,False,,no_dispenser,0
2162303,heavy,401.0,51.0,40-ft,RTC,2,SAT,14872353,14872443,406,406,60482,60483,Richmond-Brighouse Station @ Bay 2,Richmond-Brighouse Station @ Bay 1,60482,Richmond-Brighouse Station,26490,26910,in_service_layover,66.41411624657336,71.092450060647,26.385802711375334,420,7.0,07:21:30,07:28:30,False,,no_dispenser,0
2162214,heavy,403.0,21.0,40-ft,RTC,2,SAT,14870913,14871272,401,402,59982,60483,Southbound Buswell St @ Cook Rd,Richmond-Brighouse Station @ Bay 1,60483,Richmond-Brighouse Station,26670,27750,in_service_layover,67.3115945069853,77.38196307431488,56.79687871973886,1080,18.0,07:24:30,07:42:30,False,,no_dispenser,0
2162302,heavy,401.0,54.0,40-ft,RTC,2,SAT,14872352,14872442,406,406,60482,60483,Richmond-Brighouse Station @ Bay 2,Richmond-Brighouse Station @ Bay 1,60482,Richmond-Brighouse Station,27690,28110,in_service_layover,66.41411624657336,71.092450060647,26.385802711375334,420,7.0,07:41:30,07:48:30,False,,no_dispenser,0
2162300,heavy,401.0,56.0,40-ft,RTC,2,SAT,14872351,14872441,406,406,60482,60483,Richmond-Brighouse Station @ Bay 2,Richmond-Brighouse Station @ Bay 1,60482,Richmond-Brighouse Station,28890,29310,in_service_layover,66.41411624657336,71.092450060647,26.385802711375334,420,7.0,08:01:30,08:08:30,False,,no_dispenser,0
2162276,heavy,401.0,53.0,40-ft,RTC,2,SAT,14871880,14871850,404,404,60482,60483,Richmond-Brighouse Station @ Bay 2,Richmond-Brighouse Station @ Bay 1,60482,Richmond-Brighouse Station,29070,30510,in_service_layover,66.00489083247282,78.7501539674961,71.88328408153126,1440,24.0,08:04:30,08:28:30,False,,no_dispenser,0
2162272,heavy,401.0,52.0,40-ft,RTC,2,SAT,14873101,14873031,408,408,60482,60483,Richmond-Brighouse Station @ Bay 2,Richmond-Brighouse Station @ Bay 1,60482,Richmond-Brighouse Station,29670,29970,in_service_layover,59.82169526376676,63.645766292648396,21.567760602892463,300,5.0,08:14:30,08:19:30,False,,no_dispenser,0
2162303,heavy,401.0,51.0,40-ft,RTC,2,SAT,14872349,14872419,406,406,60482,60483,Richmond-Brighouse Station @ Bay 2,Richmond-Brighouse Station @ Bay 1,60482,Richmond-Brighouse Station,30870,31410,in_service_layover,62.31008396083405,68.65880280668458,35.806774290596934,540,9.0,08:34:30,08:43:30,False,,no_dispenser,0
2162267,heavy,403.0,26.0,40-ft,RTC,2,SAT,14871881,14871833,404,404,60482,60483,Richmond-Brighouse Station @ Bay 2,Richmond-Brighouse Station @ Bay 1,60482,Richmond-Brighouse Station,30870,32310,in_service_layover,69.47390125158755,81.19601313428312,66.11271101840299,1440,24.0,08:34:30,08:58:30,False,,no_dispenser,0
2162302,heavy,401.0,54.0,40-ft,RTC,2,SAT,14872348,14872440,406,406,60482,60483,Richmond-Brighouse Station @ Bay 2,Richmond-Brighouse Station @ Bay 1,60482,Richmond-Brighouse Station,31770,32310,in_service_layover,62.31008396083405,68.65880280668458,35.806774290596934,540,9.0,08:49:30,08:58:30,False,,no_dispenser,0
2162274,heavy,403.0,28.0,40-ft,RTC,2,SAT,14873099,14873010,408,408,60482,60483,Richmond-Brighouse Station @ Bay 2,Richmond-Brighouse Station @ Bay 1,60482,Richmond-Brighouse Station,32490,33030,in_service_layover,68.47164534533442,74.07094355775136,31.580041918031554,540,9.0,09:01:30,09:10:30,False,,no_dispenser,0
2162300,heavy,401.0,56.0,40-ft,RTC,2,SAT,14872346,14872438,406,406,60482,60483,Richmond-Brighouse Station @ Bay 2,Richmond-Brighouse Station @ Bay 1,60482,Richmond-Brighouse Station,33570,34110,in_service_layover,62.31008396083405,68.65880280668458,35.806774290596934,540,9.0,09:19:30,09:28:30,False,,no_dispenser,0
2162272,heavy,401.0,52.0,40-ft,RTC,2,SAT,14873098,14873029,408,408,60482,60483,Richmond-Brighouse Station @ Bay 2,Richmond-Brighouse Station @ Bay 1,60482,Richmond-Brighouse Station,33690,34230,in_service_layover,55.593381898504234,62.58554989055073,39.43582747514222,540,9.0,09:21:30,09:30:30,False,,no_dispenser,0
2162303,heavy,401.0,51.0,40-ft,RTC,2,SAT,14872344,14872436,406,406,60482,60483,Richmond-Brighouse Station @ Bay 2,Richmond-Brighouse Station @ Bay 1,60482,Richmond-Brighouse Station,35370,35910,in_service_layover,59.876436706871615,66.49747389965577,37.342649767302646,540,9.0,09:49:30,09:58:30,False,,no_dispenser,0
2162234,heavy,403.0,30.0,40-ft,RTC,2,SAT,14871259,14871276,402,402,60482,60483,Richmond-Brighouse Station @ Bay 2,Richmond-Brighouse Station @ Bay 1,60482,Richmond-Brighouse Station,35970,36750,in_service_layover,67.34920169645544,75.18718543842132,44.206228304687556,780,13.0,09:59:30,10:12:30,False,,no_dispenser,0
2162302,heavy,401.0,54.0,40-ft,RTC,2,SAT,14872343,14872435,406,406,60482,60483,Richmond-Brighouse Station @ Bay 2,Richmond-Brighouse Station @ Bay 1,60482,Richmond-Brighouse Station,36270,36810,in_service_layover,59.876436706871615,66.49747389965577,37.342649767302646,540,9.0,10:04:30,10:13:30,False,,no_dispenser,0
2162274,heavy,403.0,28.0,40-ft,RTC,2,SAT,14873095,14873026,408,408,60482,60483,Richmond-Brighouse Station @ Bay 2,Richmond-Brighouse Station @ Bay 1,60482,Richmond-Brighouse Station,37290,37830,in_service_layover,66.0185591636072,71.92742325339248,33.32599346638898,540,9.0,10:21:30,10:30:30,False,,no_dispenser,0
2162233,heavy,403.0,24.0,40-ft,RTC,2,SAT,14871261,14871284,402,402,60482,60483,Richmond-Brighouse Station @ Bay 2,Richmond-Brighouse Station @ Bay 1,60482,Richmond-Brighouse Station,37770,38550,in_service_layover,53.0936556754305,63.10989616040261,56.49159633524272,780,13.0,10:29:30,10:42:30,False,,no_dispenser,0
2162300,heavy,401.0,56.0,40-ft,RTC,2,SAT,14872362,14872433,406,406,60482,60483,Richmond-Brighouse Station @ Bay 2,Richmond-Brighouse Station @ Bay 1,60482,Richmond-Brighouse Station,38070,38610,in_service_layover,59.876436706871615,66.49747389965577,37.342649767302646,540,9.0,10:34:30,10:43:30,False,,no_dispenser,0
2162272,heavy,401.0,52.0,40-ft,RTC,2,SAT,14873094,14873025,408,408,60482,60483,Richmond-Brighouse Station @ Bay 2,Richmond-Brighouse Station @ Bay 1,60482,Richmond-Brighouse Station,38490,39030,in_service_layover,54.53316549640657,61.57028464568259,39.6893520019168,540,9.0,10:41:30,10:50:30,False,,no_dispenser,0
2162299,heavy,401.0,59.0,40-ft,RTC,2,SAT,14872363,14872432,406,406,60482,60483,Richmond-Brighouse Station @ Bay 2,Richmond-Brighouse Station @ Bay 1,60482,Richmond-Brighouse Station,38970,39510,in_service_layover,66.41411624657336,72.27406586633518,33.05011585545668,540,9.0,10:49:30,10:58:30,False,,no_dispenser,0
2162232,heavy,403.0,29.0,40-ft,RTC,2,SAT,14871262,14871277,402,402,60482,60483,Richmond-Brighouse Station @ Bay 2,Richmond-Brighouse Station @ Bay 1,60482,Richmond-Brighouse Station,39630,40350,in_service_layover,62.86774007426994,70.94912183397189,45.57899312471898,720,12.0,11:00:30,11:12:30,False,,no_dispenser,0
2162303,heavy,401.0,51.0,40-ft,RTC,2,SAT,14872364,14872431,406,406,60482,60483,Richmond-Brighouse Station @ Bay 2,Richmond-Brighouse Station @ Bay 1,60482,Richmond-Brighouse Station,39870,40410,in_service_layover,57.715107799842826,64.56156523871076,38.6140199552151,540,9.0,11:04:30,11:13:30,False,,no_dispenser,0
2162276,heavy,401.0,53.0,40-ft,RTC,2,SAT,14871863,14871840,404,404,60482,60483,Richmond-Brighouse Station @ Bay 2,Richmond-Brighouse Station @ Bay 1,60482,Richmond-Brighouse Station,40230,41310,in_service_layover,63.435556830690984,74.49005947891841,62.34739493600267,1080,18.0,11:10:30,11:28:30,False,,no_dispenser,0
2162302,heavy,401.0,54.0,40-ft,RTC,2,SAT,14872365,14872430,406,406,60482,60483,Richmond-Brighouse Station @ Bay 2,Richmond-Brighouse Station @ Bay 1,60482,Richmond-Brighouse Station,40770,41310,in_service_layover,57.715107799842826,64.56156523871076,38.6140199552151,540,9.0,11:19:30,11:28:30,False,,no_dispenser,0
2162321,heavy,401.0,61.0,40-ft,RTC,2,SAT,14873092,14873023,408,408,60482,60483,Richmond-Brighouse Station @ Bay 2,Richmond-Brighouse Station @ Bay 1,60482,Richmond-Brighouse Station,40890,41430,in_service_layover,69.20452267984368,74.70846045447155,31.042209048901213,540,9.0,11:21:30,11:30:30,False,,no_dispenser,0
2162216,heavy,403.0,34.0,40-ft,RTC,2,SAT,14871263,14871268,402,402,60482,60483,Richmond-Brighouse Station @ Bay 2,Richmond-Brighouse Station @ Bay 1,60482,Richmond-Brighouse Station,41550,42150,in_service_layover,63.65724437005284,70.45504231698092,38.339580420674395,600,10.0,11:32:30,11:42:30,False,,no_dispenser,0
2162301,heavy,401.0,62.0,40-ft,RTC,2,SAT,14872366,14872429,406,406,60482,60483,Richmond-Brighouse Station @ Bay 2,Richmond-Brighouse Station @ Bay 1,60482,Richmond-Brighouse Station,41670,42210,in_service_layover,66.41411624657336,72.27406586633518,33.05011585545668,540,9.0,11:34:30,11:43:30,False,,no_dispenser,0
2162215,heavy,401.0,63.0,40-ft,RTC,2,SAT,14870920,14871848,401,404,59982,60483,Southbound Buswell St @ Cook Rd,Richmond-Brighouse Station @ Bay 1,60483,Richmond-Brighouse Station,41970,43110,in_service_layover,67.3115945069853,77.7845072158588,59.06722767804649,1140,19.0,11:39:30,11:58:30,False,,no_dispenser,0
2162274,heavy,403.0,28.0,40-ft,RTC,2,SAT,14873091,14873022,408,408,60482,60483,Richmond-Brighouse Station @ Bay 2,Richmond-Brighouse Station @ Bay 1,60482,Richmond-Brighouse Station,42090,42630,in_service_layover,63.87503885924831,70.04227228066952,34.78319649681555,540,9.0,11:41:30,11:50:30,False,,no_dispenser,0
2162300,heavy,401.0,56.0,40-ft,RTC,2,SAT,14872367,14872428,406,406,60482,60483,Richmond-Brighouse Station @ Bay 2,Richmond-Brighouse Station @ Bay 1,60482,Richmond-Brighouse Station,42570,43110,in_service_layover,57.715107799842826,64.56156523871076,38.6140199552151,540,9.0,11:49:30,11:58:30,False,,no_dispenser,0
2162272,heavy,401.0,52.0,40-ft,RTC,2,SAT,14873090,14873021,408,408,60482,60483,Richmond-Brighouse Station @ Bay 2,Richmond-Brighouse Station @ Bay 1,60482,Richmond-Brighouse Station,43290,43830,in_service_layover,53.51790025153843,60.58066356510587,39.833985088520365,540,9.0,12:01:30,12:10:30,False,,no_dispenser,0
2162231,heavy,403.0,36.0,40-ft,RTC,2,SAT,14871264,14871289,402,402,60482,60483,Richmond-Brighouse Station @ Bay 2,Richmond-Brighouse Station @ Bay 1,60482,Richmond-Brighouse Station,43470,43950,in_service_layover,60.15882173144942,66.07288114218706,33.35529507656031,480,8.0,12:04:30,12:12:30,False,,no_dispenser,0
2162299,heavy,401.0,59.0,40-ft,RTC,2,SAT,14872368,14872427,406,406,60482,60483,Richmond-Brighouse Station @ Bay 2,Richmond-Brighouse Station @ Bay 1,60482,Richmond-Brighouse Station,43530,44010,in_service_layover,63.491699766522224,69.07882380984171,31.51137960432186,480,8.0,12:05:30,12:13:30,False,,no_dispenser,0
2162273,heavy,403.0,32.0,40-ft,RTC,2,SAT,14871889,14871826,404,404,60482,60483,Richmond-Brighouse Station @ Bay 2,Richmond-Brighouse Station @ Bay 1,60482,Richmond-Brighouse Station,43830,44910,in_service_layover,62.59896201076817,73.86157905959033,63.52116015535694,1080,18.0,12:10:30,12:28:30,False,,no_dispenser,0
2162303,heavy,401.0,51.0,40-ft,RTC,2,SAT,14872369,14872426,406,406,60482,60483,Richmond-Brighouse Station @ Bay 2,Richmond-Brighouse Station @ Bay 1,60482,Richmond-Brighouse Station,44430,44910,in_service_layover,55.779199138897795,62.02614939232289,35.23279942931754,480,8.0,12:20:30,12:28:30,False,,no_dispenser,0
2162271,heavy,401.0,64.0,40-ft,RTC,2,SAT,14873089,14873020,408,408,60482,60483,Richmond-Brighouse Station @ Bay 2,Richmond-Brighouse Station @ Bay 1,60482,Richmond-Brighouse Station,44490,45030,in_service_layover,69.20452267984368,74.70846045447155,31.042209048901213,540,9.0,12:21:30,12:30:30,False,,no_dispenser,0
2162234,heavy,403.0,30.0,40-ft,RTC,2,SAT,14871240,14871283,402,402,60482,60483,Richmond-Brighouse Station @ Bay 2,Richmond-Brighouse Station @ Bay 1,60482,Richmond-Brighouse Station,45270,45750,in_service_layover,58.80655898278204,64.85535331251565,34.115200019697454,480,8.0,12:34:30,12:42:30,False,,no_dispenser,0
2162302,heavy,401.0,54.0,40-ft,RTC,2,SAT,14872370,14872425,406,406,60482,60483,Richmond-Brighouse Station @ Bay 2,Richmond-Brighouse Station @ Bay 1,60482,Richmond-Brighouse Station,45390,45810,in_service_layover,55.779199138897795,61.27653244505458,31.00495984672426,420,7.0,12:36:30,12:43:30,False,,no_dispenser,0
2162321,heavy,401.0,61.0,40-ft,RTC,2,SAT,14873088,14873019,408,408,60482,60483,Richmond-Brighouse Station @ Bay 2,Richmond-Brighouse Station @ Bay 1,60482,Richmond-Brighouse Station,45690,46230,in_service_layover,66.65607606032738,72.48591409803757,32.88028653268549,540,9.0,12:41:30,12:50:30,False,,no_dispenser,0
2162276,heavy,401.0,53.0,40-ft,RTC,2,SAT,14871890,14871827,404,404,60482,60483,Richmond-Brighouse Station @ Bay 2,Richmond-Brighouse Station @ Bay 1,60482,Richmond-Brighouse Station,45750,46710,in_service_layover,66.83276091051586,76.17436499172481,52.686647018018505,960,16.0,12:42:30,12:58:30,False,,no_dispenser,0
2162301,heavy,401.0,62.0,40-ft,RTC,2,SAT,14872371,14872424,406,406,60482,60483,Richmond-Brighouse Station @ Bay 2,Richmond-Brighouse Station @ Bay 1,60482,Richmond-Brighouse Station,46290,46710,in_service_layover,63.491699766522224,68.43597057441411,27.885687356510232,420,7.0,12:51:30,12:58:30,False,,no_dispenser,0
2162274,heavy,403.0,28.0,40-ft,RTC,2,SAT,14873087,14873018,408,408,60482,60483,Richmond-Brighouse Station @ Bay 2,Richmond-Brighouse Station @ Bay 1,60482,Richmond-Brighouse Station,46890,47430,in_service_layover,61.98988788652534,68.37499611854518,36.01201042859191,540,9.0,13:01:30,13:10:30,False,,no_dispenser,0
2162214,heavy,403.0,21.0,40-ft,RTC,2,SAT,14871249,14871270,402,402,60482,60483,Richmond-Brighouse Station @ Bay 2,Richmond-Brighouse Station @ Bay 1,60482,Richmond-Brighouse Station,47070,47550,in_service_layover,54.709872516855185,60.99063389216397,35.423494156741526,480,8.0,13:04:30,13:12:30,False,,no_dispenser,0
2162300,heavy,401.0,56.0,40-ft,RTC,2,SAT,14872372,14872423,406,406,60482,60483,Richmond-Brighouse Station @ Bay 2,Richmond-Brighouse Station @ Bay 1,60482,Richmond-Brighouse Station,47190,47610,in_service_layover,55.779199138897795,61.27653244505458,31.00495984672426,420,7.0,13:06:30,13:13:30,False,,no_dispenser,0
2162299,heavy,401.0,59.0,40-ft,RTC,2,SAT,14872373,14872422,406,406,60482,60483,Richmond-Brighouse Station @ Bay 2,Richmond-Brighouse Station @ Bay 1,60482,Richmond-Brighouse Station,48090,48510,in_service_layover,60.29645771002876,65.50951676475451,29.401653068653218,420,7.0,13:21:30,13:28:30,False,,no_dispenser,0
2162272,heavy,401.0,52.0,40-ft,RTC,2,SAT,14873086,14873017,408,408,60482,60483,Richmond-Brighouse Station @ Bay 2,Richmond-Brighouse Station @ Bay 1,60482,Richmond-Brighouse Station,48090,48630,in_service_layover,52.5282791709617,59.599648961904094,39.88252562091509,540,9.0,13:21:30,13:30:30,False,,no_dispenser,0
2162232,heavy,403.0,29.0,40-ft,RTC,2,SAT,14871233,14871292,402,402,60482,60483,Richmond-Brighouse Station @ Bay 2,Richmond-Brighouse Station @ Bay 1,60482,Richmond-Brighouse Station,48870,49350,in_service_layover,54.56849537833261,60.852314120776526,35.44073770738373,480,8.0,13:34:30,13:42:30,False,,no_dispenser,0
2162303,heavy,401.0,51.0,40-ft,RTC,2,SAT,14872374,14872421,406,406,60482,60483,Richmond-Brighouse Station @ Bay 2,Richmond-Brighouse Station @ Bay 1,60482,Richmond-Brighouse Station,48990,49410,in_service_layover,53.24378329250994,58.75567295552129,31.08705769938399,420,7.0,13:36:30,13:43:30,False,,no_dispenser,0
2162271,heavy,401.0,64.0,40-ft,RTC,2,SAT,14873085,14873016,408,408,60482,60483,Richmond-Brighouse Station @ Bay 2,Richmond-Brighouse Station @ Bay 1,60482,Richmond-Brighouse Station,49290,49830,in_service_layover,66.65607606032738,72.48591409803757,32.88028653268549,540,9.0,13:41:30,13:50:30,False,,no_dispenser,0
2162273,heavy,403.0,32.0,40-ft,RTC,2,SAT,14871867,14871829,404,404,60482,60483,Richmond-Brighouse Station @ Bay 2,Richmond-Brighouse Station @ Bay 1,60482,Richmond-Brighouse Station,49410,50310,in_service_layover,66.20428049118777,75.2281449260922,50.89459541286101,900,15.0,13:43:30,13:58:30,False,,no_dispenser,0
2162302,heavy,401.0,54.0,40-ft,RTC,2,SAT,14872375,14872450,406,406,60482,60483,Richmond-Brighouse Station @ Bay 2,Richmond-Brighouse Station @ Bay 1,60482,Richmond-Brighouse Station,49890,50310,in_service_layover,52.49416634524163,57.99074764671419,31.00071854030523,420,7.0,13:51:30,13:58:30,False,,no_dispenser,0
2162321,heavy,401.0,61.0,40-ft,RTC,2,SAT,14873084,14873015,408,408,60482,60483,Richmond-Brighouse Station @ Bay 2,Richmond-Brighouse Station @ Bay 1,60482,Richmond-Brighouse Station,50490,51030,in_service_layover,64.43352970389341,70.53453501989644,34.40966998225707,540,9.0,14:01:30,14:10:30,False,,no_dispenser,0
2162235,heavy,403.0,27.0,40-ft,RTC,2,SAT,14871257,14871280,402,402,60482,60483,Richmond-Brighouse Station @ Bay 2,Richmond-Brighouse Station @ Bay 1,60482,Richmond-Brighouse Station,50670,51150,in_service_layover,43.696092268787275,49.811464227588985,34.490697847641655,480,8.0,14:04:30,14:12:30,False,,no_dispenser,0
2162301,heavy,401.0,62.0,40-ft,RTC,2,SAT,14872376,14872451,406,406,60482,60483,Richmond-Brighouse Station @ Bay 2,Richmond-Brighouse Station @ Bay 1,60482,Richmond-Brighouse Station,50790,51210,in_service_layover,59.65360447460116,64.92359159612366,29.722727365386845,420,7.0,14:06:30,14:13:30,False,,no_dispenser,0
2162276,heavy,401.0,53.0,40-ft,RTC,2,SAT,14871876,14871830,404,404,60482,60483,Richmond-Brighouse Station @ Bay 2,Richmond-Brighouse Station @ Bay 1,60482,Richmond-Brighouse Station,51210,52110,in_service_layover,68.51706642332223,77.04337527527636,48.088381925021224,900,15.0,14:13:30,14:28:30,False,,no_dispenser,0
2162300,heavy,401.0,56.0,40-ft,RTC,2,SAT,14872377,14872452,406,406,60482,60483,Richmond-Brighouse Station @ Bay 2,Richmond-Brighouse Station @ Bay 1,60482,Richmond-Brighouse Station,51690,52110,in_service_layover,52.49416634524163,57.99074764671419,31.00071854030523,420,7.0,14:21:30,14:28:30,False,,no_dispenser,0
2162274,heavy,403.0,28.0,40-ft,RTC,2,SAT,14873083,14873014,408,408,60482,60483,Richmond-Brighouse Station @ Bay 2,Richmond-Brighouse Station @ Bay 1,60482,Richmond-Brighouse Station,51690,52230,in_service_layover,60.32261172440102,66.89312178961421,37.05767676780238,540,9.0,14:21:30,14:30:30,False,,no_dispenser,0
2162231,heavy,403.0,36.0,40-ft,RTC,2,SAT,14871256,14871281,402,402,60482,60483,Richmond-Brighouse Station @ Bay 2,Richmond-Brighouse Station @ Bay 1,60482,Richmond-Brighouse Station,52470,52950,in_service_layover,49.692254686547784,55.91477089564303,35.09499141929723,480,8.0,14:34:30,14:42:30,False,,no_dispenser,0
2162299,heavy,401.0,59.0,40-ft,RTC,2,SAT,14872378,14872453,406,406,60482,60483,Richmond-Brighouse Station @ Bay 2,Richmond-Brighouse Station @ Bay 1,60482,Richmond-Brighouse Station,52590,53010,in_service_layover,56.72715066494155,62.19177062189433,30.820456557213618,420,7.0,14:36:30,14:43:30,False,,no_dispenser,0
2162272,heavy,401.0,52.0,40-ft,RTC,2,SAT,14873082,14873013,408,408,60482,60483,Richmond-Brighouse Station @ Bay 2,Richmond-Brighouse Station @ Bay 1,60482,Richmond-Brighouse Station,52890,53430,in_service_layover,51.54726456775993,58.61120158596857,39.840604782696744,540,9.0,14:41:30,14:50:30,False,,no_dispenser,0
2162215,heavy,401.0,63.0,40-ft,RTC,2,SAT,14871893,14871831,404,404,60482,60483,Richmond-Brighouse Station @ Bay 2,Richmond-Brighouse Station @ Bay 1,60482,Richmond-Brighouse Station,53010,53910,in_service_layover,62.46991007905369,72.26934910616112,55.26883611288588,900,15.0,14:43:30,14:58:30,False,,no_dispenser,0
2162303,heavy,401.0,51.0,40-ft,RTC,2,SAT,14872379,14872454,406,406,60482,60483,Richmond-Brighouse Station @ Bay 2,Richmond-Brighouse Station @ Bay 1,60482,Richmond-Brighouse Station,53490,53910,in_service_layover,49.97330685570834,55.41268005462457,30.67806484188759,420,7.0,14:51:30,14:58:30,False,,no_dispenser,0
2162271,heavy,401.0,64.0,40-ft,RTC,2,SAT,14873081,14873012,408,408,60482,60483,Richmond-Brighouse Station @ Bay 2,Richmond-Brighouse Station @ Bay 1,60482,Richmond-Brighouse Station,54090,54630,in_service_layover,64.43352970389341,70.53453501989644,34.40966998225707,540,9.0,15:01:30,15:10:30,False,,no_dispenser,0
2162237,heavy,403.0,33.0,40-ft,RTC,2,SAT,14871239,14871300,402,402,60482,60483,Richmond-Brighouse Station @ Bay 2,Richmond-Brighouse Station @ Bay 1,60482,Richmond-Brighouse Station,54270,54750,in_service_layover,50.06673175399041,56.29893829722089,35.14964490381993,480,8.0,15:04:30,15:12:30,False,,no_dispenser,0
2162302,heavy,401.0,54.0,40-ft,RTC,2,SAT,14872380,14872455,406,406,60482,60483,Richmond-Brighouse Station @ Bay 2,Richmond-Brighouse Station @ Bay 1,60482,Richmond-Brighouse Station,54390,54810,in_service_layover,49.20838154690124,54.63181466093169,30.58816276313172,420,7.0,15:06:30,15:13:30,False,,no_dispenser,0
2162273,heavy,403.0,32.0,40-ft,RTC,2,SAT,14871870,14871832,404,404,60482,60483,Richmond-Brighouse Station @ Bay 2,Richmond-Brighouse Station @ Bay 1,60482,Richmond-Brighouse Station,54810,55710,in_service_layover,67.57084635768965,76.30231042587994,49.245457344593206,900,15.0,15:13:30,15:28:30,False,,no_dispenser,0
2162301,heavy,401.0,62.0,40-ft,RTC,2,SAT,14872381,14872456,406,406,60482,60483,Richmond-Brighouse Station @ Bay 2,Richmond-Brighouse Station @ Bay 1,60482,Richmond-Brighouse Station,55290,55710,in_service_layover,56.141225496310696,61.62781720312772,30.94437722644801,420,7.0,15:21:30,15:28:30,False,,no_dispenser,0
2162321,heavy,401.0,61.0,40-ft,RTC,2,SAT,14873060,14873011,408,408,60482,60483,Richmond-Brighouse Station @ Bay 2,Richmond-Brighouse Station @ Bay 1,60482,Richmond-Brighouse Station,55290,55830,in_service_layover,62.482150625752276,68.81121009490091,35.69589540599833,540,9.0,15:21:30,15:30:30,False,,no_dispenser,0
2162214,heavy,403.0,21.0,40-ft,RTC,2,SAT,14871265,14871295,402,402,60482,60483,Richmond-Brighouse Station @ Bay 2,Richmond-Brighouse Station @ Bay 1,60482,Richmond-Brighouse Station,56070,56550,in_service_layover,44.61000743652469,50.737645930261266,34.55988110467425,480,8.0,15:34:30,15:42:30,False,,no_dispenser,0
2162300,heavy,401.0,56.0,40-ft,RTC,2,SAT,14872382,14872457,406,406,60482,60483,Richmond-Brighouse Station @ Bay 2,Richmond-Brighouse Station @ Bay 1,60482,Richmond-Brighouse Station,56190,56610,in_service_layover,49.20838154690124,54.63181466093169,30.58816276313172,420,7.0,15:36:30,15:43:30,False,,no_dispenser,0
2162274,heavy,403.0,28.0,40-ft,RTC,2,SAT,14873059,14873058,408,408,60482,60483,Richmond-Brighouse Station @ Bay 2,Richmond-Brighouse Station @ Bay 1,60482,Richmond-Brighouse Station,56550,57030,in_service_layover,58.84073739547004,64.88643241977118,34.0977199370584,480,8.0,15:42:30,15:50:30,False,,no_dispenser,0
2162276,heavy,401.0,53.0,40-ft,RTC,2,SAT,14871875,14871851,404,404,60482,60483,Richmond-Brighouse Station @ Bay 2,Richmond-Brighouse Station @ Bay 1,60482,Richmond-Brighouse Station,56550,57510,in_service_layover,69.3860767068738,78.13700575536971,49.355239833516976,960,16.0,15:42:30,15:58:30,False,,no_dispenser,0
2162299,heavy,401.0,59.0,40-ft,RTC,2,SAT,14872383,14872458,406,406,60482,60483,Richmond-Brighouse Station @ Bay 2,Richmond-Brighouse Station @ Bay 1,60482,Richmond-Brighouse Station,57090,57510,in_service_layover,53.409404522081374,58.92358658714828,31.099986846977345,420,7.0,15:51:30,15:58:30,False,,no_dispenser,0
2162272,heavy,401.0,52.0,40-ft,RTC,2,SAT,14873080,14873057,408,408,60482,60483,Richmond-Brighouse Station @ Bay 2,Richmond-Brighouse Station @ Bay 1,60482,Richmond-Brighouse Station,57810,58230,in_service_layover,50.55881719182441,56.01147789664702,30.75300637519956,420,7.0,16:03:30,16:10:30,False,,no_dispenser,0
2162303,heavy,401.0,51.0,40-ft,RTC,2,SAT,14872384,14872459,406,406,60482,60483,Richmond-Brighouse Station @ Bay 2,Richmond-Brighouse Station @ Bay 1,60482,Richmond-Brighouse Station,57990,58410,in_service_layover,46.630313954811626,52.00960630266287,30.33920884188103,420,7.0,16:06:30,16:13:30,False,,no_dispenser,0
2162230,heavy,403.0,42.0,40-ft,RTC,2,SAT,14871255,14871294,402,402,60482,60483,Richmond-Brighouse Station @ Bay 2,Richmond-Brighouse Station @ Bay 1,60482,Richmond-Brighouse Station,58050,58350,in_service_layover,60.15882173144942,63.96149184188384,21.447059422850202,300,5.0,16:07:30,16:12:30,False,,no_dispenser,0
2162215,heavy,401.0,63.0,40-ft,RTC,2,SAT,14871887,14871844,404,404,60482,60483,Richmond-Brighouse Station @ Bay 2,Richmond-Brighouse Station @ Bay 1,60482,Richmond-Brighouse Station,58290,59310,in_service_layover,64.61205053775856,74.92197604524942,58.147979862248405,1020,17.0,16:11:30,16:28:30,False,,no_dispenser,0
2162302,heavy,401.0,54.0,40-ft,RTC,2,SAT,14872385,14872460,406,406,60482,60483,Richmond-Brighouse Station @ Bay 2,Richmond-Brighouse Station @ Bay 1,60482,Richmond-Brighouse Station,58890,59310,in_service_layover,45.849448561118734,51.217666020154184,30.276746468959914,420,7.0,16:21:30,16:28:30,False,,no_dispenser,0
2162275,heavy,403.0,35.0,40-ft,RTC,2,SAT,14873079,14873056,408,408,60482,60483,Richmond-Brighouse Station @ Bay 2,Richmond-Brighouse Station @ Bay 1,60482,Richmond-Brighouse Station,59070,59430,in_service_layover,52.15305946764205,56.84776196021307,26.478122058100553,360,6.0,16:24:30,16:30:30,False,,no_dispenser,0
2162301,heavy,401.0,62.0,40-ft,RTC,2,SAT,14872386,14872461,406,406,60482,60483,Richmond-Brighouse Station @ Bay 2,Richmond-Brighouse Station @ Bay 1,60482,Richmond-Brighouse Station,59790,60210,in_service_layover,52.84545110331478,58.349976326886456,31.045522260944267,420,7.0,16:36:30,16:43:30,False,,no_dispenser,0
2162235,heavy,403.0,27.0,40-ft,RTC,2,SAT,14871242,14871286,402,402,60482,60483,Richmond-Brighouse Station @ Bay 2,Richmond-Brighouse Station @ Bay 1,60482,Richmond-Brighouse Station,59850,60150,in_service_layover,33.430837771949705,37.195034128146716,21.230067448951132,300,5.0,16:37:30,16:42:30,False,,no_dispenser,0
2162270,heavy,403.0,37.0,40-ft,RTC,2,SAT,14871886,14871854,404,404,60482,60483,Richmond-Brighouse Station @ Bay 2,Richmond-Brighouse Station @ Bay 1,60482,Richmond-Brighouse Station,60090,61110,in_service_layover,51.55532783162319,64.45715359643154,72.76629731351909,1020,17.0,16:41:30,16:58:30,False,,no_dispenser,0
2162321,heavy,401.0,61.0,40-ft,RTC,2,SAT,14873078,14873055,408,408,60482,60483,Richmond-Brighouse Station @ Bay 2,Richmond-Brighouse Station @ Bay 1,60482,Richmond-Brighouse Station,60270,60630,in_service_layover,60.758825700756745,65.23692316878818,25.256469719697293,360,6.0,16:44:30,16:50:30,False,,no_dispenser,0
2162300,heavy,401.0,56.0,40-ft,RTC,2,SAT,14872387,14872462,406,406,60482,60483,Richmond-Brighouse Station @ Bay 2,Richmond-Brighouse Station @ Bay 1,60482,Richmond-Brighouse Station,60690,61110,in_service_layover,45.849448561118734,51.217666020154184,30.276746468959914,420,7.0,16:51:30,16:58:30,False,,no_dispenser,0
2162278,heavy,403.0,40.0,40-ft,RTC,2,SAT,14873077,14873054,408,408,60482,60483,Richmond-Brighouse Station @ Bay 2,Richmond-Brighouse Station @ Bay 1,60482,Richmond-Brighouse Station,61470,61830,in_service_layover,54.8100034249321,59.54829312653182,26.723953917022413,360,6.0,17:04:30,17:10:30,False,,no_dispenser,0
2162299,heavy,401.0,59.0,40-ft,RTC,2,SAT,14872388,14872463,406,406,60482,60483,Richmond-Brighouse Station @ Bay 2,Richmond-Brighouse Station @ Bay 1,60482,Richmond-Brighouse Station,61590,62010,in_service_layover,50.141220487335325,55.58440429937721,30.69955669991623,420,7.0,17:06:30,17:13:30,False,,no_dispenser,0
2162238,heavy,403.0,38.0,40-ft,RTC,2,SAT,14871243,14871287,402,402,60482,60483,Richmond-Brighouse Station @ Bay 2,Richmond-Brighouse Station @ Bay 1,60482,Richmond-Brighouse Station,61710,61950,in_service_layover,54.690240705073734,57.839587396491176,17.76231533959441,240,4.0,17:08:30,17:12:30,False,,no_dispenser,0
2162303,heavy,401.0,51.0,40-ft,RTC,2,SAT,14872389,14872464,406,406,60482,60483,Richmond-Brighouse Station @ Bay 2,Richmond-Brighouse Station @ Bay 1,60482,Richmond-Brighouse Station,62490,62910,in_service_layover,43.22724020284993,48.56607574251483,30.111032443710087,420,7.0,17:21:30,17:28:30,False,,no_dispenser,0
2162272,heavy,401.0,52.0,40-ft,RTC,2,SAT,14873076,14873053,408,408,60482,60483,Richmond-Brighouse Station @ Bay 2,Richmond-Brighouse Station @ Bay 1,60482,Richmond-Brighouse Station,62670,63030,in_service_layover,47.95909350250286,52.57853218927272,26.05363419338198,360,6.0,17:24:30,17:30:30,False,,no_dispenser,0
2162302,heavy,401.0,54.0,40-ft,RTC,2,SAT,14872390,14872465,406,406,60482,60483,Richmond-Brighouse Station @ Bay 2,Richmond-Brighouse Station @ Bay 1,60482,Richmond-Brighouse Station,63330,63810,in_service_layover,42.43529992034123,48.53614879407168,34.408787647839745,480,8.0,17:35:30,17:43:30,False,,no_dispenser,0
2162237,heavy,403.0,33.0,40-ft,RTC,2,SAT,14871244,14871288,402,402,60482,60483,Richmond-Brighouse Station @ Bay 2,Richmond-Brighouse Station @ Bay 1,60482,Richmond-Brighouse Station,63390,63750,in_service_layover,39.91831184158162,44.47222216097829,25.684054201397203,360,6.0,17:36:30,17:42:30,False,,no_dispenser,0
2162215,heavy,401.0,63.0,40-ft,RTC,2,SAT,14871873,14871847,404,404,60482,60483,Richmond-Brighouse Station @ Bay 2,Richmond-Brighouse Station @ Bay 1,60482,Richmond-Brighouse Station,63690,64710,in_service_layover,67.26467747684684,76.93484287453218,54.539732842945284,1020,17.0,17:41:30,17:58:30,False,,no_dispenser,0
2162275,heavy,403.0,35.0,40-ft,RTC,2,SAT,14873075,14873052,408,408,60482,60483,Richmond-Brighouse Station @ Bay 2,Richmond-Brighouse Station @ Bay 1,60482,Richmond-Brighouse Station,63870,64230,in_service_layover,48.7953775660689,53.42738721435706,26.12453441634517,360,6.0,17:44:30,17:50:30,False,,no_dispenser,0
2162301,heavy,401.0,62.0,40-ft,RTC,2,SAT,14872391,14872466,406,406,60482,60483,Richmond-Brighouse Station @ Bay 2,Richmond-Brighouse Station @ Bay 1,60482,Richmond-Brighouse Station,64230,64710,in_service_layover,49.56761022707351,55.78725879971294,35.07881794968637,480,8.0,17:50:30,17:58:30,False,,no_dispenser,0
2162321,heavy,401.0,61.0,40-ft,RTC,2,SAT,14873074,14873051,408,408,60482,60483,Richmond-Brighouse Station @ Bay 2,Richmond-Brighouse Station @ Bay 1,60482,Richmond-Brighouse Station,65070,65430,in_service_layover,57.184538774644025,61.883620080235794,26.502818563537573,360,6.0,18:04:30,18:10:30,False,,no_dispenser,0
2162300,heavy,401.0,56.0,40-ft,RTC,2,SAT,14872392,14872467,406,406,60482,60483,Richmond-Brighouse Station @ Bay 2,Richmond-Brighouse Station @ Bay 1,60482,Richmond-Brighouse Station,65130,65610,in_service_layover,42.43529992034123,48.53614879407168,34.408787647839745,480,8.0,18:05:30,18:13:30,False,,no_dispenser,0
2162236,heavy,403.0,31.0,40-ft,RTC,2,SAT,14871253,14871297,402,402,60482,60483,Richmond-Brighouse Station @ Bay 2,Richmond-Brighouse Station @ Bay 1,60482,Richmond-Brighouse Station,65310,65610,in_service_layover,47.985064694885565,51.826987757386725,21.668446072506526,300,5.0,18:08:30,18:13:30,False,,no_dispenser,0
2162270,heavy,403.0,37.0,40-ft,RTC,2,SAT,14871871,14871839,404,404,60482,60483,Richmond-Brighouse Station @ Bay 2,Richmond-Brighouse Station @ Bay 1,60482,Richmond-Brighouse Station,65490,66510,in_service_layover,56.79985502802898,68.92382964190135,68.37921682224021,1020,17.0,18:11:30,18:28:30,False,,no_dispenser,0
2162299,heavy,401.0,59.0,40-ft,RTC,2,SAT,14872393,14872418,406,406,60482,60483,Richmond-Brighouse Station @ Bay 2,Richmond-Brighouse Station @ Bay 1,60482,Richmond-Brighouse Station,65970,66510,in_service_layover,46.80203819956426,53.749540430761186,39.1839125839507,540,9.0,18:19:30,18:28:30,False,,no_dispenser,0
2162278,heavy,403.0,40.0,40-ft,RTC,2,SAT,14873073,14873050,408,408,60482,60483,Richmond-Brighouse Station @ Bay 2,Richmond-Brighouse Station @ Bay 1,60482,Richmond-Brighouse Station,66270,66630,in_service_layover,51.49590873238764,56.177828392024054,26.406026880349316,360,6.0,18:24:30,18:30:30,False,,no_dispenser,0
2162303,heavy,401.0,51.0,40-ft,RTC,2,SAT,14872342,14872417,406,406,60482,60483,Richmond-Brighouse Station @ Bay 2,Richmond-Brighouse Station @ Bay 1,60482,Richmond-Brighouse Station,66870,67410,in_service_layover,39.78370964270188,46.627285987174375,38.597770582824865,540,9.0,18:34:30,18:43:30,False,,no_dispenser,0
2162230,heavy,403.0,42.0,40-ft,RTC,2,SAT,14871250,14871293,402,402,60482,60483,Richmond-Brighouse Station @ Bay 2,Richmond-Brighouse Station @ Bay 1,60482,Richmond-Brighouse Station,66990,67410,in_service_layover,47.58086538624457,52.97507901978026,30.423364893141297,420,7.0,18:36:30,18:43:30,False,,no_dispenser,0
2162273,heavy,403.0,32.0,40-ft,RTC,2,SAT,14871872,14871846,404,404,60482,60483,Richmond-Brighouse Station @ Bay 2,Richmond-Brighouse Station @ Bay 1,60482,Richmond-Brighouse Station,67230,68310,in_service_layover,59.09168713115852,71.23701176536258,68.49963093691088,1080,18.0,18:40:30,18:58:30,False,,no_dispenser,0
2162272,heavy,401.0,52.0,40-ft,RTC,2,SAT,14873072,14873049,408,408,60482,60483,Richmond-Brighouse Station @ Bay 2,Richmond-Brighouse Station @ Bay 1,60482,Richmond-Brighouse Station,67650,67830,in_service_layover,44.526147795128544,46.81060667150894,12.884348062785449,180,3.0,18:47:30,18:50:30,False,,no_dispenser,0
2162302,heavy,401.0,54.0,40-ft,RTC,2,SAT,14872341,14872416,406,406,60482,60483,Richmond-Brighouse Station @ Bay 2,Richmond-Brighouse Station @ Bay 1,60482,Richmond-Brighouse Station,67770,68310,in_service_layover,39.75378269425873,46.59710070110938,38.59631355863769,540,9.0,18:49:30,18:58:30,False,,no_dispenser,0
2162233,heavy,403.0,24.0,40-ft,RTC,2,SAT,14871258,14871267,402,402,60482,60483,Richmond-Brighouse Station @ Bay 2,Richmond-Brighouse Station @ Bay 1,60482,Richmond-Brighouse Station,68610,69210,in_service_layover,51.65670129796725,59.500274469842964,44.237752689378965,600,10.0,19:03:30,19:13:30,False,,no_dispenser,0
2162301,heavy,401.0,62.0,40-ft,RTC,2,SAT,14872340,14872415,406,406,60482,60483,Richmond-Brighouse Station @ Bay 2,Richmond-Brighouse Station @ Bay 1,60482,Richmond-Brighouse Station,68670,69210,in_service_layover,47.00489269989998,53.95668045626334,39.20808294588937,540,9.0,19:04:30,19:13:30,False,,no_dispenser,0
2162269,heavy,403.0,25.0,40-ft,RTC,2,SAT,14871885,14871834,404,404,60482,60483,Richmond-Brighouse Station @ Bay 2,Richmond-Brighouse Station @ Bay 1,60482,Richmond-Brighouse Station,69030,70110,in_service_layover,39.90425734927295,53.7800437981397,78.2594355716084,1080,18.0,19:10:30,19:28:30,False,,no_dispenser,0
2162300,heavy,401.0,56.0,40-ft,RTC,2,SAT,14872339,14872414,406,406,60482,60483,Richmond-Brighouse Station @ Bay 2,Richmond-Brighouse Station @ Bay 1,60482,Richmond-Brighouse Station,69570,70110,in_service_layover,39.75378269425873,46.59710070110938,38.59631355863769,540,9.0,19:19:30,19:28:30,False,,no_dispenser,0
2162236,heavy,403.0,31.0,40-ft,RTC,2,SAT,14871245,14871278,402,402,60482,60483,Richmond-Brighouse Station @ Bay 2,Richmond-Brighouse Station @ Bay 1,60482,Richmond-Brighouse Station,70290,71070,in_service_layover,43.39471269662894,53.41292396846893,56.50271157317749,780,13.0,19:31:30,19:44:30,False,,no_dispenser,0
2162299,heavy,401.0,59.0,40-ft,RTC,2,SAT,14872338,14872413,406,406,60482,60483,Richmond-Brighouse Station @ Bay 2,Richmond-Brighouse Station @ Bay 1,60482,Richmond-Brighouse Station,70470,71010,in_service_layover,44.96717433094825,51.87918435932699,38.983736560056116,540,9.0,19:34:30,19:43:30,False,,no_dispenser,0
2162270,heavy,403.0,37.0,40-ft,RTC,2,SAT,14871864,14871837,404,404,60482,60483,Richmond-Brighouse Station @ Bay 2,Richmond-Brighouse Station @ Bay 1,60482,Richmond-Brighouse Station,70770,71910,in_service_layover,61.2665310734988,73.33774258005539,68.08163289697916,1140,19.0,19:39:30,19:58:30,False,,no_dispenser,0
2162230,heavy,403.0,42.0,40-ft,RTC,2,SAT,14871266,14871279,402,402,60482,60483,Richmond-Brighouse Station @ Bay 2,Richmond-Brighouse Station @ Bay 1,60482,Richmond-Brighouse Station,71910,72870,in_service_layover,44.542803959022486,56.965971488536624,70.06666486645977,960,16.0,19:58:30,20:14:30,False,,no_dispenser,0
2162302,heavy,401.0,54.0,40-ft,RTC,2,SAT,14872337,14872411,406,406,60482,60483,Richmond-Brighouse Station @ Bay 2,Richmond-Brighouse Station @ Bay 1,60482,Richmond-Brighouse Station,72270,72810,in_service_layover,37.814734601296436,44.64269489798154,38.50969607330401,540,9.0,20:04:30,20:13:30,False,,no_dispenser,0
2162271,heavy,401.0,64.0,40-ft,RTC,2,SAT,14871861,14871841,404,404,60482,60483,Richmond-Brighouse Station @ Bay 2,Richmond-Brighouse Station @ Bay 1,60482,Richmond-Brighouse Station,72630,73710,in_service_layover,44.81919621633628,58.762817809819744,78.64202578724678,1080,18.0,20:10:30,20:28:30,False,,no_dispenser,0
2162301,heavy,401.0,62.0,40-ft,RTC,2,SAT,14872336,14872410,406,406,60482,60483,Richmond-Brighouse Station @ Bay 2,Richmond-Brighouse Station @ Bay 1,60482,Richmond-Brighouse Station,73170,73710,in_service_layover,45.174314356450395,52.09003610280115,39.004670649418244,540,9.0,20:19:30,20:28:30,False,,no_dispenser,0
2162233,heavy,403.0,24.0,40-ft,RTC,2,SAT,14871234,14871290,402,402,60482,60483,Richmond-Brighouse Station @ Bay 2,Richmond-Brighouse Station @ Bay 1,60482,Richmond-Brighouse Station,73470,74670,in_service_layover,51.06799940908518,65.97384463722807,84.06896708672593,1200,20.0,20:24:30,20:44:30,False,,no_dispenser,0
2162300,heavy,401.0,56.0,40-ft,RTC,2,SAT,14872335,14872409,406,406,60482,60483,Richmond-Brighouse Station @ Bay 2,Richmond-Brighouse Station @ Bay 1,60482,Richmond-Brighouse Station,74070,74610,in_service_layover,37.814734601296436,44.64269489798154,38.50969607330401,540,9.0,20:34:30,20:43:30,False,,no_dispenser,0
2162215,heavy,401.0,63.0,40-ft,RTC,2,SAT,14871865,14871838,404,404,60482,60483,Richmond-Brighouse Station @ Bay 2,Richmond-Brighouse Station @ Bay 1,60482,Richmond-Brighouse Station,74430,75510,in_service_layover,59.69585625521909,71.67858245385844,67.58257576032594,1080,18.0,20:40:30,20:58:30,False,,no_dispenser,0
2162299,heavy,401.0,59.0,40-ft,RTC,2,SAT,14872334,14872408,406,406,60482,60483,Richmond-Brighouse Station @ Bay 2,Richmond-Brighouse Station @ Bay 1,60482,Richmond-Brighouse Station,74970,75510,in_service_layover,43.09681825951404,49.9787133299145,38.81388819705859,540,9.0,20:49:30,20:58:30,False,,no_dispenser,0
2162234,heavy,403.0,30.0,40-ft,RTC,2,SAT,14871246,14871291,402,402,60482,60483,Richmond-Brighouse Station @ Bay 2,Richmond-Brighouse Station @ Bay 1,60482,Richmond-Brighouse Station,75270,76470,in_service_layover,55.692210446952664,69.74664795823887,79.26702756365421,1200,20.0,20:54:30,21:14:30,False,,no_dispenser,0
2162268,heavy,403.0,23.0,40-ft,RTC,2,SAT,14871895,14871824,404,404,60482,60483,Richmond-Brighouse Station @ Bay 2,Richmond-Brighouse Station @ Bay 1,60482,Richmond-Brighouse Station,76230,77310,in_service_layover,30.79146835970467,44.42189840389679,76.87562544924353,1080,18.0,21:10:30,21:28:30,False,,no_dispenser,0
2162321,heavy,401.0,61.0,40-ft,RTC,2,SAT,14873067,14873044,408,408,60482,60483,Richmond-Brighouse Station @ Bay 2,Richmond-Brighouse Station @ Bay 1,60482,Richmond-Brighouse Station,76650,76890,in_service_layover,38.57334688864362,41.600588278654556,17.073641439661685,240,4.0,21:17:30,21:21:30,False,,no_dispenser,0
2162302,heavy,401.0,54.0,40-ft,RTC,2,SAT,14872332,14872406,406,406,60482,60483,Richmond-Brighouse Station @ Bay 2,Richmond-Brighouse Station @ Bay 1,60482,Richmond-Brighouse Station,76950,77430,in_service_layover,35.860328798168595,41.91200691247022,34.13146456466117,480,8.0,21:22:30,21:30:30,False,,no_dispenser,0
2162232,heavy,403.0,29.0,40-ft,RTC,2,SAT,14871247,14871269,402,402,60482,60483,Richmond-Brighouse Station @ Bay 2,Richmond-Brighouse Station @ Bay 1,60482,Richmond-Brighouse Station,76950,78270,in_service_layover,33.29169319901537,50.110282797700535,94.85684533658431,1320,22.0,21:22:30,21:44:30,False,,no_dispenser,0
2162273,heavy,403.0,32.0,40-ft,RTC,2,SAT,14871866,14871858,404,404,60482,60483,Richmond-Brighouse Station @ Bay 2,Richmond-Brighouse Station @ Bay 1,60482,Richmond-Brighouse Station,78030,79230,in_service_layover,57.03376287341616,70.76172207149219,77.42568987714878,1200,20.0,21:40:30,22:00:30,False,,no_dispenser,0
2162300,heavy,401.0,56.0,40-ft,RTC,2,SAT,14872331,14872405,406,406,60482,60483,Richmond-Brighouse Station @ Bay 2,Richmond-Brighouse Station @ Bay 1,60482,Richmond-Brighouse Station,78150,78630,in_service_layover,35.860328798168595,41.91200691247022,34.13146456466117,480,8.0,21:42:30,21:50:30,False,,no_dispenser,0
2162278,heavy,403.0,40.0,40-ft,RTC,2,SAT,14873066,14873043,408,408,60482,60483,Richmond-Brighouse Station @ Bay 2,Richmond-Brighouse Station @ Bay 1,60482,Richmond-Brighouse Station,78450,78690,in_service_layover,32.867555200431866,35.874942843510546,16.961666306963735,240,4.0,21:47:30,21:51:30,False,,no_dispenser,0
2162299,heavy,401.0,59.0,40-ft,RTC,2,SAT,14872330,14872404,406,406,60482,60483,Richmond-Brighouse Station @ Bay 2,Richmond-Brighouse Station @ Bay 1,60482,Richmond-Brighouse Station,79350,79830,in_service_layover,41.19634723010155,47.285634183178416,34.343578415353534,480,8.0,22:02:30,22:10:30,False,,no_dispenser,0
2162321,heavy,401.0,61.0,40-ft,RTC,2,SAT,14873065,14873042,408,408,60482,60483,Richmond-Brighouse Station @ Bay 2,Richmond-Brighouse Station @ Bay 1,60482,Richmond-Brighouse Station,80250,80490,in_service_layover,33.97164387993055,36.982873285630674,16.983333848148703,240,4.0,22:17:30,22:21:30,False,,no_dispenser,0
2162238,heavy,403.0,38.0,40-ft,RTC,2,SAT,14871235,14871282,402,402,60482,60483,Richmond-Brighouse Station @ Bay 2,Richmond-Brighouse Station @ Bay 1,60482,Richmond-Brighouse Station,80550,81870,in_service_layover,25.9815012880376,42.59199071585153,93.68316037287056,1320,22.0,22:22:30,22:44:30,False,,no_dispenser,0
2162268,heavy,403.0,23.0,40-ft,RTC,2,SAT,14871891,14871835,404,404,60482,60483,Richmond-Brighouse Station @ Bay 2,Richmond-Brighouse Station @ Bay 1,60482,Richmond-Brighouse Station,81630,82290,in_service_layover,36.764599835494224,45.11088808113388,47.07306570540763,660,11.0,22:40:30,22:51:30,False,,no_dispenser,0
2162302,heavy,401.0,54.0,40-ft,RTC,2,SAT,14872328,14872402,406,406,60482,60483,Richmond-Brighouse Station @ Bay 2,Richmond-Brighouse Station @ Bay 1,60482,Richmond-Brighouse Station,81750,82230,in_service_layover,33.12964081265727,39.162315643566224,34.02428604632652,480,8.0,22:42:30,22:50:30,False,,no_dispenser,0
2162299,heavy,401.0,59.0,40-ft,RTC,2,SAT,14872327,14872401,406,406,60482,60483,Richmond-Brighouse Station @ Bay 2,Richmond-Brighouse Station @ Bay 1,60482,Richmond-Brighouse Station,83070,83430,in_service_layover,38.50326808336547,43.04979277017803,25.642399233622882,360,6.0,23:04:30,23:10:30,False,,no_dispenser,0
2162268,heavy,403.0,23.0,40-ft,RTC,2,SAT,14871869,14871859,404,404,60482,60483,Richmond-Brighouse Station @ Bay 2,Richmond-Brighouse Station @ Bay 1,60482,Richmond-Brighouse Station,85290,85890,in_service_layover,37.45358951273132,45.0420941240504,42.79916600783963,600,10.0,23:41:30,23:51:30,False,,no_dispenser,0
2162278,heavy,403.0,40.0,40-ft,RTC,2,SAT,14873063,14873040,408,408,60482,60483,Richmond-Brighouse Station @ Bay 2,Richmond-Brighouse Station @ Bay 1,60482,Richmond-Brighouse Station,85470,85770,in_service_layover,20.617054046062538,24.326236356430122,20.919788230473173,300,5.0,23:44:30,23:49:30,False,,no_dispenser,0
2162302,heavy,401.0,54.0,40-ft,RTC,2,SAT,14872325,14872399,406,406,60482,60483,Richmond-Brighouse Station @ Bay 2,Richmond-Brighouse Station @ Bay 1,60482,Richmond-Brighouse Station,85470,85830,in_service_layover,30.379949543753277,34.884075650487425,25.403271241980605,360,6.0,23:44:30,23:50:30,False,,no_dispenser,0
2162299,heavy,401.0,59.0,40-ft,RTC,2,SAT,14872324,14872398,406,406,60482,60483,Richmond-Brighouse Station @ Bay 2,Richmond-Brighouse Station @ Bay 1,60482,Richmond-Brighouse Station,86670,87030,in_service_layover,34.26742667036508,38.79184294662194,25.51770779808868,360,6.0,24:04:30,24:10:30,False,,no_dispenser,0
2162268,heavy,403.0,23.0,40-ft,RTC,2,SAT,14871874,14871836,404,404,60482,60483,Richmond-Brighouse Station @ Bay 2,Richmond-Brighouse Station @ Bay 1,60482,Richmond-Brighouse Station,88770,89490,in_service_layover,37.38479555564784,46.5044284001576,51.43472924303501,720,12.0,24:39:30,24:51:30,False,,no_dispenser,0
2162302,heavy,401.0,54.0,40-ft,RTC,2,SAT,14872322,14872396,406,406,60482,60483,Richmond-Brighouse Station @ Bay 2,Richmond-Brighouse Station @ Bay 1,60482,Richmond-Brighouse Station,89010,89430,in_service_layover,26.101709550674478,31.33401762030227,29.510217512700734,420,7.0,24:43:30,24:50:30,False,,no_dispenser,0
2162299,heavy,401.0,59.0,40-ft,RTC,2,SAT,14872321,14872395,406,406,60482,60483,Richmond-Brighouse Station @ Bay 2,Richmond-Brighouse Station @ Bay 1,60482,Richmond-Brighouse Station,90210,90630,in_service_layover,30.00947684680899,35.265551281365816,29.644259810900508,420,7.0,25:03:30,25:10:30,False,,no_dispenser,0
2162230,heavy,403.0,42.0,40-ft,RTC,2,SAT,14871237,14885977,402,N10,60482,60483,Richmond-Brighouse Station @ Bay 2,Richmond-Brighouse Station @ Bay 1,60482,Richmond-Brighouse Station,90210,90810,in_service_layover,35.69280765908612,43.265995326133734,42.71277844214853,600,10.0,25:03:30,25:13:30,False,,no_dispenser,0
2160578,heavy,410.0,5.0,40-ft,HTC,2,SAT,14848630,14848654,144,144,60662,60662,SFU Transit Exchange @ Bay 4,SFU Transit Exchange @ Bay 4,60662,SFU Transit Exchange,27330,27570,in_service_layover,67.59682779271954,70.30858027240782,15.29428398544195,240,4.0,07:35:30,07:39:30,False,,no_dispenser,0
2160790,heavy,130.0,32.0,40-ft,BTC,2,SAT,14848993,14849052,145,145,51861,51861,SFU Transit Exchange @ Bay 1,SFU Transit Exchange @ Bay 1,51861,SFU Transit Exchange,32790,33210,in_service_layover,68.29933259765119,72.79495344280603,25.355301566673347,420,7.0,09:06:30,09:13:30,False,,no_dispenser,0
2160789,heavy,130.0,31.0,40-ft,BTC,2,SAT,14848994,14849053,145,145,51861,51861,SFU Transit Exchange @ Bay 1,SFU Transit Exchange @ Bay 1,51861,SFU Transit Exchange,33990,34470,in_service_layover,65.49326363461844,70.87094223387349,30.3301072997985,480,8.0,09:26:30,09:34:30,False,,no_dispenser,0
2160790,heavy,130.0,32.0,40-ft,BTC,2,SAT,14848995,14849054,145,145,51861,51861,SFU Transit Exchange @ Bay 1,SFU Transit Exchange @ Bay 1,51861,SFU Transit Exchange,35250,35670,in_service_layover,68.14719643199082,72.65788699729912,25.440294788338804,420,7.0,09:47:30,09:54:30,False,,no_dispenser,0
2160517,heavy,123.0,1.0,40-ft,HTC,2,SAT,14848613,14848656,144,144,60662,60662,SFU Transit Exchange @ Bay 4,SFU Transit Exchange @ Bay 4,60662,SFU Transit Exchange,35430,35670,in_service_layover,59.803712285242796,62.89221989769243,17.41918293421594,240,4.0,09:50:30,09:54:30,False,,no_dispenser,0
2160789,heavy,130.0,31.0,40-ft,BTC,2,SAT,14848996,14849055,145,145,51861,51861,SFU Transit Exchange @ Bay 1,SFU Transit Exchange @ Bay 1,51861,SFU Transit Exchange,36450,36690,in_service_layover,66.22318522305828,69.00566975535261,15.693212762140092,240,4.0,10:07:30,10:11:30,False,,no_dispenser,0
2160518,heavy,123.0,18.0,40-ft,HTC,2,SAT,14848640,14848647,144,144,60662,60662,SFU Transit Exchange @ Bay 4,SFU Transit Exchange @ Bay 4,60662,SFU Transit Exchange,37230,37530,in_service_layover,68.86286714265225,72.12199676615467,18.381491076553573,300,5.0,10:20:30,10:25:30,False,,no_dispenser,0
2160790,heavy,130.0,32.0,40-ft,BTC,2,SAT,14848997,14849056,145,145,51861,51861,SFU Transit Exchange @ Bay 1,SFU Transit Exchange @ Bay 1,51861,SFU Transit Exchange,37650,37830,in_service_layover,68.0101299864839,70.0526779282439,11.519970391526385,180,3.0,10:27:30,10:30:30,False,,no_dispenser,0
2160789,heavy,130.0,31.0,40-ft,BTC,2,SAT,14848998,14849057,145,145,51861,51861,SFU Transit Exchange @ Bay 1,SFU Transit Exchange @ Bay 1,51861,SFU Transit Exchange,38790,39030,in_service_layover,64.3579127445374,67.2298790450321,16.197889934790055,240,4.0,10:46:30,10:50:30,False,,no_dispenser,0
2160625,heavy,106.0,5.0,40-ft,HTC,2,SAT,14848609,14848668,144,144,60662,60662,SFU Transit Exchange @ Bay 4,SFU Transit Exchange @ Bay 4,60662,SFU Transit Exchange,39030,40050,in_service_layover,61.324691583987125,72.40341927614831,62.484024183789074,1020,17.0,10:50:30,11:07:30,False,,no_dispenser,0
2160790,heavy,130.0,32.0,40-ft,BTC,2,SAT,14848999,14849058,145,145,51861,51861,SFU Transit Exchange @ Bay 1,SFU Transit Exchange @ Bay 1,51861,SFU Transit Exchange,39990,40350,in_service_layover,65.40492091742868,69.54515306184675,23.350909294517805,360,6.0,11:06:30,11:12:30,False,,no_dispenser,0
2160573,heavy,410.0,2.0,40-ft,HTC,2,SAT,14848636,14848683,144,144,60662,60662,SFU Transit Exchange @ Bay 4,SFU Transit Exchange @ Bay 4,60662,SFU Transit Exchange,40890,41250,in_service_layover,64.19596753344429,68.42789625004073,23.868077961604,360,6.0,11:21:30,11:27:30,False,,no_dispenser,0
2160789,heavy,130.0,31.0,40-ft,BTC,2,SAT,14849000,14849059,145,145,51861,51861,SFU Transit Exchange @ Bay 1,SFU Transit Exchange @ Bay 1,51861,SFU Transit Exchange,41190,41370,in_service_layover,62.582122034216894,64.82034465711699,12.623575593156602,180,3.0,11:26:30,11:29:30,False,,no_dispenser,0
2160574,heavy,123.0,2.0,40-ft,HTC,2,SAT,14848603,14848660,144,144,60662,60662,SFU Transit Exchange @ Bay 4,SFU Transit Exchange @ Bay 4,60662,SFU Transit Exchange,42450,42750,in_service_layover,59.71460578041145,63.545640874670916,21.60703793162338,300,5.0,11:47:30,11:52:30,False,,no_dispenser,0
2160790,heavy,130.0,32.0,40-ft,BTC,2,SAT,14849001,14849079,145,145,51861,51861,SFU Transit Exchange @ Bay 1,SFU Transit Exchange @ Bay 1,51861,SFU Transit Exchange,42570,43530,in_service_layover,64.89739605103154,74.67682677099586,55.1559892605988,960,16.0,11:49:30,12:05:30,False,,no_dispenser,0
2160789,heavy,130.0,31.0,40-ft,BTC,2,SAT,14849002,14849061,145,145,51861,51861,SFU Transit Exchange @ Bay 1,SFU Transit Exchange @ Bay 1,51861,SFU Transit Exchange,43590,44430,in_service_layover,60.17258764630178,69.86430543633185,54.6612883357696,840,14.0,12:06:30,12:20:30,False,,no_dispenser,0
2160576,heavy,123.0,21.0,40-ft,HTC,2,SAT,14848624,14848684,144,144,60662,60662,SFU Transit Exchange @ Bay 4,SFU Transit Exchange @ Bay 4,60662,SFU Transit Exchange,44370,45030,in_service_layover,61.73665999014507,69.39928437289976,43.217201518736374,660,11.0,12:19:30,12:30:30,False,,no_dispenser,0
2160773,heavy,106.0,8.0,40-ft,HTC,2,SAT,14848635,14848659,144,144,60662,60662,SFU Transit Exchange @ Bay 4,SFU Transit Exchange @ Bay 4,60662,SFU Transit Exchange,45570,46230,in_service_layover,67.53806984842656,74.33440706101158,38.33134187897946,660,11.0,12:39:30,12:50:30,False,,no_dispenser,0
2160789,heavy,130.0,31.0,40-ft,BTC,2,SAT,14849004,14849080,145,145,51861,51861,SFU Transit Exchange @ Bay 1,SFU Transit Exchange @ Bay 1,51861,SFU Transit Exchange,46710,47070,in_service_layover,65.21654842551663,69.37130473925657,23.432825609493193,360,6.0,12:58:30,13:04:30,False,,no_dispenser,0
2160625,heavy,106.0,5.0,40-ft,HTC,2,SAT,14848641,14848663,144,144,60662,60662,SFU Transit Exchange @ Bay 4,SFU Transit Exchange @ Bay 4,60662,SFU Transit Exchange,46770,47430,in_service_layover,63.67935861819319,71.0611223739131,41.63314758226022,660,11.0,12:59:30,13:10:30,False,,no_dispenser,0
2160616,heavy,106.0,3.0,40-ft,HTC,2,SAT,14848614,14848685,144,144,60662,60662,SFU Transit Exchange @ Bay 4,SFU Transit Exchange @ Bay 4,60662,SFU Transit Exchange,48150,48630,in_service_layover,65.72756790562828,71.08008370642447,30.18818911649049,480,8.0,13:22:30,13:30:30,False,,no_dispenser,0
2160790,heavy,130.0,32.0,40-ft,BTC,2,SAT,14849006,14849065,145,145,51861,51861,SFU Transit Exchange @ Bay 1,SFU Transit Exchange @ Bay 1,51861,SFU Transit Exchange,48450,48870,in_service_layover,65.38131274936543,70.15603327661356,26.92942377367939,420,7.0,13:27:30,13:34:30,False,,no_dispenser,0
2160574,heavy,123.0,2.0,40-ft,HTC,2,SAT,14848633,14848665,144,144,60662,60662,SFU Transit Exchange @ Bay 4,SFU Transit Exchange @ Bay 4,60662,SFU Transit Exchange,49350,49830,in_service_layover,52.34759675034252,58.6361057952715,35.46719101339943,480,8.0,13:42:30,13:50:30,False,,no_dispenser,0
2160789,heavy,130.0,31.0,40-ft,BTC,2,SAT,14849024,14849066,145,145,51861,51861,SFU Transit Exchange @ Bay 1,SFU Transit Exchange @ Bay 1,51861,SFU Transit Exchange,49410,49770,in_service_layover,64.72354772844136,68.91590321857473,23.64488496435223,360,6.0,13:43:30,13:49:30,False,,no_dispenser,0
2160624,heavy,106.0,10.0,40-ft,HTC,2,SAT,14848642,14848678,144,144,60662,60662,SFU Transit Exchange @ Bay 4,SFU Transit Exchange @ Bay 4,60662,SFU Transit Exchange,50550,51030,in_service_layover,67.53806984842656,72.69159146801452,29.06586193447606,480,8.0,14:02:30,14:10:30,False,,no_dispenser,0
2160790,heavy,130.0,32.0,40-ft,BTC,2,SAT,14849008,14849067,145,145,51861,51861,SFU Transit Exchange @ Bay 1,SFU Transit Exchange @ Bay 1,51861,SFU Transit Exchange,51210,51450,in_service_layover,65.50827626579834,68.32573471918448,15.890465677097893,240,4.0,14:13:30,14:17:30,False,,no_dispenser,0
2160576,heavy,123.0,21.0,40-ft,HTC,2,SAT,14848629,14848686,144,144,60662,60662,SFU Transit Exchange @ Bay 4,SFU Transit Exchange @ Bay 4,60662,SFU Transit Exchange,51810,52230,in_service_layover,57.8756409894128,63.28074141621091,30.484766407141308,420,7.0,14:23:30,14:30:30,False,,no_dispenser,0
2160789,heavy,130.0,31.0,40-ft,BTC,2,SAT,14849009,14849068,145,145,51861,51861,SFU Transit Exchange @ Bay 1,SFU Transit Exchange @ Bay 1,51861,SFU Transit Exchange,52110,52350,in_service_layover,64.26814620775951,67.14435678895292,16.221827677930776,240,4.0,14:28:30,14:32:30,False,,no_dispenser,0
2160773,heavy,106.0,8.0,40-ft,HTC,2,SAT,14848638,14848679,144,144,60662,60662,SFU Transit Exchange @ Bay 4,SFU Transit Exchange @ Bay 4,60662,SFU Transit Exchange,53010,53430,in_service_layover,62.49392589594637,67.52417709783091,28.370616778628857,420,7.0,14:43:30,14:50:30,False,,no_dispenser,0
2160790,heavy,130.0,32.0,40-ft,BTC,2,SAT,14849010,14849082,145,145,51861,51861,SFU Transit Exchange @ Bay 1,SFU Transit Exchange @ Bay 1,51861,SFU Transit Exchange,53850,54210,in_service_layover,63.67797770836927,67.94809367487198,24.08345405107525,360,6.0,14:57:30,15:03:30,False,,no_dispenser,0
2160625,heavy,106.0,5.0,40-ft,HTC,2,SAT,14848608,14848655,144,144,60662,60662,SFU Transit Exchange @ Bay 4,SFU Transit Exchange @ Bay 4,60662,SFU Transit Exchange,54210,54630,in_service_layover,59.437345315877586,64.72655592162795,29.831147816432008,420,7.0,15:03:30,15:10:30,False,,no_dispenser,0
2160789,heavy,130.0,31.0,40-ft,BTC,2,SAT,14849011,14849070,145,145,51861,51861,SFU Transit Exchange @ Bay 1,SFU Transit Exchange @ Bay 1,51861,SFU Transit Exchange,54750,55110,in_service_layover,62.49659977813771,66.8514508577024,24.56136008874489,360,6.0,15:12:30,15:18:30,False,,no_dispenser,0
2160616,heavy,106.0,3.0,40-ft,HTC,2,SAT,14848643,14848687,144,144,60662,60662,SFU Transit Exchange @ Bay 4,SFU Transit Exchange @ Bay 4,60662,SFU Transit Exchange,55530,55830,in_service_layover,59.45512757079279,63.30224998370693,21.697770408835765,300,5.0,15:25:30,15:30:30,False,,no_dispenser,0
2160790,heavy,130.0,32.0,40-ft,BTC,2,SAT,14849026,14849072,145,145,51861,51861,SFU Transit Exchange @ Bay 1,SFU Transit Exchange @ Bay 1,51861,SFU Transit Exchange,56550,56970,in_service_layover,63.300336664056765,68.26128754911002,27.97976299170034,420,7.0,15:42:30,15:49:30,False,,no_dispenser,0
2160574,heavy,123.0,2.0,40-ft,HTC,2,SAT,14848637,14848652,144,144,60662,60662,SFU Transit Exchange @ Bay 4,SFU Transit Exchange @ Bay 4,60662,SFU Transit Exchange,56730,57030,in_service_layover,47.42707564696659,51.26287975160504,21.633935150160823,300,5.0,15:45:30,15:50:30,False,,no_dispenser,0
2160789,heavy,130.0,31.0,40-ft,BTC,2,SAT,14849013,14849083,145,145,51861,51861,SFU Transit Exchange @ Bay 1,SFU Transit Exchange @ Bay 1,51861,SFU Transit Exchange,57450,57810,in_service_layover,62.203693846887184,66.57931839675334,24.67852246124511,360,6.0,15:57:30,16:03:30,False,,no_dispenser,0
2160624,heavy,106.0,10.0,40-ft,HTC,2,SAT,14848607,14848676,144,144,60662,60662,SFU Transit Exchange @ Bay 4,SFU Transit Exchange @ Bay 4,60662,SFU Transit Exchange,57930,58230,in_service_layover,60.9631690058042,64.71830086125311,21.178943664731946,300,5.0,16:05:30,16:10:30,False,,no_dispenser,0
2160613,heavy,106.0,7.0,40-ft,HTC,2,SAT,14848615,14848645,144,144,60662,60662,SFU Transit Exchange @ Bay 4,SFU Transit Exchange @ Bay 4,60662,SFU Transit Exchange,59130,59430,in_service_layover,61.065038252888,64.81414946725633,21.144987249037342,300,5.0,16:25:30,16:30:30,False,,no_dispenser,0
2160790,heavy,130.0,32.0,40-ft,BTC,2,SAT,14849015,14849074,145,145,51861,51861,SFU Transit Exchange @ Bay 1,SFU Transit Exchange @ Bay 1,51861,SFU Transit Exchange,59250,59610,in_service_layover,63.6135305382948,67.88835136434437,24.109989458919586,360,6.0,16:27:30,16:33:30,False,,no_dispenser,0
2160789,heavy,130.0,31.0,40-ft,BTC,2,SAT,14849027,14849075,145,145,51861,51861,SFU Transit Exchange @ Bay 1,SFU Transit Exchange @ Bay 1,51861,SFU Transit Exchange,60150,60510,in_service_layover,61.931561385938124,66.32648611033969,24.787375445624775,360,6.0,16:42:30,16:48:30,False,,no_dispenser,0
2160773,heavy,106.0,8.0,40-ft,HTC,2,SAT,14848625,14848648,144,144,60662,60662,SFU Transit Exchange @ Bay 4,SFU Transit Exchange @ Bay 4,60662,SFU Transit Exchange,60390,60750,in_service_layover,56.81099509653943,61.522417443043196,26.57242203428126,360,6.0,16:46:30,16:52:30,False,,no_dispenser,0
2160625,heavy,106.0,5.0,40-ft,HTC,2,SAT,14848606,14848673,144,144,60662,60662,SFU Transit Exchange @ Bay 4,SFU Transit Exchange @ Bay 4,60662,SFU Transit Exchange,61530,62010,in_service_layover,54.21475153405814,60.50477145415643,35.47571234935441,480,8.0,17:05:30,17:13:30,False,,no_dispenser,0
2160790,heavy,130.0,32.0,40-ft,BTC,2,SAT,14849017,14849076,145,145,51861,51861,SFU Transit Exchange @ Bay 1,SFU Transit Exchange @ Bay 1,51861,SFU Transit Exchange,61950,62430,in_service_layover,63.24059435352917,68.85329768441846,31.655646786215698,480,8.0,17:12:30,17:20:30,False,,no_dispenser,0
2160616,heavy,106.0,3.0,40-ft,HTC,2,SAT,14848622,14848680,144,144,60662,60662,SFU Transit Exchange @ Bay 4,SFU Transit Exchange @ Bay 4,60662,SFU Transit Exchange,62730,63210,in_service_layover,52.86580152000312,59.160502532371574,35.50211370975808,480,8.0,17:25:30,17:33:30,False,,no_dispenser,0
2160789,heavy,130.0,31.0,40-ft,BTC,2,SAT,14849018,14849077,145,145,51861,51861,SFU Transit Exchange @ Bay 1,SFU Transit Exchange @ Bay 1,51861,SFU Transit Exchange,62850,63090,in_service_layover,61.678729099524475,64.67737074966516,16.91233890679348,240,4.0,17:27:30,17:31:30,False,,no_dispenser,0
2160574,heavy,123.0,2.0,40-ft,HTC,2,SAT,14848627,14848672,144,144,60662,60662,SFU Transit Exchange @ Bay 4,SFU Transit Exchange @ Bay 4,60662,SFU Transit Exchange,63930,64410,in_service_layover,40.7281541083676,46.81377142416557,34.32288166110058,480,8.0,17:45:30,17:53:30,False,,no_dispenser,0
2160624,heavy,106.0,10.0,40-ft,HTC,2,SAT,14848605,14848675,144,144,60662,60662,SFU Transit Exchange @ Bay 4,SFU Transit Exchange @ Bay 4,60662,SFU Transit Exchange,65190,65610,in_service_layover,54.92778630426187,60.44185181212178,31.099329464329912,420,7.0,18:06:30,18:13:30,False,,no_dispenser,0
2160789,heavy,130.0,31.0,40-ft,BTC,2,SAT,14849033,14849085,145,145,51861,51861,SFU Transit Exchange @ Bay 1,SFU Transit Exchange @ Bay 1,51861,SFU Transit Exchange,65370,65550,in_service_layover,60.02961373884995,62.358350840309164,13.134077252229986,180,3.0,18:09:30,18:12:30,False,,no_dispenser,0
2160613,heavy,106.0,7.0,40-ft,HTC,2,SAT,14848611,14848653,144,144,60662,60662,SFU Transit Exchange @ Bay 4,SFU Transit Exchange @ Bay 4,60662,SFU Transit Exchange,66390,66810,in_service_layover,55.72130784909465,61.22015984937551,31.013525281584066,420,7.0,18:26:30,18:33:30,False,,no_dispenser,0
2160773,heavy,106.0,8.0,40-ft,HTC,2,SAT,14848612,14848661,144,144,60662,60662,SFU Transit Exchange @ Bay 4,SFU Transit Exchange @ Bay 4,60662,SFU Transit Exchange,67710,68010,in_service_layover,52.64838976252728,56.560322995325485,22.063303432981854,300,5.0,18:48:30,18:53:30,False,,no_dispenser,0
2160789,heavy,130.0,31.0,40-ft,BTC,2,SAT,14849034,14849087,145,145,51861,51861,SFU Transit Exchange @ Bay 1,SFU Transit Exchange @ Bay 1,51861,SFU Transit Exchange,67770,68010,in_service_layover,57.71059382949395,60.87143136892952,17.82712372241656,240,4.0,18:49:30,18:53:30,False,,no_dispenser,0
2160625,heavy,106.0,5.0,40-ft,HTC,2,SAT,14848604,14848674,144,144,60662,60662,SFU Transit Exchange @ Bay 4,SFU Transit Exchange @ Bay 4,60662,SFU Transit Exchange,68910,69210,in_service_layover,52.41259043279065,56.32070137734201,22.0417457272697,300,5.0,19:08:30,19:13:30,False,,no_dispenser,0
2160616,heavy,106.0,3.0,40-ft,HTC,2,SAT,14848634,14848649,144,144,60662,60662,SFU Transit Exchange @ Bay 4,SFU Transit Exchange @ Bay 4,60662,SFU Transit Exchange,69870,70410,in_service_layover,50.333197552069166,57.367231409584086,39.671950956384194,540,9.0,19:24:30,19:33:30,False,,no_dispenser,0
2160789,heavy,130.0,31.0,40-ft,BTC,2,SAT,14849036,14849089,145,145,51861,51861,SFU Transit Exchange @ Bay 1,SFU Transit Exchange @ Bay 1,51861,SFU Transit Exchange,70290,70470,in_service_layover,56.22367435811431,58.595589613439216,13.377602040032514,180,3.0,19:31:30,19:34:30,False,,no_dispenser,0
2160478,heavy,410.0,9.0,40-ft,HTC,2,SAT,14848620,14848651,144,144,60662,60662,SFU Transit Exchange @ Bay 4,SFU Transit Exchange @ Bay 4,60662,SFU Transit Exchange,71610,71790,in_service_layover,24.80782105016886,27.040608763381808,12.592922702521037,180,3.0,19:53:30,19:56:30,False,,no_dispenser,0
2160615,heavy,123.0,17.0,40-ft,HTC,2,SAT,14848631,14848670,144,144,60662,60662,SFU Transit Exchange @ Bay 4,SFU Transit Exchange @ Bay 4,60662,SFU Transit Exchange,73290,73590,in_service_layover,62.0368273525985,65.72850422301231,20.821057549133855,300,5.0,20:21:30,20:26:30,False,,no_dispenser,0
2160773,heavy,106.0,8.0,40-ft,HTC,2,SAT,14848623,14848669,144,144,60662,60662,SFU Transit Exchange @ Bay 4,SFU Transit Exchange @ Bay 4,60662,SFU Transit Exchange,74910,75210,in_service_layover,53.71860628861369,57.64788764557238,22.161146853247033,300,5.0,20:48:30,20:53:30,False,,no_dispenser,0
2160789,heavy,130.0,31.0,40-ft,BTC,2,SAT,14849031,14849093,145,145,51861,51861,SFU Transit Exchange @ Bay 1,SFU Transit Exchange @ Bay 1,51861,SFU Transit Exchange,75090,75330,in_service_layover,49.30007559180879,52.38022427180036,17.372038555152415,240,4.0,20:51:30,20:55:30,False,,no_dispenser,0
2160616,heavy,106.0,3.0,40-ft,HTC,2,SAT,14848617,14848658,144,144,60662,60662,SFU Transit Exchange @ Bay 4,SFU Transit Exchange @ Bay 4,60662,SFU Transit Exchange,76830,77190,in_service_layover,51.60324927010586,56.28725690756403,26.417803075264032,360,6.0,21:20:30,21:26:30,False,,no_dispenser,0
2160789,heavy,130.0,31.0,40-ft,BTC,2,SAT,14849021,14849044,145,145,51861,51861,SFU Transit Exchange @ Bay 1,SFU Transit Exchange @ Bay 1,51861,SFU Transit Exchange,77550,77790,in_service_layover,47.732467260985146,50.797734672897235,17.28810820318415,240,4.0,21:32:30,21:36:30,False,,no_dispenser,0
2160478,heavy,410.0,9.0,40-ft,HTC,2,SAT,14848610,14848657,144,144,60662,60662,SFU Transit Exchange @ Bay 4,SFU Transit Exchange @ Bay 4,60662,SFU Transit Exchange,78630,78990,in_service_layover,26.15733060674932,30.639438788713303,25.27909014627687,360,6.0,21:50:30,21:56:30,False,,no_dispenser,0
2160789,heavy,130.0,31.0,40-ft,BTC,2,SAT,14848987,14849042,145,145,51861,51861,SFU Transit Exchange @ Bay 1,SFU Transit Exchange @ Bay 1,51861,SFU Transit Exchange,79890,80730,in_service_layover,46.149977662082016,57.039755666036505,61.41834794230334,840,14.0,22:11:30,22:25:30,False,,no_dispenser,0
2160615,heavy,123.0,17.0,40-ft,HTC,2,SAT,14848639,14848644,144,144,60662,60662,SFU Transit Exchange @ Bay 4,SFU Transit Exchange @ Bay 4,60662,SFU Transit Exchange,80430,80790,in_service_layover,64.42383707786901,68.63875778348294,23.772152779662576,360,6.0,22:20:30,22:26:30,False,,no_dispenser,0
2160773,heavy,106.0,8.0,40-ft,HTC,2,SAT,14848621,14848662,144,144,60662,60662,SFU Transit Exchange @ Bay 4,SFU Transit Exchange @ Bay 4,60662,SFU Transit Exchange,82230,82590,in_service_layover,60.163495995886585,64.68381542880243,25.494601601645343,360,6.0,22:50:30,22:56:30,False,,no_dispenser,0
2160789,heavy,130.0,31.0,40-ft,BTC,2,SAT,14848985,14849041,145,145,51861,51861,SFU Transit Exchange @ Bay 1,SFU Transit Exchange @ Bay 1,51861,SFU Transit Exchange,82770,83070,in_service_layover,52.39199865522129,56.29977580870772,22.039863145663446,300,5.0,22:59:30,23:04:30,False,,no_dispenser,0
2160613,heavy,106.0,7.0,40-ft,HTC,2,SAT,14848632,14848666,144,144,60662,60662,SFU Transit Exchange @ Bay 4,SFU Transit Exchange @ Bay 4,60662,SFU Transit Exchange,84030,84390,in_service_layover,64.91041300214971,69.08858735060309,23.564903325277044,360,6.0,23:20:30,23:26:30,False,,no_dispenser,0
2160789,heavy,130.0,31.0,40-ft,BTC,2,SAT,14848984,14849039,145,145,51861,51861,SFU Transit Exchange @ Bay 1,SFU Transit Exchange @ Bay 1,51861,SFU Transit Exchange,85050,85290,in_service_layover,51.65201879789251,54.76196602231376,17.540102345735818,240,4.0,23:37:30,23:41:30,False,,no_dispenser,0
2160478,heavy,410.0,9.0,40-ft,HTC,2,SAT,14848616,14848681,144,144,60662,60662,SFU Transit Exchange @ Bay 4,SFU Transit Exchange @ Bay 4,60662,SFU Transit Exchange,85650,86190,in_service_layover,32.869680280233446,39.65892549749603,38.29134302536096,540,9.0,23:47:30,23:56:30,False,,no_dispenser,0
2160789,heavy,130.0,31.0,40-ft,BTC,2,SAT,14848983,14849040,145,145,51861,51861,SFU Transit Exchange @ Bay 1,SFU Transit Exchange @ Bay 1,51861,SFU Transit Exchange,87270,87510,in_service_layover,50.114209011498545,53.20421401715616,17.427628231908955,240,4.0,24:14:30,24:18:30,False,,no_dispenser,0
2160612,heavy,123.0,23.0,40-ft,HTC,2,SAT,14848618,14848671,144,144,60662,60662,SFU Transit Exchange @ Bay 4,SFU Transit Exchange @ Bay 4,60662,SFU Transit Exchange,87750,87990,in_service_layover,69.77134533863642,72.36162680482727,14.609187469316396,240,4.0,24:22:30,24:26:30,False,,no_dispenser,0
2160789,heavy,130.0,31.0,40-ft,BTC,2,SAT,14848982,14849038,145,145,51861,51861,SFU Transit Exchange @ Bay 1,SFU Transit Exchange @ Bay 1,51861,SFU Transit Exchange,89430,89790,in_service_layover,48.55645700634095,53.18475046205957,26.10357509025306,360,6.0,24:50:30,24:56:30,False,,no_dispenser,0
2161611,heavy,319.0,22.0,40-ft,STC,2,SAT,14862991,14863076,319,319,53104,55200,Scott Road Station @ Bay 1,Scott Road Station @ Bay 4,53104,Scott Road Station,30870,31410,in_service_layover,67.32050804079778,73.06691855874469,32.40975532122059,540,9.0,08:34:30,08:43:30,False,,no_dispenser,0
2162568,heavy,312.0,55.0,40-ft,STC,2,SAT,14878406,14878449,640,640,53104,55096,Scott Road Station @ Bay 1,Scott Road Station @ Bay 7,53104,Scott Road Station,31110,31350,in_service_layover,66.88416981289114,69.63319878061536,15.504523377964517,240,4.0,08:38:30,08:42:30,False,,no_dispenser,0
2161609,heavy,319.0,20.0,40-ft,STC,2,SAT,14862992,14863077,319,319,53104,55200,Scott Road Station @ Bay 1,Scott Road Station @ Bay 4,53104,Scott Road Station,31770,32310,in_service_layover,68.51867121309769,74.11188998971913,31.545753900144973,540,9.0,08:49:30,08:58:30,False,,no_dispenser,0
2161608,heavy,319.0,21.0,40-ft,STC,2,SAT,14862993,14863078,319,319,53104,55200,Scott Road Station @ Bay 1,Scott Road Station @ Bay 4,53104,Scott Road Station,32670,33210,in_service_layover,68.51867121309769,74.11188998971913,31.545753900144973,540,9.0,09:04:30,09:13:30,False,,no_dispenser,0
2161527,heavy,312.0,50.0,40-ft,STC,2,SAT,14878407,14878450,640,640,53104,55096,Scott Road Station @ Bay 1,Scott Road Station @ Bay 7,53104,Scott Road Station,32970,33150,in_service_layover,58.40146035788564,60.77618511179542,13.393447612051204,180,3.0,09:09:30,09:12:30,False,,no_dispenser,0
2161607,heavy,319.0,23.0,40-ft,STC,2,SAT,14862994,14863079,319,319,53104,55200,Scott Road Station @ Bay 1,Scott Road Station @ Bay 4,53104,Scott Road Station,33570,34110,in_service_layover,68.51867121309769,74.11188998971913,31.545753900144973,540,9.0,09:19:30,09:28:30,False,,no_dispenser,0
2161606,heavy,319.0,24.0,40-ft,STC,2,SAT,14862995,14863080,319,319,53104,55200,Scott Road Station @ Bay 1,Scott Road Station @ Bay 4,53104,Scott Road Station,34410,35010,in_service_layover,68.51867121309769,74.64500620364588,34.55252934669181,600,10.0,09:33:30,09:43:30,False,,no_dispenser,0
2161524,heavy,312.0,56.0,40-ft,STC,2,SAT,14878408,14878451,640,640,53104,55096,Scott Road Station @ Bay 1,Scott Road Station @ Bay 7,53104,Scott Road Station,34770,34950,in_service_layover,61.62119732161025,63.89349528892904,12.815760535677953,180,3.0,09:39:30,09:42:30,False,,no_dispenser,0
2161613,heavy,319.0,25.0,40-ft,STC,2,SAT,14862996,14863081,319,319,53104,55200,Scott Road Station @ Bay 1,Scott Road Station @ Bay 4,53104,Scott Road Station,35310,35910,in_service_layover,69.80708789824872,75.74571040765325,33.49383095304154,600,10.0,09:48:30,09:58:30,False,,no_dispenser,0
2161611,heavy,319.0,22.0,40-ft,STC,2,SAT,14862997,14863082,319,319,53104,55200,Scott Road Station @ Bay 1,Scott Road Station @ Bay 4,53104,Scott Road Station,36090,36810,in_service_layover,67.41601494598835,74.74537835862292,41.337609647258944,720,12.0,10:01:30,10:13:30,False,,no_dispenser,0
2162568,heavy,312.0,55.0,40-ft,STC,2,SAT,14878409,14878452,640,640,53104,55096,Scott Road Station @ Bay 1,Scott Road Station @ Bay 7,53104,Scott Road Station,36570,36750,in_service_layover,57.92891968134172,60.30884527931705,13.422780372580917,180,3.0,10:09:30,10:12:30,False,,no_dispenser,0
2161609,heavy,319.0,20.0,40-ft,STC,2,SAT,14862998,14863083,319,319,53104,55200,Scott Road Station @ Bay 1,Scott Road Station @ Bay 4,53104,Scott Road Station,37110,37710,in_service_layover,67.7698154740536,74.0033758100331,35.15728029492436,600,10.0,10:18:30,10:28:30,False,,no_dispenser,0
2161608,heavy,319.0,21.0,40-ft,STC,2,SAT,14862999,14863084,319,319,53104,55200,Scott Road Station @ Bay 1,Scott Road Station @ Bay 4,53104,Scott Road Station,38010,38610,in_service_layover,67.7698154740536,74.0033758100331,35.15728029492436,600,10.0,10:33:30,10:43:30,False,,no_dispenser,0
2161527,heavy,312.0,50.0,40-ft,STC,2,SAT,14878410,14878453,640,640,53104,55096,Scott Road Station @ Bay 1,Scott Road Station @ Bay 7,53104,Scott Road Station,38370,38550,in_service_layover,49.24273940194155,51.54742272864592,12.99841396261263,180,3.0,10:39:30,10:42:30,False,,no_dispenser,0
2161607,heavy,319.0,23.0,40-ft,STC,2,SAT,14863000,14863085,319,319,53104,55200,Scott Road Station @ Bay 1,Scott Road Station @ Bay 4,53104,Scott Road Station,38970,39510,in_service_layover,67.7698154740536,73.45919436099908,32.08809692237253,540,9.0,10:49:30,10:58:30,False,,no_dispenser,0
2161606,heavy,319.0,24.0,40-ft,STC,2,SAT,14863001,14863086,319,319,53104,55200,Scott Road Station @ Bay 1,Scott Road Station @ Bay 4,53104,Scott Road Station,39870,40410,in_service_layover,68.25747313483149,73.88438928260581,31.735807073447177,540,9.0,11:04:30,11:13:30,False,,no_dispenser,0
2161524,heavy,312.0,56.0,40-ft,STC,2,SAT,14878411,14878454,640,640,53104,55096,Scott Road Station @ Bay 1,Scott Road Station @ Bay 7,53104,Scott Road Station,40170,40350,in_service_layover,52.3952502133119,54.72993039940501,13.167596249565179,180,3.0,11:09:30,11:12:30,False,,no_dispenser,0
2161613,heavy,319.0,25.0,40-ft,STC,2,SAT,14863002,14863087,319,319,53104,55200,Scott Road Station @ Bay 1,Scott Road Station @ Bay 4,53104,Scott Road Station,40830,41310,in_service_layover,68.67985919025857,73.7037340502921,28.33465421058912,480,8.0,11:20:30,11:28:30,False,,no_dispenser,0
2161611,heavy,319.0,22.0,40-ft,STC,2,SAT,14863003,14863088,319,319,53104,55200,Scott Road Station @ Bay 1,Scott Road Station @ Bay 4,53104,Scott Road Station,41730,42210,in_service_layover,67.75218050266184,72.8816345740761,28.93012096277647,480,8.0,11:35:30,11:43:30,False,,no_dispenser,0
2162568,heavy,312.0,55.0,40-ft,STC,2,SAT,14878412,14878455,640,640,53104,55096,Scott Road Station @ Bay 1,Scott Road Station @ Bay 7,53104,Scott Road Station,41970,42150,in_service_layover,48.76933913646379,51.070491411916606,12.978498833553886,180,3.0,11:39:30,11:42:30,False,,no_dispenser,0
2161609,heavy,319.0,20.0,40-ft,STC,2,SAT,14863004,14863089,319,319,53104,55200,Scott Road Station @ Bay 1,Scott Road Station @ Bay 4,53104,Scott Road Station,42690,43110,in_service_layover,66.43675553175584,71.11294666605784,26.373717997463245,420,7.0,11:51:30,11:58:30,False,,no_dispenser,0
2161608,heavy,319.0,21.0,40-ft,STC,2,SAT,14863005,14863090,319,319,53104,55200,Scott Road Station @ Bay 1,Scott Road Station @ Bay 4,53104,Scott Road Station,43590,44010,in_service_layover,66.43675553175584,71.11294666605784,26.373717997463245,420,7.0,12:06:30,12:13:30,False,,no_dispenser,0
2161527,heavy,312.0,50.0,40-ft,STC,2,SAT,14878413,14878481,640,640,53104,55096,Scott Road Station @ Bay 1,Scott Road Station @ Bay 7,53104,Scott Road Station,43770,44550,in_service_layover,39.92658282316097,49.86323804357742,56.04273544314876,780,13.0,12:09:30,12:22:30,False,,no_dispenser,0
2161607,heavy,319.0,23.0,40-ft,STC,2,SAT,14863006,14863091,319,319,53104,55200,Scott Road Station @ Bay 1,Scott Road Station @ Bay 4,53104,Scott Road Station,44490,44910,in_service_layover,65.9220280067483,70.6466135165242,26.646662275136066,420,7.0,12:21:30,12:28:30,False,,no_dispenser,0
2161477,heavy,312.0,60.0,40-ft,STC,2,SAT,14862335,14862386,312,312,53104,57566,Scott Road Station @ Bay 1,Scott Road Station @ Bay 8,53104,Scott Road Station,45390,45810,in_service_layover,69.90524984624642,74.23832424788469,24.438539625239855,420,7.0,12:36:30,12:43:30,False,,no_dispenser,0
2161606,heavy,319.0,24.0,40-ft,STC,2,SAT,14863007,14863092,319,319,53104,55200,Scott Road Station @ Bay 1,Scott Road Station @ Bay 4,53104,Scott Road Station,45390,45810,in_service_layover,66.32427143958702,71.01109434128834,26.43368116559543,420,7.0,12:36:30,12:43:30,False,,no_dispenser,0
2161524,heavy,312.0,56.0,40-ft,STC,2,SAT,14878414,14878457,640,640,53104,55096,Scott Road Station @ Bay 1,Scott Road Station @ Bay 7,53104,Scott Road Station,45570,45750,in_service_layover,43.12533842219082,45.406141629519006,12.863730089330971,180,3.0,12:39:30,12:42:30,False,,no_dispenser,0
2161613,heavy,319.0,25.0,40-ft,STC,2,SAT,14863008,14863093,319,319,53104,55200,Scott Road Station @ Bay 1,Scott Road Station @ Bay 4,53104,Scott Road Station,46470,46710,in_service_layover,65.50554253729133,68.32313227472763,15.891206119140747,240,4.0,12:54:30,12:58:30,False,,no_dispenser,0
2161525,heavy,312.0,61.0,40-ft,STC,2,SAT,14862344,14862385,312,312,53104,57566,Scott Road Station @ Bay 1,Scott Road Station @ Bay 8,53104,Scott Road Station,47250,47610,in_service_layover,69.90524984624642,73.67250349661832,21.24731058809749,360,6.0,13:07:30,13:13:30,False,,no_dispenser,0
2161611,heavy,319.0,22.0,40-ft,STC,2,SAT,14863009,14863094,319,319,53104,55200,Scott Road Station @ Bay 1,Scott Road Station @ Bay 4,53104,Scott Road Station,47370,47610,in_service_layover,64.71490433473322,67.56999160023047,16.102692177404492,240,4.0,13:09:30,13:13:30,False,,no_dispenser,0
2162568,heavy,312.0,55.0,40-ft,STC,2,SAT,14878415,14878458,640,640,53104,55096,Scott Road Station @ Bay 1,Scott Road Station @ Bay 7,53104,Scott Road Station,47370,48150,in_service_layover,39.44799198673942,49.37504477429321,55.98857772180341,780,13.0,13:09:30,13:22:30,False,,no_dispenser,0
2161609,heavy,319.0,20.0,40-ft,STC,2,SAT,14863010,14863096,319,319,53104,55200,Scott Road Station @ Bay 1,Scott Road Station @ Bay 4,53104,Scott Road Station,48450,49410,in_service_layover,63.69442055721562,73.7413433190003,56.66464437646556,960,16.0,13:27:30,13:43:30,False,,no_dispenser,0
2161528,heavy,312.0,59.0,40-ft,STC,2,SAT,14862334,14862384,312,312,53104,57566,Scott Road Station @ Bay 1,Scott Road Station @ Bay 8,53104,Scott Road Station,49050,49410,in_service_layover,67.48987040657232,71.46350647905703,22.411307448813773,360,6.0,13:37:30,13:43:30,False,,no_dispenser,0
2161608,heavy,319.0,21.0,40-ft,STC,2,SAT,14863011,14863097,319,319,53104,55200,Scott Road Station @ Bay 1,Scott Road Station @ Bay 4,53104,Scott Road Station,49410,50310,in_service_layover,64.36284970438334,73.77344343478049,53.07574863943995,900,15.0,13:43:30,13:58:30,False,,no_dispenser,0
2161527,heavy,312.0,50.0,40-ft,STC,2,SAT,14878417,14878460,640,640,53104,55096,Scott Road Station @ Bay 1,Scott Road Station @ Bay 7,53104,Scott Road Station,50310,50550,in_service_layover,43.62561894284154,46.67044010727786,17.172791367420842,240,4.0,13:58:30,14:02:30,False,,no_dispenser,0
2161607,heavy,319.0,23.0,40-ft,STC,2,SAT,14863012,14863098,319,319,53104,55200,Scott Road Station @ Bay 1,Scott Road Station @ Bay 4,53104,Scott Road Station,50370,51210,in_service_layover,63.92537234707858,72.91428591207617,50.69747250658634,840,14.0,13:59:30,14:13:30,False,,no_dispenser,0
2161606,heavy,319.0,24.0,40-ft,STC,2,SAT,14863013,14863099,319,319,53104,55200,Scott Road Station @ Bay 1,Scott Road Station @ Bay 4,53104,Scott Road Station,51330,52110,in_service_layover,64.91954913373122,73.2010926743775,46.707905569244986,780,13.0,14:15:30,14:28:30,False,,no_dispenser,0
2161524,heavy,312.0,56.0,40-ft,STC,2,SAT,14878442,14878483,640,640,53104,55096,Scott Road Station @ Bay 1,Scott Road Station @ Bay 7,53104,Scott Road Station,51510,51750,in_service_layover,39.099186205737,42.12825729463972,17.083960941411277,240,4.0,14:18:30,14:22:30,False,,no_dispenser,0
2161613,heavy,319.0,25.0,40-ft,STC,2,SAT,14863014,14863100,319,319,53104,55200,Scott Road Station @ Bay 1,Scott Road Station @ Bay 4,53104,Scott Road Station,52290,53010,in_service_layover,63.103791260626764,71.14739752070595,45.365939306846656,720,12.0,14:31:30,14:43:30,False,,no_dispenser,0
2161525,heavy,312.0,61.0,40-ft,STC,2,SAT,14862332,14862382,312,312,53104,57566,Scott Road Station @ Bay 1,Scott Road Station @ Bay 8,53104,Scott Road Station,52650,53010,in_service_layover,69.19389565084576,73.02342363192106,21.59853781326467,360,6.0,14:37:30,14:43:30,False,,no_dispenser,0
2161611,heavy,319.0,22.0,40-ft,STC,2,SAT,14863015,14863101,319,319,53104,55200,Scott Road Station @ Bay 1,Scott Road Station @ Bay 4,53104,Scott Road Station,53190,53910,in_service_layover,62.41406918555643,70.56766818545822,45.98629835944615,720,12.0,14:46:30,14:58:30,False,,no_dispenser,0
2162568,heavy,312.0,55.0,40-ft,STC,2,SAT,14878443,14878462,640,640,53104,55096,Scott Road Station @ Bay 1,Scott Road Station @ Bay 7,53104,Scott Road Station,53910,54750,in_service_layover,42.35040122524326,53.1301511469911,60.7977895586578,840,14.0,14:58:30,15:12:30,False,,no_dispenser,0
2161528,heavy,312.0,59.0,40-ft,STC,2,SAT,14862331,14862381,312,312,53104,57566,Scott Road Station @ Bay 1,Scott Road Station @ Bay 8,53104,Scott Road Station,54330,54810,in_service_layover,66.00161910026684,71.32453241330093,30.021231085512284,480,8.0,15:05:30,15:13:30,False,,no_dispenser,0
2161609,heavy,319.0,20.0,40-ft,STC,2,SAT,14863017,14863103,319,319,53104,55200,Scott Road Station @ Bay 1,Scott Road Station @ Bay 4,53104,Scott Road Station,54990,55710,in_service_layover,66.18899657783382,73.72625472998749,42.51013597814671,720,12.0,15:16:30,15:28:30,False,,no_dispenser,0
2161608,heavy,319.0,21.0,40-ft,STC,2,SAT,14863018,14863104,319,319,53104,55200,Scott Road Station @ Bay 1,Scott Road Station @ Bay 4,53104,Scott Road Station,55890,56610,in_service_layover,66.21935735389474,73.75151642350137,42.481377152581445,720,12.0,15:31:30,15:43:30,False,,no_dispenser,0
2161477,heavy,312.0,60.0,40-ft,STC,2,SAT,14862330,14862380,312,312,53104,57566,Scott Road Station @ Bay 1,Scott Road Station @ Bay 8,53104,Scott Road Station,56130,56610,in_service_layover,64.87430086838454,70.31780200976962,30.701346437411928,480,8.0,15:35:30,15:43:30,False,,no_dispenser,0
2161527,heavy,312.0,50.0,40-ft,STC,2,SAT,14878420,14878463,640,640,53104,55096,Scott Road Station @ Bay 1,Scott Road Station @ Bay 7,53104,Scott Road Station,56310,56550,in_service_layover,40.379620663269314,43.41314712367388,17.10908923668177,240,4.0,15:38:30,15:42:30,False,,no_dispenser,0
2161607,heavy,319.0,23.0,40-ft,STC,2,SAT,14863019,14863105,319,319,53104,55200,Scott Road Station @ Bay 1,Scott Road Station @ Bay 4,53104,Scott Road Station,56790,57510,in_service_layover,62.49593122442283,70.6365362286413,45.91301222379224,720,12.0,15:46:30,15:58:30,False,,no_dispenser,0
2161524,heavy,312.0,56.0,40-ft,STC,2,SAT,14878444,14878464,640,640,53104,55096,Scott Road Station @ Bay 1,Scott Road Station @ Bay 7,53104,Scott Road Station,57510,58350,in_service_layover,35.78869036210642,46.42491804527172,59.98832413305226,840,14.0,15:58:30,16:12:30,False,,no_dispenser,0
2161606,heavy,319.0,24.0,40-ft,STC,2,SAT,14863020,14863106,319,319,53104,55200,Scott Road Station @ Bay 1,Scott Road Station @ Bay 4,53104,Scott Road Station,57690,58410,in_service_layover,64.84702656011044,72.60741141980921,43.76857060870111,720,12.0,16:01:30,16:13:30,False,,no_dispenser,0
2161525,heavy,312.0,61.0,40-ft,STC,2,SAT,14862329,14862379,312,312,53104,57566,Scott Road Station @ Bay 1,Scott Road Station @ Bay 8,53104,Scott Road Station,57930,58410,in_service_layover,67.43554104913325,72.60054708024272,29.130634015457417,480,8.0,16:05:30,16:13:30,False,,no_dispenser,0
2161613,heavy,319.0,25.0,40-ft,STC,2,SAT,14863021,14863107,319,319,53104,55200,Scott Road Station @ Bay 1,Scott Road Station @ Bay 4,53104,Scott Road Station,58590,59310,in_service_layover,62.86751203831036,70.94893022736434,45.579198586264454,720,12.0,16:16:30,16:28:30,False,,no_dispenser,0
2161611,heavy,319.0,22.0,40-ft,STC,2,SAT,14863022,14863108,319,319,53104,55200,Scott Road Station @ Bay 1,Scott Road Station @ Bay 4,53104,Scott Road Station,59490,60210,in_service_layover,62.308340480908285,70.47869639199001,46.08080733850096,720,12.0,16:31:30,16:43:30,False,,no_dispenser,0
2161528,heavy,312.0,59.0,40-ft,STC,2,SAT,14862328,14862378,312,312,53104,57566,Scott Road Station @ Bay 1,Scott Road Station @ Bay 8,53104,Scott Road Station,59730,60210,in_service_layover,65.87357916066557,71.21034589759073,30.099364396257897,480,8.0,16:35:30,16:43:30,False,,no_dispenser,0
2162568,heavy,312.0,55.0,40-ft,STC,2,SAT,14878422,14878465,640,640,53104,55096,Scott Road Station @ Bay 1,Scott Road Station @ Bay 7,53104,Scott Road Station,60030,60210,in_service_layover,40.75011722366077,43.02472185551153,12.828770123638293,180,3.0,16:40:30,16:43:30,False,,no_dispenser,0
2161610,heavy,319.0,26.0,40-ft,STC,2,SAT,14863023,14863109,319,319,53104,55200,Scott Road Station @ Bay 1,Scott Road Station @ Bay 4,53104,Scott Road Station,60390,61110,in_service_layover,67.49581622252279,74.81153021707868,41.260626929295256,720,12.0,16:46:30,16:58:30,False,,no_dispenser,0
2161609,heavy,319.0,20.0,40-ft,STC,2,SAT,14863024,14863110,319,319,53104,55200,Scott Road Station @ Bay 1,Scott Road Station @ Bay 4,53104,Scott Road Station,61290,62010,in_service_layover,65.99941673148658,73.56846501665319,42.689432328339706,720,12.0,17:01:30,17:13:30,False,,no_dispenser,0
2161477,heavy,312.0,60.0,40-ft,STC,2,SAT,14862355,14862364,312,312,53104,57566,Scott Road Station @ Bay 1,Scott Road Station @ Bay 8,53104,Scott Road Station,61530,62010,in_service_layover,64.944636521492,70.38070553827046,30.65942925463048,480,8.0,17:05:30,17:13:30,False,,no_dispenser,0
2161527,heavy,312.0,50.0,40-ft,STC,2,SAT,14878423,14878466,640,640,53104,55096,Scott Road Station @ Bay 1,Scott Road Station @ Bay 7,53104,Scott Road Station,61830,62010,in_service_layover,31.007754895655886,33.25693504567065,12.685376046083235,180,3.0,17:10:30,17:13:30,False,,no_dispenser,0
2161608,heavy,319.0,21.0,40-ft,STC,2,SAT,14863025,14863111,319,319,53104,55200,Scott Road Station @ Bay 1,Scott Road Station @ Bay 4,53104,Scott Road Station,62190,62910,in_service_layover,66.02331063266985,73.58835814619603,42.66686797628762,720,12.0,17:16:30,17:28:30,False,,no_dispenser,0
2161607,heavy,319.0,23.0,40-ft,STC,2,SAT,14863026,14863112,319,319,53104,55200,Scott Road Station @ Bay 1,Scott Road Station @ Bay 4,53104,Scott Road Station,63090,63810,in_service_layover,63.06525921854508,71.11504167375818,45.40077304740197,720,12.0,17:31:30,17:43:30,False,,no_dispenser,0
2161525,heavy,312.0,61.0,40-ft,STC,2,SAT,14862354,14862377,312,312,53104,57566,Scott Road Station @ Bay 1,Scott Road Station @ Bay 8,53104,Scott Road Station,63330,63810,in_service_layover,67.65384942397655,72.79437037132531,28.992538143047,480,8.0,17:35:30,17:43:30,False,,no_dispenser,0
2161524,heavy,312.0,56.0,40-ft,STC,2,SAT,14878424,14878467,640,640,53104,55096,Scott Road Station @ Bay 1,Scott Road Station @ Bay 7,53104,Scott Road Station,63630,63810,in_service_layover,34.027385586015384,36.284446016300336,12.729820826807156,180,3.0,17:40:30,17:43:30,False,,no_dispenser,0
2161606,heavy,319.0,24.0,40-ft,STC,2,SAT,14863027,14863113,319,319,53104,55200,Scott Road Station @ Bay 1,Scott Road Station @ Bay 4,53104,Scott Road Station,63990,64710,in_service_layover,64.9395753908724,72.6847154073719,43.68258969305708,720,12.0,17:46:30,17:58:30,False,,no_dispenser,0
2161613,heavy,319.0,25.0,40-ft,STC,2,SAT,14863028,14863114,319,319,53104,55200,Scott Road Station @ Bay 1,Scott Road Station @ Bay 4,53104,Scott Road Station,64830,65610,in_service_layover,63.36288281543722,71.92097184820967,48.267622144836594,780,13.0,18:00:30,18:13:30,False,,no_dispenser,0
2161528,heavy,312.0,59.0,40-ft,STC,2,SAT,14862353,14862376,312,312,53104,57566,Scott Road Station @ Bay 1,Scott Road Station @ Bay 8,53104,Scott Road Station,65130,65610,in_service_layover,66.39531897276811,71.6753810125534,29.779549904389,480,8.0,18:05:30,18:13:30,False,,no_dispenser,0
2162568,heavy,312.0,55.0,40-ft,STC,2,SAT,14878425,14878468,640,640,53104,55096,Scott Road Station @ Bay 1,Scott Road Station @ Bay 7,53104,Scott Road Station,65430,65610,in_service_layover,30.61831596049549,32.86647979816218,12.679644044440181,180,3.0,18:10:30,18:13:30,False,,no_dispenser,0
2161611,heavy,319.0,22.0,40-ft,STC,2,SAT,14863029,14863115,319,319,53104,55200,Scott Road Station @ Bay 1,Scott Road Station @ Bay 4,53104,Scott Road Station,65730,66510,in_service_layover,62.9148822583312,71.55145390119849,48.710264065771526,780,13.0,18:15:30,18:28:30,False,,no_dispenser,0
2161610,heavy,319.0,26.0,40-ft,STC,2,SAT,14863030,14863116,319,319,53104,55200,Scott Road Station @ Bay 1,Scott Road Station @ Bay 4,53104,Scott Road Station,66630,67410,in_service_layover,67.02451496044166,74.92261619579254,44.545290967379,780,13.0,18:30:30,18:43:30,False,,no_dispenser,0
2161609,heavy,319.0,20.0,40-ft,STC,2,SAT,14863031,14863117,319,319,53104,55200,Scott Road Station @ Bay 1,Scott Road Station @ Bay 4,53104,Scott Road Station,67350,68310,in_service_layover,67.27200771557449,76.51295866469212,52.118963353023446,960,16.0,18:42:30,18:58:30,False,,no_dispenser,0
2161608,heavy,319.0,21.0,40-ft,STC,2,SAT,14863032,14863118,319,319,53104,55200,Scott Road Station @ Bay 1,Scott Road Station @ Bay 4,53104,Scott Road Station,68190,69210,in_service_layover,66.67612054299342,76.48972952138254,55.34875463811471,1020,17.0,18:56:30,19:13:30,False,,no_dispenser,0
2161525,heavy,312.0,61.0,40-ft,STC,2,SAT,14862325,14862366,312,312,53104,57566,Scott Road Station @ Bay 1,Scott Road Station @ Bay 8,53104,Scott Road Station,68670,69210,in_service_layover,67.8289371511433,73.51077479705857,32.04556432296221,540,9.0,19:04:30,19:13:30,False,,no_dispenser,0
2161524,heavy,312.0,56.0,40-ft,STC,2,SAT,14878427,14878470,640,640,53104,55096,Scott Road Station @ Bay 1,Scott Road Station @ Bay 7,53104,Scott Road Station,68910,69150,in_service_layover,23.860450134905832,26.835976390584865,16.78196808202975,240,4.0,19:08:30,19:12:30,False,,no_dispenser,0
2161607,heavy,319.0,23.0,40-ft,STC,2,SAT,14863033,14863119,319,319,53104,55200,Scott Road Station @ Bay 1,Scott Road Station @ Bay 4,53104,Scott Road Station,69030,70110,in_service_layover,63.6964157013143,74.6856767081126,61.97943207834231,1080,18.0,19:10:30,19:28:30,False,,no_dispenser,0
2161606,heavy,319.0,24.0,40-ft,STC,2,SAT,14863034,14863120,319,319,53104,55200,Scott Road Station @ Bay 1,Scott Road Station @ Bay 4,53104,Scott Road Station,69870,71010,in_service_layover,65.18821014177324,76.22388628332621,62.24121343835867,1140,19.0,19:24:30,19:43:30,False,,no_dispenser,0
2161528,heavy,312.0,59.0,40-ft,STC,2,SAT,14862351,14862374,312,312,53104,57566,Scott Road Station @ Bay 1,Scott Road Station @ Bay 8,53104,Scott Road Station,70410,71010,in_service_layover,66.81683878629136,73.18485275110766,35.9155987615639,600,10.0,19:33:30,19:43:30,False,,no_dispenser,0
2162568,heavy,312.0,55.0,40-ft,STC,2,SAT,14878428,14878471,640,640,53104,55096,Scott Road Station @ Bay 1,Scott Road Station @ Bay 7,53104,Scott Road Station,70710,70950,in_service_layover,20.433523980720235,23.39806999647005,16.72003952882895,240,4.0,19:38:30,19:42:30,False,,no_dispenser,0
2161611,heavy,319.0,22.0,40-ft,STC,2,SAT,14863036,14863121,319,319,53104,55200,Scott Road Station @ Bay 1,Scott Road Station @ Bay 4,53104,Scott Road Station,71610,71970,in_service_layover,63.43254836008491,67.72052704673295,24.184199792694926,360,6.0,19:53:30,19:59:30,False,,no_dispenser,0
2161610,heavy,319.0,26.0,40-ft,STC,2,SAT,14863037,14863122,319,319,53104,55200,Scott Road Station @ Bay 1,Scott Road Station @ Bay 4,53104,Scott Road Station,72510,72870,in_service_layover,66.67471568041789,70.71476055452905,22.785853089986972,360,6.0,20:08:30,20:14:30,False,,no_dispenser,0
2161609,heavy,319.0,20.0,40-ft,STC,2,SAT,14863038,14863123,319,319,53104,55200,Scott Road Station @ Bay 1,Scott Road Station @ Bay 4,53104,Scott Road Station,73290,73770,in_service_layover,66.2699121587638,71.56366507654927,29.856766456310083,480,8.0,20:21:30,20:29:30,False,,no_dispenser,0
2161525,heavy,312.0,61.0,40-ft,STC,2,SAT,14862350,14862373,312,312,53104,57566,Scott Road Station @ Bay 1,Scott Road Station @ Bay 8,53104,Scott Road Station,74010,74610,in_service_layover,68.47528833788814,74.60787294329806,34.58777717451187,600,10.0,20:33:30,20:43:30,False,,no_dispenser,0
2161608,heavy,319.0,21.0,40-ft,STC,2,SAT,14863039,14863124,319,319,53104,55200,Scott Road Station @ Bay 1,Scott Road Station @ Bay 4,53104,Scott Road Station,74190,74670,in_service_layover,66.24668301545422,71.54296782900535,29.871046348428365,480,8.0,20:36:30,20:44:30,False,,no_dispenser,0
2161607,heavy,319.0,23.0,40-ft,STC,2,SAT,14863040,14863125,319,319,53104,55200,Scott Road Station @ Bay 1,Scott Road Station @ Bay 4,53104,Scott Road Station,75090,75570,in_service_layover,67.08109661545652,72.28560575927146,29.35343157111629,480,8.0,20:51:30,20:59:30,False,,no_dispenser,0
2161528,heavy,312.0,59.0,40-ft,STC,2,SAT,14862323,14862372,312,312,53104,57566,Scott Road Station @ Bay 1,Scott Road Station @ Bay 8,53104,Scott Road Station,75690,76410,in_service_layover,69.32380915696051,76.32256933323593,39.47300739419342,720,12.0,21:01:30,21:13:30,False,,no_dispenser,0
2161606,heavy,319.0,24.0,40-ft,STC,2,SAT,14863041,14863126,319,319,53104,55200,Scott Road Station @ Bay 1,Scott Road Station @ Bay 4,53104,Scott Road Station,75990,76470,in_service_layover,65.98083977739788,71.30600382305441,30.033925217502826,480,8.0,21:06:30,21:14:30,False,,no_dispenser,0
2161611,heavy,319.0,22.0,40-ft,STC,2,SAT,14863042,14863127,319,319,53104,55200,Scott Road Station @ Bay 1,Scott Road Station @ Bay 4,53104,Scott Road Station,76890,77370,in_service_layover,60.462430992920034,66.34777491398545,33.19333971480893,480,8.0,21:21:30,21:29:30,False,,no_dispenser,0
2161610,heavy,319.0,26.0,40-ft,STC,2,SAT,14863043,14863128,319,319,53104,55200,Scott Road Station @ Bay 1,Scott Road Station @ Bay 4,53104,Scott Road Station,77790,78270,in_service_layover,63.31509317647047,68.92022333095306,31.61293407128187,480,8.0,21:36:30,21:44:30,False,,no_dispenser,0
2161609,heavy,319.0,20.0,40-ft,STC,2,SAT,14863044,14863129,319,319,53104,55200,Scott Road Station @ Bay 1,Scott Road Station @ Bay 4,53104,Scott Road Station,78570,79170,in_service_layover,64.12339988550607,70.8593345333441,37.99067141380647,600,10.0,21:49:30,21:59:30,False,,no_dispenser,0
2161892,heavy,320.0,55.0,40-ft,STC,2,SAT,14862359,14862371,312,312,53104,57566,Scott Road Station @ Bay 1,Scott Road Station @ Bay 8,53104,Scott Road Station,79290,79890,in_service_layover,35.2437812724846,42.81306288375036,42.69074828753892,600,10.0,22:01:30,22:11:30,False,,no_dispenser,0
2161608,heavy,319.0,21.0,40-ft,STC,2,SAT,14863045,14863130,319,319,53104,55200,Scott Road Station @ Bay 1,Scott Road Station @ Bay 4,53104,Scott Road Station,79470,80070,in_service_layover,64.10371185143507,70.84227043612323,38.00547041764128,600,10.0,22:04:30,22:14:30,False,,no_dispenser,0
2161607,heavy,319.0,23.0,40-ft,STC,2,SAT,14863046,14863131,319,319,53104,55200,Scott Road Station @ Bay 1,Scott Road Station @ Bay 4,53104,Scott Road Station,80370,80970,in_service_layover,66.09395208876853,72.56246556588808,36.48241601095418,600,10.0,22:19:30,22:29:30,False,,no_dispenser,0
2161528,heavy,312.0,59.0,40-ft,STC,2,SAT,14862348,14862399,312,312,53104,57566,Scott Road Station @ Bay 1,Scott Road Station @ Bay 8,53104,Scott Road Station,81030,81510,in_service_layover,66.76842700860635,72.00752757396765,29.54852718863765,480,8.0,22:30:30,22:38:30,False,,no_dispenser,0
2161606,heavy,319.0,24.0,40-ft,STC,2,SAT,14863047,14863132,319,319,53104,55200,Scott Road Station @ Bay 1,Scott Road Station @ Bay 4,53104,Scott Road Station,81270,81870,in_service_layover,65.19165015085127,71.7838007755342,37.17972952321168,600,10.0,22:34:30,22:44:30,False,,no_dispenser,0
2161611,heavy,319.0,22.0,40-ft,STC,2,SAT,14863048,14863133,319,319,53104,55200,Scott Road Station @ Bay 1,Scott Road Station @ Bay 4,53104,Scott Road Station,82050,82770,in_service_layover,60.594406010538584,69.0325711922491,47.5912516248473,720,12.0,22:47:30,22:59:30,False,,no_dispenser,0
2161610,heavy,319.0,26.0,40-ft,STC,2,SAT,14863049,14863134,319,319,53104,55200,Scott Road Station @ Bay 1,Scott Road Station @ Bay 4,53104,Scott Road Station,82950,83670,in_service_layover,62.984244308695104,71.04700012172337,45.47394278547944,720,12.0,23:02:30,23:14:30,False,,no_dispenser,0
2161609,heavy,319.0,20.0,40-ft,STC,2,SAT,14863050,14863135,319,319,53104,55200,Scott Road Station @ Bay 1,Scott Road Station @ Bay 4,53104,Scott Road Station,83850,84570,in_service_layover,66.03514255485041,73.59820711766366,42.655684134266664,720,12.0,23:17:30,23:29:30,False,,no_dispenser,0
2161892,heavy,320.0,55.0,40-ft,STC,2,SAT,14862347,14862389,312,312,53104,57566,Scott Road Station @ Bay 1,Scott Road Station @ Bay 8,53104,Scott Road Station,84510,84810,in_service_layover,43.92282269560633,47.73265365101281,21.48744658849253,300,5.0,23:28:30,23:33:30,False,,no_dispenser,0
2161608,heavy,319.0,21.0,40-ft,STC,2,SAT,14863051,14863136,319,319,53104,55200,Scott Road Station @ Bay 1,Scott Road Station @ Bay 4,53104,Scott Road Station,84750,85470,in_service_layover,66.01988973278392,73.5855105286033,42.67010128842128,720,12.0,23:32:30,23:44:30,False,,no_dispenser,0
2161607,heavy,319.0,23.0,40-ft,STC,2,SAT,14863052,14863137,319,319,53104,55200,Scott Road Station @ Bay 1,Scott Road Station @ Bay 4,53104,Scott Road Station,85530,86370,in_service_layover,67.55390790564063,75.83030655677393,46.678888392391855,840,14.0,23:45:30,23:59:30,False,,no_dispenser,0
2161606,heavy,319.0,24.0,40-ft,STC,2,SAT,14863053,14863138,319,319,53104,55200,Scott Road Station @ Bay 1,Scott Road Station @ Bay 4,53104,Scott Road Station,86430,87270,in_service_layover,66.86042064859116,75.27550053409574,47.461050554245844,840,14.0,24:00:30,24:14:30,False,,no_dispenser,0
2161611,heavy,319.0,22.0,40-ft,STC,2,SAT,14863054,14863139,319,319,53104,55200,Scott Road Station @ Bay 1,Scott Road Station @ Bay 4,53104,Scott Road Station,87330,88170,in_service_layover,65.02643466724399,73.80256505787838,49.497375403177955,840,14.0,24:15:30,24:29:30,False,,no_dispenser,0
2161610,heavy,319.0,26.0,40-ft,STC,2,SAT,14863055,14863140,319,319,53104,55200,Scott Road Station @ Bay 1,Scott Road Station @ Bay 4,53104,Scott Road Station,88230,89070,in_service_layover,66.80132473744663,75.22816823844138,47.52739734561038,840,14.0,24:30:30,24:44:30,False,,no_dispenser,0
2161892,heavy,320.0,55.0,40-ft,STC,2,SAT,14862346,14862370,312,312,53104,57566,Scott Road Station @ Bay 1,Scott Road Station @ Bay 8,53104,Scott Road Station,88530,88770,in_service_layover,38.17851132638323,41.204378855278776,17.065892862970856,240,4.0,24:35:30,24:39:30,False,,no_dispenser,0
2161609,heavy,319.0,20.0,40-ft,STC,2,SAT,14863056,14863063,319,319,53104,55200,Scott Road Station @ Bay 1,Scott Road Station @ Bay 4,53104,Scott Road Station,89010,89970,in_service_layover,69.03482217366579,77.86722725419475,49.81476465418331,960,16.0,24:43:30,24:59:30,False,,no_dispenser,0
2161607,heavy,319.0,23.0,40-ft,STC,2,SAT,14863058,14863060,319,319,53104,55200,Scott Road Station @ Bay 1,Scott Road Station @ Bay 4,53104,Scott Road Station,90810,91170,in_service_layover,65.58726005084561,69.713349683572,23.271145528576767,360,6.0,25:13:30,25:19:30,False,,no_dispenser,0
2161480,heavy,312.0,53.0,40-ft,STC,2,SAT,14862087,14862106,310,310,56394,56394,Scottsdale Exchange @ Bay 1,Scottsdale Exchange @ Bay 1,56394,Scottsdale Exchange,30630,31530,in_service_layover,65.3938379921508,74.58893730288429,51.86036011253691,900,15.0,08:30:30,08:45:30,False,,no_dispenser,0
2161476,heavy,312.0,51.0,40-ft,STC,2,SAT,14862078,14862118,310,310,56394,56394,Scottsdale Exchange @ Bay 1,Scottsdale Exchange @ Bay 1,56394,Scottsdale Exchange,32550,33330,in_service_layover,59.25797315986083,68.53241266228135,52.30783879365174,780,13.0,09:02:30,09:15:30,False,,no_dispenser,0
2161581,heavy,312.0,57.0,40-ft,STC,2,SAT,14862701,14862671,316,316,54793,55041,Scottsdale Exchange @ Bay 6,Scottsdale Exchange @ Bay 2,54793,Scottsdale Exchange,34230,35010,in_service_layover,68.8521415580533,76.40846903847253,42.61768698956445,780,13.0,09:30:30,09:43:30,False,,no_dispenser,0
2161478,heavy,312.0,58.0,40-ft,STC,2,SAT,14862088,14862121,310,310,56394,56394,Scottsdale Exchange @ Bay 1,Scottsdale Exchange @ Bay 1,56394,Scottsdale Exchange,34350,35130,in_service_layover,60.97843431134543,69.94855735765563,50.5914939811895,780,13.0,09:32:30,09:45:30,False,,no_dispenser,0
2161528,heavy,312.0,59.0,40-ft,STC,2,SAT,14862392,14862339,312,312,56394,54793,Scottsdale Exchange @ Bay 1,Scottsdale Exchange @ Bay 6,56394,Scottsdale Exchange,35250,35970,in_service_layover,69.79892956841158,76.71396208717181,39.00078340580768,720,12.0,09:47:30,09:59:30,False,,no_dispenser,0
2161480,heavy,312.0,53.0,40-ft,STC,2,SAT,14862079,14862108,310,310,56394,56394,Scottsdale Exchange @ Bay 1,Scottsdale Exchange @ Bay 1,56394,Scottsdale Exchange,36210,36870,in_service_layover,60.62970340199393,68.44820694442674,44.09635997932105,660,11.0,10:03:30,10:14:30,False,,no_dispenser,0
2161665,heavy,320.0,35.0,40-ft,STC,2,SAT,14869524,14869471,364,364,56394,55192,Scottsdale Exchange @ Bay 1,Scottsdale Exchange @ Bay 9,56394,Scottsdale Exchange,36990,37470,in_service_layover,64.5552682175233,70.0323280022382,30.89061718579194,480,8.0,10:16:30,10:24:30,False,,no_dispenser,0
2161477,heavy,312.0,60.0,40-ft,STC,2,SAT,14862367,14862338,312,312,56394,54793,Scottsdale Exchange @ Bay 1,Scottsdale Exchange @ Bay 6,56394,Scottsdale Exchange,37050,37770,in_service_layover,69.79892956841158,76.71396208717181,39.00078340580768,720,12.0,10:17:30,10:29:30,False,,no_dispenser,0
2161582,heavy,312.0,54.0,40-ft,STC,2,SAT,14862703,14862673,316,316,54793,55041,Scottsdale Exchange @ Bay 6,Scottsdale Exchange @ Bay 2,54793,Scottsdale Exchange,37950,38610,in_service_layover,66.95615753243528,73.84312782393604,38.84251244406431,660,11.0,10:32:30,10:43:30,False,,no_dispenser,0
2161476,heavy,312.0,51.0,40-ft,STC,2,SAT,14862089,14862122,310,310,56394,56394,Scottsdale Exchange @ Bay 1,Scottsdale Exchange @ Bay 1,56394,Scottsdale Exchange,38070,38610,in_service_layover,54.57317876139099,61.60893820597511,39.68168326745439,540,9.0,10:34:30,10:43:30,False,,no_dispenser,0
2162113,heavy,320.0,47.0,40-ft,STC,2,SAT,14869500,14869481,364,364,56394,55192,Scottsdale Exchange @ Bay 1,Scottsdale Exchange @ Bay 9,56394,Scottsdale Exchange,38190,38670,in_service_layover,64.5552682175233,70.0323280022382,30.89061718579194,480,8.0,10:36:30,10:44:30,False,,no_dispenser,0
2161555,heavy,320.0,71.0,40-ft,STC,2,SAT,14866042,14866033,329,329,54793,55041,Scottsdale Exchange @ Bay 6,Scottsdale Exchange @ Bay 2,54793,Scottsdale Exchange,38670,39270,in_service_layover,66.39058527312768,72.81801514490542,36.2507044768264,600,10.0,10:44:30,10:54:30,False,,no_dispenser,0
2161525,heavy,312.0,61.0,40-ft,STC,2,SAT,14862391,14862337,312,312,56394,54793,Scottsdale Exchange @ Bay 1,Scottsdale Exchange @ Bay 6,56394,Scottsdale Exchange,38850,39570,in_service_layover,69.79892956841158,76.71396208717181,39.00078340580768,720,12.0,10:47:30,10:59:30,False,,no_dispenser,0
2162118,heavy,320.0,68.0,40-ft,STC,2,SAT,14869501,14869472,364,364,56394,55192,Scottsdale Exchange @ Bay 1,Scottsdale Exchange @ Bay 9,56394,Scottsdale Exchange,39390,39870,in_service_layover,67.77305174663503,72.90015406223613,28.91685705999015,480,8.0,10:56:30,11:04:30,False,,no_dispenser,0
2161478,heavy,312.0,58.0,40-ft,STC,2,SAT,14862080,14862109,310,310,56394,56394,Scottsdale Exchange @ Bay 1,Scottsdale Exchange @ Bay 1,56394,Scottsdale Exchange,39930,40410,in_service_layover,55.98932345676526,62.22740825397347,35.18279825625427,480,8.0,11:05:30,11:13:30,False,,no_dispenser,0
2161581,heavy,312.0,57.0,40-ft,STC,2,SAT,14862704,14862674,316,316,54793,55041,Scottsdale Exchange @ Bay 6,Scottsdale Exchange @ Bay 2,54793,Scottsdale Exchange,39930,40410,in_service_layover,66.3824434220674,71.66391344080417,29.78749090567544,480,8.0,11:05:30,11:13:30,False,,no_dispenser,0
2161528,heavy,312.0,59.0,40-ft,STC,2,SAT,14862390,14862336,312,312,56394,54793,Scottsdale Exchange @ Bay 1,Scottsdale Exchange @ Bay 6,56394,Scottsdale Exchange,40650,41370,in_service_layover,67.15981976254224,74.53289692636599,41.58415520396602,720,12.0,11:17:30,11:29:30,False,,no_dispenser,0
2162114,heavy,320.0,58.0,40-ft,STC,2,SAT,14869525,14869460,364,364,56394,55192,Scottsdale Exchange @ Bay 1,Scottsdale Exchange @ Bay 9,56394,Scottsdale Exchange,40770,41070,in_service_layover,63.530815570194335,67.13419526462728,20.32306147660188,300,5.0,11:19:30,11:24:30,False,,no_dispenser,0
2161480,heavy,312.0,53.0,40-ft,STC,2,SAT,14862090,14862123,310,310,56394,56394,Scottsdale Exchange @ Bay 1,Scottsdale Exchange @ Bay 1,56394,Scottsdale Exchange,41730,42210,in_service_layover,54.48897304353638,60.77436693672985,35.44962155761118,480,8.0,11:35:30,11:43:30,False,,no_dispenser,0
2162116,heavy,320.0,66.0,40-ft,STC,2,SAT,14869502,14869482,364,364,56394,55192,Scottsdale Exchange @ Bay 1,Scottsdale Exchange @ Bay 9,56394,Scottsdale Exchange,41970,42270,in_service_layover,63.530815570194335,67.13419526462728,20.32306147660188,300,5.0,11:39:30,11:44:30,False,,no_dispenser,0
2161477,heavy,312.0,60.0,40-ft,STC,2,SAT,14862395,14862335,312,312,56394,54793,Scottsdale Exchange @ Bay 1,Scottsdale Exchange @ Bay 6,56394,Scottsdale Exchange,42510,43170,in_service_layover,67.15981976254224,74.01516416778018,38.6641424455421,660,11.0,11:48:30,11:59:30,False,,no_dispenser,0
2162117,heavy,502.0,44.0,40-ft,STC,2,SAT,14869503,14869473,364,364,56394,55192,Scottsdale Exchange @ Bay 1,Scottsdale Exchange @ Bay 9,56394,Scottsdale Exchange,43170,43470,in_service_layover,62.991992818454534,66.62721782918418,20.50266906051513,300,5.0,11:59:30,12:04:30,False,,no_dispenser,0
2161476,heavy,312.0,51.0,40-ft,STC,2,SAT,14862081,14862110,310,310,56394,56394,Scottsdale Exchange @ Bay 1,Scottsdale Exchange @ Bay 1,56394,Scottsdale Exchange,43590,44010,in_service_layover,47.64970430508475,53.04506011685631,30.42980677839165,420,7.0,12:06:30,12:13:30,False,,no_dispenser,0
2161582,heavy,312.0,54.0,40-ft,STC,2,SAT,14862706,14862676,316,316,54793,55041,Scottsdale Exchange @ Bay 6,Scottsdale Exchange @ Bay 2,54793,Scottsdale Exchange,43590,44010,in_service_layover,69.37953031106068,73.76651575298162,24.742597892434105,420,7.0,12:06:30,12:13:30,False,,no_dispenser,0
2162119,heavy,320.0,73.0,40-ft,STC,2,SAT,14869526,14869483,364,364,56394,55192,Scottsdale Exchange @ Bay 1,Scottsdale Exchange @ Bay 9,56394,Scottsdale Exchange,44310,44670,in_service_layover,62.43543999076338,66.79462864390074,24.585824003694654,360,6.0,12:18:30,12:24:30,False,,no_dispenser,0
2161525,heavy,312.0,61.0,40-ft,STC,2,SAT,14862388,14862344,312,312,56394,54793,Scottsdale Exchange @ Bay 1,Scottsdale Exchange @ Bay 6,56394,Scottsdale Exchange,44310,44970,in_service_layover,67.15981976254224,74.01516416778018,38.6641424455421,660,11.0,12:18:30,12:29:30,False,,no_dispenser,0
2161478,heavy,312.0,58.0,40-ft,STC,2,SAT,14862091,14862124,310,310,56394,56394,Scottsdale Exchange @ Bay 1,Scottsdale Exchange @ Bay 1,56394,Scottsdale Exchange,45450,45810,in_service_layover,48.26817435308311,52.89211663688391,26.079034480636494,360,6.0,12:37:30,12:43:30,False,,no_dispenser,0
2161581,heavy,312.0,57.0,40-ft,STC,2,SAT,14862707,14862677,316,316,54793,55041,Scottsdale Exchange @ Bay 6,Scottsdale Exchange @ Bay 2,54793,Scottsdale Exchange,45450,45810,in_service_layover,66.30078049531653,70.37074126542481,22.954578743410707,360,6.0,12:37:30,12:43:30,False,,no_dispenser,0
2161665,heavy,320.0,35.0,40-ft,STC,2,SAT,14869504,14869474,364,364,56394,55192,Scottsdale Exchange @ Bay 1,Scottsdale Exchange @ Bay 9,56394,Scottsdale Exchange,45570,45870,in_service_layover,60.12287939201541,63.92767375418944,21.459040202661527,300,5.0,12:39:30,12:44:30,False,,no_dispenser,0
2161553,heavy,320.0,46.0,40-ft,STC,2,SAT,14866048,14866031,329,329,54793,55041,Scottsdale Exchange @ Bay 6,Scottsdale Exchange @ Bay 2,54793,Scottsdale Exchange,45930,46470,in_service_layover,64.62177877233582,70.70028838495391,34.282794215166064,540,9.0,12:45:30,12:54:30,False,,no_dispenser,0
2161528,heavy,312.0,59.0,40-ft,STC,2,SAT,14862387,14862334,312,312,56394,54793,Scottsdale Exchange @ Bay 1,Scottsdale Exchange @ Bay 6,56394,Scottsdale Exchange,46170,46770,in_service_layover,64.97875460173643,71.5997847281061,37.34260991272498,600,10.0,12:49:30,12:59:30,False,,no_dispenser,0
2162113,heavy,320.0,47.0,40-ft,STC,2,SAT,14869505,14869475,364,364,56394,55192,Scottsdale Exchange @ Bay 1,Scottsdale Exchange @ Bay 9,56394,Scottsdale Exchange,46710,47130,in_service_layover,59.501281336845565,64.78488978311152,29.799551636939952,420,7.0,12:58:30,13:05:30,False,,no_dispenser,0
2161480,heavy,312.0,53.0,40-ft,STC,2,SAT,14862082,14862678,310,316,56394,55041,Scottsdale Exchange @ Bay 1,Scottsdale Exchange @ Bay 2,56394,Scottsdale Exchange,47310,47610,in_service_layover,46.81513303583949,50.64485286498224,21.599619836365093,300,5.0,13:08:30,13:13:30,False,,no_dispenser,0
2162118,heavy,320.0,68.0,40-ft,STC,2,SAT,14869527,14869484,364,364,56394,55192,Scottsdale Exchange @ Bay 1,Scottsdale Exchange @ Bay 9,56394,Scottsdale Exchange,47910,48390,in_service_layover,62.03037408119864,67.76418118007703,32.338672037674144,480,8.0,13:18:30,13:26:30,False,,no_dispenser,0
2161477,heavy,312.0,60.0,40-ft,STC,2,SAT,14862386,14862333,312,312,56394,54793,Scottsdale Exchange @ Bay 1,Scottsdale Exchange @ Bay 6,56394,Scottsdale Exchange,48030,48570,in_service_layover,68.79409624478889,74.351600796164,31.34432566975562,540,9.0,13:20:30,13:29:30,False,,no_dispenser,0
2161582,heavy,312.0,54.0,40-ft,STC,2,SAT,14862709,14862679,316,316,54793,55041,Scottsdale Exchange @ Bay 6,Scottsdale Exchange @ Bay 2,54793,Scottsdale Exchange,49170,49410,in_service_layover,67.01260431947999,69.75500777019492,15.467155462032224,240,4.0,13:39:30,13:43:30,False,,no_dispenser,0
2161476,heavy,312.0,51.0,40-ft,STC,2,SAT,14862092,14862125,310,310,56394,56394,Scottsdale Exchange @ Bay 1,Scottsdale Exchange @ Bay 1,56394,Scottsdale Exchange,49170,49650,in_service_layover,39.08582621596595,45.159951069638,34.25806417471034,480,8.0,13:39:30,13:47:30,False,,no_dispenser,0
2162114,heavy,320.0,58.0,40-ft,STC,2,SAT,14869506,14869476,364,364,56394,55192,Scottsdale Exchange @ Bay 1,Scottsdale Exchange @ Bay 9,56394,Scottsdale Exchange,49230,49650,in_service_layover,56.93028670675048,62.38596557363753,30.770028809242945,420,7.0,13:40:30,13:47:30,False,,no_dispenser,0
2161555,heavy,320.0,71.0,40-ft,STC,2,SAT,14866047,14866039,329,329,54793,55041,Scottsdale Exchange @ Bay 6,Scottsdale Exchange @ Bay 2,54793,Scottsdale Exchange,49590,50010,in_service_layover,65.40445301391196,70.17704301358033,26.917407598129557,420,7.0,13:46:30,13:53:30,False,,no_dispenser,0
2161525,heavy,312.0,61.0,40-ft,STC,2,SAT,14862385,14862332,312,312,56394,54793,Scottsdale Exchange @ Bay 1,Scottsdale Exchange @ Bay 6,56394,Scottsdale Exchange,49890,50370,in_service_layover,68.22827549352252,73.30380997237954,28.626014460753595,480,8.0,13:51:30,13:59:30,False,,no_dispenser,0
2162116,heavy,320.0,66.0,40-ft,STC,2,SAT,14869507,14869477,364,364,56394,55192,Scottsdale Exchange @ Bay 1,Scottsdale Exchange @ Bay 9,56394,Scottsdale Exchange,50430,50850,in_service_layover,55.55153101071782,61.054511466051906,31.03680976808431,420,7.0,14:00:30,14:07:30,False,,no_dispenser,0
2161478,heavy,312.0,58.0,40-ft,STC,2,SAT,14862085,14862112,310,310,56394,56394,Scottsdale Exchange @ Bay 1,Scottsdale Exchange @ Bay 1,56394,Scottsdale Exchange,50970,51330,in_service_layover,38.932882735993545,43.481649739313035,25.65504589872188,360,6.0,14:09:30,14:15:30,False,,no_dispenser,0
2161581,heavy,312.0,57.0,40-ft,STC,2,SAT,14862710,14862680,316,316,54793,55041,Scottsdale Exchange @ Bay 6,Scottsdale Exchange @ Bay 2,54793,Scottsdale Exchange,51030,51210,in_service_layover,63.84245971754125,66.03598951479157,12.371508056491734,180,3.0,14:10:30,14:13:30,False,,no_dispenser,0
2162117,heavy,502.0,44.0,40-ft,STC,2,SAT,14869528,14869485,364,364,56394,55192,Scottsdale Exchange @ Bay 1,Scottsdale Exchange @ Bay 9,56394,Scottsdale Exchange,51630,52050,in_service_layover,54.37050113623746,59.88903073309609,31.12450692628272,420,7.0,14:20:30,14:27:30,False,,no_dispenser,0
2161528,heavy,312.0,59.0,40-ft,STC,2,SAT,14862384,14862331,312,312,56394,54793,Scottsdale Exchange @ Bay 1,Scottsdale Exchange @ Bay 6,56394,Scottsdale Exchange,51810,52170,in_service_layover,66.01927847596124,70.11153342180062,23.080317894534062,360,6.0,14:23:30,14:29:30,False,,no_dispenser,0
2161480,heavy,312.0,53.0,40-ft,STC,2,SAT,14862711,14862681,316,316,54793,55041,Scottsdale Exchange @ Bay 6,Scottsdale Exchange @ Bay 2,54793,Scottsdale Exchange,52830,53010,in_service_layover,44.43810339642884,46.72233250479815,12.883052171202877,180,3.0,14:40:30,14:43:30,False,,no_dispenser,0
2162119,heavy,320.0,73.0,40-ft,STC,2,SAT,14869508,14869452,364,364,56394,55192,Scottsdale Exchange @ Bay 1,Scottsdale Exchange @ Bay 9,56394,Scottsdale Exchange,52830,53250,in_service_layover,54.526266652452826,60.04406610196303,31.120388895237568,420,7.0,14:40:30,14:47:30,False,,no_dispenser,0
2161554,heavy,320.0,77.0,40-ft,STC,2,SAT,14866044,14866038,329,329,54793,55041,Scottsdale Exchange @ Bay 6,Scottsdale Exchange @ Bay 2,54793,Scottsdale Exchange,53310,53610,in_service_layover,62.01606885905684,65.70897259079106,20.82797704698106,300,5.0,14:48:30,14:53:30,False,,no_dispenser,0
2161477,heavy,312.0,60.0,40-ft,STC,2,SAT,14862383,14862330,312,312,56394,54793,Scottsdale Exchange @ Bay 1,Scottsdale Exchange @ Bay 6,56394,Scottsdale Exchange,53610,53970,in_service_layover,64.79745847153443,68.9842151899183,23.613307891685054,360,6.0,14:53:30,14:59:30,False,,no_dispenser,0
2161475,heavy,320.0,22.0,40-ft,STC,2,SAT,14869509,14869461,364,364,56394,55192,Scottsdale Exchange @ Bay 1,Scottsdale Exchange @ Bay 9,56394,Scottsdale Exchange,54030,54450,in_service_layover,41.96091496764359,47.28986989265521,30.05530577706557,420,7.0,15:00:30,15:07:30,False,,no_dispenser,0
2161582,heavy,312.0,54.0,40-ft,STC,2,SAT,14862712,14862682,316,316,54793,55041,Scottsdale Exchange @ Bay 6,Scottsdale Exchange @ Bay 2,54793,Scottsdale Exchange,54630,54810,in_service_layover,62.58628265229043,64.82435773554252,12.622743469541888,180,3.0,15:10:30,15:13:30,False,,no_dispenser,0
2161476,heavy,312.0,51.0,40-ft,STC,2,SAT,14862083,14862113,310,310,56394,56394,Scottsdale Exchange @ Bay 1,Scottsdale Exchange @ Bay 1,56394,Scottsdale Exchange,54750,55170,in_service_layover,31.200717168747644,36.46404537702499,29.68517109468425,420,7.0,15:12:30,15:19:30,False,,no_dispenser,0
2161525,heavy,312.0,61.0,40-ft,STC,2,SAT,14862382,14862329,312,312,56394,54793,Scottsdale Exchange @ Bay 1,Scottsdale Exchange @ Bay 6,56394,Scottsdale Exchange,55410,55770,in_service_layover,67.57919562882526,71.54545537066703,22.36970494398753,360,6.0,15:23:30,15:29:30,False,,no_dispenser,0
2161581,heavy,312.0,57.0,40-ft,STC,2,SAT,14862713,14862683,316,316,54793,55041,Scottsdale Exchange @ Bay 6,Scottsdale Exchange @ Bay 2,54793,Scottsdale Exchange,56430,56610,in_service_layover,59.04310450352553,61.404862026101604,13.3203124273291,180,3.0,15:40:30,15:43:30,False,,no_dispenser,0
2161478,heavy,312.0,58.0,40-ft,STC,2,SAT,14862094,14862127,310,310,56394,56394,Scottsdale Exchange @ Bay 1,Scottsdale Exchange @ Bay 1,56394,Scottsdale Exchange,56490,56910,in_service_layover,29.52241583842267,34.77552443117759,29.627532463137754,420,7.0,15:41:30,15:48:30,False,,no_dispenser,0
2162113,heavy,320.0,47.0,40-ft,STC,2,SAT,14869510,14869453,364,364,56394,55192,Scottsdale Exchange @ Bay 1,Scottsdale Exchange @ Bay 9,56394,Scottsdale Exchange,56610,56850,in_service_layover,63.072685909622926,66.0054194363547,16.540617090767228,240,4.0,15:43:30,15:47:30,False,,no_dispenser,0
2161553,heavy,320.0,46.0,40-ft,STC,2,SAT,14866046,14866037,329,329,54793,55041,Scottsdale Exchange @ Bay 6,Scottsdale Exchange @ Bay 2,54793,Scottsdale Exchange,56910,57210,in_service_layover,58.287063920971626,62.19283352292443,22.02854055501382,300,5.0,15:48:30,15:53:30,False,,no_dispenser,0
2161528,heavy,312.0,59.0,40-ft,STC,2,SAT,14862381,14862328,312,312,56394,54793,Scottsdale Exchange @ Bay 1,Scottsdale Exchange @ Bay 6,56394,Scottsdale Exchange,57210,57570,in_service_layover,65.88030441020514,69.98349348219935,23.141986366047377,360,6.0,15:53:30,15:59:30,False,,no_dispenser,0
2162118,heavy,320.0,68.0,40-ft,STC,2,SAT,14869511,14869454,364,364,56394,55192,Scottsdale Exchange @ Bay 1,Scottsdale Exchange @ Bay 9,56394,Scottsdale Exchange,57810,58050,in_service_layover,64.62014716154543,67.47971467163785,16.127960756921198,240,4.0,16:03:30,16:07:30,False,,no_dispenser,0
2162114,heavy,320.0,58.0,40-ft,STC,2,SAT,14869530,14869490,364,364,56394,55192,Scottsdale Exchange @ Bay 1,Scottsdale Exchange @ Bay 9,56394,Scottsdale Exchange,58950,59250,in_service_layover,59.1955330452275,63.0576371073299,21.782266910257533,300,5.0,16:22:30,16:27:30,False,,no_dispenser,0
2161477,heavy,312.0,60.0,40-ft,STC,2,SAT,14862380,14862355,312,312,56394,54793,Scottsdale Exchange @ Bay 1,Scottsdale Exchange @ Bay 6,56394,Scottsdale Exchange,59010,59370,in_service_layover,64.87357400667383,69.05455084302578,23.580709357025,360,6.0,16:23:30,16:29:30,False,,no_dispenser,0
2162116,heavy,320.0,66.0,40-ft,STC,2,SAT,14869514,14869487,364,364,56394,55192,Scottsdale Exchange @ Bay 1,Scottsdale Exchange @ Bay 9,56394,Scottsdale Exchange,60030,60450,in_service_layover,58.1084492721778,63.498829498855,30.40174447845942,420,7.0,16:40:30,16:47:30,False,,no_dispenser,0
2161882,heavy,320.0,72.0,40-ft,STC,2,SAT,14862715,14862685,316,316,54793,55041,Scottsdale Exchange @ Bay 6,Scottsdale Exchange @ Bay 2,54793,Scottsdale Exchange,60090,60270,in_service_layover,37.976033458691084,40.24339861002168,12.78793945350455,180,3.0,16:41:30,16:44:30,False,,no_dispenser,0
2161476,heavy,312.0,51.0,40-ft,STC,2,SAT,14862095,14862128,310,310,56394,56394,Scottsdale Exchange @ Bay 1,Scottsdale Exchange @ Bay 1,56394,Scottsdale Exchange,60330,60750,in_service_layover,22.50481147613463,27.714086919157875,29.380313498651105,420,7.0,16:45:30,16:52:30,False,,no_dispenser,0
2161555,heavy,320.0,71.0,40-ft,STC,2,SAT,14866045,14866036,329,329,54793,55041,Scottsdale Exchange @ Bay 6,Scottsdale Exchange @ Bay 2,54793,Scottsdale Exchange,60570,60810,in_service_layover,57.83669992288829,60.99522833909374,17.81410026739877,240,4.0,16:49:30,16:53:30,False,,no_dispenser,0
2161525,heavy,312.0,61.0,40-ft,STC,2,SAT,14862379,14862354,312,312,56394,54793,Scottsdale Exchange @ Bay 1,Scottsdale Exchange @ Bay 6,56394,Scottsdale Exchange,60750,61170,in_service_layover,67.15631907714692,71.76376374551032,25.985987929569603,420,7.0,16:52:30,16:59:30,False,,no_dispenser,0
2162117,heavy,502.0,44.0,40-ft,STC,2,SAT,14869512,14869455,364,364,56394,55192,Scottsdale Exchange @ Bay 1,Scottsdale Exchange @ Bay 9,56394,Scottsdale Exchange,61230,61650,in_service_layover,57.1279922071857,62.57431429224033,30.71725655970812,420,7.0,17:00:30,17:07:30,False,,no_dispenser,0
2161478,heavy,312.0,58.0,40-ft,STC,2,SAT,14862075,14862115,310,310,56394,56394,Scottsdale Exchange @ Bay 1,Scottsdale Exchange @ Bay 1,56394,Scottsdale Exchange,62070,62670,in_service_layover,20.816290530287233,28.263111221516013,42.0000686985303,600,10.0,17:14:30,17:24:30,False,,no_dispenser,0
2162119,heavy,320.0,73.0,40-ft,STC,2,SAT,14869531,14869456,364,364,56394,55192,Scottsdale Exchange @ Bay 1,Scottsdale Exchange @ Bay 9,56394,Scottsdale Exchange,62370,62850,in_service_layover,57.259980951724934,63.42891999673185,34.79281621383899,480,8.0,17:19:30,17:27:30,False,,no_dispenser,0
2161528,heavy,312.0,59.0,40-ft,STC,2,SAT,14862378,14862353,312,312,56394,54793,Scottsdale Exchange @ Bay 1,Scottsdale Exchange @ Bay 6,56394,Scottsdale Exchange,62550,62970,in_service_layover,65.76611789449494,70.50523329430189,26.72861085491121,420,7.0,17:22:30,17:29:30,False,,no_dispenser,0
2161475,heavy,320.0,22.0,40-ft,STC,2,SAT,14869513,14869457,364,364,56394,55192,Scottsdale Exchange @ Bay 1,Scottsdale Exchange @ Bay 9,56394,Scottsdale Exchange,63570,64050,in_service_layover,45.887919560812236,52.03516062074981,34.67043957804793,480,8.0,17:39:30,17:47:30,False,,no_dispenser,0
2161554,heavy,320.0,77.0,40-ft,STC,2,SAT,14866043,14866032,329,329,54793,55041,Scottsdale Exchange @ Bay 6,Scottsdale Exchange @ Bay 2,54793,Scottsdale Exchange,64170,64710,in_service_layover,55.45546077555142,62.45452678539033,39.47473229549138,540,9.0,17:49:30,17:58:30,False,,no_dispenser,0
2162115,heavy,320.0,85.0,40-ft,STC,2,SAT,14869515,14869488,364,364,56394,55192,Scottsdale Exchange @ Bay 1,Scottsdale Exchange @ Bay 9,56394,Scottsdale Exchange,64770,65250,in_service_layover,69.7875382740273,74.68257204235312,27.607990453357615,480,8.0,17:59:30,18:07:30,False,,no_dispenser,0
2162113,heavy,320.0,47.0,40-ft,STC,2,SAT,14869532,14869458,364,364,56394,55192,Scottsdale Exchange @ Bay 1,Scottsdale Exchange @ Bay 9,56394,Scottsdale Exchange,65970,66570,in_service_layover,61.9726842229253,68.98957709087293,39.57527577522461,600,10.0,18:19:30,18:29:30,False,,no_dispenser,0
2161525,heavy,312.0,61.0,40-ft,STC,2,SAT,14862377,14862325,312,312,56394,54793,Scottsdale Exchange @ Bay 1,Scottsdale Exchange @ Bay 6,56394,Scottsdale Exchange,66150,66570,in_service_layover,67.35014236822951,71.93885147267707,25.880319349084175,420,7.0,18:22:30,18:29:30,False,,no_dispenser,0
2162118,heavy,320.0,68.0,40-ft,STC,2,SAT,14869516,14869459,364,364,56394,55192,Scottsdale Exchange @ Bay 1,Scottsdale Exchange @ Bay 9,56394,Scottsdale Exchange,67050,68370,in_service_layover,64.42231463893677,76.88355384043587,70.28138909645503,1320,22.0,18:37:30,18:59:30,False,,no_dispenser,0
2161528,heavy,312.0,59.0,40-ft,STC,2,SAT,14862376,14862351,312,312,56394,54793,Scottsdale Exchange @ Bay 1,Scottsdale Exchange @ Bay 6,56394,Scottsdale Exchange,67950,68370,in_service_layover,66.2311530094576,70.92675310782512,26.483184554792842,420,7.0,18:52:30,18:59:30,False,,no_dispenser,0
2161579,heavy,320.0,30.0,40-ft,STC,2,SAT,14862720,14862690,316,316,54793,55041,Scottsdale Exchange @ Bay 6,Scottsdale Exchange @ Bay 2,54793,Scottsdale Exchange,69090,69270,in_service_layover,34.18101310820226,36.43847445769099,12.732082011116404,180,3.0,19:11:30,19:14:30,False,,no_dispenser,0
2162117,heavy,502.0,44.0,40-ft,STC,2,SAT,14869537,14869451,364,364,56394,55192,Scottsdale Exchange @ Bay 1,Scottsdale Exchange @ Bay 9,56394,Scottsdale Exchange,69330,70170,in_service_layover,48.874019190406905,59.776597096678074,61.490539391369396,840,14.0,19:15:30,19:29:30,False,,no_dispenser,0
2161882,heavy,320.0,72.0,40-ft,STC,2,SAT,14862721,14862691,316,316,54793,55041,Scottsdale Exchange @ Bay 6,Scottsdale Exchange @ Bay 2,54793,Scottsdale Exchange,70830,71070,in_service_layover,26.947908812539673,29.934698584589075,16.845494314358632,240,4.0,19:40:30,19:44:30,False,,no_dispenser,0
2161525,heavy,312.0,61.0,40-ft,STC,2,SAT,14862366,14862350,312,312,56394,54793,Scottsdale Exchange @ Bay 1,Scottsdale Exchange @ Bay 6,56394,Scottsdale Exchange,71550,71970,in_service_layover,68.06654679396277,72.58520265942192,25.485219081189598,420,7.0,19:52:30,19:59:30,False,,no_dispenser,0
2161475,heavy,320.0,22.0,40-ft,STC,2,SAT,14869519,14862133,364,310,56394,56394,Scottsdale Exchange @ Bay 1,Scottsdale Exchange @ Bay 1,56394,Scottsdale Exchange,72090,72990,in_service_layover,46.02475651629725,57.691093234352685,65.7981390898326,900,15.0,20:01:30,20:16:30,False,,no_dispenser,0
2161580,heavy,321.0,55.0,40-ft,STC,2,SAT,14862722,14862692,316,316,54793,55041,Scottsdale Exchange @ Bay 6,Scottsdale Exchange @ Bay 2,54793,Scottsdale Exchange,72570,72870,in_service_layover,66.73552183512048,70.14028406454842,19.20285897397366,300,5.0,20:09:30,20:14:30,False,,no_dispenser,0
2161528,heavy,312.0,59.0,40-ft,STC,2,SAT,14862374,14862323,312,312,56394,54793,Scottsdale Exchange @ Bay 1,Scottsdale Exchange @ Bay 6,56394,Scottsdale Exchange,73230,73770,in_service_layover,67.74062474801184,73.43372347849427,32.109076839920874,540,9.0,20:20:30,20:29:30,False,,no_dispenser,0
2161579,heavy,320.0,30.0,40-ft,STC,2,SAT,14862723,14862693,316,316,54793,55041,Scottsdale Exchange @ Bay 6,Scottsdale Exchange @ Bay 2,54793,Scottsdale Exchange,74310,74670,in_service_layover,30.167601441106633,34.67061922517799,25.397020302162446,360,6.0,20:38:30,20:44:30,False,,no_dispenser,0
2161882,heavy,320.0,72.0,40-ft,STC,2,SAT,14862724,14862694,316,316,54793,55041,Scottsdale Exchange @ Bay 6,Scottsdale Exchange @ Bay 2,54793,Scottsdale Exchange,75990,76290,in_service_layover,24.383801027256563,28.108364827825454,21.006539835208542,300,5.0,21:06:30,21:11:30,False,,no_dispenser,0
2161525,heavy,312.0,61.0,40-ft,STC,2,SAT,14862373,14869492,312,364,56394,55192,Scottsdale Exchange @ Bay 1,Scottsdale Exchange @ Bay 9,56394,Scottsdale Exchange,76770,77370,in_service_layover,69.16364494020226,75.19652356624877,34.025435450902364,600,10.0,21:19:30,21:29:30,False,,no_dispenser,0
2161579,heavy,320.0,30.0,40-ft,STC,2,SAT,14862726,14869493,316,364,54793,55192,Scottsdale Exchange @ Bay 6,Scottsdale Exchange @ Bay 9,54793,Scottsdale Exchange,79950,80970,in_service_layover,39.021511922856725,52.07513020066254,73.62240708682484,1020,17.0,22:12:30,22:29:30,False,,no_dispenser,0
2161892,heavy,320.0,55.0,40-ft,STC,2,SAT,14862371,14862347,312,312,56394,54793,Scottsdale Exchange @ Bay 1,Scottsdale Exchange @ Bay 6,56394,Scottsdale Exchange,81930,82770,in_service_layover,37.368834880654575,48.03273701714011,60.144408049778406,840,14.0,22:45:30,22:59:30,False,,no_dispenser,0
2161528,heavy,312.0,59.0,40-ft,STC,2,SAT,14862399,14869494,312,364,56394,55192,Scottsdale Exchange @ Bay 1,Scottsdale Exchange @ Bay 9,56394,Scottsdale Exchange,83550,84570,in_service_layover,66.56329957087185,76.40430793978308,55.503287200659315,1020,17.0,23:12:30,23:29:30,False,,no_dispenser,0
2161525,heavy,312.0,61.0,40-ft,STC,2,SAT,14869535,14862361,364,312,56394,54793,Scottsdale Exchange @ Bay 1,Scottsdale Exchange @ Bay 6,56394,Scottsdale Exchange,84270,84990,in_service_layover,62.298639521233966,70.47053135709398,46.089469954250376,720,12.0,23:24:30,23:36:30,False,,no_dispenser,0
2161892,heavy,320.0,55.0,40-ft,STC,2,SAT,14862370,14862345,312,312,56394,54793,Scottsdale Exchange @ Bay 1,Scottsdale Exchange @ Bay 6,56394,Scottsdale Exchange,90690,90930,in_service_layover,35.76015085218297,38.777603507302985,17.0184329748769,240,4.0,25:11:30,25:15:30,False,,no_dispenser,0
2162429,heavy,503.0,31.0,40-ft,STC,2,SAT,14875525,14875446,503,503,56395,55441,Surrey Central Station @ Bay 1 Unloading Only,Surrey Central Station @ Bay 10,56395,Surrey Central Station,26070,26310,in_service_layover,67.00451593641293,69.74733782069958,15.469515427376678,240,4.0,07:14:30,07:18:30,False,,no_dispenser,0
2161750,heavy,321.0,43.0,40-ft,STC,2,SAT,14864015,14864097,321,321,61035,61035,Surrey Central Station @ Bay 12,Surrey Central Station @ Bay 12,61035,Surrey Central Station,27330,27810,in_service_layover,69.84922223193333,74.73699271606489,27.567025530502008,480,8.0,07:35:30,07:43:30,False,,no_dispenser,0
2161740,heavy,503.0,32.0,40-ft,STC,2,SAT,14875527,14875449,503,503,56395,55441,Surrey Central Station @ Bay 1 Unloading Only,Surrey Central Station @ Bay 10,56395,Surrey Central Station,28170,29010,in_service_layover,67.00451593641293,75.39087652839828,47.29907373879735,840,14.0,07:49:30,08:03:30,False,,no_dispenser,0
2162434,heavy,503.0,30.0,40-ft,STC,2,SAT,14875528,14875450,503,503,56395,55441,Surrey Central Station @ Bay 1 Unloading Only,Surrey Central Station @ Bay 10,56395,Surrey Central Station,29070,29730,in_service_layover,62.80715391091297,70.31616391639949,42.35081643094395,660,11.0,08:04:30,08:15:30,False,,no_dispenser,0
2161681,heavy,320.0,20.0,40-ft,STC,2,SAT,14866358,14866280,335,335,55714,55836,Surrey Central Station @ Bay 6,Surrey Central Station @ Bay 3,55714,Surrey Central Station,29250,29610,in_service_layover,67.28684196940186,71.27717162986872,22.505459285033112,360,6.0,08:07:30,08:13:30,False,,no_dispenser,0
2161672,heavy,502.0,33.0,40-ft,STC,2,SAT,14874567,14874622,501,501,61035,55210,Surrey Central Station @ Bay 12,Surrey Central Station @ Bay 2,61035,Surrey Central Station,29310,30210,in_service_layover,64.80261360298594,74.12160825157027,52.55912981801555,900,15.0,08:08:30,08:23:30,False,,no_dispenser,0
2161826,heavy,502.0,30.0,40-ft,STC,2,SAT,14875040,14874942,502,502,56395,55070,Surrey Central Station @ Bay 1 Unloading Only,Surrey Central Station @ Bay 9,56395,Surrey Central Station,29490,29730,in_service_layover,62.725765855311785,65.6749022214909,16.63312910525019,240,4.0,08:11:30,08:15:30,False,,no_dispenser,0
2161583,heavy,503.0,36.0,40-ft,STC,2,SAT,14875529,14875523,503,503,56395,55441,Surrey Central Station @ Bay 1 Unloading Only,Surrey Central Station @ Bay 10,56395,Surrey Central Station,29850,30450,in_service_layover,67.00451593641293,73.34622737909551,35.7672525367297,600,10.0,08:17:30,08:27:30,False,,no_dispenser,0
2161748,heavy,321.0,48.0,40-ft,STC,2,SAT,14863968,14864117,321,321,61035,61035,Surrey Central Station @ Bay 12,Surrey Central Station @ Bay 12,61035,Surrey Central Station,29850,30630,in_service_layover,68.08700773554169,75.78741870807211,43.43031788507153,780,13.0,08:17:30,08:30:30,False,,no_dispenser,0
2161865,heavy,320.0,28.0,40-ft,STC,2,SAT,14866805,14865545,337,324,61035,54993,Surrey Central Station @ Bay 12,Surrey Central Station @ Bay 8,61035,Surrey Central Station,29850,30630,in_service_layover,67.82688411405636,75.57595130500381,43.70473895694374,780,13.0,08:17:30,08:30:30,False,,no_dispenser,0
2161747,heavy,321.0,41.0,40-ft,STC,2,SAT,14864016,14864102,321,321,61035,61035,Surrey Central Station @ Bay 12,Surrey Central Station @ Bay 12,61035,Surrey Central Station,30450,31290,in_service_layover,57.669285291640605,67.8333686223884,57.32542998541766,840,14.0,08:27:30,08:41:30,False,,no_dispenser,0
2162412,heavy,502.0,34.0,40-ft,STC,2,SAT,14875041,14874943,502,502,56395,55070,Surrey Central Station @ Bay 1 Unloading Only,Surrey Central Station @ Bay 9,56395,Surrey Central Station,30510,30690,in_service_layover,62.725765855311785,64.9588947256908,12.594846828937648,180,3.0,08:28:30,08:31:30,False,,no_dispenser,0
2161818,heavy,801.0,50.0,40-ft,STC,2,SAT,14865007,14865156,323,323,61035,55612,Surrey Central Station @ Bay 12,Surrey Central Station @ Bay 4,61035,Surrey Central Station,30750,31110,in_service_layover,66.68026594201405,70.7198640199678,22.783333159659264,360,6.0,08:32:30,08:38:30,False,,no_dispenser,0
2161673,heavy,502.0,35.0,40-ft,STC,2,SAT,14874568,14874623,501,501,61035,55210,Surrey Central Station @ Bay 12,Surrey Central Station @ Bay 2,61035,Surrey Central Station,30750,31410,in_service_layover,65.9095726041047,72.9574496747248,39.750026678297445,660,11.0,08:32:30,08:43:30,False,,no_dispenser,0
2161881,heavy,320.0,32.0,40-ft,STC,2,SAT,14866812,14866704,337,337,61035,61677,Surrey Central Station @ Bay 12,Surrey Central Station @ Bay 5A,61035,Surrey Central Station,30810,31830,in_service_layover,64.99759496588752,75.2156121997692,57.62961719909265,1020,17.0,08:33:30,08:50:30,False,,no_dispenser,0
2161741,heavy,321.0,40.0,40-ft,STC,2,SAT,14863996,14864082,321,321,61035,61035,Surrey Central Station @ Bay 12,Surrey Central Station @ Bay 12,61035,Surrey Central Station,31050,32010,in_service_layover,55.90707079524897,67.59671392535027,65.92958725377133,960,16.0,08:37:30,08:53:30,False,,no_dispenser,0
2161670,heavy,320.0,31.0,40-ft,STC,2,SAT,14863580,14863478,320,320,61035,55713,Surrey Central Station @ Bay 12,Surrey Central Station @ Bay 5,61035,Surrey Central Station,31290,31890,in_service_layover,64.47290843932969,71.16210936945583,37.72709324591153,600,10.0,08:41:30,08:51:30,False,,no_dispenser,0
2162432,heavy,503.0,33.0,40-ft,STC,2,SAT,14875530,14875451,503,503,56395,55441,Surrey Central Station @ Bay 1 Unloading Only,Surrey Central Station @ Bay 10,56395,Surrey Central Station,31290,31890,in_service_layover,64.236118840513,70.95701439056386,37.90585090228677,600,10.0,08:41:30,08:51:30,False,,no_dispenser,0
2161891,heavy,320.0,24.0,40-ft,STC,2,SAT,14865756,14865811,325,325,56395,55738,Surrey Central Station @ Bay 1 Unloading Only,Surrey Central Station @ Bay 7,56395,Surrey Central Station,31410,31890,in_service_layover,64.42009519246955,69.91129767324745,30.970381991587374,480,8.0,08:43:30,08:51:30,False,,no_dispenser,0
2161817,heavy,801.0,52.0,40-ft,STC,2,SAT,14864999,14865157,323,323,61035,55612,Surrey Central Station @ Bay 12,Surrey Central Station @ Bay 4,61035,Surrey Central Station,31530,32010,in_service_layover,66.68026594201405,71.9290758870193,29.60328808982962,480,8.0,08:45:30,08:53:30,False,,no_dispenser,0
2161755,heavy,502.0,31.0,40-ft,STC,2,SAT,14863961,14874945,321,502,61035,55070,Surrey Central Station @ Bay 12,Surrey Central Station @ Bay 9,61035,Surrey Central Station,31650,32430,in_service_layover,57.669285291640605,67.20518424316515,53.78247008659844,780,13.0,08:47:30,09:00:30,False,,no_dispenser,0
2161862,heavy,320.0,40.0,40-ft,STC,2,SAT,14866400,14866290,335,335,55714,55836,Surrey Central Station @ Bay 6,Surrey Central Station @ Bay 3,55714,Surrey Central Station,32010,32310,in_service_layover,65.06920979271355,68.5802599483553,19.802322877819506,300,5.0,08:53:30,08:58:30,False,,no_dispenser,0
2161742,heavy,502.0,40.0,40-ft,STC,2,SAT,14874569,14874624,501,501,61035,55210,Surrey Central Station @ Bay 12,Surrey Central Station @ Bay 2,61035,Surrey Central Station,32010,32610,in_service_layover,65.9095726041047,72.40351368121955,36.625827674927734,600,10.0,08:53:30,09:03:30,False,,no_dispenser,0
2162429,heavy,503.0,31.0,40-ft,STC,2,SAT,14875531,14875452,503,503,56395,55441,Surrey Central Station @ Bay 1 Unloading Only,Surrey Central Station @ Bay 10,56395,Surrey Central Station,32250,32610,in_service_layover,59.33267145560202,63.91604619112699,25.850233508360816,360,6.0,08:57:30,09:03:30,False,,no_dispenser,0
2161745,heavy,321.0,44.0,40-ft,STC,2,SAT,14864009,14864104,321,321,61035,61035,Surrey Central Station @ Bay 12,Surrey Central Station @ Bay 12,61035,Surrey Central Station,32310,32730,in_service_layover,57.669285291640605,63.086685674258156,30.554138157962996,420,7.0,08:58:30,09:05:30,False,,no_dispenser,0
2161813,heavy,801.0,54.0,40-ft,STC,2,SAT,14865032,14865158,323,323,61035,55612,Surrey Central Station @ Bay 12,Surrey Central Station @ Bay 4,61035,Surrey Central Station,32310,32910,in_service_layover,66.68026594201405,73.06736611027345,36.02324494898312,600,10.0,08:58:30,09:08:30,False,,no_dispenser,0
2162413,heavy,502.0,39.0,40-ft,STC,2,SAT,14875053,14874991,502,502,56395,55070,Surrey Central Station @ Bay 1 Unloading Only,Surrey Central Station @ Bay 9,56395,Surrey Central Station,32550,33270,in_service_layover,62.725765855311785,70.82980191826877,45.70676339507736,720,12.0,09:02:30,09:14:30,False,,no_dispenser,0
2161868,heavy,320.0,50.0,40-ft,STC,2,SAT,14866813,14866705,337,337,61035,61677,Surrey Central Station @ Bay 12,Surrey Central Station @ Bay 5A,61035,Surrey Central Station,32670,33450,in_service_layover,69.11106067105854,76.6183042484563,42.34085377652332,780,13.0,09:04:30,09:17:30,False,,no_dispenser,0
2161739,heavy,320.0,36.0,40-ft,STC,2,SAT,14866401,14866324,335,335,55714,55836,Surrey Central Station @ Bay 6,Surrey Central Station @ Bay 3,55714,Surrey Central Station,32910,33210,in_service_layover,67.87698435585034,71.20499056494933,18.769955019318218,300,5.0,09:08:30,09:13:30,False,,no_dispenser,0
2161744,heavy,321.0,47.0,40-ft,STC,2,SAT,14863995,14864065,321,321,61035,61035,Surrey Central Station @ Bay 12,Surrey Central Station @ Bay 12,61035,Surrey Central Station,32970,33450,in_service_layover,57.669285291640605,63.81027140317984,34.6351616690813,480,8.0,09:09:30,09:17:30,False,,no_dispenser,0
2161824,heavy,503.0,34.0,40-ft,STC,2,SAT,14875532,14875453,503,503,56395,55441,Surrey Central Station @ Bay 1 Unloading Only,Surrey Central Station @ Bay 10,56395,Surrey Central Station,33150,33330,in_service_layover,60.74728998090346,63.05057757023314,12.990542003819314,180,3.0,09:12:30,09:15:30,False,,no_dispenser,0
2161887,heavy,320.0,38.0,40-ft,STC,2,SAT,14865770,14865794,325,325,56395,55738,Surrey Central Station @ Bay 1 Unloading Only,Surrey Central Station @ Bay 7,56395,Surrey Central Station,33210,33690,in_service_layover,64.42009519246955,69.91129767324745,30.970381991587374,480,8.0,09:13:30,09:21:30,False,,no_dispenser,0
2161815,heavy,801.0,55.0,40-ft,STC,2,SAT,14865008,14865159,323,323,61035,55612,Surrey Central Station @ Bay 12,Surrey Central Station @ Bay 4,61035,Surrey Central Station,33210,33810,in_service_layover,66.68026594201405,73.06736611027345,36.02324494898312,600,10.0,09:13:30,09:23:30,False,,no_dispenser,0
2161897,heavy,502.0,36.0,40-ft,STC,2,SAT,14874570,14874625,501,501,61035,55210,Surrey Central Station @ Bay 12,Surrey Central Station @ Bay 2,61035,Surrey Central Station,33210,33810,in_service_layover,62.45973601995498,69.41400112540367,39.22205519473067,600,10.0,09:13:30,09:23:30,False,,no_dispenser,0
2161908,heavy,502.0,41.0,40-ft,STC,2,SAT,14875043,14874946,502,502,56395,55070,Surrey Central Station @ Bay 1 Unloading Only,Surrey Central Station @ Bay 9,56395,Surrey Central Station,33510,34110,in_service_layover,62.725765855311785,69.64557570602122,39.02772755800123,600,10.0,09:18:30,09:28:30,False,,no_dispenser,0
2161743,heavy,321.0,42.0,40-ft,STC,2,SAT,14863960,14864118,321,321,61035,61035,Surrey Central Station @ Bay 12,Surrey Central Station @ Bay 12,61035,Surrey Central Station,33630,34170,in_service_layover,53.899337846636655,60.95446565087119,39.79092081588277,540,9.0,09:20:30,09:29:30,False,,no_dispenser,0
2161667,heavy,320.0,53.0,40-ft,STC,2,SAT,14863581,14863489,320,320,61035,55713,Surrey Central Station @ Bay 12,Surrey Central Station @ Bay 5,61035,Surrey Central Station,33630,34410,in_service_layover,65.28718437554029,73.50254583617334,46.33463863797044,780,13.0,09:20:30,09:33:30,False,,no_dispenser,0
2161893,heavy,320.0,48.0,40-ft,STC,2,SAT,14866402,14866325,335,335,55714,55836,Surrey Central Station @ Bay 6,Surrey Central Station @ Bay 3,55714,Surrey Central Station,33810,34110,in_service_layover,66.34505729005194,69.77533925325949,19.34679027249058,300,5.0,09:23:30,09:28:30,False,,no_dispenser,0
2161870,heavy,320.0,37.0,40-ft,STC,2,SAT,14866807,14866707,337,337,61035,61677,Surrey Central Station @ Bay 12,Surrey Central Station @ Bay 5A,61035,Surrey Central Station,33810,34350,in_service_layover,62.8071569857133,69.09888438195935,35.48534251482778,540,9.0,09:23:30,09:32:30,False,,no_dispenser,0
2161816,heavy,801.0,51.0,40-ft,STC,2,SAT,14864988,14865160,323,323,61035,55612,Surrey Central Station @ Bay 12,Surrey Central Station @ Bay 4,61035,Surrey Central Station,34110,34710,in_service_layover,65.83880132694955,72.34248070382976,36.680751685604434,600,10.0,09:28:30,09:38:30,False,,no_dispenser,0
2161753,heavy,321.0,46.0,40-ft,STC,2,SAT,14863993,14864071,321,321,61035,61035,Surrey Central Station @ Bay 12,Surrey Central Station @ Bay 12,61035,Surrey Central Station,34350,34830,in_service_layover,55.66155234302828,61.9131457514561,35.25898682353284,480,8.0,09:32:30,09:40:30,False,,no_dispenser,0
2161612,heavy,320.0,42.0,40-ft,STC,2,SAT,14874571,14874626,501,501,61035,55210,Surrey Central Station @ Bay 12,Surrey Central Station @ Bay 2,61035,Surrey Central Station,34410,35010,in_service_layover,62.45973601995498,69.41400112540367,39.22205519473067,600,10.0,09:33:30,09:43:30,False,,no_dispenser,0
2162403,heavy,502.0,38.0,40-ft,STC,2,SAT,14875006,14874981,502,502,56395,55070,Surrey Central Station @ Bay 1 Unloading Only,Surrey Central Station @ Bay 9,56395,Surrey Central Station,34470,35010,in_service_layover,64.75826615546926,70.82041002595156,34.19049142952019,540,9.0,09:34:30,09:43:30,False,,no_dispenser,0
2161881,heavy,320.0,32.0,40-ft,STC,2,SAT,14866781,14866729,337,337,61035,61677,Surrey Central Station @ Bay 12,Surrey Central Station @ Bay 5A,61035,Surrey Central Station,34530,35250,in_service_layover,68.35028136814077,75.51886522843009,40.43081297203173,720,12.0,09:35:30,09:47:30,False,,no_dispenser,0
2161523,heavy,320.0,45.0,40-ft,STC,2,SAT,14863578,14863480,320,320,61035,55713,Surrey Central Station @ Bay 12,Surrey Central Station @ Bay 5,61035,Surrey Central Station,34590,35250,in_service_layover,61.00208395588519,68.76848641875145,43.802509890565716,660,11.0,09:36:30,09:47:30,False,,no_dispenser,0
2161935,heavy,320.0,57.0,40-ft,STC,2,SAT,14866403,14866326,335,335,55714,55836,Surrey Central Station @ Bay 6,Surrey Central Station @ Bay 3,55714,Surrey Central Station,34710,35010,in_service_layover,66.34505729005194,69.77533925325949,19.34679027249058,300,5.0,09:38:30,09:43:30,False,,no_dispenser,0
2161865,heavy,320.0,28.0,40-ft,STC,2,SAT,14865500,14865537,324,324,56395,54993,Surrey Central Station @ Bay 1 Unloading Only,Surrey Central Station @ Bay 8,56395,Surrey Central Station,34830,35910,in_service_layover,66.75635853857005,76.96817343965034,57.59463604209287,1080,18.0,09:40:30,09:58:30,False,,no_dispenser,0
2162431,heavy,503.0,37.0,40-ft,STC,2,SAT,14875534,14875456,503,503,56395,55441,Surrey Central Station @ Bay 1 Unloading Only,Surrey Central Station @ Bay 10,56395,Surrey Central Station,34950,35490,in_service_layover,60.40060767145334,66.96259757765748,37.00962307099127,540,9.0,09:42:30,09:51:30,False,,no_dispenser,0
2161884,heavy,320.0,51.0,40-ft,STC,2,SAT,14865751,14865809,325,325,56395,55738,Surrey Central Station @ Bay 1 Unloading Only,Surrey Central Station @ Bay 7,56395,Surrey Central Station,35010,35490,in_service_layover,65.26633352255887,70.66825448523016,30.466834229466144,480,8.0,09:43:30,09:51:30,False,,no_dispenser,0
2161752,heavy,321.0,45.0,40-ft,STC,2,SAT,14864010,14864061,321,321,61035,61035,Surrey Central Station @ Bay 12,Surrey Central Station @ Bay 12,61035,Surrey Central Station,35070,35550,in_service_layover,53.92787327830687,60.22140471477553,35.49551730168321,480,8.0,09:44:30,09:52:30,False,,no_dispenser,0
2161819,heavy,801.0,53.0,40-ft,STC,2,SAT,14865071,14865161,323,323,61035,55612,Surrey Central Station @ Bay 12,Surrey Central Station @ Bay 4,61035,Surrey Central Station,35070,35610,in_service_layover,68.92996513598932,74.46978265010664,31.244570779621654,540,9.0,09:44:30,09:53:30,False,,no_dispenser,0
2161582,heavy,312.0,54.0,40-ft,STC,2,SAT,14862670,14862703,316,316,56395,55738,Surrey Central Station @ Bay 1 Unloading Only,Surrey Central Station @ Bay 7,56395,Surrey Central Station,35250,35850,in_service_layover,65.32067627939945,71.89526983535693,37.080707655600236,600,10.0,09:47:30,09:57:30,False,,no_dispenser,0
2161821,heavy,320.0,59.0,40-ft,STC,2,SAT,14866814,14866708,337,337,61035,61677,Surrey Central Station @ Bay 12,Surrey Central Station @ Bay 5A,61035,Surrey Central Station,35250,36150,in_service_layover,64.40659273179456,73.80809735397472,53.02448606909604,900,15.0,09:47:30,10:02:30,False,,no_dispenser,0
2161820,heavy,502.0,32.0,40-ft,STC,2,SAT,14875044,14874947,502,502,56395,55070,Surrey Central Station @ Bay 1 Unloading Only,Surrey Central Station @ Bay 9,56395,Surrey Central Station,35430,35910,in_service_layover,61.04190021233201,66.87194544177308,32.88145509404757,480,8.0,09:50:30,09:58:30,False,,no_dispenser,0
2161579,heavy,320.0,30.0,40-ft,STC,2,SAT,14863582,14863482,320,320,61035,55713,Surrey Central Station @ Bay 12,Surrey Central Station @ Bay 5,61035,Surrey Central Station,35610,36090,in_service_layover,58.65687547668017,64.71902329654048,34.19051370401223,480,8.0,09:53:30,10:01:30,False,,no_dispenser,0
2161756,heavy,320.0,67.0,40-ft,STC,2,SAT,14874572,14874627,501,501,61035,55210,Surrey Central Station @ Bay 12,Surrey Central Station @ Bay 2,61035,Surrey Central Station,35610,36210,in_service_layover,66.50057483819765,72.9127164480532,36.16447867958533,600,10.0,09:53:30,10:03:30,False,,no_dispenser,0
2161880,heavy,320.0,54.0,40-ft,STC,2,SAT,14866404,14866327,335,335,55714,55836,Surrey Central Station @ Bay 6,Surrey Central Station @ Bay 3,55714,Surrey Central Station,35730,35910,in_service_layover,63.92168569046597,66.1124060560523,12.355662861906808,180,3.0,09:55:30,09:58:30,False,,no_dispenser,0
2161751,heavy,321.0,49.0,40-ft,STC,2,SAT,14863959,14864095,321,321,61035,61035,Surrey Central Station @ Bay 12,Surrey Central Station @ Bay 12,61035,Surrey Central Station,35790,36270,in_service_layover,55.66155234302828,61.9131457514561,35.25898682353284,480,8.0,09:56:30,10:04:30,False,,no_dispenser,0
2162434,heavy,503.0,30.0,40-ft,STC,2,SAT,14875535,14875457,503,503,56395,55441,Surrey Central Station @ Bay 1 Unloading Only,Surrey Central Station @ Bay 10,56395,Surrey Central Station,35850,36210,in_service_layover,61.22176389213864,65.66702886432739,25.071294443144552,360,6.0,09:57:30,10:03:30,False,,no_dispenser,0
2161818,heavy,801.0,50.0,40-ft,STC,2,SAT,14865072,14865162,323,323,61035,55612,Surrey Central Station @ Bay 12,Surrey Central Station @ Bay 4,61035,Surrey Central Station,35970,36510,in_service_layover,68.82216894257967,74.37602268172964,31.323735088805847,540,9.0,09:59:30,10:08:30,False,,no_dispenser,0
2161868,heavy,320.0,50.0,40-ft,STC,2,SAT,14866782,14866730,337,337,61035,61677,Surrey Central Station @ Bay 12,Surrey Central Station @ Bay 5A,61035,Surrey Central Station,36150,36990,in_service_layover,69.75297341682787,77.58177433783094,44.15443719445727,840,14.0,10:02:30,10:16:30,False,,no_dispenser,0
2161669,heavy,320.0,52.0,40-ft,STC,2,SAT,14863579,14863476,320,320,61035,55713,Surrey Central Station @ Bay 12,Surrey Central Station @ Bay 5,61035,Surrey Central Station,36330,36930,in_service_layover,64.08517859786329,70.82620643208179,38.0193969849924,600,10.0,10:05:30,10:15:30,False,,no_dispenser,0
2161826,heavy,502.0,30.0,40-ft,STC,2,SAT,14875017,14874990,502,502,56395,55070,Surrey Central Station @ Bay 1 Unloading Only,Surrey Central Station @ Bay 9,56395,Surrey Central Station,36450,36810,in_service_layover,56.98356919682119,61.689577358059,26.54188602938126,360,6.0,10:07:30,10:13:30,False,,no_dispenser,0
2161750,heavy,321.0,43.0,40-ft,STC,2,SAT,14863992,14864083,321,321,61035,61035,Surrey Central Station @ Bay 12,Surrey Central Station @ Bay 12,61035,Surrey Central Station,36510,36990,in_service_layover,54.52463136194837,60.80933091167696,35.44570546046924,480,8.0,10:08:30,10:16:30,False,,no_dispenser,0
2161681,heavy,320.0,20.0,40-ft,STC,2,SAT,14866405,14866328,335,335,55714,55836,Surrey Central Station @ Bay 6,Surrey Central Station @ Bay 3,55714,Surrey Central Station,36630,36810,in_service_layover,61.64230701211891,63.91385640885229,12.811538597576202,180,3.0,10:10:30,10:13:30,False,,no_dispenser,0
2161866,heavy,320.0,60.0,40-ft,STC,2,SAT,14865481,14865536,324,324,56395,54993,Surrey Central Station @ Bay 1 Unloading Only,Surrey Central Station @ Bay 8,56395,Surrey Central Station,36690,37650,in_service_layover,67.52694102178309,76.7092562535687,51.78825790727086,960,16.0,10:11:30,10:27:30,False,,no_dispenser,0
2161825,heavy,503.0,38.0,40-ft,STC,2,SAT,14875536,14875458,503,503,56395,55441,Surrey Central Station @ Bay 1 Unloading Only,Surrey Central Station @ Bay 10,56395,Surrey Central Station,36750,36930,in_service_layover,53.859990184777764,56.20891636143547,13.247943636349419,180,3.0,10:12:30,10:15:30,False,,no_dispenser,0
2161679,heavy,502.0,42.0,40-ft,STC,2,SAT,14874573,14874628,501,501,61035,55210,Surrey Central Station @ Bay 12,Surrey Central Station @ Bay 2,61035,Surrey Central Station,36810,37410,in_service_layover,60.09320369734502,67.34629446536061,40.90743193160796,600,10.0,10:13:30,10:23:30,False,,no_dispenser,0
2161888,heavy,320.0,64.0,40-ft,STC,2,SAT,14865769,14865817,325,325,56395,55738,Surrey Central Station @ Bay 1 Unloading Only,Surrey Central Station @ Bay 7,56395,Surrey Central Station,36870,37290,in_service_layover,64.6078213832602,69.45300838284379,27.326854677651397,420,7.0,10:14:30,10:21:30,False,,no_dispenser,0
2161817,heavy,801.0,52.0,40-ft,STC,2,SAT,14865073,14865163,323,323,61035,55612,Surrey Central Station @ Bay 12,Surrey Central Station @ Bay 4,61035,Surrey Central Station,36930,37410,in_service_layover,69.84415801346371,74.73252499932528,27.57038980025925,480,8.0,10:15:30,10:23:30,False,,no_dispenser,0
2161870,heavy,320.0,37.0,40-ft,STC,2,SAT,14866808,14866709,337,337,61035,61677,Surrey Central Station @ Bay 12,Surrey Central Station @ Bay 5A,61035,Surrey Central Station,37050,37890,in_service_layover,62.23355355033093,71.5435974831852,52.50864778129801,840,14.0,10:17:30,10:31:30,False,,no_dispenser,0
2161738,heavy,321.0,51.0,40-ft,STC,2,SAT,14863965,14864119,321,321,61035,61035,Surrey Central Station @ Bay 12,Surrey Central Station @ Bay 12,61035,Surrey Central Station,37230,37710,in_service_layover,57.669285291640605,63.81027140317984,34.6351616690813,480,8.0,10:20:30,10:28:30,False,,no_dispenser,0
2162412,heavy,502.0,34.0,40-ft,STC,2,SAT,14875045,14874948,502,502,56395,55070,Surrey Central Station @ Bay 1 Unloading Only,Surrey Central Station @ Bay 9,56395,Surrey Central Station,37470,37710,in_service_layover,53.381158567606946,56.513529165754676,17.66657017355317,240,4.0,10:24:30,10:28:30,False,,no_dispenser,0
2161677,heavy,320.0,27.0,40-ft,STC,2,SAT,14866406,14866329,335,335,55714,55836,Surrey Central Station @ Bay 6,Surrey Central Station @ Bay 3,55714,Surrey Central Station,37530,37710,in_service_layover,61.49664211227187,63.77335693098563,12.840671577545606,180,3.0,10:25:30,10:28:30,False,,no_dispenser,0
2161553,heavy,320.0,46.0,40-ft,STC,2,SAT,14866034,14862546,329,314,56395,61787,Surrey Central Station @ Bay 1 Unloading Only,Surrey Central Station @ Bay 14,56395,Surrey Central Station,37770,38310,in_service_layover,65.59924518346565,71.55954197337043,33.61607389506298,540,9.0,10:29:30,10:38:30,False,,no_dispenser,0
2162430,heavy,503.0,35.0,40-ft,STC,2,SAT,14875537,14875460,503,503,56395,55441,Surrey Central Station @ Bay 1 Unloading Only,Surrey Central Station @ Bay 10,56395,Surrey Central Station,37770,38370,in_service_layover,64.9980971978668,71.61650874987883,37.32784115334783,600,10.0,10:29:30,10:39:30,False,,no_dispenser,0
2161667,heavy,320.0,53.0,40-ft,STC,2,SAT,14863584,14863472,320,320,61035,55713,Surrey Central Station @ Bay 12,Surrey Central Station @ Bay 5,61035,Surrey Central Station,37890,38610,in_service_layover,66.33307621520352,73.84611495879255,42.37353851384216,720,12.0,10:31:30,10:43:30,False,,no_dispenser,0
2161674,heavy,321.0,50.0,40-ft,STC,2,SAT,14863981,14864105,321,321,61035,61035,Surrey Central Station @ Bay 12,Surrey Central Station @ Bay 12,61035,Surrey Central Station,38010,38370,in_service_layover,55.66155234302828,60.396491649217765,26.705057686908617,360,6.0,10:33:30,10:39:30,False,,no_dispenser,0
2161672,heavy,502.0,33.0,40-ft,STC,2,SAT,14874574,14874629,501,501,61035,55210,Surrey Central Station @ Bay 12,Surrey Central Station @ Bay 2,61035,Surrey Central Station,38010,38610,in_service_layover,57.853196105335755,65.38027292181008,42.452713244915174,600,10.0,10:33:30,10:43:30,False,,no_dispenser,0
2161881,heavy,320.0,32.0,40-ft,STC,2,SAT,14866783,14866731,337,337,61035,61677,Surrey Central Station @ Bay 12,Surrey Central Station @ Bay 5A,61035,Surrey Central Station,38010,38790,in_service_layover,68.65353439680167,76.2474010893169,42.82940814578586,780,13.0,10:33:30,10:46:30,False,,no_dispenser,0
2162411,heavy,502.0,37.0,40-ft,STC,2,SAT,14875007,14874926,502,502,56395,55070,Surrey Central Station @ Bay 1 Unloading Only,Surrey Central Station @ Bay 9,56395,Surrey Central Station,38370,38610,in_service_layover,51.16455383673141,54.26817964677417,17.504449568641178,240,4.0,10:39:30,10:43:30,False,,no_dispenser,0
2161885,heavy,320.0,43.0,40-ft,STC,2,SAT,14866407,14866330,335,335,55714,55836,Surrey Central Station @ Bay 6,Surrey Central Station @ Bay 3,55714,Surrey Central Station,38430,38610,in_service_layover,60.702871309786524,63.007734029297644,12.999425738042703,180,3.0,10:40:30,10:43:30,False,,no_dispenser,0
2161864,heavy,320.0,70.0,40-ft,STC,2,SAT,14865478,14865535,324,324,56395,54993,Surrey Central Station @ Bay 1 Unloading Only,Surrey Central Station @ Bay 8,56395,Surrey Central Station,38550,39390,in_service_layover,67.1567987362532,75.51275379920946,47.127586555073435,840,14.0,10:42:30,10:56:30,False,,no_dispenser,0
2161740,heavy,503.0,32.0,40-ft,STC,2,SAT,14875538,14875461,503,503,56395,55441,Surrey Central Station @ Bay 1 Unloading Only,Surrey Central Station @ Bay 10,56395,Surrey Central Station,38670,39090,in_service_layover,51.233032623852516,56.700993898080384,30.839301586645206,420,7.0,10:44:30,10:51:30,False,,no_dispenser,0
2161526,heavy,320.0,63.0,40-ft,STC,2,SAT,14865777,14865810,325,325,56395,55738,Surrey Central Station @ Bay 1 Unloading Only,Surrey Central Station @ Bay 7,56395,Surrey Central Station,38730,39090,in_service_layover,62.582951155690445,66.9316780240812,24.52681953772384,360,6.0,10:45:30,10:51:30,False,,no_dispenser,0
2161748,heavy,321.0,48.0,40-ft,STC,2,SAT,14864011,14864070,321,321,61035,61035,Surrey Central Station @ Bay 12,Surrey Central Station @ Bay 12,61035,Surrey Central Station,38730,39090,in_service_layover,57.33727185034723,62.03064364756449,26.470616936305362,360,6.0,10:45:30,10:51:30,False,,no_dispenser,0
2161664,heavy,320.0,61.0,40-ft,STC,2,SAT,14863544,14863500,320,320,61035,55713,Surrey Central Station @ Bay 12,Surrey Central Station @ Bay 5,61035,Surrey Central Station,38730,39390,in_service_layover,65.8431449008454,72.90114388207918,39.80711425415859,660,11.0,10:45:30,10:56:30,False,,no_dispenser,0
2161821,heavy,320.0,59.0,40-ft,STC,2,SAT,14866815,14866710,337,337,61035,61677,Surrey Central Station @ Bay 12,Surrey Central Station @ Bay 5A,61035,Surrey Central Station,38910,39570,in_service_layover,66.9427665223463,73.8318127469362,38.854220706687045,660,11.0,10:48:30,10:59:30,False,,no_dispenser,0
2161673,heavy,502.0,35.0,40-ft,STC,2,SAT,14874575,14874630,501,501,61035,55210,Surrey Central Station @ Bay 12,Surrey Central Station @ Bay 2,61035,Surrey Central Station,39210,39810,in_service_layover,56.04546971093496,63.730402008281736,43.34301815703583,600,10.0,10:53:30,11:03:30,False,,no_dispenser,0
2161755,heavy,502.0,31.0,40-ft,STC,2,SAT,14875068,14874949,502,502,56395,55070,Surrey Central Station @ Bay 1 Unloading Only,Surrey Central Station @ Bay 9,56395,Surrey Central Station,39270,39510,in_service_layover,56.26172791317907,59.43024922956967,17.870460224442922,240,4.0,10:54:30,10:58:30,False,,no_dispenser,0
2161862,heavy,320.0,40.0,40-ft,STC,2,SAT,14866408,14866331,335,335,55714,55836,Surrey Central Station @ Bay 6,Surrey Central Station @ Bay 3,55714,Surrey Central Station,39330,39510,in_service_layover,59.21397957106588,61.571137256502084,13.294369345860218,180,3.0,10:55:30,10:58:30,False,,no_dispenser,0
2161747,heavy,321.0,41.0,40-ft,STC,2,SAT,14863980,14864128,321,321,61035,61035,Surrey Central Station @ Bay 12,Surrey Central Station @ Bay 12,61035,Surrey Central Station,39390,39690,in_service_layover,49.38322176466354,53.24287047690054,21.768418737016702,300,5.0,10:56:30,11:01:30,False,,no_dispenser,0
2162429,heavy,503.0,31.0,40-ft,STC,2,SAT,14875539,14875462,503,503,56395,55441,Surrey Central Station @ Bay 1 Unloading Only,Surrey Central Station @ Bay 10,56395,Surrey Central Station,39450,39810,in_service_layover,61.31961649867623,65.75794156969211,25.032153400529523,360,6.0,10:57:30,11:03:30,False,,no_dispenser,0
2161816,heavy,801.0,51.0,40-ft,STC,2,SAT,14865075,14865165,323,323,61035,55612,Surrey Central Station @ Bay 12,Surrey Central Station @ Bay 4,61035,Surrey Central Station,39690,40110,in_service_layover,69.12570319556183,73.53847428954728,24.888028970077983,420,7.0,11:01:30,11:08:30,False,,no_dispenser,0
2161579,heavy,320.0,30.0,40-ft,STC,2,SAT,14863585,14863501,320,320,61035,55713,Surrey Central Station @ Bay 12,Surrey Central Station @ Bay 5,61035,Surrey Central Station,39690,40230,in_service_layover,57.549553675570664,64.41005210825395,38.6932111603337,540,9.0,11:01:30,11:10:30,False,,no_dispenser,0
2161741,heavy,321.0,40.0,40-ft,STC,2,SAT,14863964,14864130,321,321,61035,61035,Surrey Central Station @ Bay 12,Surrey Central Station @ Bay 12,61035,Surrey Central Station,40110,40890,in_service_layover,49.14656706762539,59.29075338832275,57.21321084873307,780,13.0,11:08:30,11:21:30,False,,no_dispenser,0
2162413,heavy,502.0,39.0,40-ft,STC,2,SAT,14875020,14874989,502,502,56395,55070,Surrey Central Station @ Bay 1 Unloading Only,Surrey Central Station @ Bay 9,56395,Surrey Central Station,40170,40410,in_service_layover,60.34143042948027,63.40330133115969,17.26895188547195,240,4.0,11:09:30,11:13:30,False,,no_dispenser,0
2161739,heavy,320.0,36.0,40-ft,STC,2,SAT,14866409,14866332,335,335,55714,55836,Surrey Central Station @ Bay 6,Surrey Central Station @ Bay 3,55714,Surrey Central Station,40230,40410,in_service_layover,61.57754776074622,63.851393584833225,12.824490447850735,180,3.0,11:10:30,11:13:30,False,,no_dispenser,0
2161583,heavy,503.0,36.0,40-ft,STC,2,SAT,14875540,14875463,503,503,56395,55441,Surrey Central Station @ Bay 1 Unloading Only,Surrey Central Station @ Bay 10,56395,Surrey Central Station,40230,40530,in_service_layover,49.18838347454975,53.04535702342142,21.75333081563616,300,5.0,11:10:30,11:15:30,False,,no_dispenser,0
2161865,heavy,320.0,28.0,40-ft,STC,2,SAT,14865477,14865534,324,324,56395,54993,Surrey Central Station @ Bay 1 Unloading Only,Surrey Central Station @ Bay 8,56395,Surrey Central Station,40350,41130,in_service_layover,68.14858067321657,75.83745012002761,43.36522368001425,780,13.0,11:12:30,11:25:30,False,,no_dispenser,0
2161676,heavy,320.0,69.0,40-ft,STC,2,SAT,14865768,14865793,325,325,56395,55738,Surrey Central Station @ Bay 1 Unloading Only,Surrey Central Station @ Bay 7,56395,Surrey Central Station,40530,40890,in_service_layover,63.94371737885406,68.19432499117465,23.973426933488156,360,6.0,11:15:30,11:21:30,False,,no_dispenser,0
2161475,heavy,320.0,22.0,40-ft,STC,2,SAT,14863545,14863502,320,320,61035,55713,Surrey Central Station @ Bay 12,Surrey Central Station @ Bay 5,61035,Surrey Central Station,40530,41070,in_service_layover,58.86946940451252,65.60541268893056,37.99072012411767,540,9.0,11:15:30,11:24:30,False,,no_dispenser,0
2161819,heavy,801.0,53.0,40-ft,STC,2,SAT,14864993,14865166,323,323,61035,55612,Surrey Central Station @ Bay 12,Surrey Central Station @ Bay 4,61035,Surrey Central Station,40650,41010,in_service_layover,65.57920419032007,69.70592018791254,23.274678226421543,360,6.0,11:17:30,11:23:30,False,,no_dispenser,0
2161582,heavy,312.0,54.0,40-ft,STC,2,SAT,14862673,14862706,316,316,56395,55738,Surrey Central Station @ Bay 1 Unloading Only,Surrey Central Station @ Bay 7,56395,Surrey Central Station,40710,41250,in_service_layover,68.75621451045257,74.31864261398233,31.37209450390793,540,9.0,11:18:30,11:27:30,False,,no_dispenser,0
2161870,heavy,320.0,37.0,40-ft,STC,2,SAT,14866816,14866751,337,337,61035,61677,Surrey Central Station @ Bay 12,Surrey Central Station @ Bay 5A,61035,Surrey Central Station,40710,41490,in_service_layover,64.67826665155677,73.00306587441963,46.951867616946515,780,13.0,11:18:30,11:31:30,False,,no_dispenser,0
2161745,heavy,321.0,44.0,40-ft,STC,2,SAT,14863958,14864131,321,321,61035,61035,Surrey Central Station @ Bay 12,Surrey Central Station @ Bay 12,61035,Surrey Central Station,40830,41490,in_service_layover,44.63653881653328,53.10924649891876,47.78607132865406,660,11.0,11:20:30,11:31:30,False,,no_dispenser,0
2161555,heavy,320.0,71.0,40-ft,STC,2,SAT,14866033,14862549,329,314,56395,61787,Surrey Central Station @ Bay 1 Unloading Only,Surrey Central Station @ Bay 14,56395,Surrey Central Station,41430,41910,in_service_layover,68.09107868386882,73.182208381799,28.713971496326224,480,8.0,11:30:30,11:38:30,False,,no_dispenser,0
2161675,heavy,320.0,75.0,40-ft,STC,2,SAT,14863547,14863481,320,320,61035,55713,Surrey Central Station @ Bay 12,Surrey Central Station @ Bay 5,61035,Surrey Central Station,41430,41910,in_service_layover,67.63567688153282,72.7782411194954,29.00406230210899,480,8.0,11:30:30,11:38:30,False,,no_dispenser,0
2161744,heavy,321.0,47.0,40-ft,STC,2,SAT,14863979,14864132,321,321,61035,61035,Surrey Central Station @ Bay 12,Surrey Central Station @ Bay 12,61035,Surrey Central Station,41550,42030,in_service_layover,45.360124545454966,51.49892325144238,34.62282470176896,480,8.0,11:32:30,11:40:30,False,,no_dispenser,0
2161742,heavy,502.0,40.0,40-ft,STC,2,SAT,14874577,14874632,501,501,61035,55210,Surrey Central Station @ Bay 12,Surrey Central Station @ Bay 2,61035,Surrey Central Station,41610,42210,in_service_layover,64.3136480265932,71.02418151305754,37.84740886365881,600,10.0,11:33:30,11:43:30,False,,no_dispenser,0
2161881,heavy,320.0,32.0,40-ft,STC,2,SAT,14866785,14866733,337,337,61035,61677,Surrey Central Station @ Bay 12,Surrey Central Station @ Bay 5A,61035,Surrey Central Station,41610,42330,in_service_layover,69.38207025768848,76.37059314088388,39.415269061222034,720,12.0,11:33:30,11:45:30,False,,no_dispenser,0
2161892,heavy,320.0,55.0,40-ft,STC,2,SAT,14865983,14865807,326,325,61787,55738,Surrey Central Station @ Bay 14,Surrey Central Station @ Bay 7,61787,Surrey Central Station,41670,42690,in_service_layover,48.93891797858059,62.02838414706595,73.82458919025743,1020,17.0,11:34:30,11:51:30,False,,no_dispenser,0
2162432,heavy,503.0,33.0,40-ft,STC,2,SAT,14875542,14875465,503,503,56395,55441,Surrey Central Station @ Bay 1 Unloading Only,Surrey Central Station @ Bay 10,56395,Surrey Central Station,41790,41970,in_service_layover,46.79917048601809,49.08983979475667,12.91937490128555,180,3.0,11:36:30,11:39:30,False,,no_dispenser,0
2161866,heavy,320.0,60.0,40-ft,STC,2,SAT,14865494,14865533,324,324,56395,54993,Surrey Central Station @ Bay 1 Unloading Only,Surrey Central Station @ Bay 8,56395,Surrey Central Station,42150,42870,in_service_layover,67.88966348713494,75.13778481899028,40.87940431166419,720,12.0,11:42:30,11:54:30,False,,no_dispenser,0
2161743,heavy,321.0,42.0,40-ft,STC,2,SAT,14864012,14864133,321,321,61035,61035,Surrey Central Station @ Bay 12,Surrey Central Station @ Bay 12,61035,Surrey Central Station,42270,42630,in_service_layover,42.504318793146325,47.071726431684745,25.76017908135671,360,6.0,11:44:30,11:50:30,False,,no_dispenser,0
2161666,heavy,320.0,56.0,40-ft,STC,2,SAT,14863586,14863503,320,320,61035,55713,Surrey Central Station @ Bay 12,Surrey Central Station @ Bay 5,61035,Surrey Central Station,42330,42750,in_service_layover,58.827089830766454,64.16638123999957,30.11360354807482,420,7.0,11:45:30,11:52:30,False,,no_dispenser,0
2161821,heavy,320.0,59.0,40-ft,STC,2,SAT,14866817,14866711,337,337,61035,61677,Surrey Central Station @ Bay 12,Surrey Central Station @ Bay 5A,61035,Surrey Central Station,42390,43230,in_service_layover,66.96648191530778,75.36042936304806,47.34186360525513,840,14.0,11:46:30,12:00:30,False,,no_dispenser,0
2161817,heavy,801.0,52.0,40-ft,STC,2,SAT,14865002,14865095,323,323,61035,55612,Surrey Central Station @ Bay 12,Surrey Central Station @ Bay 4,61035,Surrey Central Station,42510,42810,in_service_layover,65.84194653953871,69.30455701491519,19.529123081123316,300,5.0,11:48:30,11:53:30,False,,no_dispenser,0
2161581,heavy,312.0,57.0,40-ft,STC,2,SAT,14862674,14862707,316,316,56395,55738,Surrey Central Station @ Bay 1 Unloading Only,Surrey Central Station @ Bay 7,56395,Surrey Central Station,42630,43050,in_service_layover,66.5770001273207,71.23989279823819,26.298714663974692,420,7.0,11:50:30,11:57:30,False,,no_dispenser,0
2161897,heavy,502.0,36.0,40-ft,STC,2,SAT,14874578,14874633,501,501,61035,55210,Surrey Central Station @ Bay 12,Surrey Central Station @ Bay 2,61035,Surrey Central Station,42810,43410,in_service_layover,62.061401660851764,69.06692967028803,39.511177973220526,600,10.0,11:53:30,12:03:30,False,,no_dispenser,0
2162431,heavy,503.0,37.0,40-ft,STC,2,SAT,14875543,14875467,503,503,56395,55441,Surrey Central Station @ Bay 1 Unloading Only,Surrey Central Station @ Bay 10,56395,Surrey Central Station,42870,43410,in_service_layover,65.78257772436702,71.72044015117064,33.48954408717242,540,9.0,11:54:30,12:03:30,False,,no_dispenser,0
2161553,heavy,320.0,46.0,40-ft,STC,2,SAT,14862535,14866048,314,329,56395,61787,Surrey Central Station @ Bay 1 Unloading Only,Surrey Central Station @ Bay 14,56395,Surrey Central Station,42990,43710,in_service_layover,60.97817424175206,69.35700159530268,47.256586274025494,720,12.0,11:56:30,12:08:30,False,,no_dispenser,0
2161880,heavy,320.0,54.0,40-ft,STC,2,SAT,14866412,14866336,335,335,55714,55836,Surrey Central Station @ Bay 6,Surrey Central Station @ Bay 3,55714,Surrey Central Station,43050,44010,in_service_layover,56.9859279989446,68.48551842462665,64.85769000084673,960,16.0,11:57:30,12:13:30,False,,no_dispenser,0
2161753,heavy,321.0,46.0,40-ft,STC,2,SAT,14863985,14864135,321,321,61035,61035,Surrey Central Station @ Bay 12,Surrey Central Station @ Bay 12,61035,Surrey Central Station,43110,43830,in_service_layover,43.46299889373123,52.694838570406375,52.06757577644785,720,12.0,11:58:30,12:10:30,False,,no_dispenser,0
2161820,heavy,502.0,32.0,40-ft,STC,2,SAT,14875047,14874988,502,502,56395,55070,Surrey Central Station @ Bay 1 Unloading Only,Surrey Central Station @ Bay 9,56395,Surrey Central Station,43170,43950,in_service_layover,57.370342875457766,66.94984363218535,54.02838426794352,780,13.0,11:59:30,12:12:30,False,,no_dispenser,0
2161664,heavy,320.0,61.0,40-ft,STC,2,SAT,14863587,14863504,320,320,61035,55713,Surrey Central Station @ Bay 12,Surrey Central Station @ Bay 5,61035,Surrey Central Station,43230,43590,in_service_layover,65.73167426110936,69.84650485198895,23.20764453256089,360,6.0,12:00:30,12:06:30,False,,no_dispenser,0
2161813,heavy,801.0,54.0,40-ft,STC,2,SAT,14864995,14865100,323,323,61035,55612,Surrey Central Station @ Bay 12,Surrey Central Station @ Bay 4,61035,Surrey Central Station,43350,43710,in_service_layover,67.19709929718253,71.19477496729877,22.54689077945551,360,6.0,12:02:30,12:08:30,False,,no_dispenser,0
2161868,heavy,320.0,50.0,40-ft,STC,2,SAT,14866786,14866734,337,337,61035,61677,Surrey Central Station @ Bay 12,Surrey Central Station @ Bay 5A,61035,Surrey Central Station,43410,44190,in_service_layover,63.8511126745741,72.32310845733863,47.782056214791965,780,13.0,12:03:30,12:16:30,False,,no_dispenser,0
2161824,heavy,503.0,34.0,40-ft,STC,2,SAT,14875544,14875468,503,503,56395,55441,Surrey Central Station @ Bay 1 Unloading Only,Surrey Central Station @ Bay 10,56395,Surrey Central Station,43650,44130,in_service_layover,38.892733665687366,44.965514758199795,34.25048536177013,480,8.0,12:07:30,12:15:30,False,,no_dispenser,0
2161752,heavy,321.0,45.0,40-ft,STC,2,SAT,14863975,14864136,321,321,61035,61035,Surrey Central Station @ Bay 12,Surrey Central Station @ Bay 12,61035,Surrey Central Station,43770,44430,in_service_layover,41.77125785705066,50.18541537195069,47.455848384036216,660,11.0,12:09:30,12:20:30,False,,no_dispenser,0
2161681,heavy,320.0,20.0,40-ft,STC,2,SAT,14866413,14866337,335,335,55714,55836,Surrey Central Station @ Bay 6,Surrey Central Station @ Bay 3,55714,Surrey Central Station,43950,44910,in_service_layover,54.93973994201525,66.7801417079868,66.77986596007946,960,16.0,12:12:30,12:28:30,False,,no_dispenser,0
2161864,heavy,320.0,70.0,40-ft,STC,2,SAT,14865493,14865532,324,324,56395,54993,Surrey Central Station @ Bay 1 Unloading Only,Surrey Central Station @ Bay 8,56395,Surrey Central Station,44010,44310,in_service_layover,66.69316103277569,70.10070998277995,19.218576078024,300,5.0,12:13:30,12:18:30,False,,no_dispenser,0
2161612,heavy,320.0,42.0,40-ft,STC,2,SAT,14874579,14874634,501,501,61035,55210,Surrey Central Station @ Bay 12,Surrey Central Station @ Bay 2,61035,Surrey Central Station,44010,44610,in_service_layover,59.924961295910386,67.20024175379368,41.03258178246182,600,10.0,12:13:30,12:23:30,False,,no_dispenser,0
2161671,heavy,320.0,23.0,40-ft,STC,2,SAT,14863588,14863505,320,320,61035,55713,Surrey Central Station @ Bay 12,Surrey Central Station @ Bay 5,61035,Surrey Central Station,44130,44430,in_service_layover,51.4934240223878,55.38663535305436,21.95771190495941,300,5.0,12:15:30,12:20:30,False,,no_dispenser,0
2161826,heavy,502.0,30.0,40-ft,STC,2,SAT,14875021,14874961,502,502,56395,55070,Surrey Central Station @ Bay 1 Unloading Only,Surrey Central Station @ Bay 9,56395,Surrey Central Station,44130,44790,in_service_layover,53.236727696811,61.801914150202194,48.30765159712632,660,11.0,12:15:30,12:26:30,False,,no_dispenser,0
2161870,heavy,320.0,37.0,40-ft,STC,2,SAT,14866818,14866712,337,337,61035,61677,Surrey Central Station @ Bay 12,Surrey Central Station @ Bay 5A,61035,Surrey Central Station,44310,45030,in_service_layover,66.1377350427912,73.68359772605787,42.55866553362392,720,12.0,12:18:30,12:30:30,False,,no_dispenser,0
2161825,heavy,503.0,38.0,40-ft,STC,2,SAT,14875545,14875469,503,503,56395,55441,Surrey Central Station @ Bay 1 Unloading Only,Surrey Central Station @ Bay 10,56395,Surrey Central Station,44370,44850,in_service_layover,57.90558775952196,64.02917589133942,34.5370370634505,480,8.0,12:19:30,12:27:30,False,,no_dispenser,0
2161751,heavy,321.0,49.0,40-ft,STC,2,SAT,14863984,14864137,321,321,61035,61035,Surrey Central Station @ Bay 12,Surrey Central Station @ Bay 12,61035,Surrey Central Station,44430,45030,in_service_layover,43.46299889373123,51.1284789204179,43.233307350512774,600,10.0,12:20:30,12:30:30,False,,no_dispenser,0
2161677,heavy,320.0,27.0,40-ft,STC,2,SAT,14866414,14866338,335,335,55714,55836,Surrey Central Station @ Bay 6,Surrey Central Station @ Bay 3,55714,Surrey Central Station,44850,45810,in_service_layover,54.06362733783118,66.0245197428036,67.45943316404453,960,16.0,12:27:30,12:43:30,False,,no_dispenser,0
2161750,heavy,321.0,43.0,40-ft,STC,2,SAT,14864013,14864138,321,321,61035,61035,Surrey Central Station @ Bay 12,Surrey Central Station @ Bay 12,61035,Surrey Central Station,45090,45630,in_service_layover,42.3591840539521,49.23088560487899,38.75639674722768,540,9.0,12:31:30,12:40:30,False,,no_dispenser,0
2161554,heavy,320.0,77.0,40-ft,STC,2,SAT,14866035,14862544,329,314,56395,61787,Surrey Central Station @ Bay 1 Unloading Only,Surrey Central Station @ Bay 14,56395,Surrey Central Station,45150,45510,in_service_layover,68.32796736859495,72.2316198961865,22.016600255616368,360,6.0,12:32:30,12:38:30,False,,no_dispenser,0
2161682,heavy,503.0,39.0,40-ft,STC,2,SAT,14875546,14875470,503,503,56395,55441,Surrey Central Station @ Bay 1 Unloading Only,Surrey Central Station @ Bay 10,56395,Surrey Central Station,45150,45570,in_service_layover,50.92384060206049,56.38478510721983,30.79972700909866,420,7.0,12:32:30,12:39:30,False,,no_dispenser,0
2162412,heavy,502.0,34.0,40-ft,STC,2,SAT,14875048,14874968,502,502,56395,55070,Surrey Central Station @ Bay 1 Unloading Only,Surrey Central Station @ Bay 9,56395,Surrey Central Station,45150,45690,in_service_layover,48.01102441364392,54.9851322047521,39.33396794185006,540,9.0,12:32:30,12:41:30,False,,no_dispenser,0
2161756,heavy,320.0,67.0,40-ft,STC,2,SAT,14874580,14874635,501,501,61035,55210,Surrey Central Station @ Bay 12,Surrey Central Station @ Bay 2,61035,Surrey Central Station,45210,45810,in_service_layover,61.69420825030525,68.7466463533674,39.775750901270555,600,10.0,12:33:30,12:43:30,False,,no_dispenser,0
2161881,heavy,320.0,32.0,40-ft,STC,2,SAT,14866803,14866735,337,337,61035,61677,Surrey Central Station @ Bay 12,Surrey Central Station @ Bay 5A,61035,Surrey Central Station,45270,45750,in_service_layover,69.50526230925546,74.43341638018572,27.794788960046674,480,8.0,12:34:30,12:42:30,False,,no_dispenser,0
2161886,heavy,320.0,62.0,40-ft,STC,2,SAT,14865982,14865801,326,325,61787,55738,Surrey Central Station @ Bay 14,Surrey Central Station @ Bay 7,61787,Surrey Central Station,45390,46290,in_service_layover,47.97591569806062,59.638821026111465,65.77878605020675,900,15.0,12:36:30,12:51:30,False,,no_dispenser,0
2161885,heavy,320.0,43.0,40-ft,STC,2,SAT,14866415,14866339,335,335,55714,55836,Surrey Central Station @ Bay 6,Surrey Central Station @ Bay 3,55714,Surrey Central Station,45750,46710,in_service_layover,53.31999992015152,65.37120771585859,67.96881196778781,960,16.0,12:42:30,12:58:30,False,,no_dispenser,0
2161738,heavy,321.0,51.0,40-ft,STC,2,SAT,14863966,14864139,321,321,61035,61035,Surrey Central Station @ Bay 12,Surrey Central Station @ Bay 12,61035,Surrey Central Station,45810,46170,in_service_layover,45.360124545454966,49.948308012024576,25.8773547514526,360,6.0,12:43:30,12:49:30,False,,no_dispenser,0
2161865,heavy,320.0,28.0,40-ft,STC,2,SAT,14865480,14865518,324,324,56395,54993,Surrey Central Station @ Bay 1 Unloading Only,Surrey Central Station @ Bay 8,56395,Surrey Central Station,45810,46710,in_service_layover,67.01785735359384,75.86819750540248,49.9159184562007,900,15.0,12:43:30,12:58:30,False,,no_dispenser,0
2162430,heavy,503.0,35.0,40-ft,STC,2,SAT,14875547,14875471,503,503,56395,55441,Surrey Central Station @ Bay 1 Unloading Only,Surrey Central Station @ Bay 10,56395,Surrey Central Station,45870,46290,in_service_layover,69.61253039784691,73.97570643662333,24.608312858698923,420,7.0,12:44:30,12:51:30,False,,no_dispenser,0
2161683,heavy,502.0,43.0,40-ft,STC,2,SAT,14865753,14865973,325,326,56395,54993,Surrey Central Station @ Bay 1 Unloading Only,Surrey Central Station @ Bay 8,56395,Surrey Central Station,45990,46590,in_service_layover,57.54896295992374,65.10638434893193,42.62385663400613,600,10.0,12:46:30,12:56:30,False,,no_dispenser,0
2161670,heavy,320.0,31.0,40-ft,STC,2,SAT,14863524,14863507,320,320,61035,55713,Surrey Central Station @ Bay 12,Surrey Central Station @ Bay 5,61035,Surrey Central Station,46050,46230,in_service_layover,49.364052593870326,51.66970392015434,13.00387348024185,180,3.0,12:47:30,12:50:30,False,,no_dispenser,0
2162411,heavy,502.0,37.0,40-ft,STC,2,SAT,14875031,14874962,502,502,56395,55070,Surrey Central Station @ Bay 1 Unloading Only,Surrey Central Station @ Bay 9,56395,Surrey Central Station,46050,46590,in_service_layover,45.717592681476965,52.643406025156146,39.061587258350585,540,9.0,12:47:30,12:56:30,False,,no_dispenser,0
2161821,heavy,320.0,59.0,40-ft,STC,2,SAT,14866819,14866713,337,337,61035,61677,Surrey Central Station @ Bay 12,Surrey Central Station @ Bay 5A,61035,Surrey Central Station,46170,46650,in_service_layover,68.49509853141964,73.5401702497237,28.45420449123492,480,8.0,12:49:30,12:57:30,False,,no_dispenser,0
2161582,heavy,312.0,54.0,40-ft,STC,2,SAT,14862676,14862709,316,316,56395,55738,Surrey Central Station @ Bay 1 Unloading Only,Surrey Central Station @ Bay 7,56395,Surrey Central Station,46350,46650,in_service_layover,68.67960243949813,71.95171662240163,18.454723991575747,300,5.0,12:52:30,12:57:30,False,,no_dispenser,0
2161819,heavy,801.0,53.0,40-ft,STC,2,SAT,14865035,14865121,323,323,61035,55612,Surrey Central Station @ Bay 12,Surrey Central Station @ Bay 4,61035,Surrey Central Station,46410,47310,in_service_layover,67.39883608178734,76.16735699865959,49.45445797115951,900,15.0,12:53:30,13:08:30,False,,no_dispenser,0
2161679,heavy,502.0,42.0,40-ft,STC,2,SAT,14874581,14874636,501,501,61035,55210,Surrey Central Station @ Bay 12,Surrey Central Station @ Bay 2,61035,Surrey Central Station,46530,47010,in_service_layover,58.25724531977369,64.35323786024436,34.381397928254614,480,8.0,12:55:30,13:03:30,False,,no_dispenser,0
2161674,heavy,321.0,50.0,40-ft,STC,2,SAT,14863971,14864141,321,321,61035,61035,Surrey Central Station @ Bay 12,Surrey Central Station @ Bay 12,61035,Surrey Central Station,46530,47250,in_service_layover,41.94634479149289,51.14413279094617,51.87552431691651,720,12.0,12:55:30,13:07:30,False,,no_dispenser,0
2162429,heavy,503.0,31.0,40-ft,STC,2,SAT,14875548,14875472,503,503,56395,55441,Surrey Central Station @ Bay 1 Unloading Only,Surrey Central Station @ Bay 10,56395,Surrey Central Station,46590,47010,in_service_layover,56.26944247065303,61.75171309901247,30.920006343947307,420,7.0,12:56:30,13:03:30,False,,no_dispenser,0
2161555,heavy,320.0,71.0,40-ft,STC,2,SAT,14862528,14866047,314,329,56395,61787,Surrey Central Station @ Bay 1 Unloading Only,Surrey Central Station @ Bay 14,56395,Surrey Central Station,46650,47310,in_service_layover,62.600840650180615,70.13967583687882,42.519030452977916,660,11.0,12:57:30,13:08:30,False,,no_dispenser,0
2161862,heavy,320.0,40.0,40-ft,STC,2,SAT,14866416,14866340,335,335,55714,55836,Surrey Central Station @ Bay 6,Surrey Central Station @ Bay 3,55714,Surrey Central Station,46650,47610,in_service_layover,51.89854625629232,64.09191023625228,68.77057284697418,960,16.0,12:57:30,13:13:30,False,,no_dispenser,0
2161755,heavy,502.0,31.0,40-ft,STC,2,SAT,14875057,14874987,502,502,56395,55070,Surrey Central Station @ Bay 1 Unloading Only,Surrey Central Station @ Bay 9,56395,Surrey Central Station,46950,47490,in_service_layover,49.408224634474216,56.41626619668493,39.52535441086843,540,9.0,13:02:30,13:11:30,False,,no_dispenser,0
2161666,heavy,320.0,56.0,40-ft,STC,2,SAT,14863525,14863508,320,320,61035,55713,Surrey Central Station @ Bay 12,Surrey Central Station @ Bay 5,61035,Surrey Central Station,47010,47190,in_service_layover,56.996911619029746,59.376284479455855,13.419662932803249,180,3.0,13:03:30,13:06:30,False,,no_dispenser,0
2161868,heavy,320.0,50.0,40-ft,STC,2,SAT,14866829,14866736,337,337,61035,61677,Surrey Central Station @ Bay 12,Surrey Central Station @ Bay 5A,61035,Surrey Central Station,47130,47550,in_service_layover,65.45777762571021,70.2254520623435,26.889683822611744,420,7.0,13:05:30,13:12:30,False,,no_dispenser,0
2161748,heavy,321.0,48.0,40-ft,STC,2,SAT,14863972,14864142,321,321,61035,61035,Surrey Central Station @ Bay 12,Surrey Central Station @ Bay 12,61035,Surrey Central Station,47130,47850,in_service_layover,43.58049678983962,52.81514195903052,52.08339875423664,720,12.0,13:05:30,13:17:30,False,,no_dispenser,0
2161818,heavy,801.0,50.0,40-ft,STC,2,SAT,14865036,14865122,323,323,61035,55612,Surrey Central Station @ Bay 12,Surrey Central Station @ Bay 4,61035,Surrey Central Station,47130,48030,in_service_layover,66.06228319296795,75.11626439799285,51.06445399634043,900,15.0,13:05:30,13:20:30,False,,no_dispenser,0
2162434,heavy,503.0,30.0,40-ft,STC,2,SAT,14875549,14875505,503,503,56395,55441,Surrey Central Station @ Bay 1 Unloading Only,Surrey Central Station @ Bay 10,56395,Surrey Central Station,47310,47610,in_service_layover,41.50918495978163,45.30851786438907,21.428237581985968,300,5.0,13:08:30,13:13:30,False,,no_dispenser,0
2161739,heavy,320.0,36.0,40-ft,STC,2,SAT,14866417,14866341,335,335,55714,55836,Surrey Central Station @ Bay 6,Surrey Central Station @ Bay 3,55714,Surrey Central Station,47550,48510,in_service_layover,54.13887860202412,66.09002171642003,67.40444716519283,960,16.0,13:12:30,13:28:30,False,,no_dispenser,0
2161672,heavy,502.0,33.0,40-ft,STC,2,SAT,14874582,14874637,501,501,61035,55210,Surrey Central Station @ Bay 12,Surrey Central Station @ Bay 2,61035,Surrey Central Station,47730,48210,in_service_layover,53.21836470118845,59.51474399811827,35.51157923468418,480,8.0,13:15:30,13:23:30,False,,no_dispenser,0
2161747,heavy,321.0,41.0,40-ft,STC,2,SAT,14864020,14864143,321,321,61035,61035,Surrey Central Station @ Bay 12,Surrey Central Station @ Bay 12,61035,Surrey Central Station,47730,48450,in_service_layover,34.792723619175675,43.88320981949251,51.27034216978694,720,12.0,13:15:30,13:27:30,False,,no_dispenser,0
2161526,heavy,320.0,63.0,40-ft,STC,2,SAT,14865766,14865791,325,325,56395,55738,Surrey Central Station @ Bay 1 Unloading Only,Surrey Central Station @ Bay 7,56395,Surrey Central Station,47790,48090,in_service_layover,64.28988029533498,67.84829427763026,20.069454860145413,300,5.0,13:16:30,13:21:30,False,,no_dispenser,0
2162413,heavy,502.0,39.0,40-ft,STC,2,SAT,14875022,14874963,502,502,56395,55070,Surrey Central Station @ Bay 1 Unloading Only,Surrey Central Station @ Bay 9,56395,Surrey Central Station,47850,48390,in_service_layover,53.39128664305179,60.45605404829699,39.84528816558293,540,9.0,13:17:30,13:26:30,False,,no_dispenser,0
2161668,heavy,320.0,76.0,40-ft,STC,2,SAT,14863526,14863509,320,320,61035,55713,Surrey Central Station @ Bay 12,Surrey Central Station @ Bay 5,61035,Surrey Central Station,47910,48150,in_service_layover,61.2873336753906,64.30448101934377,17.016711019895865,240,4.0,13:18:30,13:22:30,False,,no_dispenser,0
2161870,heavy,320.0,37.0,40-ft,STC,2,SAT,14866820,14866714,337,337,61035,61677,Surrey Central Station @ Bay 12,Surrey Central Station @ Bay 5A,61035,Surrey Central Station,47970,48450,in_service_layover,66.81826689442944,72.0518696966869,29.51751980473199,480,8.0,13:19:30,13:27:30,False,,no_dispenser,0
2162428,heavy,503.0,40.0,40-ft,STC,2,SAT,14875550,14875514,503,503,56395,55441,Surrey Central Station @ Bay 1 Unloading Only,Surrey Central Station @ Bay 10,56395,Surrey Central Station,48030,48210,in_service_layover,65.0080363128059,67.16023360667805,12.138392737438835,180,3.0,13:20:30,13:23:30,False,,no_dispenser,0
2161581,heavy,312.0,57.0,40-ft,STC,2,SAT,14862677,14862710,316,316,56395,55738,Surrey Central Station @ Bay 1 Unloading Only,Surrey Central Station @ Bay 7,56395,Surrey Central Station,48150,48450,in_service_layover,65.28382795194133,68.78157202046292,19.727276546461667,300,5.0,13:22:30,13:27:30,False,,no_dispenser,0
2161866,heavy,320.0,60.0,40-ft,STC,2,SAT,14865475,14865530,324,324,56395,54993,Surrey Central Station @ Bay 1 Unloading Only,Surrey Central Station @ Bay 8,56395,Surrey Central Station,48270,49110,in_service_layover,66.31819205255651,74.84088011016215,48.06796064489578,840,14.0,13:24:30,13:38:30,False,,no_dispenser,0
2161746,heavy,321.0,52.0,40-ft,STC,2,SAT,14864021,14864144,321,321,61035,61035,Surrey Central Station @ Bay 12,Surrey Central Station @ Bay 12,61035,Surrey Central Station,48330,49050,in_service_layover,69.84922223193333,76.75536001664291,38.95061710576209,720,12.0,13:25:30,13:37:30,False,,no_dispenser,0
2161893,heavy,320.0,48.0,40-ft,STC,2,SAT,14866418,14866342,335,335,55714,55836,Surrey Central Station @ Bay 6,Surrey Central Station @ Bay 3,55714,Surrey Central Station,48450,49410,in_service_layover,49.01530122879562,61.386956198537256,69.77613402934281,960,16.0,13:27:30,13:43:30,False,,no_dispenser,0
2162427,heavy,503.0,41.0,40-ft,STC,2,SAT,14875551,14875506,503,503,56395,55441,Surrey Central Station @ Bay 1 Unloading Only,Surrey Central Station @ Bay 10,56395,Surrey Central Station,48630,48810,in_service_layover,64.236118840513,66.41568909439553,12.292776231897392,180,3.0,13:30:30,13:33:30,False,,no_dispenser,0
2161817,heavy,801.0,52.0,40-ft,STC,2,SAT,14865038,14865124,323,323,61035,55612,Surrey Central Station @ Bay 12,Surrey Central Station @ Bay 4,61035,Surrey Central Station,48630,49470,in_service_layover,69.72225305863655,77.55738760771695,44.19015885681341,840,14.0,13:30:30,13:44:30,False,,no_dispenser,0
2161553,heavy,320.0,46.0,40-ft,STC,2,SAT,14866031,14862547,329,314,56395,61787,Surrey Central Station @ Bay 1 Unloading Only,Surrey Central Station @ Bay 14,56395,Surrey Central Station,48750,49230,in_service_layover,65.9733519239173,71.29932678231931,30.038498201387256,480,8.0,13:32:30,13:40:30,False,,no_dispenser,0
2161908,heavy,502.0,41.0,40-ft,STC,2,SAT,14874998,14874929,502,502,56395,55070,Surrey Central Station @ Bay 1 Unloading Only,Surrey Central Station @ Bay 9,56395,Surrey Central Station,48750,49290,in_service_layover,49.10555800198419,56.10595883455103,39.482260695676985,540,9.0,13:32:30,13:41:30,False,,no_dispenser,0
2161881,heavy,320.0,32.0,40-ft,STC,2,SAT,14866766,14866741,337,337,61035,61677,Surrey Central Station @ Bay 12,Surrey Central Station @ Bay 5A,61035,Surrey Central Station,48750,49350,in_service_layover,67.5680855485573,73.83029339334908,35.31885224462559,600,10.0,13:32:30,13:42:30,False,,no_dispenser,0
2161671,heavy,320.0,23.0,40-ft,STC,2,SAT,14863527,14863510,320,320,61035,55713,Surrey Central Station @ Bay 12,Surrey Central Station @ Bay 5,61035,Surrey Central Station,48810,49110,in_service_layover,48.21716573208453,52.06179453342982,21.68370643958741,300,5.0,13:33:30,13:38:30,False,,no_dispenser,0
2161673,heavy,502.0,35.0,40-ft,STC,2,SAT,14874583,14874638,501,501,61035,55210,Surrey Central Station @ Bay 12,Surrey Central Station @ Bay 2,61035,Surrey Central Station,48930,49410,in_service_layover,50.91172156077425,57.16584365133577,35.27324859076697,480,8.0,13:35:30,13:43:30,False,,no_dispenser,0
2161741,heavy,321.0,40.0,40-ft,STC,2,SAT,14864022,14864145,321,321,61035,61035,Surrey Central Station @ Bay 12,Surrey Central Station @ Bay 12,61035,Surrey Central Station,48930,49650,in_service_layover,40.840606530597874,50.01610569649709,51.749815295671596,720,12.0,13:35:30,13:47:30,False,,no_dispenser,0
2161894,heavy,320.0,78.0,40-ft,STC,2,SAT,14865981,14865799,326,325,61787,55738,Surrey Central Station @ Bay 14,Surrey Central Station @ Bay 7,61787,Surrey Central Station,48990,49890,in_service_layover,69.12164230738705,77.51571636959277,47.34257771084026,900,15.0,13:36:30,13:51:30,False,,no_dispenser,0
2161935,heavy,320.0,57.0,40-ft,STC,2,SAT,14866419,14866289,335,335,55714,55836,Surrey Central Station @ Bay 6,Surrey Central Station @ Bay 3,55714,Surrey Central Station,49350,50310,in_service_layover,49.01530122879562,61.386956198537256,69.77613402934281,960,16.0,13:42:30,13:58:30,False,,no_dispenser,0
2161813,heavy,801.0,54.0,40-ft,STC,2,SAT,14865039,14865125,323,323,61035,55612,Surrey Central Station @ Bay 12,Surrey Central Station @ Bay 4,61035,Surrey Central Station,49470,50190,in_service_layover,68.68237396625325,75.79328948200586,40.10556350884468,720,12.0,13:44:30,13:56:30,False,,no_dispenser,0
2161864,heavy,320.0,70.0,40-ft,STC,2,SAT,14865489,14865538,324,324,56395,54993,Surrey Central Station @ Bay 1 Unloading Only,Surrey Central Station @ Bay 8,56395,Surrey Central Station,49470,50310,in_service_layover,68.9132176037678,76.91434737800688,45.126371926708316,840,14.0,13:44:30,13:58:30,False,,no_dispenser,0
2161745,heavy,321.0,44.0,40-ft,STC,2,SAT,14864023,14864146,321,321,61035,61035,Surrey Central Station @ Bay 12,Surrey Central Station @ Bay 12,61035,Surrey Central Station,49530,50250,in_service_layover,34.65909964119389,43.748190976369536,51.26247513039064,720,12.0,13:45:30,13:57:30,False,,no_dispenser,0
2161676,heavy,320.0,69.0,40-ft,STC,2,SAT,14865752,14865966,325,326,56395,54993,Surrey Central Station @ Bay 1 Unloading Only,Surrey Central Station @ Bay 8,56395,Surrey Central Station,49650,50190,in_service_layover,65.9380236947301,71.85680005045505,33.381898646288676,540,9.0,13:47:30,13:56:30,False,,no_dispenser,0
2162403,heavy,502.0,38.0,40-ft,STC,2,SAT,14875030,14874964,502,502,56395,55070,Surrey Central Station @ Bay 1 Unloading Only,Surrey Central Station @ Bay 9,56395,Surrey Central Station,49650,50190,in_service_layover,50.19505535384434,57.22505851821751,39.649217847064676,540,9.0,13:47:30,13:56:30,False,,no_dispenser,0
2161821,heavy,320.0,59.0,40-ft,STC,2,SAT,14866821,14866715,337,337,61035,61677,Surrey Central Station @ Bay 12,Surrey Central Station @ Bay 5A,61035,Surrey Central Station,49650,50250,in_service_layover,66.67483941809527,73.06269665467823,36.0275148143279,600,10.0,13:47:30,13:57:30,False,,no_dispenser,0
2161523,heavy,320.0,45.0,40-ft,STC,2,SAT,14863528,14863511,320,320,61035,55713,Surrey Central Station @ Bay 12,Surrey Central Station @ Bay 5,61035,Surrey Central Station,49710,50010,in_service_layover,47.70027584942906,51.539007762258116,21.650447988355893,300,5.0,13:48:30,13:53:30,False,,no_dispenser,0
2161480,heavy,312.0,53.0,40-ft,STC,2,SAT,14862678,14862711,316,316,56395,55738,Surrey Central Station @ Bay 1 Unloading Only,Surrey Central Station @ Bay 7,56395,Surrey Central Station,49950,50250,in_service_layover,45.557939551498755,49.377215699350494,21.54071747388383,300,5.0,13:52:30,13:57:30,False,,no_dispenser,0
2161740,heavy,503.0,32.0,40-ft,STC,2,SAT,14875553,14875516,503,503,56395,55441,Surrey Central Station @ Bay 1 Unloading Only,Surrey Central Station @ Bay 10,56395,Surrey Central Station,50070,50610,in_service_layover,32.543149993534634,39.32983878873132,38.27692480490933,540,9.0,13:54:30,14:03:30,False,,no_dispenser,0
2161943,heavy,502.0,45.0,40-ft,STC,2,SAT,14874584,14874639,501,501,61035,55210,Surrey Central Station @ Bay 12,Surrey Central Station @ Bay 2,61035,Surrey Central Station,50130,50610,in_service_layover,61.311930851557804,67.11592500288623,32.73452701349237,480,8.0,13:55:30,14:03:30,False,,no_dispenser,0
2161744,heavy,321.0,47.0,40-ft,STC,2,SAT,14864024,14864147,321,321,61035,61035,Surrey Central Station @ Bay 12,Surrey Central Station @ Bay 12,61035,Surrey Central Station,50130,50850,in_service_layover,33.04877639371751,42.12105799311156,51.1676682205825,720,12.0,13:55:30,14:07:30,False,,no_dispenser,0
2161554,heavy,320.0,77.0,40-ft,STC,2,SAT,14862537,14866044,314,329,56395,61787,Surrey Central Station @ Bay 1 Unloading Only,Surrey Central Station @ Bay 14,56395,Surrey Central Station,50490,50910,in_service_layover,61.65025216456813,66.75129168202369,28.769862878449374,420,7.0,14:01:30,14:08:30,False,,no_dispenser,0
2161868,heavy,320.0,50.0,40-ft,STC,2,SAT,14866767,14866744,337,337,61035,61677,Surrey Central Station @ Bay 12,Surrey Central Station @ Bay 5A,61035,Surrey Central Station,50550,51150,in_service_layover,63.36012123071508,70.19707097276905,38.56039654518435,600,10.0,14:02:30,14:12:30,False,,no_dispenser,0
2161670,heavy,320.0,31.0,40-ft,STC,2,SAT,14863529,14863512,320,320,61035,55713,Surrey Central Station @ Bay 12,Surrey Central Station @ Bay 5,61035,Surrey Central Station,50610,50970,in_service_layover,44.50023429918452,49.08067904712049,25.833708378358864,360,6.0,14:03:30,14:09:30,False,,no_dispenser,0
2161743,heavy,321.0,42.0,40-ft,STC,2,SAT,14864025,14864148,321,321,61035,61035,Surrey Central Station @ Bay 12,Surrey Central Station @ Bay 12,61035,Surrey Central Station,50730,51450,in_service_layover,28.62157957395988,37.64764684408196,50.90701940348853,720,12.0,14:05:30,14:17:30,False,,no_dispenser,0
2161824,heavy,503.0,34.0,40-ft,STC,2,SAT,14875554,14875508,503,503,56395,55441,Surrey Central Station @ Bay 1 Unloading Only,Surrey Central Station @ Bay 10,56395,Surrey Central Station,50790,51210,in_service_layover,33.92336180894209,39.203268912155785,29.77867606212527,420,7.0,14:06:30,14:13:30,False,,no_dispenser,0
2161815,heavy,801.0,55.0,40-ft,STC,2,SAT,14865041,14865127,323,323,61035,55612,Surrey Central Station @ Bay 12,Surrey Central Station @ Bay 4,61035,Surrey Central Station,50910,51630,in_service_layover,68.65611667876153,75.77160118151218,40.13133259551364,720,12.0,14:08:30,14:20:30,False,,no_dispenser,0
2161880,heavy,320.0,54.0,40-ft,STC,2,SAT,14866374,14866318,335,335,55714,55836,Surrey Central Station @ Bay 6,Surrey Central Station @ Bay 3,55714,Surrey Central Station,51270,52110,in_service_layover,57.047162794135446,67.31068503373801,57.88626543135848,840,14.0,14:14:30,14:28:30,False,,no_dispenser,0
2161742,heavy,502.0,40.0,40-ft,STC,2,SAT,14874585,14874640,501,501,61035,55210,Surrey Central Station @ Bay 12,Surrey Central Station @ Bay 2,61035,Surrey Central Station,51330,51810,in_service_layover,55.609560683591866,61.86313594186269,35.27016445664748,480,8.0,14:15:30,14:23:30,False,,no_dispenser,0
2161754,heavy,321.0,53.0,40-ft,STC,2,SAT,14864026,14864149,321,321,61035,61035,Surrey Central Station @ Bay 12,Surrey Central Station @ Bay 12,61035,Surrey Central Station,51330,52050,in_service_layover,69.84922223193333,76.75536001664291,38.95061710576209,720,12.0,14:15:30,14:27:30,False,,no_dispenser,0
2161887,heavy,320.0,38.0,40-ft,STC,2,SAT,14865765,14865790,325,325,56395,55738,Surrey Central Station @ Bay 1 Unloading Only,Surrey Central Station @ Bay 7,56395,Surrey Central Station,51450,51690,in_service_layover,50.59408047903358,53.69030842713095,17.46272562726915,240,4.0,14:17:30,14:21:30,False,,no_dispenser,0
2161820,heavy,502.0,32.0,40-ft,STC,2,SAT,14875032,14874965,502,502,56395,55070,Surrey Central Station @ Bay 1 Unloading Only,Surrey Central Station @ Bay 9,56395,Surrey Central Station,51450,51990,in_service_layover,55.2900431419808,62.29697078577765,39.51907191101418,540,9.0,14:17:30,14:26:30,False,,no_dispenser,0
2161870,heavy,320.0,37.0,40-ft,STC,2,SAT,14866822,14866716,337,337,61035,61677,Surrey Central Station @ Bay 12,Surrey Central Station @ Bay 5A,61035,Surrey Central Station,51450,52050,in_service_layover,65.18653886505848,71.7793843621744,37.18364860373373,600,10.0,14:17:30,14:27:30,False,,no_dispenser,0
2161583,heavy,503.0,36.0,40-ft,STC,2,SAT,14875555,14875517,503,503,56395,55441,Surrey Central Station @ Bay 1 Unloading Only,Surrey Central Station @ Bay 10,56395,Surrey Central Station,51510,51810,in_service_layover,28.887513118875653,32.63194840973277,21.11861504043418,300,5.0,14:18:30,14:23:30,False,,no_dispenser,0
2161669,heavy,320.0,52.0,40-ft,STC,2,SAT,14863530,14863513,320,320,61035,55713,Surrey Central Station @ Bay 12,Surrey Central Station @ Bay 5,61035,Surrey Central Station,51570,51930,in_service_layover,50.89876104560219,55.56906504583511,26.340514561313626,360,6.0,14:19:30,14:25:30,False,,no_dispenser,0
2161816,heavy,801.0,51.0,40-ft,STC,2,SAT,14865042,14865128,323,323,61035,55612,Surrey Central Station @ Bay 12,Surrey Central Station @ Bay 4,61035,Surrey Central Station,51630,52350,in_service_layover,68.96610298000626,76.02753318387198,39.826466349802615,720,12.0,14:20:30,14:32:30,False,,no_dispenser,0
2161582,heavy,312.0,54.0,40-ft,STC,2,SAT,14862679,14862712,316,316,56395,55738,Surrey Central Station @ Bay 1 Unloading Only,Surrey Central Station @ Bay 7,56395,Surrey Central Station,51810,52050,in_service_layover,64.66809445671143,67.52539495521208,16.115174811543625,240,4.0,14:23:30,14:27:30,False,,no_dispenser,0
2161865,heavy,320.0,28.0,40-ft,STC,2,SAT,14865474,14865525,324,324,56395,54993,Surrey Central Station @ Bay 1 Unloading Only,Surrey Central Station @ Bay 8,56395,Surrey Central Station,51870,52710,in_service_layover,67.0486047389687,75.42616999218504,47.24946802814003,840,14.0,14:24:30,14:38:30,False,,no_dispenser,0
2161753,heavy,321.0,46.0,40-ft,STC,2,SAT,14864027,14864150,321,321,61035,61035,Surrey Central Station @ Bay 12,Surrey Central Station @ Bay 12,61035,Surrey Central Station,51930,52590,in_service_layover,34.244691712681515,42.566867362301906,46.937070663859004,660,11.0,14:25:30,14:36:30,False,,no_dispenser,0
2161681,heavy,320.0,20.0,40-ft,STC,2,SAT,14866397,14866304,335,335,55714,55836,Surrey Central Station @ Bay 6,Surrey Central Station @ Bay 3,55714,Surrey Central Station,52170,53010,in_service_layover,53.9435956359487,64.5884522149301,60.03699110545517,840,14.0,14:29:30,14:43:30,False,,no_dispenser,0
2161555,heavy,320.0,71.0,40-ft,STC,2,SAT,14866039,14862555,329,314,56395,61787,Surrey Central Station @ Bay 1 Unloading Only,Surrey Central Station @ Bay 14,56395,Surrey Central Station,52350,52830,in_service_layover,65.45010655254372,70.83240528430643,30.356164847141713,480,8.0,14:32:30,14:40:30,False,,no_dispenser,0
2161881,heavy,320.0,32.0,40-ft,STC,2,SAT,14866787,14866745,337,337,61035,61677,Surrey Central Station @ Bay 12,Surrey Central Station @ Bay 5A,61035,Surrey Central Station,52350,52950,in_service_layover,66.96496256172065,73.31222447450048,35.798557188078235,600,10.0,14:32:30,14:42:30,False,,no_dispenser,0
2161682,heavy,503.0,39.0,40-ft,STC,2,SAT,14875556,14875518,503,503,56395,55441,Surrey Central Station @ Bay 1 Unloading Only,Surrey Central Station @ Bay 10,56395,Surrey Central Station,52350,53010,in_service_layover,45.38829639629711,53.878745043212426,47.88613036860244,660,11.0,14:32:30,14:43:30,False,,no_dispenser,0
2161826,heavy,502.0,30.0,40-ft,STC,2,SAT,14875027,14874982,502,502,56395,55070,Surrey Central Station @ Bay 1 Unloading Only,Surrey Central Station @ Bay 9,56395,Surrey Central Station,52410,52890,in_service_layover,51.02534841271024,57.282417514740644,35.289869735451475,480,8.0,14:33:30,14:41:30,False,,no_dispenser,0
2161668,heavy,320.0,76.0,40-ft,STC,2,SAT,14863531,14863514,320,320,61035,55713,Surrey Central Station @ Bay 12,Surrey Central Station @ Bay 5,61035,Surrey Central Station,52530,52890,in_service_layover,57.13501139837393,61.83586177888905,26.512796146105188,360,6.0,14:35:30,14:41:30,False,,no_dispenser,0
2161752,heavy,321.0,45.0,40-ft,STC,2,SAT,14864028,14864151,321,321,61035,61035,Surrey Central Station @ Bay 12,Surrey Central Station @ Bay 12,61035,Surrey Central Station,52530,53190,in_service_layover,31.735268514225833,40.03343189638379,46.8016414753709,660,11.0,14:35:30,14:46:30,False,,no_dispenser,0
2161897,heavy,502.0,36.0,40-ft,STC,2,SAT,14874586,14874641,501,501,61035,55210,Surrey Central Station @ Bay 12,Surrey Central Station @ Bay 2,61035,Surrey Central Station,52590,53010,in_service_layover,53.767985663681074,59.28557556995807,31.119207071402286,420,7.0,14:36:30,14:43:30,False,,no_dispenser,0
2161884,heavy,320.0,51.0,40-ft,STC,2,SAT,14865980,14865803,326,325,61787,55738,Surrey Central Station @ Bay 14,Surrey Central Station @ Bay 7,61787,Surrey Central Station,52590,53490,in_service_layover,44.74246061546599,56.38743579284052,65.67766000039236,900,15.0,14:36:30,14:51:30,False,,no_dispenser,0
2161819,heavy,801.0,53.0,40-ft,STC,2,SAT,14865044,14865130,323,323,61035,55612,Surrey Central Station @ Bay 12,Surrey Central Station @ Bay 4,61035,Surrey Central Station,53010,53790,in_service_layover,67.27677853887303,75.12819380942506,44.28198212591349,780,13.0,14:43:30,14:56:30,False,,no_dispenser,0
2162432,heavy,503.0,33.0,40-ft,STC,2,SAT,14875557,14875510,503,503,56395,55441,Surrey Central Station @ Bay 1 Unloading Only,Surrey Central Station @ Bay 10,56395,Surrey Central Station,53070,53610,in_service_layover,24.93199589021091,31.65906570317205,37.94067374510084,540,9.0,14:44:30,14:53:30,False,,no_dispenser,0
2161677,heavy,320.0,27.0,40-ft,STC,2,SAT,14866384,14866276,335,335,55714,55836,Surrey Central Station @ Bay 6,Surrey Central Station @ Bay 3,55714,Surrey Central Station,53070,53910,in_service_layover,53.20564885928647,63.914462406507056,60.39770840632406,840,14.0,14:44:30,14:58:30,False,,no_dispenser,0
2161751,heavy,321.0,49.0,40-ft,STC,2,SAT,14864029,14864152,321,321,61035,61035,Surrey Central Station @ Bay 12,Surrey Central Station @ Bay 12,61035,Surrey Central Station,53130,53790,in_service_layover,32.67833206269303,40.98551946844884,46.8525369684628,660,11.0,14:45:30,14:56:30,False,,no_dispenser,0
2161883,heavy,320.0,65.0,40-ft,STC,2,SAT,14865778,14865965,325,326,56395,54993,Surrey Central Station @ Bay 1 Unloading Only,Surrey Central Station @ Bay 8,56395,Surrey Central Station,53250,53790,in_service_layover,48.320853489932006,55.30219134236843,39.37474548774145,540,9.0,14:47:30,14:56:30,False,,no_dispenser,0
2161821,heavy,320.0,59.0,40-ft,STC,2,SAT,14866823,14866717,337,337,61035,61677,Surrey Central Station @ Bay 12,Surrey Central Station @ Bay 5A,61035,Surrey Central Station,53250,53850,in_service_layover,66.19736582304982,72.65158157899046,36.40177686350512,600,10.0,14:47:30,14:57:30,False,,no_dispenser,0
2162412,heavy,502.0,34.0,40-ft,STC,2,SAT,14875052,14874966,502,502,56395,55070,Surrey Central Station @ Bay 1 Unloading Only,Surrey Central Station @ Bay 9,56395,Surrey Central Station,53310,53790,in_service_layover,43.32750472209327,49.438343097828366,34.46512843914593,480,8.0,14:48:30,14:56:30,False,,no_dispenser,0
2161667,heavy,320.0,53.0,40-ft,STC,2,SAT,14863532,14863515,320,320,61035,55713,Surrey Central Station @ Bay 12,Surrey Central Station @ Bay 5,61035,Surrey Central Station,53490,53790,in_service_layover,55.37154942608693,59.32537761896663,22.299591007841457,300,5.0,14:51:30,14:56:30,False,,no_dispenser,0
2161581,heavy,312.0,57.0,40-ft,STC,2,SAT,14862680,14862713,316,316,56395,55738,Surrey Central Station @ Bay 1 Unloading Only,Surrey Central Station @ Bay 7,56395,Surrey Central Station,53610,53850,in_service_layover,60.949076201308074,63.98221680644718,17.106913012984535,240,4.0,14:53:30,14:57:30,False,,no_dispenser,0
2161750,heavy,321.0,43.0,40-ft,STC,2,SAT,14864030,14864153,321,321,61035,61035,Surrey Central Station @ Bay 12,Surrey Central Station @ Bay 12,61035,Surrey Central Station,53730,54390,in_service_layover,30.780738747154125,39.06976838731039,46.750127170481335,660,11.0,14:55:30,15:06:30,False,,no_dispenser,0
2161818,heavy,801.0,50.0,40-ft,STC,2,SAT,14865045,14865131,323,323,61035,55612,Surrey Central Station @ Bay 12,Surrey Central Station @ Bay 4,61035,Surrey Central Station,53730,54510,in_service_layover,66.22568593820628,74.27058691553304,45.373241512122945,780,13.0,14:55:30,15:08:30,False,,no_dispenser,0
2162429,heavy,503.0,31.0,40-ft,STC,2,SAT,14875558,14875519,503,503,56395,55441,Surrey Central Station @ Bay 1 Unloading Only,Surrey Central Station @ Bay 10,56395,Surrey Central Station,53790,54210,in_service_layover,48.43943486055996,53.848484966823776,30.50704259932786,420,7.0,14:56:30,15:03:30,False,,no_dispenser,0
2161885,heavy,320.0,43.0,40-ft,STC,2,SAT,14866352,14866275,335,335,55714,55836,Surrey Central Station @ Bay 6,Surrey Central Station @ Bay 3,55714,Surrey Central Station,54030,54810,in_service_layover,50.17978738374094,60.31516559588561,57.163533116495955,780,13.0,15:00:30,15:13:30,False,,no_dispenser,0
2161868,heavy,320.0,50.0,40-ft,STC,2,SAT,14866788,14866746,337,337,61035,61677,Surrey Central Station @ Bay 12,Surrey Central Station @ Bay 5A,61035,Surrey Central Station,54150,54750,in_service_layover,63.331740141140635,70.17241760480034,38.581420895040765,600,10.0,15:02:30,15:12:30,False,,no_dispenser,0
2162411,heavy,502.0,37.0,40-ft,STC,2,SAT,14875069,14874985,502,502,56395,55070,Surrey Central Station @ Bay 1 Unloading Only,Surrey Central Station @ Bay 9,56395,Surrey Central Station,54270,54690,in_service_layover,40.96941381969329,46.29222617549772,30.020661686736958,420,7.0,15:04:30,15:11:30,False,,no_dispenser,0
2161553,heavy,320.0,46.0,40-ft,STC,2,SAT,14862538,14866046,314,329,56395,61787,Surrey Central Station @ Bay 1 Unloading Only,Surrey Central Station @ Bay 14,56395,Surrey Central Station,54330,54510,in_service_layover,60.71795905070092,63.02228674393848,12.996408189859835,180,3.0,15:05:30,15:08:30,False,,no_dispenser,0
2161738,heavy,321.0,51.0,40-ft,STC,2,SAT,14864031,14864154,321,321,61035,61035,Surrey Central Station @ Bay 12,Surrey Central Station @ Bay 12,61035,Surrey Central Station,54330,54990,in_service_layover,31.498161154299716,39.794055694220404,46.78884520515268,660,11.0,15:05:30,15:16:30,False,,no_dispenser,0
2161866,heavy,320.0,60.0,40-ft,STC,2,SAT,14865511,14865554,324,324,56395,54993,Surrey Central Station @ Bay 1 Unloading Only,Surrey Central Station @ Bay 8,56395,Surrey Central Station,54330,55110,in_service_layover,66.02128734372837,74.10349759836592,45.58366583615572,780,13.0,15:05:30,15:18:30,False,,no_dispenser,0
2161523,heavy,320.0,45.0,40-ft,STC,2,SAT,14863553,14863516,320,320,61035,55713,Surrey Central Station @ Bay 12,Surrey Central Station @ Bay 5,61035,Surrey Central Station,54390,54690,in_service_layover,44.369538141288295,48.181485143387874,21.499381091841627,300,5.0,15:06:30,15:11:30,False,,no_dispenser,0
2162431,heavy,503.0,37.0,40-ft,STC,2,SAT,14875559,14875511,503,503,56395,55441,Surrey Central Station @ Bay 1 Unloading Only,Surrey Central Station @ Bay 10,56395,Surrey Central Station,54510,54810,in_service_layover,47.56259624662488,51.39983641621721,21.64203455650079,300,5.0,15:08:30,15:13:30,False,,no_dispenser,0
2161749,heavy,321.0,54.0,40-ft,STC,2,SAT,14864032,14864155,321,321,61035,61035,Surrey Central Station @ Bay 12,Surrey Central Station @ Bay 12,61035,Surrey Central Station,54930,55590,in_service_layover,69.84922223193333,76.27736331007212,36.254715680702816,660,11.0,15:15:30,15:26:30,False,,no_dispenser,0
2161862,heavy,320.0,40.0,40-ft,STC,2,SAT,14866369,14866274,335,335,55714,55836,Surrey Central Station @ Bay 6,Surrey Central Station @ Bay 3,55714,Surrey Central Station,54930,55710,in_service_layover,48.90048990413464,59.044733528101766,57.21353403917459,780,13.0,15:15:30,15:28:30,False,,no_dispenser,0
2161756,heavy,320.0,67.0,40-ft,STC,2,SAT,14874588,14874643,501,501,61035,55210,Surrey Central Station @ Bay 12,Surrey Central Station @ Bay 2,61035,Surrey Central Station,54990,55710,in_service_layover,51.984076713918505,61.331265732545184,52.71814606505444,720,12.0,15:16:30,15:28:30,False,,no_dispenser,0
2161888,heavy,320.0,64.0,40-ft,STC,2,SAT,14865764,14865816,325,325,56395,55738,Surrey Central Station @ Bay 1 Unloading Only,Surrey Central Station @ Bay 7,56395,Surrey Central Station,55050,55290,in_service_layover,47.985363999716945,51.05274120287435,17.30000742580779,240,4.0,15:17:30,15:21:30,False,,no_dispenser,0
2161870,heavy,320.0,37.0,40-ft,STC,2,SAT,14866824,14866718,337,337,61035,61677,Surrey Central Station @ Bay 12,Surrey Central Station @ Bay 5A,61035,Surrey Central Station,55050,55650,in_service_layover,64.91405353054597,71.54383818703577,37.39198546260252,600,10.0,15:17:30,15:27:30,False,,no_dispenser,0
2161755,heavy,502.0,31.0,40-ft,STC,2,SAT,14875033,14874967,502,502,56395,55070,Surrey Central Station @ Bay 1 Unloading Only,Surrey Central Station @ Bay 9,56395,Surrey Central Station,55170,55590,in_service_layover,44.7733644199669,50.12806855585037,30.20053132638276,420,7.0,15:19:30,15:26:30,False,,no_dispenser,0
2161817,heavy,801.0,52.0,40-ft,STC,2,SAT,14865047,14865133,323,323,61035,55612,Surrey Central Station @ Bay 12,Surrey Central Station @ Bay 4,61035,Surrey Central Station,55170,55950,in_service_layover,68.66680914793038,76.25817086729427,42.81528009721228,780,13.0,15:19:30,15:32:30,False,,no_dispenser,0
2162428,heavy,503.0,40.0,40-ft,STC,2,SAT,14875560,14875520,503,503,56395,55441,Surrey Central Station @ Bay 1 Unloading Only,Surrey Central Station @ Bay 10,56395,Surrey Central Station,55230,55410,in_service_layover,58.292749363649556,60.668997348921614,13.402038636934435,180,3.0,15:20:30,15:23:30,False,,no_dispenser,0
2161665,heavy,320.0,35.0,40-ft,STC,2,SAT,14863554,14863517,320,320,61035,55713,Surrey Central Station @ Bay 12,Surrey Central Station @ Bay 5,61035,Surrey Central Station,55290,55590,in_service_layover,60.679072824266576,64.45099523417991,21.273642391911153,300,5.0,15:21:30,15:26:30,False,,no_dispenser,0
2161480,heavy,312.0,53.0,40-ft,STC,2,SAT,14862681,14862714,316,316,56395,55738,Surrey Central Station @ Bay 1 Unloading Only,Surrey Central Station @ Bay 7,56395,Surrey Central Station,55410,55650,in_service_layover,41.635419191314675,44.673315300584136,17.133734056279764,240,4.0,15:23:30,15:27:30,False,,no_dispenser,0
2161674,heavy,321.0,50.0,40-ft,STC,2,SAT,14864033,14864156,321,321,61035,61035,Surrey Central Station @ Bay 12,Surrey Central Station @ Bay 12,61035,Surrey Central Station,55530,56190,in_service_layover,32.693985933221306,41.00132312834951,46.85338178052305,660,11.0,15:25:30,15:36:30,False,,no_dispenser,0
2161864,heavy,320.0,70.0,40-ft,STC,2,SAT,14865496,14865527,324,324,56395,54993,Surrey Central Station @ Bay 1 Unloading Only,Surrey Central Station @ Bay 8,56395,Surrey Central Station,55530,56310,in_service_layover,68.09475461157311,75.79371420098447,43.422132084280065,780,13.0,15:25:30,15:38:30,False,,no_dispenser,0
2161739,heavy,320.0,36.0,40-ft,STC,2,SAT,14866398,14866273,335,335,55714,55836,Surrey Central Station @ Bay 6,Surrey Central Station @ Bay 3,55714,Surrey Central Station,55830,56610,in_service_layover,50.89860138430238,61.01761725776532,57.07124952633103,780,13.0,15:30:30,15:43:30,False,,no_dispenser,0
2161813,heavy,801.0,54.0,40-ft,STC,2,SAT,14865048,14865134,323,323,61035,55612,Surrey Central Station @ Bay 12,Surrey Central Station @ Bay 4,61035,Surrey Central Station,55890,56670,in_service_layover,66.90271102221928,74.82329606192528,44.67209962394179,780,13.0,15:31:30,15:44:30,False,,no_dispenser,0
2161554,heavy,320.0,77.0,40-ft,STC,2,SAT,14866038,14862545,329,314,56395,61787,Surrey Central Station @ Bay 1 Unloading Only,Surrey Central Station @ Bay 14,56395,Surrey Central Station,55950,56430,in_service_layover,60.982036129754455,66.81783291547548,32.9138938714666,480,8.0,15:32:30,15:40:30,False,,no_dispenser,0
2161881,heavy,320.0,32.0,40-ft,STC,2,SAT,14866789,14866747,337,337,61035,61677,Surrey Central Station @ Bay 12,Surrey Central Station @ Bay 5A,61035,Surrey Central Station,56010,56610,in_service_layover,66.44689364287206,72.86650054007191,36.20658290020714,600,10.0,15:33:30,15:43:30,False,,no_dispenser,0
2161669,heavy,320.0,52.0,40-ft,STC,2,SAT,14863555,14863487,320,320,61035,55713,Surrey Central Station @ Bay 12,Surrey Central Station @ Bay 5,61035,Surrey Central Station,56130,56490,in_service_layover,48.399595424865275,53.02550337847296,26.090120858347348,360,6.0,15:35:30,15:41:30,False,,no_dispenser,0
2162413,heavy,502.0,39.0,40-ft,STC,2,SAT,14875026,14874958,502,502,56395,55070,Surrey Central Station @ Bay 1 Unloading Only,Surrey Central Station @ Bay 9,56395,Surrey Central Station,56130,56490,in_service_layover,48.865521477610415,53.49864116921742,26.13079506066356,360,6.0,15:35:30,15:41:30,False,,no_dispenser,0
2161825,heavy,503.0,38.0,40-ft,STC,2,SAT,14875561,14875521,503,503,56395,55441,Surrey Central Station @ Bay 1 Unloading Only,Surrey Central Station @ Bay 10,56395,Surrey Central Station,56130,56610,in_service_layover,39.87133198679365,45.95092329758157,34.28889499284384,480,8.0,15:35:30,15:43:30,False,,no_dispenser,0
2161748,heavy,321.0,48.0,40-ft,STC,2,SAT,14864034,14864157,321,321,61035,61035,Surrey Central Station @ Bay 12,Surrey Central Station @ Bay 12,61035,Surrey Central Station,56130,56790,in_service_layover,34.36499510130565,42.688321914725776,46.94356322768951,660,11.0,15:35:30,15:46:30,False,,no_dispenser,0
2161679,heavy,502.0,42.0,40-ft,STC,2,SAT,14874589,14874644,501,501,61035,55210,Surrey Central Station @ Bay 12,Surrey Central Station @ Bay 2,61035,Surrey Central Station,56190,56610,in_service_layover,45.260225237669246,50.620792323243194,30.233598362636997,420,7.0,15:36:30,15:43:30,False,,no_dispenser,0
2161882,heavy,320.0,72.0,40-ft,STC,2,SAT,14865984,14862715,326,316,61787,55738,Surrey Central Station @ Bay 14,Surrey Central Station @ Bay 7,61787,Surrey Central Station,56190,57450,in_service_layover,27.051013265922425,42.915145761612735,89.47370727569336,1260,21.0,15:36:30,15:57:30,False,,no_dispenser,0
2161814,heavy,801.0,56.0,40-ft,STC,2,SAT,14865049,14865135,323,323,61035,55612,Surrey Central Station @ Bay 12,Surrey Central Station @ Bay 4,61035,Surrey Central Station,56550,57390,in_service_layover,66.90212145394506,75.30889503770763,47.4142030124209,840,14.0,15:42:30,15:56:30,False,,no_dispenser,0
2161747,heavy,321.0,41.0,40-ft,STC,2,SAT,14864035,14864158,321,321,61035,61035,Surrey Central Station @ Bay 12,Surrey Central Station @ Bay 12,61035,Surrey Central Station,56730,57450,in_service_layover,25.433062961767643,34.42592951062389,50.71976733554919,720,12.0,15:45:30,15:57:30,False,,no_dispenser,0
2161893,heavy,320.0,48.0,40-ft,STC,2,SAT,14866385,14866305,335,335,55714,55836,Surrey Central Station @ Bay 6,Surrey Central Station @ Bay 3,55714,Surrey Central Station,56730,57510,in_service_layover,46.19553586641961,56.29497418472591,56.96083211524751,780,13.0,15:45:30,15:58:30,False,,no_dispenser,0
2161879,heavy,320.0,74.0,40-ft,STC,2,SAT,14865788,14865789,325,325,56395,55738,Surrey Central Station @ Bay 1 Unloading Only,Surrey Central Station @ Bay 7,56395,Surrey Central Station,56850,57990,in_service_layover,46.31572982516283,60.944866120156775,82.50832870376581,1140,19.0,15:47:30,16:06:30,False,,no_dispenser,0
2161821,heavy,320.0,59.0,40-ft,STC,2,SAT,14866825,14866719,337,337,61035,61677,Surrey Central Station @ Bay 12,Surrey Central Station @ Bay 5A,61035,Surrey Central Station,56910,57570,in_service_layover,65.78625074736203,72.85291017587913,39.85595917683639,660,11.0,15:48:30,15:59:30,False,,no_dispenser,0
2161666,heavy,320.0,56.0,40-ft,STC,2,SAT,14863556,14863518,320,320,61035,55713,Surrey Central Station @ Bay 12,Surrey Central Station @ Bay 5,61035,Surrey Central Station,57030,57390,in_service_layover,53.011545599651335,57.72294728194159,26.57230548811708,360,6.0,15:50:30,15:56:30,False,,no_dispenser,0
2161908,heavy,502.0,41.0,40-ft,STC,2,SAT,14875014,14865970,502,326,56395,54993,Surrey Central Station @ Bay 1 Unloading Only,Surrey Central Station @ Bay 8,56395,Surrey Central Station,57030,57390,in_service_layover,43.684327226712725,48.25862545021862,25.799041980573236,360,6.0,15:50:30,15:56:30,False,,no_dispenser,0
2161582,heavy,312.0,54.0,40-ft,STC,2,SAT,14862682,14863519,316,320,56395,55713,Surrey Central Station @ Bay 1 Unloading Only,Surrey Central Station @ Bay 5,56395,Surrey Central Station,57270,58290,in_service_layover,59.73744442205905,71.18706563932014,64.57586366535253,1020,17.0,15:54:30,16:11:30,False,,no_dispenser,0
2161746,heavy,321.0,52.0,40-ft,STC,2,SAT,14864036,14864159,321,321,61035,61035,Surrey Central Station @ Bay 12,Surrey Central Station @ Bay 12,61035,Surrey Central Station,57330,58110,in_service_layover,58.30521315891804,67.74247028800184,53.22613020803266,780,13.0,15:55:30,16:08:30,False,,no_dispenser,0
2161815,heavy,801.0,55.0,40-ft,STC,2,SAT,14865050,14865136,323,323,61035,55612,Surrey Central Station @ Bay 12,Surrey Central Station @ Bay 4,61035,Surrey Central Station,57330,58110,in_service_layover,66.65916720979459,74.62460172933079,44.92505069018415,780,13.0,15:55:30,16:08:30,False,,no_dispenser,0
2162430,heavy,503.0,35.0,40-ft,STC,2,SAT,14875563,14875522,503,503,56395,55441,Surrey Central Station @ Bay 1 Unloading Only,Surrey Central Station @ Bay 10,56395,Surrey Central Station,57390,57810,in_service_layover,49.81786253207756,55.25370809494547,30.658168974575005,420,7.0,15:56:30,16:03:30,False,,no_dispenser,0
2161868,heavy,320.0,50.0,40-ft,STC,2,SAT,14866790,14866748,337,337,61035,61677,Surrey Central Station @ Bay 12,Surrey Central Station @ Bay 5A,61035,Surrey Central Station,57810,58590,in_service_layover,63.307086773171925,71.87497725256729,48.322902303789874,780,13.0,16:03:30,16:16:30,False,,no_dispenser,0
2162403,heavy,502.0,38.0,40-ft,STC,2,SAT,14875070,14874984,502,502,56395,55070,Surrey Central Station @ Bay 1 Unloading Only,Surrey Central Station @ Bay 9,56395,Surrey Central Station,57870,58290,in_service_layover,44.81387938938013,50.169055598766036,30.203193820936463,420,7.0,16:04:30,16:11:30,False,,no_dispenser,0
2161865,heavy,320.0,28.0,40-ft,STC,2,SAT,14865512,14865555,324,324,56395,54993,Surrey Central Station @ Bay 1 Unloading Only,Surrey Central Station @ Bay 8,56395,Surrey Central Station,57870,58710,in_service_layover,66.39997626819216,74.90648013482536,47.97668180781119,840,14.0,16:04:30,16:18:30,False,,no_dispenser,0
2161555,heavy,320.0,71.0,40-ft,STC,2,SAT,14862524,14866045,314,329,56395,61787,Surrey Central Station @ Bay 1 Unloading Only,Surrey Central Station @ Bay 14,56395,Surrey Central Station,57930,58110,in_service_layover,60.25103755268806,62.57192274585515,13.089792489462411,180,3.0,16:05:30,16:08:30,False,,no_dispenser,0
2161667,heavy,320.0,53.0,40-ft,STC,2,SAT,14863557,14874662,320,501,61035,55210,Surrey Central Station @ Bay 12,Surrey Central Station @ Bay 2,61035,Surrey Central Station,57930,58410,in_service_layover,52.1559079979968,58.4410011427791,35.44792533657221,480,8.0,16:05:30,16:13:30,False,,no_dispenser,0
2161741,heavy,321.0,40.0,40-ft,STC,2,SAT,14864037,14864160,321,321,61035,61035,Surrey Central Station @ Bay 12,Surrey Central Station @ Bay 12,61035,Surrey Central Station,57930,58710,in_service_layover,31.56595883877223,41.38402600503305,55.37389881771102,780,13.0,16:05:30,16:18:30,False,,no_dispenser,0
2161740,heavy,503.0,32.0,40-ft,STC,2,SAT,14875591,14875488,503,503,56395,55441,Surrey Central Station @ Bay 1 Unloading Only,Surrey Central Station @ Bay 10,56395,Surrey Central Station,57990,58410,in_service_layover,32.810942086334705,38.08407537506157,29.740471748419566,420,7.0,16:06:30,16:13:30,False,,no_dispenser,0
2161816,heavy,801.0,51.0,40-ft,STC,2,SAT,14865051,14865137,323,323,61035,55612,Surrey Central Station @ Bay 12,Surrey Central Station @ Bay 4,61035,Surrey Central Station,58050,58830,in_service_layover,66.91509921215437,74.83339918733445,44.6592118600156,780,13.0,16:07:30,16:20:30,False,,no_dispenser,0
2161935,heavy,320.0,57.0,40-ft,STC,2,SAT,14866367,14866313,335,335,55714,55836,Surrey Central Station @ Bay 6,Surrey Central Station @ Bay 3,55714,Surrey Central Station,58470,59130,in_service_layover,56.673764796262674,65.00469424145759,46.98644207089933,660,11.0,16:14:30,16:25:30,False,,no_dispenser,0
2161745,heavy,321.0,44.0,40-ft,STC,2,SAT,14864038,14864161,321,321,61035,61035,Surrey Central Station @ Bay 12,Surrey Central Station @ Bay 12,61035,Surrey Central Station,58530,59310,in_service_layover,25.29804411864467,35.045326160320634,54.97467071505244,780,13.0,16:15:30,16:28:30,False,,no_dispenser,0
2162434,heavy,503.0,30.0,40-ft,STC,2,SAT,14875600,14875497,503,503,56395,55441,Surrey Central Station @ Bay 1 Unloading Only,Surrey Central Station @ Bay 10,56395,Surrey Central Station,58590,59010,in_service_layover,21.150673959843306,26.353293023751572,29.342771520442625,420,7.0,16:16:30,16:23:30,False,,no_dispenser,0
2161673,heavy,502.0,35.0,40-ft,STC,2,SAT,14874591,14874646,501,501,61035,55210,Surrey Central Station @ Bay 12,Surrey Central Station @ Bay 2,61035,Surrey Central Station,58590,59310,in_service_layover,41.1439399794685,50.32534039535046,51.783098345574274,720,12.0,16:16:30,16:28:30,False,,no_dispenser,0
2161891,heavy,320.0,24.0,40-ft,STC,2,SAT,14865763,14865824,325,325,56395,55738,Surrey Central Station @ Bay 1 Unloading Only,Surrey Central Station @ Bay 7,56395,Surrey Central Station,58650,59190,in_service_layover,27.229489771995986,33.97457765360413,38.04229565226993,540,9.0,16:17:30,16:26:30,False,,no_dispenser,0
2161870,heavy,320.0,37.0,40-ft,STC,2,SAT,14866826,14866720,337,337,61035,61677,Surrey Central Station @ Bay 12,Surrey Central Station @ Bay 5A,61035,Surrey Central Station,58710,59550,in_service_layover,64.67850735540736,73.52219855410732,49.87841836066781,840,14.0,16:18:30,16:32:30,False,,no_dispenser,0
2162414,heavy,502.0,46.0,40-ft,STC,2,SAT,14875054,14874970,502,502,56395,55070,Surrey Central Station @ Bay 1 Unloading Only,Surrey Central Station @ Bay 9,56395,Surrey Central Station,58770,59190,in_service_layover,61.04951045204502,66.20026017823515,29.05022845571233,420,7.0,16:19:30,16:26:30,False,,no_dispenser,0
2161664,heavy,320.0,61.0,40-ft,STC,2,SAT,14863558,14863520,320,320,61035,55713,Surrey Central Station @ Bay 12,Surrey Central Station @ Bay 5,61035,Surrey Central Station,58830,59190,in_service_layover,55.2812457744264,60.01916241295483,26.721849841300354,360,6.0,16:20:30,16:26:30,False,,no_dispenser,0
2161863,heavy,320.0,82.0,40-ft,STC,2,SAT,14865503,14865524,324,324,56395,54993,Surrey Central Station @ Bay 1 Unloading Only,Surrey Central Station @ Bay 8,56395,Surrey Central Station,59070,59910,in_service_layover,67.1567987362532,75.51275379920946,47.127586555073435,840,14.0,16:24:30,16:38:30,False,,no_dispenser,0
2161581,heavy,312.0,57.0,40-ft,STC,2,SAT,14862683,14865815,316,325,56395,55738,Surrey Central Station @ Bay 1 Unloading Only,Surrey Central Station @ Bay 7,56395,Surrey Central Station,59070,60390,in_service_layover,56.317948712618126,71.26148360674944,84.28153680290063,1320,22.0,16:24:30,16:46:30,False,,no_dispenser,0
2161583,heavy,503.0,36.0,40-ft,STC,2,SAT,14875592,14875489,503,503,56395,55441,Surrey Central Station @ Bay 1 Unloading Only,Surrey Central Station @ Bay 10,56395,Surrey Central Station,59130,59610,in_service_layover,26.060613586104253,32.04413133176542,33.747040085528994,480,8.0,16:25:30,16:33:30,False,,no_dispenser,0
2161744,heavy,321.0,47.0,40-ft,STC,2,SAT,14864039,14864162,321,321,61035,61035,Surrey Central Station @ Bay 12,Surrey Central Station @ Bay 12,61035,Surrey Central Station,59130,59910,in_service_layover,23.670911135386703,33.399479426868474,54.869125163957165,780,13.0,16:25:30,16:38:30,False,,no_dispenser,0
2161936,heavy,320.0,81.0,40-ft,STC,2,SAT,14866399,14866323,335,335,55714,55836,Surrey Central Station @ Bay 6,Surrey Central Station @ Bay 3,55714,Surrey Central Station,59370,59850,in_service_layover,66.49013459792116,71.7598197521634,29.72102426992626,480,8.0,16:29:30,16:37:30,False,,no_dispenser,0
2161819,heavy,801.0,53.0,40-ft,STC,2,SAT,14865053,14865139,323,323,61035,55612,Surrey Central Station @ Bay 12,Surrey Central Station @ Bay 4,61035,Surrey Central Station,59490,60270,in_service_layover,66.01575983770746,74.09897793122435,45.58935004743529,780,13.0,16:31:30,16:44:30,False,,no_dispenser,0
2161553,heavy,320.0,46.0,40-ft,STC,2,SAT,14866037,14862542,329,314,56395,61787,Surrey Central Station @ Bay 1 Unloading Only,Surrey Central Station @ Bay 14,56395,Surrey Central Station,59550,60030,in_service_layover,57.46589706188783,63.621119411480265,34.715454051701386,480,8.0,16:32:30,16:40:30,False,,no_dispenser,0
2161881,heavy,320.0,32.0,40-ft,STC,2,SAT,14866791,14866749,337,337,61035,61677,Surrey Central Station @ Bay 12,Surrey Central Station @ Bay 5A,61035,Surrey Central Station,59610,60510,in_service_layover,66.0011697084435,75.06809919871799,51.13748232514814,900,15.0,16:33:30,16:48:30,False,,no_dispenser,0
2161820,heavy,502.0,32.0,40-ft,STC,2,SAT,14875025,14874959,502,502,56395,55070,Surrey Central Station @ Bay 1 Unloading Only,Surrey Central Station @ Bay 9,56395,Surrey Central Station,59670,60090,in_service_layover,49.93512083188987,55.3736274414639,30.673177277997524,420,7.0,16:34:30,16:41:30,False,,no_dispenser,0
2161665,heavy,320.0,35.0,40-ft,STC,2,SAT,14863559,14863521,320,320,61035,55713,Surrey Central Station @ Bay 12,Surrey Central Station @ Bay 5,61035,Surrey Central Station,59730,60090,in_service_layover,57.281525613210086,61.977025625225025,26.482620067764287,360,6.0,16:35:30,16:41:30,False,,no_dispenser,0
2162427,heavy,503.0,41.0,40-ft,STC,2,SAT,14875601,14875498,503,503,56395,55441,Surrey Central Station @ Bay 1 Unloading Only,Surrey Central Station @ Bay 10,56395,Surrey Central Station,59730,60210,in_service_layover,42.25784518984976,48.35687318053763,34.398517867479654,480,8.0,16:35:30,16:43:30,False,,no_dispenser,0
2161943,heavy,502.0,45.0,40-ft,STC,2,SAT,14874592,14874660,501,501,61035,55210,Surrey Central Station @ Bay 12,Surrey Central Station @ Bay 2,61035,Surrey Central Station,59790,60210,in_service_layover,50.39833527165054,55.847354017773796,30.732465728135196,420,7.0,16:36:30,16:43:30,False,,no_dispenser,0
2161892,heavy,320.0,55.0,40-ft,STC,2,SAT,14865977,14865969,326,326,61787,54993,Surrey Central Station @ Bay 14,Surrey Central Station @ Bay 8,61787,Surrey Central Station,59790,60990,in_service_layover,35.55005445925794,50.86450977228313,86.37352796546207,1200,20.0,16:36:30,16:56:30,False,,no_dispenser,0
2161818,heavy,801.0,50.0,40-ft,STC,2,SAT,14865054,14865140,323,323,61035,55612,Surrey Central Station @ Bay 12,Surrey Central Station @ Bay 4,61035,Surrey Central Station,60150,60990,in_service_layover,67.74558513480021,75.98344199309435,46.461512680778924,840,14.0,16:42:30,16:56:30,False,,no_dispenser,0
2161880,heavy,320.0,54.0,40-ft,STC,2,SAT,14866386,14866285,335,335,55714,55836,Surrey Central Station @ Bay 6,Surrey Central Station @ Bay 3,55714,Surrey Central Station,60270,60570,in_service_layover,61.708964324122775,65.42001844208242,20.9303452252924,300,5.0,16:44:30,16:49:30,False,,no_dispenser,0
2161682,heavy,503.0,39.0,40-ft,STC,2,SAT,14875593,14875490,503,503,56395,55441,Surrey Central Station @ Bay 1 Unloading Only,Surrey Central Station @ Bay 10,56395,Surrey Central Station,60330,60810,in_service_layover,47.53909962912571,53.71590151105185,34.8371626140634,480,8.0,16:45:30,16:53:30,False,,no_dispenser,0
2161754,heavy,321.0,53.0,40-ft,STC,2,SAT,14864041,14864164,321,321,61035,61035,Surrey Central Station @ Bay 12,Surrey Central Station @ Bay 12,61035,Surrey Central Station,60330,61110,in_service_layover,58.30521315891804,67.74247028800184,53.22613020803266,780,13.0,16:45:30,16:58:30,False,,no_dispenser,0
2164129,heavy,320.0,84.0,40-ft,STC,2,SAT,14865781,14863490,325,320,56395,55713,Surrey Central Station @ Bay 1 Unloading Only,Surrey Central Station @ Bay 5,56395,Surrey Central Station,60450,61050,in_service_layover,65.07860733176821,71.6861060411785,37.266292721074024,600,10.0,16:47:30,16:57:30,False,,no_dispenser,0
2161826,heavy,502.0,30.0,40-ft,STC,2,SAT,14875061,14874971,502,502,56395,55070,Surrey Central Station @ Bay 1 Unloading Only,Surrey Central Station @ Bay 9,56395,Surrey Central Station,60570,60990,in_service_layover,45.65072942886072,51.01629890986155,30.261811872844646,420,7.0,16:49:30,16:56:30,False,,no_dispenser,0
2161821,heavy,320.0,59.0,40-ft,STC,2,SAT,14866827,14866721,337,337,61035,61677,Surrey Central Station @ Bay 12,Surrey Central Station @ Bay 5A,61035,Surrey Central Station,60570,61410,in_service_layover,65.9875793442507,74.57552429905373,48.436009545089064,840,14.0,16:49:30,17:03:30,False,,no_dispenser,0
2161579,heavy,320.0,30.0,40-ft,STC,2,SAT,14863560,14862717,320,316,61035,55738,Surrey Central Station @ Bay 12,Surrey Central Station @ Bay 7,61035,Surrey Central Station,60630,61050,in_service_layover,40.05636523654794,45.373617800851015,29.989304462669338,420,7.0,16:50:30,16:57:30,False,,no_dispenser,0
2161480,heavy,312.0,53.0,40-ft,STC,2,SAT,14862684,14866286,316,335,56395,55836,Surrey Central Station @ Bay 1 Unloading Only,Surrey Central Station @ Bay 3,56395,Surrey Central Station,60750,61290,in_service_layover,34.647289684179015,41.450451895025026,38.36983486917154,540,9.0,16:52:30,17:01:30,False,,no_dispenser,0
2161822,heavy,801.0,57.0,40-ft,STC,2,SAT,14865055,14865141,323,323,61035,55612,Surrey Central Station @ Bay 12,Surrey Central Station @ Bay 4,61035,Surrey Central Station,60870,61590,in_service_layover,66.90212145394506,74.3190058811672,41.831228169532835,720,12.0,16:54:30,17:06:30,False,,no_dispenser,0
2161896,heavy,503.0,42.0,40-ft,STC,2,SAT,14875602,14875499,503,503,56395,55441,Surrey Central Station @ Bay 1 Unloading Only,Surrey Central Station @ Bay 10,56395,Surrey Central Station,60930,61410,in_service_layover,50.92384060206049,57.17827701052358,35.27502134373185,480,8.0,16:55:30,17:03:30,False,,no_dispenser,0
2161753,heavy,321.0,46.0,40-ft,STC,2,SAT,14864042,14865821,321,325,61035,55738,Surrey Central Station @ Bay 12,Surrey Central Station @ Bay 7,61035,Surrey Central Station,60930,61590,in_service_layover,24.116720504577042,32.341826654489005,46.38959868550347,660,11.0,16:55:30,17:06:30,False,,no_dispenser,0
2161742,heavy,502.0,40.0,40-ft,STC,2,SAT,14874593,14864089,501,321,61035,61035,Surrey Central Station @ Bay 12,Surrey Central Station @ Bay 12,61035,Surrey Central Station,60990,61710,in_service_layover,45.11166336591202,54.38508404350523,52.30209262162572,720,12.0,16:56:30,17:08:30,False,,no_dispenser,0
2161681,heavy,320.0,20.0,40-ft,STC,2,SAT,14866366,14866287,335,335,55714,55836,Surrey Central Station @ Bay 6,Surrey Central Station @ Bay 3,55714,Surrey Central Station,61170,61890,in_service_layover,59.4815492422524,68.10044649342402,48.610580496607895,720,12.0,16:59:30,17:11:30,False,,no_dispenser,0
2161554,heavy,320.0,77.0,40-ft,STC,2,SAT,14862526,14866043,314,329,56395,61787,Surrey Central Station @ Bay 1 Unloading Only,Surrey Central Station @ Bay 14,56395,Surrey Central Station,61410,61710,in_service_layover,56.236465183857106,60.19068359851829,22.301791858689057,300,5.0,17:03:30,17:08:30,False,,no_dispenser,0
2161864,heavy,320.0,70.0,40-ft,STC,2,SAT,14865513,14865557,324,324,56395,54993,Surrey Central Station @ Bay 1 Unloading Only,Surrey Central Station @ Bay 8,56395,Surrey Central Station,61410,62010,in_service_layover,66.7675204769916,73.14243151685386,35.954498264823144,600,10.0,17:03:30,17:13:30,False,,no_dispenser,0
2162412,heavy,502.0,34.0,40-ft,STC,2,SAT,14875071,14874954,502,502,56395,55070,Surrey Central Station @ Bay 1 Unloading Only,Surrey Central Station @ Bay 9,56395,Surrey Central Station,61530,61890,in_service_layover,38.51550960147902,43.06209818126629,25.642759590000253,360,6.0,17:05:30,17:11:30,False,,no_dispenser,0
2161666,heavy,320.0,56.0,40-ft,STC,2,SAT,14863561,14863496,320,320,61035,55713,Surrey Central Station @ Bay 12,Surrey Central Station @ Bay 5,61035,Surrey Central Station,61530,62010,in_service_layover,50.55347766097176,56.79830838366215,35.22084527597383,480,8.0,17:05:30,17:13:30,False,,no_dispenser,0
2162429,heavy,503.0,31.0,40-ft,STC,2,SAT,14875594,14875491,503,503,56395,55441,Surrey Central Station @ Bay 1 Unloading Only,Surrey Central Station @ Bay 10,56395,Surrey Central Station,61530,62010,in_service_layover,48.29919267366286,54.491205715938015,34.922953558431914,480,8.0,17:05:30,17:13:30,False,,no_dispenser,0
2161752,heavy,321.0,45.0,40-ft,STC,2,SAT,14864043,14864079,321,321,61035,61035,Surrey Central Station @ Bay 12,Surrey Central Station @ Bay 12,61035,Surrey Central Station,61530,62310,in_service_layover,21.58328503865893,31.28902425176786,54.74036916193438,780,13.0,17:05:30,17:18:30,False,,no_dispenser,0
2161868,heavy,320.0,50.0,40-ft,STC,2,SAT,14866792,14874647,337,501,61035,55210,Surrey Central Station @ Bay 12,Surrey Central Station @ Bay 2,61035,Surrey Central Station,61590,61830,in_service_layover,65.00964642093888,67.85079789039803,16.02409428774962,240,4.0,17:06:30,17:10:30,False,,no_dispenser,0
2161817,heavy,801.0,52.0,40-ft,STC,2,SAT,14865056,14865142,323,323,61035,55612,Surrey Central Station @ Bay 12,Surrey Central Station @ Bay 4,61035,Surrey Central Station,61590,62190,in_service_layover,67.14573689557666,73.46759951718701,35.65530518588241,600,10.0,17:06:30,17:16:30,False,,no_dispenser,0
2161677,heavy,320.0,27.0,40-ft,STC,2,SAT,14866365,14866314,335,335,55714,55836,Surrey Central Station @ Bay 6,Surrey Central Station @ Bay 3,55714,Surrey Central Station,61890,62490,in_service_layover,56.90658691094694,64.52305774845613,42.95689552355174,600,10.0,17:11:30,17:21:30,False,,no_dispenser,0
2161751,heavy,321.0,49.0,40-ft,STC,2,SAT,14864044,14864165,321,321,61035,61035,Surrey Central Station @ Bay 12,Surrey Central Station @ Bay 12,61035,Surrey Central Station,62130,62910,in_service_layover,22.53537261072398,32.25059571890244,54.79385833012654,780,13.0,17:15:30,17:28:30,False,,no_dispenser,0
2161889,heavy,320.0,79.0,40-ft,STC,2,SAT,14865762,14865825,325,325,56395,55738,Surrey Central Station @ Bay 1 Unloading Only,Surrey Central Station @ Bay 7,56395,Surrey Central Station,62250,62790,in_service_layover,50.0712709688225,57.097662370257375,39.628847504092676,540,9.0,17:17:30,17:26:30,False,,no_dispenser,0
2161813,heavy,801.0,54.0,40-ft,STC,2,SAT,14865057,14865143,323,323,61035,55612,Surrey Central Station @ Bay 12,Surrey Central Station @ Bay 4,61035,Surrey Central Station,62310,62790,in_service_layover,65.71086209020768,71.06517693607303,30.198335730680583,480,8.0,17:18:30,17:26:30,False,,no_dispenser,0
2162411,heavy,502.0,37.0,40-ft,STC,2,SAT,14875016,14874972,502,502,56395,55070,Surrey Central Station @ Bay 1 Unloading Only,Surrey Central Station @ Bay 9,56395,Surrey Central Station,62430,62790,in_service_layover,35.355708730318725,39.885805149960554,25.54974380677993,360,6.0,17:20:30,17:26:30,False,,no_dispenser,0
2161675,heavy,320.0,75.0,40-ft,STC,2,SAT,14863562,14863491,320,320,61035,55713,Surrey Central Station @ Bay 12,Surrey Central Station @ Bay 5,61035,Surrey Central Station,62430,63030,in_service_layover,48.84998768514083,56.63780691200893,43.923300439536035,600,10.0,17:20:30,17:30:30,False,,no_dispenser,0
2161870,heavy,320.0,37.0,40-ft,STC,2,SAT,14866828,14866722,337,337,61035,61677,Surrey Central Station @ Bay 12,Surrey Central Station @ Bay 5A,61035,Surrey Central Station,62550,63150,in_service_layover,66.6568677224789,73.04723223658893,36.04165585958049,600,10.0,17:22:30,17:32:30,False,,no_dispenser,0
2161882,heavy,320.0,72.0,40-ft,STC,2,SAT,14862685,14862718,316,316,56395,55738,Surrey Central Station @ Bay 1 Unloading Only,Surrey Central Station @ Bay 7,56395,Surrey Central Station,62610,62850,in_service_layover,35.1564852965382,38.17183745030303,17.006586147233662,240,4.0,17:23:30,17:27:30,False,,no_dispenser,0
2161885,heavy,320.0,43.0,40-ft,STC,2,SAT,14866364,14865556,335,324,55714,54993,Surrey Central Station @ Bay 6,Surrey Central Station @ Bay 8,55714,Surrey Central Station,62610,62910,in_service_layover,51.24744516125309,55.13666919428426,21.935223546295788,300,5.0,17:23:30,17:28:30,False,,no_dispenser,0
2161867,heavy,320.0,83.0,40-ft,STC,2,SAT,14865490,14866288,324,335,56395,55836,Surrey Central Station @ Bay 1 Unloading Only,Surrey Central Station @ Bay 3,56395,Surrey Central Station,62610,63090,in_service_layover,67.45542507416855,72.61820567332337,29.118082579233317,480,8.0,17:23:30,17:31:30,False,,no_dispenser,0
2162428,heavy,503.0,40.0,40-ft,STC,2,SAT,14875595,14875492,503,503,56395,55441,Surrey Central Station @ Bay 1 Unloading Only,Surrey Central Station @ Bay 10,56395,Surrey Central Station,62730,63210,in_service_layover,55.12222722296034,61.392187356589275,35.362575153667194,480,8.0,17:25:30,17:33:30,False,,no_dispenser,0
2161750,heavy,321.0,43.0,40-ft,STC,2,SAT,14864045,14864123,321,321,61035,61035,Surrey Central Station @ Bay 12,Surrey Central Station @ Bay 12,61035,Surrey Central Station,62730,63570,in_service_layover,20.619621529585526,31.073014668607975,58.957137304086615,840,14.0,17:25:30,17:39:30,False,,no_dispenser,0
2161814,heavy,801.0,56.0,40-ft,STC,2,SAT,14865058,14865168,323,323,61035,55612,Surrey Central Station @ Bay 12,Surrey Central Station @ Bay 4,61035,Surrey Central Station,63030,63390,in_service_layover,66.19646106599004,70.27470642536406,23.001303826869446,360,6.0,17:30:30,17:36:30,False,,no_dispenser,0
2161612,heavy,320.0,42.0,40-ft,STC,2,SAT,14874595,14866281,501,335,61035,55836,Surrey Central Station @ Bay 12,Surrey Central Station @ Bay 3,61035,Surrey Central Station,63150,63690,in_service_layover,37.485155273774005,44.310535277298996,38.49514321988093,540,9.0,17:32:30,17:41:30,False,,no_dispenser,0
2161555,heavy,320.0,71.0,40-ft,STC,2,SAT,14866036,14862541,329,314,56395,61787,Surrey Central Station @ Bay 1 Unloading Only,Surrey Central Station @ Bay 14,56395,Surrey Central Station,63150,63810,in_service_layover,56.26829187805714,64.63700857692777,47.19956218163031,660,11.0,17:32:30,17:43:30,False,,no_dispenser,0
2161755,heavy,502.0,31.0,40-ft,STC,2,SAT,14875024,14874953,502,502,56395,55070,Surrey Central Station @ Bay 1 Unloading Only,Surrey Central Station @ Bay 9,56395,Surrey Central Station,63270,63690,in_service_layover,39.20823500136812,44.5203230789608,29.960176757622747,420,7.0,17:34:30,17:41:30,False,,no_dispenser,0
2161664,heavy,320.0,61.0,40-ft,STC,2,SAT,14863563,14863522,320,320,61035,55713,Surrey Central Station @ Bay 12,Surrey Central Station @ Bay 5,61035,Surrey Central Station,63270,63930,in_service_layover,52.84969279198501,61.42903246133604,48.3874757351399,660,11.0,17:34:30,17:45:30,False,,no_dispenser,0
2161908,heavy,502.0,41.0,40-ft,STC,2,SAT,14865979,14874648,326,501,56395,55210,Surrey Central Station @ Bay 1 Unloading Only,Surrey Central Station @ Bay 2,56395,Surrey Central Station,63330,63630,in_service_layover,37.72539978304454,41.5082752183274,21.335417454995337,300,5.0,17:35:30,17:40:30,False,,no_dispenser,0
2161862,heavy,320.0,40.0,40-ft,STC,2,SAT,14866363,14865521,335,324,55714,54993,Surrey Central Station @ Bay 6,Surrey Central Station @ Bay 8,55714,Surrey Central Station,63330,63810,in_service_layover,47.57686272388815,53.75439637927315,34.84128981637144,480,8.0,17:35:30,17:43:30,False,,no_dispenser,0
2161937,heavy,503.0,44.0,40-ft,STC,2,SAT,14875604,14875501,503,503,56395,55441,Surrey Central Station @ Bay 1 Unloading Only,Surrey Central Station @ Bay 10,56395,Surrey Central Station,63330,63810,in_service_layover,64.236118840513,69.74649818002216,31.078539474831587,480,8.0,17:35:30,17:43:30,False,,no_dispenser,0
2161738,heavy,321.0,51.0,40-ft,STC,2,SAT,14864046,14864106,321,321,61035,61035,Surrey Central Station @ Bay 12,Surrey Central Station @ Bay 12,61035,Surrey Central Station,63330,64170,in_service_layover,21.343908836495537,31.801901825961238,58.983080460586535,840,14.0,17:35:30,17:49:30,False,,no_dispenser,0
2161881,heavy,320.0,32.0,40-ft,STC,2,SAT,14866793,14866757,337,337,61035,61677,Surrey Central Station @ Bay 12,Surrey Central Station @ Bay 5A,61035,Surrey Central Station,63450,64050,in_service_layover,68.20276836708958,74.37450445553326,34.808591538822384,600,10.0,17:37:30,17:47:30,False,,no_dispenser,0
2161815,heavy,801.0,55.0,40-ft,STC,2,SAT,14865059,14865169,323,323,61035,55612,Surrey Central Station @ Bay 12,Surrey Central Station @ Bay 4,61035,Surrey Central Station,63690,63990,in_service_layover,65.51216775761318,68.9956305951635,19.646730403783806,300,5.0,17:41:30,17:46:30,False,,no_dispenser,0
2161865,heavy,320.0,28.0,40-ft,STC,2,SAT,14865476,14865814,324,325,56395,55738,Surrey Central Station @ Bay 1 Unloading Only,Surrey Central Station @ Bay 7,56395,Surrey Central Station,63810,65190,in_service_layover,65.88028641083248,78.29454069732265,70.01639417580446,1380,23.0,17:43:30,18:06:30,False,,no_dispenser,0
2161825,heavy,503.0,38.0,40-ft,STC,2,SAT,14875596,14875493,503,503,56395,55441,Surrey Central Station @ Bay 1 Unloading Only,Surrey Central Station @ Bay 10,56395,Surrey Central Station,63930,64410,in_service_layover,38.71926467127575,44.790838566013065,34.24367676631846,480,8.0,17:45:30,17:53:30,False,,no_dispenser,0
2161749,heavy,321.0,54.0,40-ft,STC,2,SAT,14864047,14864093,321,321,61035,61035,Surrey Central Station @ Bay 12,Surrey Central Station @ Bay 12,61035,Surrey Central Station,63930,64770,in_service_layover,57.82721645234725,67.96483786957982,57.17618479319174,840,14.0,17:45:30,17:59:30,False,,no_dispenser,0
2161879,heavy,320.0,74.0,40-ft,STC,2,SAT,14866421,14866347,335,335,55714,55836,Surrey Central Station @ Bay 6,Surrey Central Station @ Bay 3,55714,Surrey Central Station,64050,64290,in_service_layover,56.556811300960206,59.7265796405222,17.87749343512968,240,4.0,17:47:30,17:51:30,False,,no_dispenser,0
2161683,heavy,502.0,43.0,40-ft,STC,2,SAT,14865754,14865968,325,326,56395,54993,Surrey Central Station @ Bay 1 Unloading Only,Surrey Central Station @ Bay 8,56395,Surrey Central Station,64050,64590,in_service_layover,38.73281804214679,45.56796606034541,38.55023482264025,540,9.0,17:47:30,17:56:30,False,,no_dispenser,0
2162413,heavy,502.0,39.0,40-ft,STC,2,SAT,14875062,14874973,502,502,56395,55070,Surrey Central Station @ Bay 1 Unloading Only,Surrey Central Station @ Bay 9,56395,Surrey Central Station,64170,64590,in_service_layover,42.600546929625175,47.934141837211186,30.08147527878515,420,7.0,17:49:30,17:56:30,False,,no_dispenser,0
2161671,heavy,320.0,23.0,40-ft,STC,2,SAT,14863564,14865549,320,324,61035,54993,Surrey Central Station @ Bay 12,Surrey Central Station @ Bay 8,61035,Surrey Central Station,64170,64710,in_service_layover,37.75745633963092,44.58496820191964,38.50716690330836,540,9.0,17:49:30,17:58:30,False,,no_dispenser,0
2161821,heavy,320.0,59.0,40-ft,STC,2,SAT,14866768,14865144,337,323,61035,55612,Surrey Central Station @ Bay 12,Surrey Central Station @ Bay 4,61035,Surrey Central Station,64350,64590,in_service_layover,67.71019346742531,70.41590104045868,15.260190711908137,240,4.0,17:52:30,17:56:30,False,,no_dispenser,0
2161816,heavy,801.0,51.0,40-ft,STC,2,SAT,14865060,14865145,323,323,61035,55612,Surrey Central Station @ Bay 12,Surrey Central Station @ Bay 4,61035,Surrey Central Station,64410,65190,in_service_layover,65.72096521561684,73.85780745837883,45.891790249177575,780,13.0,17:53:30,18:06:30,False,,no_dispenser,0
2161674,heavy,321.0,50.0,40-ft,STC,2,SAT,14864048,14863492,321,320,61035,55713,Surrey Central Station @ Bay 12,Surrey Central Station @ Bay 5,61035,Surrey Central Station,64530,64890,in_service_layover,22.551176270624644,27.013309596363488,25.166431957167077,360,6.0,17:55:30,18:01:30,False,,no_dispenser,0
2161739,heavy,320.0,36.0,40-ft,STC,2,SAT,14866387,14866306,335,335,55714,55836,Surrey Central Station @ Bay 6,Surrey Central Station @ Bay 3,55714,Surrey Central Station,64530,64890,in_service_layover,54.93214899832041,59.67069368120481,26.725392011468045,360,6.0,17:55:30,18:01:30,False,,no_dispenser,0
2161553,heavy,320.0,46.0,40-ft,STC,2,SAT,14862521,14874649,314,501,56395,55210,Surrey Central Station @ Bay 1 Unloading Only,Surrey Central Station @ Bay 2,56395,Surrey Central Station,65010,65430,in_service_layover,53.039751679861894,58.54819824666985,31.067638636796914,420,7.0,18:03:30,18:10:30,False,,no_dispenser,0
2164129,heavy,320.0,84.0,40-ft,STC,2,SAT,14863565,14864166,320,321,61035,61035,Surrey Central Station @ Bay 12,Surrey Central Station @ Bay 12,61035,Surrey Central Station,65010,65430,in_service_layover,64.51663642020867,69.37003366853085,27.37316048053708,420,7.0,18:03:30,18:10:30,False,,no_dispenser,0
2161863,heavy,320.0,82.0,40-ft,STC,2,SAT,14865514,14865558,324,324,56395,54993,Surrey Central Station @ Bay 1 Unloading Only,Surrey Central Station @ Bay 8,56395,Surrey Central Station,65010,65610,in_service_layover,66.4865600752166,72.90065067730457,36.175470995776095,600,10.0,18:03:30,18:13:30,False,,no_dispenser,0
2161893,heavy,320.0,48.0,40-ft,STC,2,SAT,14866362,14866279,335,335,55714,55836,Surrey Central Station @ Bay 6,Surrey Central Station @ Bay 3,55714,Surrey Central Station,65130,65490,in_service_layover,46.348663092601896,50.947341805576826,25.936547941178617,360,6.0,18:05:30,18:11:30,False,,no_dispenser,0
2162430,heavy,503.0,35.0,40-ft,STC,2,SAT,14875597,14875494,503,503,56395,55441,Surrey Central Station @ Bay 1 Unloading Only,Surrey Central Station @ Bay 10,56395,Surrey Central Station,65130,65550,in_service_layover,48.15550468407343,53.55950551880938,30.478564707910778,420,7.0,18:05:30,18:12:30,False,,no_dispenser,0
2161823,heavy,801.0,58.0,40-ft,STC,2,SAT,14865061,14865154,323,323,61035,55612,Surrey Central Station @ Bay 12,Surrey Central Station @ Bay 4,61035,Surrey Central Station,65130,65790,in_service_layover,65.41619122453382,72.5389885109236,40.17257669523838,660,11.0,18:05:30,18:16:30,False,,no_dispenser,0
2161748,heavy,321.0,48.0,40-ft,STC,2,SAT,14864049,14864073,321,321,61035,61035,Surrey Central Station @ Bay 12,Surrey Central Station @ Bay 12,61035,Surrey Central Station,65130,66030,in_service_layover,24.23817505700091,35.48618600830849,63.43878176537473,900,15.0,18:05:30,18:20:30,False,,no_dispenser,0
2161897,heavy,502.0,36.0,40-ft,STC,2,SAT,14866794,14866758,337,337,61035,61677,Surrey Central Station @ Bay 12,Surrey Central Station @ Bay 5A,61035,Surrey Central Station,65310,65790,in_service_layover,36.42253836052446,42.478128978816365,34.15353108716633,480,8.0,18:08:30,18:16:30,False,,no_dispenser,0
2161891,heavy,320.0,24.0,40-ft,STC,2,SAT,14866395,14866315,335,335,55714,55836,Surrey Central Station @ Bay 6,Surrey Central Station @ Bay 3,55714,Surrey Central Station,65730,66090,in_service_layover,37.12591417089384,41.665249942256466,25.60185375048519,360,6.0,18:15:30,18:21:30,False,,no_dispenser,0
2162431,heavy,503.0,37.0,40-ft,STC,2,SAT,14875606,14875503,503,503,56395,55441,Surrey Central Station @ Bay 1 Unloading Only,Surrey Central Station @ Bay 10,56395,Surrey Central Station,65730,66210,in_service_layover,27.24199251167146,33.233694280197,33.79319797448406,480,8.0,18:15:30,18:23:30,False,,no_dispenser,0
2161819,heavy,801.0,53.0,40-ft,STC,2,SAT,14865062,14865146,323,323,61035,55612,Surrey Central Station @ Bay 12,Surrey Central Station @ Bay 4,61035,Surrey Central Station,65730,66390,in_service_layover,68.18908353336349,74.88303623914052,37.753893260582515,660,11.0,18:15:30,18:26:30,False,,no_dispenser,0
2161886,heavy,320.0,62.0,40-ft,STC,2,SAT,14865761,14865822,325,325,56395,55738,Surrey Central Station @ Bay 1 Unloading Only,Surrey Central Station @ Bay 7,56395,Surrey Central Station,65850,66390,in_service_layover,37.12541430590972,43.94797787927274,38.47925855376744,540,9.0,18:17:30,18:26:30,False,,no_dispenser,0
2161670,heavy,320.0,31.0,40-ft,STC,2,SAT,14863566,14863493,320,320,61035,55713,Surrey Central Station @ Bay 12,Surrey Central Station @ Bay 5,61035,Surrey Central Station,65910,66810,in_service_layover,33.9161042369097,45.292459365015105,64.1626429225145,900,15.0,18:18:30,18:33:30,False,,no_dispenser,0
2162403,heavy,502.0,38.0,40-ft,STC,2,SAT,14875051,14874996,502,502,56395,55070,Surrey Central Station @ Bay 1 Unloading Only,Surrey Central Station @ Bay 9,56395,Surrey Central Station,65970,66930,in_service_layover,39.249400316297105,51.52064285086728,69.20980789497577,960,16.0,18:19:30,18:35:30,False,,no_dispenser,0
2161579,heavy,320.0,30.0,40-ft,STC,2,SAT,14862687,14862720,316,316,56395,55738,Surrey Central Station @ Bay 1 Unloading Only,Surrey Central Station @ Bay 7,56395,Surrey Central Station,66150,66450,in_service_layover,35.34759218444589,39.12012541112391,21.277087398464033,300,5.0,18:22:30,18:27:30,False,,no_dispenser,0
2161866,heavy,320.0,60.0,40-ft,STC,2,SAT,14865498,14865543,324,324,56395,54993,Surrey Central Station @ Bay 1 Unloading Only,Surrey Central Station @ Bay 8,56395,Surrey Central Station,66210,66510,in_service_layover,67.4051375713595,70.7652616615407,18.951099868621895,300,5.0,18:23:30,18:28:30,False,,no_dispenser,0
2161746,heavy,321.0,52.0,40-ft,STC,2,SAT,14864051,14866724,321,337,61035,61677,Surrey Central Station @ Bay 12,Surrey Central Station @ Bay 5A,61035,Surrey Central Station,66330,66750,in_service_layover,49.292323430276966,54.71738921240765,30.597371011217035,420,7.0,18:25:30,18:32:30,False,,no_dispenser,0
2161818,heavy,801.0,50.0,40-ft,STC,2,SAT,14865063,14865147,323,323,61035,55612,Surrey Central Station @ Bay 12,Surrey Central Station @ Bay 4,61035,Surrey Central Station,66450,66990,in_service_layover,66.87100802137675,72.67397772798468,32.728749145268694,540,9.0,18:27:30,18:36:30,False,,no_dispenser,0
2161672,heavy,502.0,33.0,40-ft,STC,2,SAT,14874598,14874650,501,501,61035,55210,Surrey Central Station @ Bay 12,Surrey Central Station @ Bay 2,61035,Surrey Central Station,66570,67230,in_service_layover,25.83952153221714,34.08134063287406,46.48385972770507,660,11.0,18:29:30,18:40:30,False,,no_dispenser,0
2161675,heavy,320.0,75.0,40-ft,STC,2,SAT,14863542,14865542,320,324,61035,54993,Surrey Central Station @ Bay 12,Surrey Central Station @ Bay 8,61035,Surrey Central Station,66810,67410,in_service_layover,49.46833729103909,57.27344785731206,44.02082359377948,600,10.0,18:33:30,18:43:30,False,,no_dispenser,0
2161741,heavy,321.0,40.0,40-ft,STC,2,SAT,14864052,14864081,321,321,61035,61035,Surrey Central Station @ Bay 12,Surrey Central Station @ Bay 12,61035,Surrey Central Station,66870,67230,in_service_layover,22.933879147308183,27.39824451744347,25.179020687563025,360,6.0,18:34:30,18:40:30,False,,no_dispenser,0
2161935,heavy,320.0,57.0,40-ft,STC,2,SAT,14866361,14866283,335,335,55714,55836,Surrey Central Station @ Bay 6,Surrey Central Station @ Bay 3,55714,Surrey Central Station,66870,67290,in_service_layover,57.20306961865048,62.64566979327052,30.696264984857066,420,7.0,18:34:30,18:41:30,False,,no_dispenser,0
2163961,heavy,503.0,45.0,40-ft,STC,2,SAT,14875608,14875504,503,503,56395,55441,Surrey Central Station @ Bay 1 Unloading Only,Surrey Central Station @ Bay 10,56395,Surrey Central Station,66870,67410,in_service_layover,64.236118840513,70.36062184416501,34.542196940597364,540,9.0,18:34:30,18:43:30,False,,no_dispenser,0
2162414,heavy,502.0,46.0,40-ft,STC,2,SAT,14875023,14874928,502,502,56395,55070,Surrey Central Station @ Bay 1 Unloading Only,Surrey Central Station @ Bay 9,56395,Surrey Central Station,66870,67650,in_service_layover,55.31904420149797,65.14981848568074,55.44556696279085,780,13.0,18:34:30,18:47:30,False,,no_dispenser,0
2161894,heavy,320.0,78.0,40-ft,STC,2,SAT,14865987,14865819,326,325,56395,55738,Surrey Central Station @ Bay 1 Unloading Only,Surrey Central Station @ Bay 7,56395,Surrey Central Station,66930,67590,in_service_layover,46.226035030624296,54.737418694709525,48.00420386544073,660,11.0,18:35:30,18:46:30,False,,no_dispenser,0
2161881,heavy,320.0,32.0,40-ft,STC,2,SAT,14866795,14866759,337,337,61035,61677,Surrey Central Station @ Bay 12,Surrey Central Station @ Bay 5A,61035,Surrey Central Station,66930,67710,in_service_layover,67.50917362390484,75.31744246709484,44.038636275591614,780,13.0,18:35:30,18:48:30,False,,no_dispenser,0
2161554,heavy,320.0,77.0,40-ft,STC,2,SAT,14866032,14862554,329,314,56395,61787,Surrey Central Station @ Bay 1 Unloading Only,Surrey Central Station @ Bay 14,56395,Surrey Central Station,66990,67290,in_service_layover,57.72759032435372,61.653468459727215,22.14195268350653,300,5.0,18:36:30,18:41:30,False,,no_dispenser,0
2161667,heavy,320.0,53.0,40-ft,STC,2,SAT,14874613,14863454,501,320,61035,55713,Surrey Central Station @ Bay 12,Surrey Central Station @ Bay 5,61035,Surrey Central Station,67470,67710,in_service_layover,45.57018555167166,48.62198327893584,17.212139181769942,240,4.0,18:44:30,18:48:30,False,,no_dispenser,0
2161936,heavy,320.0,81.0,40-ft,STC,2,SAT,14866357,14866348,335,335,55714,55836,Surrey Central Station @ Bay 6,Surrey Central Station @ Bay 3,55714,Surrey Central Station,67470,67890,in_service_layover,62.517887100198834,67.54610214625497,28.35913285975664,420,7.0,18:44:30,18:51:30,False,,no_dispenser,0
2161676,heavy,320.0,69.0,40-ft,STC,2,SAT,14865783,14865963,325,326,56395,54993,Surrey Central Station @ Bay 1 Unloading Only,Surrey Central Station @ Bay 8,56395,Surrey Central Station,67650,68190,in_service_layover,48.04774614070152,55.02270210221474,39.338751622934524,540,9.0,18:47:30,18:56:30,False,,no_dispenser,0
2161668,heavy,320.0,76.0,40-ft,STC,2,SAT,14863567,14863455,320,320,61035,55713,Surrey Central Station @ Bay 12,Surrey Central Station @ Bay 5,61035,Surrey Central Station,67710,68610,in_service_layover,47.0853455279647,58.75519199854058,65.81793409404798,900,15.0,18:48:30,19:03:30,False,,no_dispenser,0
2161820,heavy,502.0,32.0,40-ft,STC,2,SAT,14875063,14874978,502,502,56395,55070,Surrey Central Station @ Bay 1 Unloading Only,Surrey Central Station @ Bay 9,56395,Surrey Central Station,67770,68370,in_service_layover,44.49609759030922,52.18110365913341,43.343434228168405,600,10.0,18:49:30,18:59:30,False,,no_dispenser,0
2163968,heavy,503.0,43.0,40-ft,STC,2,SAT,14875564,14875496,503,503,56395,55441,Surrey Central Station @ Bay 1 Unloading Only,Surrey Central Station @ Bay 10,56395,Surrey Central Station,67830,68010,in_service_layover,50.92384060206049,53.244209928993016,13.086883003899459,180,3.0,18:50:30,18:53:30,False,,no_dispenser,0
2161885,heavy,320.0,43.0,40-ft,STC,2,SAT,14865497,14865550,324,324,56395,54993,Surrey Central Station @ Bay 1 Unloading Only,Surrey Central Station @ Bay 8,56395,Surrey Central Station,67830,68310,in_service_layover,53.360581205894896,59.65705537123549,35.51211429252095,480,8.0,18:50:30,18:58:30,False,,no_dispenser,0
2161756,heavy,320.0,67.0,40-ft,STC,2,SAT,14866770,14866725,337,337,61035,61677,Surrey Central Station @ Bay 12,Surrey Central Station @ Bay 5A,61035,Surrey Central Station,67830,68610,in_service_layover,38.49475690204757,48.40388032770932,55.88745612073231,780,13.0,18:50:30,19:03:30,False,,no_dispenser,0
2161882,heavy,320.0,72.0,40-ft,STC,2,SAT,14862688,14862721,316,316,56395,55738,Surrey Central Station @ Bay 1 Unloading Only,Surrey Central Station @ Bay 7,56395,Surrey Central Station,67950,68250,in_service_layover,28.145811833897906,31.887021115461323,21.10042034801768,300,5.0,18:52:30,18:57:30,False,,no_dispenser,0
2161880,heavy,320.0,54.0,40-ft,STC,2,SAT,14866388,14866307,335,335,55714,55836,Surrey Central Station @ Bay 6,Surrey Central Station @ Bay 3,55714,Surrey Central Station,68070,68490,in_service_layover,55.45948050825093,60.964500304382575,31.048311650182484,420,7.0,18:54:30,19:01:30,False,,no_dispenser,0
2161896,heavy,503.0,42.0,40-ft,STC,2,SAT,14875565,14875473,503,503,56395,55441,Surrey Central Station @ Bay 1 Unloading Only,Surrey Central Station @ Bay 10,56395,Surrey Central Station,68430,68610,in_service_layover,51.708142162091306,54.036139568301834,13.129905371027348,180,3.0,19:00:30,19:03:30,False,,no_dispenser,0
2161673,heavy,502.0,35.0,40-ft,STC,2,SAT,14874599,14874651,501,501,61035,55210,Surrey Central Station @ Bay 12,Surrey Central Station @ Bay 2,61035,Surrey Central Station,68430,69030,in_service_layover,39.64278605310314,47.25228479405554,42.91757289897157,600,10.0,19:00:30,19:10:30,False,,no_dispenser,0
2161826,heavy,502.0,30.0,40-ft,STC,2,SAT,14875073,14874979,502,502,56395,55070,Surrey Central Station @ Bay 1 Unloading Only,Surrey Central Station @ Bay 9,56395,Surrey Central Station,68550,69090,in_service_layover,40.100443557676684,46.9468528373724,38.6137483374838,540,9.0,19:02:30,19:11:30,False,,no_dispenser,0
2161480,heavy,312.0,53.0,40-ft,STC,2,SAT,14866356,14866278,335,335,55714,55836,Surrey Central Station @ Bay 6,Surrey Central Station @ Bay 3,55714,Surrey Central Station,68670,69090,in_service_layover,31.539180512768038,36.80456971282429,29.696795088317288,420,7.0,19:04:30,19:11:30,False,,no_dispenser,0
2161754,heavy,321.0,53.0,40-ft,STC,2,SAT,14864014,14864167,321,321,61035,61035,Surrey Central Station @ Bay 12,Surrey Central Station @ Bay 12,61035,Surrey Central Station,69210,69630,in_service_layover,49.292323430276966,54.71738921240765,30.597371011217035,420,7.0,19:13:30,19:20:30,False,,no_dispenser,0
2161943,heavy,502.0,45.0,40-ft,STC,2,SAT,14874600,14866760,501,337,61035,61677,Surrey Central Station @ Bay 12,Surrey Central Station @ Bay 5A,61035,Surrey Central Station,69330,69510,in_service_layover,46.87768978992873,49.168646882654656,12.920998002974216,180,3.0,19:15:30,19:18:30,False,,no_dispenser,0
2161681,heavy,320.0,20.0,40-ft,STC,2,SAT,14866396,14866317,335,335,55714,55836,Surrey Central Station @ Bay 6,Surrey Central Station @ Bay 3,55714,Surrey Central Station,69390,69690,in_service_layover,59.44772984498673,63.295293648579964,21.700259852265845,300,5.0,19:16:30,19:21:30,False,,no_dispenser,0
2162412,heavy,502.0,34.0,40-ft,STC,2,SAT,14875018,14874975,502,502,56395,55070,Surrey Central Station @ Bay 1 Unloading Only,Surrey Central Station @ Bay 9,56395,Surrey Central Station,69450,69810,in_service_layover,32.869909270912004,37.38703139108195,25.476568757758457,360,6.0,19:17:30,19:23:30,False,,no_dispenser,0
2161892,heavy,320.0,55.0,40-ft,STC,2,SAT,14865760,14865823,325,325,56395,55738,Surrey Central Station @ Bay 1 Unloading Only,Surrey Central Station @ Bay 7,56395,Surrey Central Station,69450,69990,in_service_layover,45.400887936911495,52.32075558620461,39.0280535420132,540,9.0,19:17:30,19:26:30,False,,no_dispenser,0
2161523,heavy,320.0,45.0,40-ft,STC,2,SAT,14863568,14862551,320,314,61035,61787,Surrey Central Station @ Bay 12,Surrey Central Station @ Bay 14,61035,Surrey Central Station,69510,70770,in_service_layover,34.52861094751762,50.59928420545068,90.63859717474242,1260,21.0,19:18:30,19:39:30,False,,no_dispenser,0
2161746,heavy,321.0,52.0,40-ft,STC,2,SAT,14866771,14866726,337,337,61035,61677,Surrey Central Station @ Bay 12,Surrey Central Station @ Bay 5A,61035,Surrey Central Station,69630,70410,in_service_layover,47.85205838077923,57.988814811795976,57.17130627093445,780,13.0,19:20:30,19:33:30,False,,no_dispenser,0
2161554,heavy,320.0,77.0,40-ft,STC,2,SAT,14862522,14863456,314,320,56395,55713,Surrey Central Station @ Bay 1 Unloading Only,Surrey Central Station @ Bay 5,56395,Surrey Central Station,69690,70410,in_service_layover,56.31917472440623,65.36872338836167,51.03945446470874,720,12.0,19:21:30,19:33:30,False,,no_dispenser,0
2161580,heavy,321.0,55.0,40-ft,STC,2,SAT,14862689,14862722,316,316,56395,55738,Surrey Central Station @ Bay 1 Unloading Only,Surrey Central Station @ Bay 7,56395,Surrey Central Station,69750,70050,in_service_layover,68.38158149677511,71.67463413804214,18.57281689674602,300,5.0,19:22:30,19:27:30,False,,no_dispenser,0
2161742,heavy,502.0,40.0,40-ft,STC,2,SAT,14864056,14864072,321,321,61035,61035,Surrey Central Station @ Bay 12,Surrey Central Station @ Bay 12,61035,Surrey Central Station,69810,70230,in_service_layover,35.934937185780356,41.22709329730635,29.8477604690066,420,7.0,19:23:30,19:30:30,False,,no_dispenser,0
2161677,heavy,320.0,27.0,40-ft,STC,2,SAT,14866372,14866272,335,335,55714,55836,Surrey Central Station @ Bay 6,Surrey Central Station @ Bay 3,55714,Surrey Central Station,69930,70290,in_service_layover,57.62654948564906,62.30805050302486,26.403665737999518,360,6.0,19:25:30,19:31:30,False,,no_dispenser,0
2161821,heavy,320.0,59.0,40-ft,STC,2,SAT,14865068,14865152,323,323,61035,55612,Surrey Central Station @ Bay 12,Surrey Central Station @ Bay 4,61035,Surrey Central Station,69990,70350,in_service_layover,66.85217114985696,70.87789865119495,22.705103107546392,360,6.0,19:26:30,19:32:30,False,,no_dispenser,0
2162411,heavy,502.0,37.0,40-ft,STC,2,SAT,14875000,14874997,502,502,56395,55070,Surrey Central Station @ Bay 1 Unloading Only,Surrey Central Station @ Bay 9,56395,Surrey Central Station,70110,70530,in_service_layover,29.677038000825696,34.931088128347014,29.632842719220264,420,7.0,19:28:30,19:35:30,False,,no_dispenser,0
2161670,heavy,320.0,31.0,40-ft,STC,2,SAT,14863540,14863457,320,320,61035,55713,Surrey Central Station @ Bay 12,Surrey Central Station @ Bay 5,61035,Surrey Central Station,70410,71310,in_service_layover,38.122989744045285,49.581067840470844,64.62356046384014,900,15.0,19:33:30,19:48:30,False,,no_dispenser,0
2161881,heavy,320.0,32.0,40-ft,STC,2,SAT,14866797,14866761,337,337,61035,61677,Surrey Central Station @ Bay 12,Surrey Central Station @ Bay 5A,61035,Surrey Central Station,70470,71310,in_service_layover,68.45211163546642,76.54712702512455,45.655886797671826,840,14.0,19:34:30,19:48:30,False,,no_dispenser,0
2161868,heavy,320.0,50.0,40-ft,STC,2,SAT,14874601,14874652,501,501,61035,55210,Surrey Central Station @ Bay 12,Surrey Central Station @ Bay 2,61035,Surrey Central Station,70530,70830,in_service_layover,54.780447250226274,58.72694096411626,22.258224546339477,300,5.0,19:35:30,19:40:30,False,,no_dispenser,0
2161683,heavy,502.0,43.0,40-ft,STC,2,SAT,14865978,14874955,326,502,61787,55070,Surrey Central Station @ Bay 14,Surrey Central Station @ Bay 9,61787,Surrey Central Station,70530,71250,in_service_layover,35.21807794881486,44.31300430976776,51.295384675774386,720,12.0,19:35:30,19:47:30,False,,no_dispenser,0
2161867,heavy,320.0,83.0,40-ft,STC,2,SAT,14866373,14866271,335,335,55714,55836,Surrey Central Station @ Bay 6,Surrey Central Station @ Bay 3,55714,Surrey Central Station,70650,70890,in_service_layover,65.67033429935796,68.479975014366,15.846373632645395,240,4.0,19:37:30,19:41:30,False,,no_dispenser,0
2161937,heavy,503.0,44.0,40-ft,STC,2,SAT,14875568,14865818,503,325,56395,55738,Surrey Central Station @ Bay 1 Unloading Only,Surrey Central Station @ Bay 7,56395,Surrey Central Station,70770,71250,in_service_layover,64.91266352668316,70.35211231965192,30.678491192343813,480,8.0,19:39:30,19:47:30,False,,no_dispenser,0
2161883,heavy,320.0,65.0,40-ft,STC,2,SAT,14865782,14865974,325,326,56395,54993,Surrey Central Station @ Bay 1 Unloading Only,Surrey Central Station @ Bay 8,56395,Surrey Central Station,71070,71910,in_service_layover,32.07372090791351,42.66024089891181,59.707972749230436,840,14.0,19:44:30,19:58:30,False,,no_dispenser,0
2161666,heavy,320.0,56.0,40-ft,STC,2,SAT,14863569,14863458,320,320,61035,55713,Surrey Central Station @ Bay 12,Surrey Central Station @ Bay 5,61035,Surrey Central Station,71310,72210,in_service_layover,48.381357600946316,60.03811659440023,65.74412072308007,900,15.0,19:48:30,20:03:30,False,,no_dispenser,0
2161682,heavy,503.0,39.0,40-ft,STC,2,SAT,14875569,14875477,503,503,56395,55441,Surrey Central Station @ Bay 1 Unloading Only,Surrey Central Station @ Bay 10,56395,Surrey Central Station,71310,72210,in_service_layover,29.558057606506082,40.87546763330185,63.830192551128164,900,15.0,19:48:30,20:03:30,False,,no_dispenser,0
2161819,heavy,801.0,53.0,40-ft,STC,2,SAT,14865011,14865091,323,323,61035,55612,Surrey Central Station @ Bay 12,Surrey Central Station @ Bay 4,61035,Surrey Central Station,71370,71790,in_service_layover,65.99245777935396,70.7104604540826,26.609535085469474,420,7.0,19:49:30,19:56:30,False,,no_dispenser,0
2161866,heavy,320.0,60.0,40-ft,STC,2,SAT,14865491,14865541,324,324,56395,54993,Surrey Central Station @ Bay 1 Unloading Only,Surrey Central Station @ Bay 8,56395,Surrey Central Station,71370,71850,in_service_layover,68.93592507459432,73.93028432831952,28.168186191010136,480,8.0,19:49:30,19:57:30,False,,no_dispenser,0
2161756,heavy,320.0,67.0,40-ft,STC,2,SAT,14866772,14866727,337,337,61035,61677,Surrey Central Station @ Bay 12,Surrey Central Station @ Bay 5A,61035,Surrey Central Station,71370,72210,in_service_layover,41.53854949608091,52.296457616680506,60.674601800181705,840,14.0,19:49:30,20:03:30,False,,no_dispenser,0
2161879,heavy,320.0,74.0,40-ft,STC,2,SAT,14866389,14866270,335,335,55714,55836,Surrey Central Station @ Bay 6,Surrey Central Station @ Bay 3,55714,Surrey Central Station,71490,72090,in_service_layover,50.82181085877655,58.65954271694692,44.204807680080876,600,10.0,19:51:30,20:01:30,False,,no_dispenser,0
2161579,heavy,320.0,30.0,40-ft,STC,2,SAT,14862690,14862723,316,316,56395,55738,Surrey Central Station @ Bay 1 Unloading Only,Surrey Central Station @ Bay 7,56395,Surrey Central Station,71550,71850,in_service_layover,31.35156114420751,35.10671374402828,21.1790606629892,300,5.0,19:52:30,19:57:30,False,,no_dispenser,0
2162413,heavy,502.0,39.0,40-ft,STC,2,SAT,14875001,14874976,502,502,56395,55070,Surrey Central Station @ Bay 1 Unloading Only,Surrey Central Station @ Bay 9,56395,Surrey Central Station,71670,71970,in_service_layover,37.767381910354814,41.55043994574315,21.336447319590235,300,5.0,19:54:30,19:59:30,False,,no_dispenser,0
2161908,heavy,502.0,41.0,40-ft,STC,2,SAT,14874602,14874653,501,501,61035,55210,Surrey Central Station @ Bay 12,Surrey Central Station @ Bay 2,61035,Surrey Central Station,71850,72630,in_service_layover,24.668978244276982,34.40908244556186,54.93418769524669,780,13.0,19:57:30,20:10:30,False,,no_dispenser,0
2161818,heavy,801.0,50.0,40-ft,STC,2,SAT,14865022,14865101,323,323,61035,55612,Surrey Central Station @ Bay 12,Surrey Central Station @ Bay 4,61035,Surrey Central Station,72090,72510,in_service_layover,68.2865528015577,72.78344163273604,25.362453007845772,420,7.0,20:01:30,20:08:30,False,,no_dispenser,0
2161668,heavy,320.0,76.0,40-ft,STC,2,SAT,14863570,14863495,320,320,61035,55713,Surrey Central Station @ Bay 12,Surrey Central Station @ Bay 5,61035,Surrey Central Station,72090,73110,in_service_layover,51.585722377570754,64.48460199857006,72.74968106243608,1020,17.0,20:01:30,20:18:30,False,,no_dispenser,0
2161943,heavy,502.0,45.0,40-ft,STC,2,SAT,14866798,14866762,337,337,61035,61677,Surrey Central Station @ Bay 12,Surrey Central Station @ Bay 5A,61035,Surrey Central Station,72270,73110,in_service_layover,42.30331605102624,53.081766434329246,60.790460161828975,840,14.0,20:04:30,20:18:30,False,,no_dispenser,0
2161893,heavy,320.0,48.0,40-ft,STC,2,SAT,14866383,14866308,335,335,55714,55836,Surrey Central Station @ Bay 6,Surrey Central Station @ Bay 3,55714,Surrey Central Station,72390,73350,in_service_layover,38.800166244717936,51.05902035814244,69.13993719971415,960,16.0,20:06:30,20:22:30,False,,no_dispenser,0
2162415,heavy,502.0,48.0,40-ft,STC,2,SAT,14875050,14874933,502,502,56395,55070,Surrey Central Station @ Bay 1 Unloading Only,Surrey Central Station @ Bay 9,56395,Surrey Central Station,72570,72930,in_service_layover,63.59293624014344,67.86925866901005,24.11845849880774,360,6.0,20:09:30,20:15:30,False,,no_dispenser,0
2161822,heavy,801.0,57.0,40-ft,STC,2,SAT,14865026,14865113,323,323,61035,55612,Surrey Central Station @ Bay 12,Surrey Central Station @ Bay 4,61035,Surrey Central Station,72690,73230,in_service_layover,67.15664213608976,72.92372899543751,32.52636988672134,540,9.0,20:11:30,20:20:30,False,,no_dispenser,0
2161935,heavy,320.0,57.0,40-ft,STC,2,SAT,14865759,14865805,325,325,56395,55738,Surrey Central Station @ Bay 1 Unloading Only,Surrey Central Station @ Bay 7,56395,Surrey Central Station,72810,73050,in_service_layover,57.67746802647372,60.83886890056242,17.830300929860243,240,4.0,20:13:30,20:17:30,False,,no_dispenser,0
2161664,heavy,320.0,61.0,40-ft,STC,2,SAT,14863541,14863459,320,320,61035,55713,Surrey Central Station @ Bay 12,Surrey Central Station @ Bay 5,61035,Surrey Central Station,72990,74010,in_service_layover,52.13721486140581,64.97966907463184,72.43144176259477,1020,17.0,20:16:30,20:33:30,False,,no_dispenser,0
2161749,heavy,321.0,54.0,40-ft,STC,2,SAT,14863977,14864066,321,321,61035,61035,Surrey Central Station @ Bay 12,Surrey Central Station @ Bay 12,61035,Surrey Central Station,73050,73770,in_service_layover,49.51469101185495,58.892819625758975,52.89264538241872,720,12.0,20:17:30,20:29:30,False,,no_dispenser,0
2161885,heavy,320.0,43.0,40-ft,STC,2,SAT,14865483,14865551,324,324,56395,54993,Surrey Central Station @ Bay 1 Unloading Only,Surrey Central Station @ Bay 8,56395,Surrey Central Station,73170,73650,in_service_layover,59.99545942664668,65.9250361233768,33.44281256955787,480,8.0,20:19:30,20:27:30,False,,no_dispenser,0
2161523,heavy,320.0,45.0,40-ft,STC,2,SAT,14862527,14862540,314,314,56395,61787,Surrey Central Station @ Bay 1 Unloading Only,Surrey Central Station @ Bay 14,56395,Surrey Central Station,73170,74130,in_service_layover,45.26499047012968,57.69525771577655,70.10670726544834,960,16.0,20:19:30,20:35:30,False,,no_dispenser,0
2161746,heavy,321.0,52.0,40-ft,STC,2,SAT,14866773,14866728,337,337,61035,61677,Surrey Central Station @ Bay 12,Surrey Central Station @ Bay 5A,61035,Surrey Central Station,73170,74310,in_service_layover,51.12348398016756,65.38715265740636,80.44709133962681,1140,19.0,20:19:30,20:38:30,False,,no_dispenser,0
2161882,heavy,320.0,72.0,40-ft,STC,2,SAT,14862691,14862724,316,316,56395,55738,Surrey Central Station @ Bay 1 Unloading Only,Surrey Central Station @ Bay 7,56395,Surrey Central Station,73290,73650,in_service_layover,24.8477852711056,29.322913330178213,25.239722253169532,360,6.0,20:21:30,20:27:30,False,,no_dispenser,0
2161891,heavy,320.0,24.0,40-ft,STC,2,SAT,14866375,14866344,335,335,55714,55836,Surrey Central Station @ Bay 6,Surrey Central Station @ Bay 3,55714,Surrey Central Station,73290,74070,in_service_layover,33.27331676359921,43.11069180605802,55.48279523946766,780,13.0,20:21:30,20:34:30,False,,no_dispenser,0
2161870,heavy,320.0,37.0,40-ft,STC,2,SAT,14875002,14874977,502,502,56395,55070,Surrey Central Station @ Bay 1 Unloading Only,Surrey Central Station @ Bay 9,56395,Surrey Central Station,73350,73830,in_service_layover,58.79463221131759,64.84450490966024,34.12128201865261,480,8.0,20:22:30,20:30:30,False,,no_dispenser,0
2161817,heavy,801.0,52.0,40-ft,STC,2,SAT,14864998,14865084,323,323,61035,55612,Surrey Central Station @ Bay 12,Surrey Central Station @ Bay 4,61035,Surrey Central Station,73410,73950,in_service_layover,69.5913476364025,75.04441935230149,30.75532447767023,540,9.0,20:23:30,20:32:30,False,,no_dispenser,0
2163961,heavy,503.0,45.0,40-ft,STC,2,SAT,14875572,14875479,503,503,56395,55441,Surrey Central Station @ Bay 1 Unloading Only,Surrey Central Station @ Bay 10,56395,Surrey Central Station,73710,74010,in_service_layover,62.53863733047162,66.20065640077472,20.653787556509485,300,5.0,20:28:30,20:33:30,False,,no_dispenser,0
2161554,heavy,320.0,77.0,40-ft,STC,2,SAT,14863571,14863460,320,320,61035,55713,Surrey Central Station @ Bay 12,Surrey Central Station @ Bay 5,61035,Surrey Central Station,73830,74910,in_service_layover,58.199253767391845,70.57148581112264,69.77938872664174,1080,18.0,20:30:30,20:48:30,False,,no_dispenser,0
2161813,heavy,801.0,54.0,40-ft,STC,2,SAT,14864994,14865105,323,323,61035,55612,Surrey Central Station @ Bay 12,Surrey Central Station @ Bay 4,61035,Surrey Central Station,74010,74670,in_service_layover,69.79978019948409,76.23593667844769,36.29992254135459,660,11.0,20:33:30,20:44:30,False,,no_dispenser,0
2161553,heavy,320.0,46.0,40-ft,STC,2,SAT,14874604,14874654,501,501,61035,55210,Surrey Central Station @ Bay 12,Surrey Central Station @ Bay 2,61035,Surrey Central Station,74070,74430,in_service_layover,49.59590608167252,54.24109570166685,26.19886945676808,360,6.0,20:34:30,20:40:30,False,,no_dispenser,0
2161555,heavy,320.0,71.0,40-ft,STC,2,SAT,14866355,14866269,335,335,55714,55836,Surrey Central Station @ Bay 6,Surrey Central Station @ Bay 3,55714,Surrey Central Station,74190,74790,in_service_layover,56.47495451257151,64.12727503640541,43.15908775442318,600,10.0,20:36:30,20:46:30,False,,no_dispenser,0
2162403,heavy,502.0,38.0,40-ft,STC,2,SAT,14875019,14874952,502,502,56395,55070,Surrey Central Station @ Bay 1 Unloading Only,Surrey Central Station @ Bay 9,56395,Surrey Central Station,74250,74730,in_service_layover,48.43940162198906,54.634331021233166,34.93940181173673,480,8.0,20:37:30,20:45:30,False,,no_dispenser,0
2161825,heavy,503.0,38.0,40-ft,STC,2,SAT,14875573,14875480,503,503,56395,55441,Surrey Central Station @ Bay 1 Unloading Only,Surrey Central Station @ Bay 10,56395,Surrey Central Station,74430,74910,in_service_layover,20.6329946614673,26.581258230629402,33.548206530074225,480,8.0,20:40:30,20:48:30,False,,no_dispenser,0
2161678,heavy,312.0,63.0,40-ft,STC,2,SAT,14865780,14865804,325,325,56395,55738,Surrey Central Station @ Bay 1 Unloading Only,Surrey Central Station @ Bay 7,56395,Surrey Central Station,74610,74850,in_service_layover,42.02418539844771,45.06343425003831,17.141363522970977,240,4.0,20:43:30,20:47:30,False,,no_dispenser,0
2161679,heavy,502.0,42.0,40-ft,STC,2,SAT,14863549,14863461,320,320,61035,55713,Surrey Central Station @ Bay 12,Surrey Central Station @ Bay 5,61035,Surrey Central Station,74730,75810,in_service_layover,28.045967112165727,41.63031033856973,76.61569579691854,1080,18.0,20:45:30,21:03:30,False,,no_dispenser,0
2161865,heavy,320.0,28.0,40-ft,STC,2,SAT,14865495,14865548,324,324,56395,54993,Surrey Central Station @ Bay 1 Unloading Only,Surrey Central Station @ Bay 8,56395,Surrey Central Station,74970,75450,in_service_layover,69.82967531955354,74.71974818600148,27.580010966766395,480,8.0,20:49:30,20:57:30,False,,no_dispenser,0
2161756,heavy,320.0,67.0,40-ft,STC,2,SAT,14866774,14866763,337,337,61035,61677,Surrey Central Station @ Bay 12,Surrey Central Station @ Bay 5A,61035,Surrey Central Station,74970,75510,in_service_layover,45.431126785052086,52.35155452998007,39.03121248139382,540,9.0,20:49:30,20:58:30,False,,no_dispenser,0
2161936,heavy,320.0,81.0,40-ft,STC,2,SAT,14866390,14866303,335,335,55714,55836,Surrey Central Station @ Bay 6,Surrey Central Station @ Bay 3,55714,Surrey Central Station,75030,75510,in_service_layover,59.61202422763944,65.58259909582456,33.674042256564064,480,8.0,20:50:30,20:58:30,False,,no_dispenser,0
2161580,heavy,321.0,55.0,40-ft,STC,2,SAT,14862692,14862725,316,316,56395,55738,Surrey Central Station @ Bay 1 Unloading Only,Surrey Central Station @ Bay 7,56395,Surrey Central Station,75090,75510,in_service_layover,65.05337075106496,69.85814745021665,27.09894058321555,420,7.0,20:51:30,20:58:30,False,,no_dispenser,0
2161820,heavy,502.0,32.0,40-ft,STC,2,SAT,14875003,14874924,502,502,56395,55070,Surrey Central Station @ Bay 1 Unloading Only,Surrey Central Station @ Bay 9,56395,Surrey Central Station,75090,75630,in_service_layover,42.04280335671534,48.91042453667783,38.733383454988484,540,9.0,20:51:30,21:00:30,False,,no_dispenser,0
2162430,heavy,503.0,35.0,40-ft,STC,2,SAT,14875574,14875481,503,503,56395,55441,Surrey Central Station @ Bay 1 Unloading Only,Surrey Central Station @ Bay 10,56395,Surrey Central Station,75150,75810,in_service_layover,29.401661614263624,37.67749508687562,46.67570078553166,660,11.0,20:52:30,21:03:30,False,,no_dispenser,0
2161669,heavy,320.0,52.0,40-ft,STC,2,SAT,14863572,14863497,320,320,61035,55713,Surrey Central Station @ Bay 12,Surrey Central Station @ Bay 5,61035,Surrey Central Station,75630,76710,in_service_layover,26.081090562162583,39.63478125277543,76.44281549505646,1080,18.0,21:00:30,21:18:30,False,,no_dispenser,0
2161480,heavy,312.0,53.0,40-ft,STC,2,SAT,14866376,14866320,335,335,55714,55836,Surrey Central Station @ Bay 6,Surrey Central Station @ Bay 3,55714,Surrey Central Station,75870,76230,in_service_layover,25.35945356774511,29.837346078635907,25.255313761424105,360,6.0,21:04:30,21:10:30,False,,no_dispenser,0
2161943,heavy,502.0,45.0,40-ft,STC,2,SAT,14866800,14866702,337,337,61035,61677,Surrey Central Station @ Bay 12,Surrey Central Station @ Bay 5A,61035,Surrey Central Station,75870,76710,in_service_layover,46.216435602700834,57.10753631366895,61.42580800986019,840,14.0,21:04:30,21:18:30,False,,no_dispenser,0
2161826,heavy,502.0,30.0,40-ft,STC,2,SAT,14875056,14874931,502,502,56395,55070,Surrey Central Station @ Bay 1 Unloading Only,Surrey Central Station @ Bay 9,56395,Surrey Central Station,75990,76530,in_service_layover,39.066969202417454,45.90473330688513,38.56498954919766,540,9.0,21:06:30,21:15:30,False,,no_dispenser,0
2161523,heavy,320.0,45.0,40-ft,STC,2,SAT,14862534,14862553,314,314,61787,61787,Surrey Central Station @ Bay 14,Surrey Central Station @ Bay 14,61787,Surrey Central Station,76350,76650,in_service_layover,52.53959619340625,56.44976589116367,22.053357095351828,300,5.0,21:12:30,21:17:30,False,,no_dispenser,0
2161894,heavy,320.0,78.0,40-ft,STC,2,SAT,14865758,14866345,325,335,56395,55836,Surrey Central Station @ Bay 1 Unloading Only,Surrey Central Station @ Bay 3,56395,Surrey Central Station,76350,77670,in_service_layover,54.13140977563727,69.6329066729423,87.42844250080032,1320,22.0,21:12:30,21:34:30,False,,no_dispenser,0
2161681,heavy,320.0,20.0,40-ft,STC,2,SAT,14866391,14866309,335,335,55714,55836,Surrey Central Station @ Bay 6,Surrey Central Station @ Bay 3,55714,Surrey Central Station,76710,76950,in_service_layover,55.08469081982214,58.2391527150504,17.791165089087315,240,4.0,21:18:30,21:22:30,False,,no_dispenser,0
2161579,heavy,320.0,30.0,40-ft,STC,2,SAT,14862693,14862726,316,316,56395,55738,Surrey Central Station @ Bay 1 Unloading Only,Surrey Central Station @ Bay 7,56395,Surrey Central Station,76770,77910,in_service_layover,29.583705911694512,43.960624225778375,81.08581929143298,1140,19.0,21:19:30,21:38:30,False,,no_dispenser,0
2162412,heavy,502.0,34.0,40-ft,STC,2,SAT,14875004,14874921,502,502,56395,55070,Surrey Central Station @ Bay 1 Unloading Only,Surrey Central Station @ Bay 9,56395,Surrey Central Station,76890,77430,in_service_layover,31.70696858471852,38.48711087353689,38.24000250893562,540,9.0,21:21:30,21:30:30,False,,no_dispenser,0
2161746,heavy,321.0,52.0,40-ft,STC,2,SAT,14866775,14866764,337,337,61035,61677,Surrey Central Station @ Bay 12,Surrey Central Station @ Bay 5A,61035,Surrey Central Station,76890,77610,in_service_layover,58.52182182577794,67.29240957347415,49.466114897006605,720,12.0,21:21:30,21:33:30,False,,no_dispenser,0
2161673,heavy,502.0,35.0,40-ft,STC,2,SAT,14874606,14863462,501,320,61035,55713,Surrey Central Station @ Bay 12,Surrey Central Station @ Bay 5,61035,Surrey Central Station,77010,77670,in_service_layover,33.4669849877305,41.7817188866337,46.89509918981403,660,11.0,21:23:30,21:34:30,False,,no_dispenser,0
2161664,heavy,320.0,61.0,40-ft,STC,2,SAT,14863548,14874930,320,502,61035,55070,Surrey Central Station @ Bay 12,Surrey Central Station @ Bay 9,61035,Surrey Central Station,77670,78330,in_service_layover,57.810199453662015,66.02022966873096,46.30457041298888,660,11.0,21:34:30,21:45:30,False,,no_dispenser,0
2161683,heavy,502.0,43.0,40-ft,STC,2,SAT,14875067,14866302,502,335,56395,55836,Surrey Central Station @ Bay 1 Unloading Only,Surrey Central Station @ Bay 3,56395,Surrey Central Station,77730,78390,in_service_layover,32.60941697793365,40.915944946314184,46.84881774166627,660,11.0,21:35:30,21:46:30,False,,no_dispenser,0
2163968,heavy,503.0,43.0,40-ft,STC,2,SAT,14875578,14875484,503,503,56395,55441,Surrey Central Station @ Bay 1 Unloading Only,Surrey Central Station @ Bay 10,56395,Surrey Central Station,77790,78510,in_service_layover,29.08636602444725,38.1172850766198,50.93438345425318,720,12.0,21:36:30,21:48:30,False,,no_dispenser,0
2161867,heavy,320.0,83.0,40-ft,STC,2,SAT,14866377,14874656,335,501,55714,55210,Surrey Central Station @ Bay 6,Surrey Central Station @ Bay 2,55714,Surrey Central Station,77850,78030,in_service_layover,61.056288397735074,63.34861859639695,12.928742320453011,180,3.0,21:37:30,21:40:30,False,,no_dispenser,0
2161742,heavy,502.0,40.0,40-ft,STC,2,SAT,14863990,14864086,321,321,61035,61035,Surrey Central Station @ Bay 12,Surrey Central Station @ Bay 12,61035,Surrey Central Station,77970,78210,in_service_layover,22.776946439581486,25.74811989790709,16.75741830495639,240,4.0,21:39:30,21:43:30,False,,no_dispenser,0
2161756,heavy,320.0,67.0,40-ft,STC,2,SAT,14866801,14866765,337,337,61035,61677,Surrey Central Station @ Bay 12,Surrey Central Station @ Bay 5A,61035,Surrey Central Station,78090,79110,in_service_layover,45.48622369835165,58.6748963670655,74.38411385154609,1020,17.0,21:41:30,21:58:30,False,,no_dispenser,0
2161678,heavy,312.0,63.0,40-ft,STC,2,SAT,14865779,14863463,325,320,56395,55713,Surrey Central Station @ Bay 1 Unloading Only,Surrey Central Station @ Bay 5,56395,Surrey Central Station,78270,79110,in_service_layover,42.50504080119498,53.28908187210888,60.82199163995443,840,14.0,21:44:30,21:58:30,False,,no_dispenser,0
2161817,heavy,801.0,52.0,40-ft,STC,2,SAT,14865015,14865116,323,323,61035,55612,Surrey Central Station @ Bay 12,Surrey Central Station @ Bay 4,61035,Surrey Central Station,78330,79170,in_service_layover,66.15384089251492,74.70900247759322,48.2511113398416,840,14.0,21:45:30,21:59:30,False,,no_dispenser,0
2162413,heavy,502.0,39.0,40-ft,STC,2,SAT,14875005,14874923,502,502,56395,55070,Surrey Central Station @ Bay 1 Unloading Only,Surrey Central Station @ Bay 9,56395,Surrey Central Station,78510,79230,in_service_layover,31.350361136397765,40.40491343096579,51.06767494136366,720,12.0,21:48:30,22:00:30,False,,no_dispenser,0
2161523,heavy,320.0,45.0,40-ft,STC,2,SAT,14862520,14862548,314,314,61787,61787,Surrey Central Station @ Bay 14,Surrey Central Station @ Bay 14,61787,Surrey Central Station,78750,79170,in_service_layover,51.29410436879337,56.7634515983521,30.847118374711272,420,7.0,21:52:30,21:59:30,False,,no_dispenser,0
2161885,heavy,320.0,43.0,40-ft,STC,2,SAT,14865504,14865540,324,324,56395,54993,Surrey Central Station @ Bay 1 Unloading Only,Surrey Central Station @ Bay 8,56395,Surrey Central Station,78810,79050,in_service_layover,68.65201050007883,71.30627365176035,14.970044175483793,240,4.0,21:53:30,21:57:30,False,,no_dispenser,0
2161868,heavy,320.0,50.0,40-ft,STC,2,SAT,14874607,14874657,501,501,61035,55210,Surrey Central Station @ Bay 12,Surrey Central Station @ Bay 2,61035,Surrey Central Station,78810,79830,in_service_layover,45.07309873552863,58.264557353624305,74.3998266060596,1020,17.0,21:53:30,22:10:30,False,,no_dispenser,0
2161670,heavy,320.0,31.0,40-ft,STC,2,SAT,14863575,14866301,320,335,61035,55836,Surrey Central Station @ Bay 12,Surrey Central Station @ Bay 3,61035,Surrey Central Station,78870,79170,in_service_layover,33.28897054039392,37.05254984897791,21.226587300413712,300,5.0,21:54:30,21:59:30,False,,no_dispenser,0
2161879,heavy,320.0,74.0,40-ft,STC,2,SAT,14866378,14866321,335,335,55714,55836,Surrey Central Station @ Bay 6,Surrey Central Station @ Bay 3,55714,Surrey Central Station,78930,80010,in_service_layover,52.836536839384266,66.23921356622735,75.59109673939497,1080,18.0,21:55:30,22:13:30,False,,no_dispenser,0
2161813,heavy,801.0,54.0,40-ft,STC,2,SAT,14865027,14865106,323,323,61035,55612,Surrey Central Station @ Bay 12,Surrey Central Station @ Bay 4,61035,Surrey Central Station,79050,80130,in_service_layover,67.3453582186611,77.40715996162733,56.748561830329436,1080,18.0,21:57:30,22:15:30,False,,no_dispenser,0
2162415,heavy,502.0,48.0,40-ft,STC,2,SAT,14875060,14874934,502,502,56395,55070,Surrey Central Station @ Bay 1 Unloading Only,Surrey Central Station @ Bay 9,56395,Surrey Central Station,79350,80130,in_service_layover,56.165987018671984,65.90314927424133,54.917595121411125,780,13.0,22:02:30,22:15:30,False,,no_dispenser,0
2161475,heavy,320.0,22.0,40-ft,STC,2,SAT,14862695,14862727,316,316,56395,55738,Surrey Central Station @ Bay 1 Unloading Only,Surrey Central Station @ Bay 7,56395,Surrey Central Station,79950,80310,in_service_layover,38.644946019978846,43.19221017592728,25.64656983954916,360,6.0,22:12:30,22:18:30,False,,no_dispenser,0
2161814,heavy,801.0,56.0,40-ft,STC,2,SAT,14865077,14865170,323,323,61035,55612,Surrey Central Station @ Bay 12,Surrey Central Station @ Bay 4,61035,Surrey Central Station,79950,81030,in_service_layover,65.29225867058102,75.8787275260224,59.707684344689426,1080,18.0,22:12:30,22:30:30,False,,no_dispenser,0
2161669,heavy,320.0,52.0,40-ft,STC,2,SAT,14863533,14863464,320,320,61035,55713,Surrey Central Station @ Bay 12,Surrey Central Station @ Bay 5,61035,Surrey Central Station,80070,80550,in_service_layover,32.465311631805605,38.4933632923792,33.998211365635086,480,8.0,22:14:30,22:22:30,False,,no_dispenser,0
2161893,heavy,320.0,48.0,40-ft,STC,2,SAT,14866392,14866310,335,335,55714,55836,Surrey Central Station @ Bay 6,Surrey Central Station @ Bay 3,55714,Surrey Central Station,80130,80910,in_service_layover,44.31686914447805,54.36030804506204,56.64499539929375,780,13.0,22:15:30,22:28:30,False,,no_dispenser,0
2161746,heavy,321.0,52.0,40-ft,STC,2,SAT,14866777,14866752,337,337,61035,61677,Surrey Central Station @ Bay 12,Surrey Central Station @ Bay 5A,61035,Surrey Central Station,80190,80490,in_service_layover,60.42707874184573,64.21389441904162,21.35764041938478,300,5.0,22:16:30,22:21:30,False,,no_dispenser,0
2161908,heavy,502.0,41.0,40-ft,STC,2,SAT,14874608,14874920,501,502,61035,55070,Surrey Central Station @ Bay 12,Surrey Central Station @ Bay 9,61035,Surrey Central Station,80490,81030,in_service_layover,20.545593137480793,27.24185393377727,37.76691089111212,540,9.0,22:21:30,22:30:30,False,,no_dispenser,0
2162403,heavy,502.0,38.0,40-ft,STC,2,SAT,14875049,14874932,502,502,56395,55070,Surrey Central Station @ Bay 1 Unloading Only,Surrey Central Station @ Bay 9,56395,Surrey Central Station,81030,81930,in_service_layover,42.2026629758578,53.769574835409905,65.23738288787393,900,15.0,22:30:30,22:45:30,False,,no_dispenser,0
2161523,heavy,320.0,45.0,40-ft,STC,2,SAT,14862531,14862558,314,314,61787,61787,Surrey Central Station @ Bay 14,Surrey Central Station @ Bay 14,61787,Surrey Central Station,81270,81750,in_service_layover,51.6077900759818,57.87996531034246,35.37506832179412,480,8.0,22:34:30,22:42:30,False,,no_dispenser,0
2161555,heavy,320.0,71.0,40-ft,STC,2,SAT,14866379,14866300,335,335,55714,55836,Surrey Central Station @ Bay 6,Surrey Central Station @ Bay 3,55714,Surrey Central Station,81330,81810,in_service_layover,55.86544605527586,62.10884508331333,35.21277051813132,480,8.0,22:35:30,22:43:30,False,,no_dispenser,0
2161749,heavy,321.0,54.0,40-ft,STC,2,SAT,14863989,14864090,321,321,61035,61035,Surrey Central Station @ Bay 12,Surrey Central Station @ Bay 12,61035,Surrey Central Station,81570,82350,in_service_layover,40.44267276803411,50.3901310497481,56.10366470886689,780,13.0,22:39:30,22:52:30,False,,no_dispenser,0
2161756,heavy,320.0,67.0,40-ft,STC,2,SAT,14866778,14866742,337,337,61035,61677,Surrey Central Station @ Bay 12,Surrey Central Station @ Bay 5A,61035,Surrey Central Station,81630,82290,in_service_layover,51.80956553543707,60.41468991034804,48.532901474497805,660,11.0,22:40:30,22:51:30,False,,no_dispenser,0
2161819,heavy,801.0,53.0,40-ft,STC,2,SAT,14864991,14865097,323,323,61035,55612,Surrey Central Station @ Bay 12,Surrey Central Station @ Bay 4,61035,Surrey Central Station,81690,81930,in_service_layover,66.00491335676975,68.7982093894658,15.754189624405683,240,4.0,22:41:30,22:45:30,False,,no_dispenser,0
2162430,heavy,503.0,35.0,40-ft,STC,2,SAT,14875582,14875487,503,503,56395,55441,Surrey Central Station @ Bay 1 Unloading Only,Surrey Central Station @ Bay 10,56395,Surrey Central Station,81690,82110,in_service_layover,28.876471131208486,34.1256463977858,29.60534850349606,420,7.0,22:41:30,22:48:30,False,,no_dispenser,0
2161667,heavy,320.0,53.0,40-ft,STC,2,SAT,14863534,14863465,320,320,61035,55713,Surrey Central Station @ Bay 12,Surrey Central Station @ Bay 5,61035,Surrey Central Station,81750,81990,in_service_layover,39.68100118177617,42.71209674123912,17.095378955371075,240,4.0,22:42:30,22:46:30,False,,no_dispenser,0
2161480,heavy,312.0,53.0,40-ft,STC,2,SAT,14865516,14865559,324,324,56395,54993,Surrey Central Station @ Bay 1 Unloading Only,Surrey Central Station @ Bay 8,56395,Surrey Central Station,82290,82650,in_service_layover,33.78493331949727,38.30683128591876,25.50350453061725,360,6.0,22:51:30,22:57:30,False,,no_dispenser,0
2161553,heavy,320.0,46.0,40-ft,STC,2,SAT,14874609,14874658,501,501,61035,55210,Surrey Central Station @ Bay 12,Surrey Central Station @ Bay 2,61035,Surrey Central Station,82290,83430,in_service_layover,41.28873299056837,55.99060300264811,82.91854686812974,1140,19.0,22:51:30,23:10:30,False,,no_dispenser,0
2161936,heavy,320.0,81.0,40-ft,STC,2,SAT,14866380,14866299,335,335,55714,55836,Surrey Central Station @ Bay 6,Surrey Central Station @ Bay 3,55714,Surrey Central Station,82410,82710,in_service_layover,62.788829934563836,66.43606220793478,20.570390021812045,300,5.0,22:53:30,22:58:30,False,,no_dispenser,0
2161818,heavy,801.0,50.0,40-ft,STC,2,SAT,14865023,14865103,323,323,61035,55612,Surrey Central Station @ Bay 12,Surrey Central Station @ Bay 4,61035,Surrey Central Station,82590,82830,in_service_layover,67.8925155846955,70.58843464662635,15.204983509289946,240,4.0,22:56:30,23:00:30,False,,no_dispenser,0
2161746,heavy,321.0,52.0,40-ft,STC,2,SAT,14866779,14866346,337,335,61035,55836,Surrey Central Station @ Bay 12,Surrey Central Station @ Bay 3,61035,Surrey Central Station,83010,83610,in_service_layover,57.348563587413196,64.92513873166956,42.73188381360592,600,10.0,23:03:30,23:13:30,False,,no_dispenser,0
2161817,heavy,801.0,52.0,40-ft,STC,2,SAT,14865017,14865086,323,323,61035,55612,Surrey Central Station @ Bay 12,Surrey Central Station @ Bay 4,61035,Surrey Central Station,83490,83730,in_service_layover,65.81842401780665,68.62086434386671,15.805763438978829,240,4.0,23:11:30,23:15:30,False,,no_dispenser,0
2161669,heavy,320.0,52.0,40-ft,STC,2,SAT,14863535,14863466,320,320,61035,55713,Surrey Central Station @ Bay 12,Surrey Central Station @ Bay 5,61035,Surrey Central Station,83550,83790,in_service_layover,31.32389367140938,34.32591002387302,16.93137222789491,240,4.0,23:12:30,23:16:30,False,,no_dispenser,0
2161935,heavy,320.0,57.0,40-ft,STC,2,SAT,14866393,14866311,335,335,55714,55836,Surrey Central Station @ Bay 6,Surrey Central Station @ Bay 3,55714,Surrey Central Station,83670,84510,in_service_layover,64.2127597487015,73.14642115708187,50.385850343265304,840,14.0,23:14:30,23:28:30,False,,no_dispenser,0
2161523,heavy,320.0,45.0,40-ft,STC,2,SAT,14862530,14862559,314,314,61787,61787,Surrey Central Station @ Bay 14,Surrey Central Station @ Bay 14,61787,Surrey Central Station,83850,84390,in_service_layover,52.72430378797216,59.795254746514516,39.880163406178895,540,9.0,23:17:30,23:26:30,False,,no_dispenser,0
2161813,heavy,801.0,54.0,40-ft,STC,2,SAT,14864987,14865171,323,323,61035,55612,Surrey Central Station @ Bay 12,Surrey Central Station @ Bay 4,61035,Surrey Central Station,84390,84630,in_service_layover,68.51658150184076,71.17837648314998,15.01252369458399,240,4.0,23:26:30,23:30:30,False,,no_dispenser,0
2161756,heavy,320.0,67.0,40-ft,STC,2,SAT,14866780,14864094,337,321,61035,61035,Surrey Central Station @ Bay 12,Surrey Central Station @ Bay 12,61035,Surrey Central Station,84750,86250,in_service_layover,53.54935907871962,70.74878344806551,97.00475344311081,1500,25.0,23:32:30,23:57:30,False,,no_dispenser,0
2161683,heavy,502.0,43.0,40-ft,STC,2,SAT,14866381,14866298,335,335,55714,55836,Surrey Central Station @ Bay 6,Surrey Central Station @ Bay 3,55714,Surrey Central Station,84930,85710,in_service_layover,34.800770796440176,44.655432215680214,55.58029040451379,780,13.0,23:35:30,23:48:30,False,,no_dispenser,0
2161814,heavy,801.0,56.0,40-ft,STC,2,SAT,14865078,14865114,323,323,61035,55612,Surrey Central Station @ Bay 12,Surrey Central Station @ Bay 4,61035,Surrey Central Station,85050,85530,in_service_layover,66.98814906623585,72.20296618624629,29.411568556858924,480,8.0,23:37:30,23:45:30,False,,no_dispenser,0
2161673,heavy,502.0,35.0,40-ft,STC,2,SAT,14863536,14863467,320,320,61035,55713,Surrey Central Station @ Bay 12,Surrey Central Station @ Bay 5,61035,Surrey Central Station,85230,85590,in_service_layover,30.00028190161536,34.50242638361697,25.392094878489104,360,6.0,23:40:30,23:46:30,False,,no_dispenser,0
2161893,heavy,320.0,48.0,40-ft,STC,2,SAT,14865517,14865560,324,324,56395,54993,Surrey Central Station @ Bay 1 Unloading Only,Surrey Central Station @ Bay 8,56395,Surrey Central Station,85710,86250,in_service_layover,47.13715983462004,54.09178024226847,39.224059099137094,540,9.0,23:48:30,23:57:30,False,,no_dispenser,0
2161819,heavy,801.0,53.0,40-ft,STC,2,SAT,14865028,14886070,323,N19,61035,55210,Surrey Central Station @ Bay 12,Surrey Central Station @ Bay 2,61035,Surrey Central Station,85950,86490,in_service_layover,63.46258876911903,69.67823831627726,35.05626344597238,540,9.0,23:52:30,24:01:30,False,,no_dispenser,0
2161670,heavy,320.0,31.0,40-ft,STC,2,SAT,14866382,14866297,335,335,55714,55836,Surrey Central Station @ Bay 6,Surrey Central Station @ Bay 3,55714,Surrey Central Station,86010,86910,in_service_layover,38.56184968852663,50.03023741199978,64.68170676038858,900,15.0,23:53:30,24:08:30,False,,no_dispenser,0
2162415,heavy,502.0,48.0,40-ft,STC,2,SAT,14875034,14874918,502,502,56395,55070,Surrey Central Station @ Bay 1 Unloading Only,Surrey Central Station @ Bay 9,56395,Surrey Central Station,86130,86430,in_service_layover,54.29364795234692,58.232250688612275,22.21371943253655,300,5.0,23:55:30,24:00:30,False,,no_dispenser,0
2161523,heavy,320.0,45.0,40-ft,STC,2,SAT,14862539,14862552,314,314,61787,61787,Surrey Central Station @ Bay 14,Surrey Central Station @ Bay 14,61787,Surrey Central Station,86490,87330,in_service_layover,54.639593224144214,65.21551686919426,59.64820935808223,840,14.0,24:01:30,24:15:30,False,,no_dispenser,0
2161818,heavy,801.0,50.0,40-ft,STC,2,SAT,14865019,14865085,323,323,61035,55612,Surrey Central Station @ Bay 12,Surrey Central Station @ Bay 4,61035,Surrey Central Station,86850,87270,in_service_layover,65.7807468521201,70.5185018419453,26.720938142614045,420,7.0,24:07:30,24:14:30,False,,no_dispenser,0
2161669,heavy,320.0,52.0,40-ft,STC,2,SAT,14863537,14863468,320,320,61035,55713,Surrey Central Station @ Bay 12,Surrey Central Station @ Bay 5,61035,Surrey Central Station,87090,87690,in_service_layover,27.156440402903193,34.65537068180639,42.293966773014006,600,10.0,24:11:30,24:21:30,False,,no_dispenser,0
2161680,heavy,320.0,49.0,40-ft,STC,2,SAT,14866394,14866322,335,335,55714,55836,Surrey Central Station @ Bay 6,Surrey Central Station @ Bay 3,55714,Surrey Central Station,87210,88110,in_service_layover,66.58405048620581,75.52711679272878,50.4388939687895,900,15.0,24:13:30,24:28:30,False,,no_dispenser,0
2161817,heavy,801.0,52.0,40-ft,STC,2,SAT,14864996,14865172,323,323,61035,55612,Surrey Central Station @ Bay 12,Surrey Central Station @ Bay 4,61035,Surrey Central Station,87750,88170,in_service_layover,63.96412660446035,68.86683245637701,27.651261004809953,420,7.0,24:22:30,24:29:30,False,,no_dispenser,0
2162403,heavy,502.0,38.0,40-ft,STC,2,SAT,14875059,14874659,502,501,56395,55210,Surrey Central Station @ Bay 1 Unloading Only,Surrey Central Station @ Bay 2,56395,Surrey Central Station,87810,88410,in_service_layover,39.04218952206679,46.64521045922954,42.88103808559788,600,10.0,24:23:30,24:33:30,False,,no_dispenser,0
2161749,heavy,321.0,54.0,40-ft,STC,2,SAT,14863988,14864080,321,321,61035,61035,Surrey Central Station @ Bay 12,Surrey Central Station @ Bay 12,61035,Surrey Central Station,88530,88890,in_service_layover,31.93998419202323,36.452252691996954,25.449194339851772,360,6.0,24:35:30,24:41:30,False,,no_dispenser,0
2161813,heavy,801.0,54.0,40-ft,STC,2,SAT,14865079,14886069,323,N19,61035,55210,Surrey Central Station @ Bay 12,Surrey Central Station @ Bay 2,61035,Surrey Central Station,88530,88950,in_service_layover,66.32357113583737,71.01046009892673,26.434053751824024,420,7.0,24:35:30,24:42:30,False,,no_dispenser,0
2161826,heavy,502.0,30.0,40-ft,STC,2,SAT,14875008,14865115,502,323,56395,55612,Surrey Central Station @ Bay 1 Unloading Only,Surrey Central Station @ Bay 4,56395,Surrey Central Station,88650,89070,in_service_layover,20.958444745907833,26.160424346535184,29.339164947538237,420,7.0,24:37:30,24:44:30,False,,no_dispenser,0
2161555,heavy,320.0,71.0,40-ft,STC,2,SAT,14866354,14866296,335,335,55714,55836,Surrey Central Station @ Bay 6,Surrey Central Station @ Bay 3,55714,Surrey Central Station,88710,89310,in_service_layover,62.823202614922444,69.73035048109352,38.9563139652048,600,10.0,24:38:30,24:48:30,False,,no_dispenser,0
2161667,heavy,320.0,53.0,40-ft,STC,2,SAT,14863538,14863469,320,320,61035,55713,Surrey Central Station @ Bay 12,Surrey Central Station @ Bay 5,61035,Surrey Central Station,89130,90150,in_service_layover,30.178810680164357,43.03148135357662,72.48906259804517,1020,17.0,24:45:30,25:02:30,False,,no_dispenser,0
2161814,heavy,801.0,56.0,40-ft,STC,2,SAT,14865029,14865087,323,323,61035,55612,Surrey Central Station @ Bay 12,Surrey Central Station @ Bay 4,61035,Surrey Central Station,89430,89970,in_service_layover,67.26429232635103,73.01780348288649,32.449802922860044,540,9.0,24:50:30,24:59:30,False,,no_dispenser,0
2161935,heavy,320.0,57.0,40-ft,STC,2,SAT,14866353,14866295,335,335,55714,55836,Surrey Central Station @ Bay 6,Surrey Central Station @ Bay 3,55714,Surrey Central Station,90510,91110,in_service_layover,63.314889878198876,70.15778054403555,38.593903355318844,600,10.0,25:08:30,25:18:30,False,,no_dispenser,0
2161670,heavy,320.0,31.0,40-ft,STC,2,SAT,14865004,14865081,323,323,61035,55612,Surrey Central Station @ Bay 12,Surrey Central Station @ Bay 4,61035,Surrey Central Station,91710,92010,in_service_layover,44.9770538888519,48.7924387863269,21.518770821759006,300,5.0,25:28:30,25:33:30,False,,no_dispenser,0
2161607,heavy,319.0,23.0,40-ft,STC,2,SAT,14863956,14864067,321,321,61035,61035,Surrey Central Station @ Bay 12,Surrey Central Station @ Bay 12,61035,Surrey Central Station,94530,94770,in_service_layover,63.44287977883014,66.35811004933463,16.441898725645274,240,4.0,26:15:30,26:19:30,False,,no_dispenser,0
2162547,heavy,620.0,41.0,40-ft,RTC,2,SAT,14878087,14878049,620,620,56669,61767,Tsawwassen Ferry Terminal @ Bay 1,Tsawwassen Ferry Terminal @ Bay 2,56669,Tsawwassen Ferry Terminal,29910,31890,in_service_layover,68.19156302093722,83.19258579775087,84.60576846122893,1980,33.0,08:18:30,08:51:30,False,,no_dispenser,0
2162550,heavy,620.0,42.0,40-ft,RTC,2,SAT,14878091,14878054,620,620,56669,61767,Tsawwassen Ferry Terminal @ Bay 1,Tsawwassen Ferry Terminal @ Bay 2,56669,Tsawwassen Ferry Terminal,34170,36210,in_service_layover,68.19156302093722,83.48514978894123,86.25582937154257,2040,34.0,09:29:30,10:03:30,False,,no_dispenser,0
2162547,heavy,620.0,41.0,40-ft,RTC,2,SAT,14878093,14878055,620,620,56669,61767,Tsawwassen Ferry Terminal @ Bay 1,Tsawwassen Ferry Terminal @ Bay 2,56669,Tsawwassen Ferry Terminal,37350,39210,in_service_layover,69.955024146403,83.78300584512174,77.98981678077365,1860,31.0,10:22:30,10:53:30,False,,no_dispenser,0
2162549,heavy,620.0,43.0,40-ft,RTC,2,SAT,14878094,14878057,620,620,56669,61767,Tsawwassen Ferry Terminal @ Bay 1,Tsawwassen Ferry Terminal @ Bay 2,56669,Tsawwassen Ferry Terminal,37950,39810,in_service_layover,68.19156302093722,82.5876624481266,81.19400076934807,1860,31.0,10:32:30,11:03:30,False,,no_dispenser,0
2162546,heavy,620.0,44.0,40-ft,RTC,2,SAT,14878095,14878056,620,620,56669,61767,Tsawwassen Ferry Terminal @ Bay 1,Tsawwassen Ferry Terminal @ Bay 2,56669,Tsawwassen Ferry Terminal,38190,39510,in_service_layover,68.19156302093722,79.57107451187936,64.18044480891365,1320,22.0,10:36:30,10:58:30,False,,no_dispenser,0
2162548,heavy,620.0,45.0,40-ft,RTC,2,SAT,14878096,14878058,620,620,56669,61767,Tsawwassen Ferry Terminal @ Bay 1,Tsawwassen Ferry Terminal @ Bay 2,56669,Tsawwassen Ferry Terminal,40890,42810,in_service_layover,68.19156302093722,82.89308082429953,82.91656041096343,1920,32.0,11:21:30,11:53:30,False,,no_dispenser,0
2162545,heavy,620.0,46.0,40-ft,RTC,2,SAT,14878098,14878059,620,620,56669,61767,Tsawwassen Ferry Terminal @ Bay 1,Tsawwassen Ferry Terminal @ Bay 2,56669,Tsawwassen Ferry Terminal,41910,43110,in_service_layover,68.19156302093722,78.82331548900603,59.96308391990817,1200,20.0,11:38:30,11:58:30,False,,no_dispenser,0
2162549,heavy,620.0,43.0,40-ft,RTC,2,SAT,14878100,14878063,620,620,56669,61767,Tsawwassen Ferry Terminal @ Bay 1,Tsawwassen Ferry Terminal @ Bay 2,56669,Tsawwassen Ferry Terminal,45210,47010,in_service_layover,69.35010079677873,83.06533528316422,77.35392250321405,1800,30.0,12:33:30,13:03:30,False,,no_dispenser,0
2162546,heavy,620.0,44.0,40-ft,RTC,2,SAT,14878101,14878062,620,620,56669,61767,Tsawwassen Ferry Terminal @ Bay 1,Tsawwassen Ferry Terminal @ Bay 2,56669,Tsawwassen Ferry Terminal,45510,46710,in_service_layover,66.33351286053151,77.46448675120755,62.77869274341293,1200,20.0,12:38:30,12:58:30,False,,no_dispenser,0
2162548,heavy,620.0,45.0,40-ft,RTC,2,SAT,14878102,14878064,620,620,56669,61767,Tsawwassen Ferry Terminal @ Bay 1,Tsawwassen Ferry Terminal @ Bay 2,56669,Tsawwassen Ferry Terminal,48210,50010,in_service_layover,69.65551917295167,83.27463603440005,76.81181909856878,1800,30.0,13:23:30,13:53:30,False,,no_dispenser,0
2162550,heavy,620.0,42.0,40-ft,RTC,2,SAT,14878103,14878066,620,620,56669,61767,Tsawwassen Ferry Terminal @ Bay 1,Tsawwassen Ferry Terminal @ Bay 2,56669,Tsawwassen Ferry Terminal,48810,50610,in_service_layover,65.55274474900351,80.50807900967199,84.34808523017017,1800,30.0,13:33:30,14:03:30,False,,no_dispenser,0
2162545,heavy,620.0,46.0,40-ft,RTC,2,SAT,14878104,14878065,620,620,56669,61767,Tsawwassen Ferry Terminal @ Bay 1,Tsawwassen Ferry Terminal @ Bay 2,56669,Tsawwassen Ferry Terminal,49110,50310,in_service_layover,65.58575383765819,76.92123103473581,63.932091391517815,1200,20.0,13:38:30,13:58:30,False,,no_dispenser,0
2162547,heavy,620.0,41.0,40-ft,RTC,2,SAT,14878105,14878067,620,620,56669,61767,Tsawwassen Ferry Terminal @ Bay 1,Tsawwassen Ferry Terminal @ Bay 2,56669,Tsawwassen Ferry Terminal,51810,53610,in_service_layover,65.24767223936064,80.3062346859425,84.93029219872176,1800,30.0,14:23:30,14:53:30,False,,no_dispenser,0
2162549,heavy,620.0,43.0,40-ft,RTC,2,SAT,14878106,14878069,620,620,56669,61767,Tsawwassen Ferry Terminal @ Bay 1,Tsawwassen Ferry Terminal @ Bay 2,56669,Tsawwassen Ferry Terminal,52410,54330,in_service_layover,69.82777363181636,83.99343092016468,79.89430710628454,1920,32.0,14:33:30,15:05:30,False,,no_dispenser,0
2162546,heavy,620.0,44.0,40-ft,RTC,2,SAT,14878107,14878068,620,620,56669,61767,Tsawwassen Ferry Terminal @ Bay 1,Tsawwassen Ferry Terminal @ Bay 2,56669,Tsawwassen Ferry Terminal,52650,54030,in_service_layover,64.2269250998597,77.13554011097892,72.80458866271238,1380,23.0,14:37:30,15:00:30,False,,no_dispenser,0
2162545,heavy,620.0,46.0,40-ft,RTC,2,SAT,14878109,14878071,620,620,56669,61767,Tsawwassen Ferry Terminal @ Bay 1,Tsawwassen Ferry Terminal @ Bay 2,56669,Tsawwassen Ferry Terminal,56310,57510,in_service_layover,63.683669383387965,75.54835111382819,66.9168049596829,1200,20.0,15:38:30,15:58:30,False,,no_dispenser,0
2162547,heavy,620.0,41.0,40-ft,RTC,2,SAT,14878110,14878072,620,620,56669,61767,Tsawwassen Ferry Terminal @ Bay 1,Tsawwassen Ferry Terminal @ Bay 2,56669,Tsawwassen Ferry Terminal,58890,60810,in_service_layover,67.06867303459465,82.14680519264509,85.04066537140449,1920,32.0,16:21:30,16:53:30,False,,no_dispenser,0
2162546,heavy,620.0,44.0,40-ft,RTC,2,SAT,14878111,14878073,620,620,56669,61767,Tsawwassen Ferry Terminal @ Bay 1,Tsawwassen Ferry Terminal @ Bay 2,56669,Tsawwassen Ferry Terminal,59790,61110,in_service_layover,63.89797845963107,76.51385503716574,71.1535438972956,1320,22.0,16:36:30,16:58:30,False,,no_dispenser,0
2162548,heavy,620.0,45.0,40-ft,RTC,2,SAT,14878112,14878074,620,620,56669,61767,Tsawwassen Ferry Terminal @ Bay 1,Tsawwassen Ferry Terminal @ Bay 2,56669,Tsawwassen Ferry Terminal,62490,64530,in_service_layover,61.76572346064715,79.37666920165803,99.32573397930145,2040,34.0,17:21:30,17:55:30,False,,no_dispenser,0
2162547,heavy,620.0,41.0,40-ft,RTC,2,SAT,14878114,14878076,620,620,56669,61767,Tsawwassen Ferry Terminal @ Bay 1,Tsawwassen Ferry Terminal @ Bay 2,56669,Tsawwassen Ferry Terminal,65970,68010,in_service_layover,68.90924354129724,83.95683221278564,84.86840010719459,2040,34.0,18:19:30,18:53:30,False,,no_dispenser,0
2162548,heavy,620.0,45.0,40-ft,RTC,2,SAT,14878116,14878078,620,620,56669,61767,Tsawwassen Ferry Terminal @ Bay 1,Tsawwassen Ferry Terminal @ Bay 2,56669,Tsawwassen Ferry Terminal,69690,71610,in_service_layover,66.13910755031019,81.53449729122406,86.82999813875426,1920,32.0,19:21:30,19:53:30,False,,no_dispenser,0
2160122,heavy,33.0,1.0,40-ft,VTC,2,SAT,14838577,14838562,033,033,60358,60158,UBC Exchange @ Unloading Only,UBC Exchange @ Bay 1,60358,UBC Exchange,33330,34050,in_service_layover,64.61437284032274,72.41298893864831,43.98419479455623,720,12.0,09:15:30,09:27:30,False,,no_dispenser,0
2160119,heavy,33.0,3.0,40-ft,VTC,2,SAT,14838599,14838565,033,033,60358,60158,UBC Exchange @ Unloading Only,UBC Exchange @ Bay 1,60358,UBC Exchange,34590,35190,in_service_layover,64.61437284032274,71.28457267679474,37.619927077702016,600,10.0,09:36:30,09:46:30,False,,no_dispenser,0
2160120,heavy,33.0,2.0,40-ft,VTC,2,SAT,14838579,14838564,033,033,60358,60158,UBC Exchange @ Unloading Only,UBC Exchange @ Bay 1,60358,UBC Exchange,37110,37710,in_service_layover,57.37311125262422,64.94737573794589,42.718851697214234,600,10.0,10:18:30,10:28:30,False,,no_dispenser,0
2160118,heavy,33.0,4.0,40-ft,VTC,2,SAT,14838598,14838532,033,033,60358,60158,UBC Exchange @ Unloading Only,UBC Exchange @ Bay 1,60358,UBC Exchange,38310,39510,in_service_layover,57.37311125262422,71.01282251464723,76.92797151780974,1200,20.0,10:38:30,10:58:30,False,,no_dispenser,0
2160122,heavy,33.0,1.0,40-ft,VTC,2,SAT,14838581,14838533,033,033,60358,60158,UBC Exchange @ Unloading Only,UBC Exchange @ Bay 1,60358,UBC Exchange,40770,41190,in_service_layover,58.16241688964278,63.54925640844391,30.381774886038386,420,7.0,11:19:30,11:26:30,False,,no_dispenser,0
2160119,heavy,33.0,3.0,40-ft,VTC,2,SAT,14838582,14838534,033,033,60358,60158,UBC Exchange @ Unloading Only,UBC Exchange @ Bay 1,60358,UBC Exchange,42510,42990,in_service_layover,57.0340006277892,63.21718530201977,34.87316156266047,480,8.0,11:48:30,11:56:30,False,,no_dispenser,0
2160121,heavy,33.0,5.0,40-ft,VTC,2,SAT,14838583,14838535,033,033,60358,60158,UBC Exchange @ Unloading Only,UBC Exchange @ Bay 1,60358,UBC Exchange,44250,44790,in_service_layover,64.61437284032274,70.69376880118709,34.28779321927493,540,9.0,12:17:30,12:26:30,False,,no_dispenser,0
2160120,heavy,33.0,2.0,40-ft,VTC,2,SAT,14838584,14838536,033,033,60358,60158,UBC Exchange @ Unloading Only,UBC Exchange @ Bay 1,60358,UBC Exchange,45930,46530,in_service_layover,50.69680368894035,58.53267074717202,44.194290208426594,600,10.0,12:45:30,12:55:30,False,,no_dispenser,0
2160118,heavy,33.0,4.0,40-ft,VTC,2,SAT,14838585,14838537,033,033,60358,60158,UBC Exchange @ Unloading Only,UBC Exchange @ Bay 1,60358,UBC Exchange,47670,48330,in_service_layover,56.762250465641685,65.08457611622491,46.93791666928939,660,11.0,13:14:30,13:25:30,False,,no_dispenser,0
2160122,heavy,33.0,1.0,40-ft,VTC,2,SAT,14838586,14838538,033,033,60358,60158,UBC Exchange @ Unloading Only,UBC Exchange @ Bay 1,60358,UBC Exchange,49410,50130,in_service_layover,49.29868435943837,58.6751521815529,52.883278516725966,720,12.0,13:43:30,13:55:30,False,,no_dispenser,0
2160119,heavy,33.0,3.0,40-ft,VTC,2,SAT,14838587,14838539,033,033,60358,60158,UBC Exchange @ Unloading Only,UBC Exchange @ Bay 1,60358,UBC Exchange,51150,51870,in_service_layover,48.96661325301424,58.339492213798124,52.86303733882119,720,12.0,14:12:30,14:24:30,False,,no_dispenser,0
2160121,heavy,33.0,5.0,40-ft,VTC,2,SAT,14838588,14838540,033,033,60358,60158,UBC Exchange @ Unloading Only,UBC Exchange @ Bay 1,60358,UBC Exchange,52950,53550,in_service_layover,56.44319675218156,64.09803088431279,43.17326450522023,600,10.0,14:42:30,14:52:30,False,,no_dispenser,0
2160120,heavy,33.0,2.0,40-ft,VTC,2,SAT,14838589,14838541,033,033,60358,60158,UBC Exchange @ Unloading Only,UBC Exchange @ Bay 1,60358,UBC Exchange,54750,55350,in_service_layover,44.282098698166486,51.96290670777696,43.31975717420306,600,10.0,15:12:30,15:22:30,False,,no_dispenser,0
2160274,heavy,84.0,7.0,40-ft,VTC,2,SAT,14840934,14840926,084,084,60358,60159,UBC Exchange @ Unloading Only,UBC Exchange @ Bay 2,60358,UBC Exchange,55350,55890,in_service_layover,69.00312050362716,74.53339598077595,31.1907536911192,540,9.0,15:22:30,15:31:30,False,,no_dispenser,0
2160118,heavy,33.0,4.0,40-ft,VTC,2,SAT,14838590,14838542,033,033,60358,60158,UBC Exchange @ Unloading Only,UBC Exchange @ Bay 1,60358,UBC Exchange,56550,56970,in_service_layover,50.834004067219375,56.292909832131656,30.788228514105242,420,7.0,15:42:30,15:49:30,False,,no_dispenser,0
2160122,heavy,33.0,1.0,40-ft,VTC,2,SAT,14838591,14838543,033,033,60358,60158,UBC Exchange @ Unloading Only,UBC Exchange @ Bay 1,60358,UBC Exchange,58350,58650,in_service_layover,44.42458013254736,48.236811972564794,21.50098757769831,300,5.0,16:12:30,16:17:30,False,,no_dispenser,0
2160119,heavy,33.0,3.0,40-ft,VTC,2,SAT,14838592,14838544,033,033,60358,60158,UBC Exchange @ Unloading Only,UBC Exchange @ Bay 1,60358,UBC Exchange,60150,60390,in_service_layover,44.0889201647926,47.13535342194394,17.181883570333582,240,4.0,16:42:30,16:46:30,False,,no_dispenser,0
2160121,heavy,33.0,5.0,40-ft,VTC,2,SAT,14838593,14838549,033,033,60358,60158,UBC Exchange @ Unloading Only,UBC Exchange @ Bay 1,60358,UBC Exchange,61950,62250,in_service_layover,49.847458835307265,53.713989202137704,21.807231268923715,300,5.0,17:12:30,17:17:30,False,,no_dispenser,0
2160120,heavy,33.0,2.0,40-ft,VTC,2,SAT,14838594,14838545,033,033,60358,60158,UBC Exchange @ Unloading Only,UBC Exchange @ Bay 1,60358,UBC Exchange,63870,64230,in_service_layover,37.71233465877141,42.25473117383055,25.61911634493353,360,6.0,17:44:30,17:50:30,False,,no_dispenser,0
2160122,heavy,33.0,1.0,40-ft,VTC,2,SAT,14838595,14838546,033,033,60358,60158,UBC Exchange @ Unloading Only,UBC Exchange @ Bay 1,60358,UBC Exchange,65790,66270,in_service_layover,33.98623992355925,40.02487596122078,34.057907252410985,480,8.0,18:16:30,18:24:30,False,,no_dispenser,0
2160119,heavy,33.0,3.0,40-ft,VTC,2,SAT,14838596,14838547,033,033,60358,60158,UBC Exchange @ Unloading Only,UBC Exchange @ Bay 1,60358,UBC Exchange,67710,68010,in_service_layover,32.8847813729384,36.64660267188019,21.216672126031682,300,5.0,18:48:30,18:53:30,False,,no_dispenser,0
2160274,heavy,84.0,7.0,40-ft,VTC,2,SAT,14840959,14840918,084,084,60358,60159,UBC Exchange @ Unloading Only,UBC Exchange @ Bay 2,60358,UBC Exchange,68070,68850,in_service_layover,68.87983827294998,76.43092328546778,42.58811947060042,780,13.0,18:54:30,19:07:30,False,,no_dispenser,0
2160121,heavy,33.0,5.0,40-ft,VTC,2,SAT,14838597,14838548,033,033,60358,60158,UBC Exchange @ Unloading Only,UBC Exchange @ Bay 1,60358,UBC Exchange,69510,69810,in_service_layover,39.46341715313217,43.253852047057045,21.37805280173629,300,5.0,19:18:30,19:23:30,False,,no_dispenser,0
2160120,heavy,33.0,2.0,40-ft,VTC,2,SAT,14838573,14838556,033,033,60358,60158,UBC Exchange @ Unloading Only,UBC Exchange @ Bay 1,60358,UBC Exchange,71310,71610,in_service_layover,28.004159124825005,31.74475229183503,21.096945461936542,300,5.0,19:48:30,19:53:30,False,,no_dispenser,0
2160122,heavy,33.0,1.0,40-ft,VTC,2,SAT,14838572,14838555,033,033,60358,60158,UBC Exchange @ Unloading Only,UBC Exchange @ Bay 1,60358,UBC Exchange,73110,73410,in_service_layover,25.774303912215235,29.50519749344902,21.042239798158562,300,5.0,20:18:30,20:23:30,False,,no_dispenser,0
2160274,heavy,84.0,7.0,40-ft,VTC,2,SAT,14840962,14840915,084,084,60358,60159,UBC Exchange @ Unloading Only,UBC Exchange @ Bay 2,60358,UBC Exchange,73230,73710,in_service_layover,65.37445574316136,70.76484230463585,30.401780206716126,480,8.0,20:20:30,20:28:30,False,,no_dispenser,0
2160119,heavy,33.0,3.0,40-ft,VTC,2,SAT,14838571,14838554,033,033,60358,60158,UBC Exchange @ Unloading Only,UBC Exchange @ Bay 1,60358,UBC Exchange,74790,75210,in_service_layover,22.396030622874644,27.604572801592465,29.37617788796851,420,7.0,20:46:30,20:53:30,False,,no_dispenser,0
2160121,heavy,33.0,5.0,40-ft,VTC,2,SAT,14838570,14838553,033,033,60358,60158,UBC Exchange @ Unloading Only,UBC Exchange @ Bay 1,60358,UBC Exchange,76530,77010,in_service_layover,29.0032799980515,35.00723884077125,33.862327872939375,480,8.0,21:15:30,21:23:30,False,,no_dispenser,0
2160121,heavy,33.0,5.0,40-ft,VTC,2,SAT,14901986,14901984,033,033,60358,60158,UBC Exchange @ Unloading Only,UBC Exchange @ Bay 1,60358,UBC Exchange,83610,84270,in_service_layover,20.756666791765706,28.953634219093143,46.230896290126736,660,11.0,23:13:30,23:24:30,False,,no_dispenser,0
2160341,heavy,130.0,18.0,40-ft,BTC,2,SAT,14886028,14898602,N17,099,60358,61935,UBC Exchange @ Unloading Only,UBC Exchange @ Bay 7,60358,UBC Exchange,97230,97470,in_service_layover,55.02569177994877,58.17938857940873,17.78684994895417,240,4.0,27:00:30,27:04:30,False,,no_dispenser,0
2160274,heavy,84.0,7.0,40-ft,VTC,2,SAT,14840926,14840952,084,084,59767,59803,VCC-Clark Station @ Unloading Only,VCC-Clark Station @ Bay 1,59767,VCC-Clark Station,58470,59250,in_service_layover,69.68518040585138,77.08299936855538,41.72369894965061,780,13.0,16:14:30,16:27:30,False,,no_dispenser,0
2160274,heavy,84.0,7.0,40-ft,VTC,2,SAT,14840921,14840959,084,084,59767,59803,VCC-Clark Station @ Unloading Only,VCC-Clark Station @ Bay 1,59767,VCC-Clark Station,64770,65670,in_service_layover,66.02653182624897,75.08809024033181,51.10718945542726,900,15.0,17:59:30,18:14:30,False,,no_dispenser,0
2160274,heavy,84.0,7.0,40-ft,VTC,2,SAT,14840915,14840929,084,084,59767,59803,VCC-Clark Station @ Unloading Only,VCC-Clark Station @ Bay 1,59767,VCC-Clark Station,75810,76350,in_service_layover,65.91662672971127,71.83803364311669,33.396734991606536,540,9.0,21:03:30,21:12:30,False,,no_dispenser,0
2160398,heavy,100.0,1.0,40-ft,HTC,3,SUN,14842390,14842530,100,100,58322,55933,22nd Street Station @ Unloading Only,22nd Street Station @ Bay 6,58322,22nd Street Station,24930,25530,in_service_layover,67.46574340971657,73.74244780396197,35.40061278354398,600,10.0,06:55:30,07:05:30,True,1,,2
2161968,heavy,301.0,42.0,40-ft,RTC,3,SUN,14867349,14867315,340,340,58322,56919,22nd Street Station @ Unloading Only,22nd Street Station @ Bay 7,58322,22nd Street Station,25470,25650,in_service_layover,66.58186286708762,68.67820996483559,11.82339763129852,180,3.0,07:04:30,07:07:30,True,2,,2
2160482,heavy,410.0,1.0,40-ft,HTC,3,SUN,14873596,14843812,410,104,58322,53497,22nd Street Station @ Unloading Only,22nd Street Station @ Bay 3,58322,22nd Street Station,26250,27570,in_service_layover,60.39867549853019,74.06810038699271,77.09555637092859,1320,22.0,07:17:30,07:39:30,True,1,,2
2160404,heavy,100.0,2.0,40-ft,HTC,3,SUN,14842392,14842455,100,100,58322,55933,22nd Street Station @ Unloading Only,22nd Street Station @ Bay 6,58322,22nd Street Station,26910,27330,in_service_layover,67.2805655912502,71.87601073936393,25.91831063536148,420,7.0,07:28:30,07:35:30,True,2,,2
2162343,heavy,410.0,4.0,40-ft,HTC,3,SUN,14873608,14873682,410,410,58322,52230,22nd Street Station @ Unloading Only,22nd Street Station @ Bay 4,58322,22nd Street Station,27750,28950,in_service_layover,60.39867549853019,73.16971690792164,72.02867354896784,1200,20.0,07:42:30,08:02:30,True,2,,2
2160399,heavy,100.0,3.0,40-ft,HTC,3,SUN,14842388,14842483,100,100,58322,55933,22nd Street Station @ Unloading Only,22nd Street Station @ Bay 6,58322,22nd Street Station,27930,28230,in_service_layover,65.58011691920036,69.05930500893626,19.622620826110506,300,5.0,07:45:30,07:50:30,True,1,,2
2160405,heavy,100.0,4.0,40-ft,HTC,3,SUN,14842386,14842479,100,100,58322,55933,22nd Street Station @ Unloading Only,22nd Street Station @ Bay 6,58322,22nd Street Station,28950,29310,in_service_layover,66.13317109333299,70.21642953029807,23.029577584483093,360,6.0,08:02:30,08:08:30,True,1,,2
2162345,heavy,410.0,6.0,40-ft,HTC,3,SUN,14873606,14873680,410,410,58322,52230,22nd Street Station @ Unloading Only,22nd Street Station @ Bay 4,58322,22nd Street Station,29910,30630,in_service_layover,60.39867549853019,68.86696274011341,47.76114004252935,720,12.0,08:18:30,08:30:30,True,2,,2
2160482,heavy,410.0,1.0,40-ft,HTC,3,SUN,14843780,14843813,104,104,58322,53497,22nd Street Station @ Unloading Only,22nd Street Station @ Bay 3,58322,22nd Street Station,30450,31110,in_service_layover,66.19423427052034,73.19861295513687,39.50469578123722,660,11.0,08:27:30,08:38:30,True,1,,2
2160398,heavy,100.0,1.0,40-ft,HTC,3,SUN,14842438,14842460,100,100,58322,55933,22nd Street Station @ Unloading Only,22nd Street Station @ Bay 6,58322,22nd Street Station,30630,31110,in_service_layover,64.69846833754708,70.16049624508153,30.80583739849436,480,8.0,08:30:30,08:38:30,True,2,,2
2162346,heavy,410.0,3.0,40-ft,HTC,3,SUN,14873605,14873646,410,410,58322,52230,22nd Street Station @ Unloading Only,22nd Street Station @ Bay 4,58322,22nd Street Station,30810,31650,in_service_layover,50.49342532002736,61.36001168206835,61.287547081911214,840,14.0,08:33:30,08:47:30,False,,busy,2
2161966,heavy,301.0,44.0,40-ft,RTC,3,SUN,14867379,14867318,340,340,58322,56919,22nd Street Station @ Unloading Only,22nd Street Station @ Bay 7,58322,22nd Street Station,31530,31890,in_service_layover,59.304614160507604,63.88999152405639,25.861528330415126,360,6.0,08:45:30,08:51:30,True,1,,2
2160402,heavy,100.0,5.0,40-ft,HTC,3,SUN,14842387,14842503,100,100,58322,55933,22nd Street Station @ Unloading Only,22nd Street Station @ Bay 6,58322,22nd Street Station,31530,31950,in_service_layover,66.30493060721876,70.99357797756383,26.443971168746145,420,7.0,08:45:30,08:52:30,True,2,,2
2160591,heavy,410.0,2.0,40-ft,HTC,3,SUN,14873604,14873653,410,410,58322,52230,22nd Street Station @ Unloading Only,22nd Street Station @ Bay 4,58322,22nd Street Station,31650,32490,in_service_layover,47.59581507241506,58.502913585350534,61.5160356129561,840,14.0,08:47:30,09:01:30,False,,busy,2
2160888,heavy,152.0,54.0,40-ft,PCT,3,SUN,14850792,14850777,155,155,58322,52183,22nd Street Station @ Unloading Only,22nd Street Station @ Bay 8,58322,22nd Street Station,32250,32910,in_service_layover,69.09012246531194,75.64064830362301,36.94496572807452,660,11.0,08:57:30,09:08:30,True,1,,2
2160404,heavy,100.0,2.0,40-ft,HTC,3,SUN,14842430,14842478,100,100,58322,55933,22nd Street Station @ Unloading Only,22nd Street Station @ Bay 6,58322,22nd Street Station,32430,32790,in_service_layover,62.150639300725366,66.53002658436186,24.699744279709876,360,6.0,09:00:30,09:06:30,True,2,,2
2162341,heavy,410.0,5.0,40-ft,HTC,3,SUN,14873580,14873651,410,410,58322,52230,22nd Street Station @ Unloading Only,22nd Street Station @ Bay 4,58322,22nd Street Station,32550,33390,in_service_layover,50.49342532002736,61.36001168206835,61.287547081911214,840,14.0,09:02:30,09:16:30,False,,busy,2
2161968,heavy,301.0,42.0,40-ft,RTC,3,SUN,14867352,14867312,340,340,58322,56919,22nd Street Station @ Unloading Only,22nd Street Station @ Bay 7,58322,22nd Street Station,32730,33450,in_service_layover,51.90157267645612,61.251409975677475,52.733082367608404,720,12.0,09:05:30,09:17:30,False,,busy,2
2160659,heavy,151.0,52.0,40-ft,PCT,3,SUN,14846664,14846630,128,128,58322,52183,22nd Street Station @ Unloading Only,22nd Street Station @ Bay 8,58322,22nd Street Station,33330,33810,in_service_layover,69.51669303570868,74.44351021530366,27.787248892915557,480,8.0,09:15:30,09:23:30,True,2,,2
2160399,heavy,100.0,3.0,40-ft,HTC,3,SUN,14842385,14842495,100,100,58322,55933,22nd Street Station @ Unloading Only,22nd Street Station @ Bay 6,58322,22nd Street Station,33450,33750,in_service_layover,59.869137552023176,63.69006326495461,21.550021020933343,300,5.0,09:17:30,09:22:30,True,1,,2
2161967,heavy,301.0,47.0,40-ft,RTC,3,SUN,14867380,14867319,340,340,58322,56919,22nd Street Station @ Unloading Only,22nd Street Station @ Bay 7,58322,22nd Street Station,33930,35130,in_service_layover,59.304614160507604,72.39848362571377,73.84942378376275,1200,20.0,09:25:30,09:45:30,True,1,,2
2160482,heavy,410.0,1.0,40-ft,HTC,3,SUN,14843781,14843814,104,104,58322,53497,22nd Street Station @ Unloading Only,22nd Street Station @ Bay 3,58322,22nd Street Station,33990,34650,in_service_layover,65.32474683866451,72.46136317839505,40.250516156080266,660,11.0,09:26:30,09:37:30,True,2,,2
2162343,heavy,410.0,4.0,40-ft,HTC,3,SUN,14873578,14873649,410,410,58322,52230,22nd Street Station @ Unloading Only,22nd Street Station @ Bay 4,58322,22nd Street Station,34590,35010,in_service_layover,57.86942525273032,63.27490725832975,30.486918511580768,420,7.0,09:36:30,09:43:30,False,,busy,2
2160405,heavy,100.0,4.0,40-ft,HTC,3,SUN,14842384,14842505,100,100,58322,55933,22nd Street Station @ Unloading Only,22nd Street Station @ Bay 6,58322,22nd Street Station,34590,35250,in_service_layover,60.772696280842844,68.57123416880604,43.98375368811247,660,11.0,09:36:30,09:47:30,False,,busy,2
2160401,heavy,100.0,6.0,40-ft,HTC,3,SUN,14842395,14842476,100,100,58322,55933,22nd Street Station @ Unloading Only,22nd Street Station @ Bay 6,58322,22nd Street Station,35490,36030,in_service_layover,66.89420218168318,72.69426579862906,32.71235879957476,540,9.0,09:51:30,10:00:30,True,2,,2
2160590,heavy,410.0,7.0,40-ft,HTC,3,SUN,14873577,14873706,410,410,58322,52230,22nd Street Station @ Unloading Only,22nd Street Station @ Bay 4,58322,22nd Street Station,35610,35910,in_service_layover,58.2613331657735,62.168141023771305,22.0343963191076,300,5.0,09:53:30,09:58:30,True,1,,2
2160483,heavy,410.0,8.0,40-ft,HTC,3,SUN,14843756,14843796,104,104,58322,53497,22nd Street Station @ Unloading Only,22nd Street Station @ Bay 3,58322,22nd Street Station,35730,36450,in_service_layover,65.15060434312045,72.86090311940627,43.48608509825203,720,12.0,09:55:30,10:07:30,False,,busy,2
2161966,heavy,301.0,44.0,40-ft,RTC,3,SUN,14867360,14867313,340,340,58322,56919,22nd Street Station @ Unloading Only,22nd Street Station @ Bay 7,58322,22nd Street Station,35790,36930,in_service_layover,61.09472091054761,73.21043336238239,68.33261822834817,1140,19.0,09:56:30,10:15:30,False,,busy,2
2160889,heavy,152.0,58.0,40-ft,PCT,3,SUN,14850788,14850778,155,155,58322,52183,22nd Street Station @ Unloading Only,22nd Street Station @ Bay 8,58322,22nd Street Station,35850,36510,in_service_layover,69.77474749941337,76.21495822038072,36.32278846625587,660,11.0,09:57:30,10:08:30,False,,busy,2
2162345,heavy,410.0,6.0,40-ft,HTC,3,SUN,14873576,14873644,410,410,58322,52230,22nd Street Station @ Unloading Only,22nd Street Station @ Bay 4,58322,22nd Street Station,36390,36690,in_service_layover,53.56667108492208,57.49348958439937,22.147256337051942,300,5.0,10:06:30,10:11:30,True,1,,2
2160398,heavy,100.0,1.0,40-ft,HTC,3,SUN,14842383,14842504,100,100,58322,55933,22nd Street Station @ Unloading Only,22nd Street Station @ Bay 6,58322,22nd Street Station,36450,37050,in_service_layover,61.21781101872864,68.33061513934301,40.116215240265035,600,10.0,10:07:30,10:17:30,True,2,,2
2160659,heavy,151.0,52.0,40-ft,PCT,3,SUN,14846669,14846628,128,128,58322,52183,22nd Street Station @ Unloading Only,22nd Street Station @ Bay 8,58322,22nd Street Station,36930,37410,in_service_layover,68.15397061530717,73.23795719597969,28.67368431499301,480,8.0,10:15:30,10:23:30,True,1,,2
2160402,heavy,100.0,5.0,40-ft,HTC,3,SUN,14842394,14842472,100,100,58322,55933,22nd Street Station @ Unloading Only,22nd Street Station @ Bay 6,58322,22nd Street Station,37410,37890,in_service_layover,63.43735496014203,69.03002823693913,31.54267728113564,480,8.0,10:23:30,10:31:30,True,2,,2
2162346,heavy,410.0,3.0,40-ft,HTC,3,SUN,14873575,14873642,410,410,58322,52230,22nd Street Station @ Unloading Only,22nd Street Station @ Bay 4,58322,22nd Street Station,37470,38430,in_service_layover,46.059720026877024,58.49093217877438,70.11203653670105,960,16.0,10:24:30,10:40:30,True,1,,2
2160482,heavy,410.0,1.0,40-ft,HTC,3,SUN,14843782,14843815,104,104,58322,53497,22nd Street Station @ Unloading Only,22nd Street Station @ Bay 3,58322,22nd Street Station,37530,38250,in_service_layover,64.58749706192268,72.39052157715855,44.00905826593032,720,12.0,10:25:30,10:37:30,False,,busy,2
2160437,heavy,152.0,52.0,40-ft,PCT,3,SUN,14850794,14850779,155,155,58322,52183,22nd Street Station @ Unloading Only,22nd Street Station @ Bay 8,58322,22nd Street Station,37710,38310,in_service_layover,67.042846349865,73.3791760662567,35.73689960044919,600,10.0,10:28:30,10:38:30,False,,busy,2
2161968,heavy,301.0,42.0,40-ft,RTC,3,SUN,14867353,14867320,340,340,58322,56919,22nd Street Station @ Unloading Only,22nd Street Station @ Bay 7,58322,22nd Street Station,37710,38670,in_service_layover,61.45398435359072,71.98959106542368,59.42082185473788,960,16.0,10:28:30,10:44:30,False,,busy,2
2160433,heavy,151.0,59.0,40-ft,PCT,3,SUN,14842738,14842706,101,101,58322,52373,22nd Street Station @ Unloading Only,22nd Street Station @ Bay 5,58322,22nd Street Station,38010,38610,in_service_layover,66.07170868346273,72.54329437676223,36.49974331020917,600,10.0,10:33:30,10:43:30,True,2,,2
2160404,heavy,100.0,2.0,40-ft,HTC,3,SUN,14842399,14842522,100,100,58322,55933,22nd Street Station @ Unloading Only,22nd Street Station @ Bay 6,58322,22nd Street Station,38310,38790,in_service_layover,58.91230109428918,64.95143723673141,34.06072784337425,480,8.0,10:38:30,10:46:30,False,,busy,2
2160591,heavy,410.0,2.0,40-ft,HTC,3,SUN,14873574,14873641,410,410,58322,52230,22nd Street Station @ Unloading Only,22nd Street Station @ Bay 4,58322,22nd Street Station,38370,39270,in_service_layover,43.20262193015921,54.80065494561634,65.41290620717817,900,15.0,10:39:30,10:54:30,False,,busy,2
2160658,heavy,151.0,53.0,40-ft,PCT,3,SUN,14846668,14846656,128,128,58322,52183,22nd Street Station @ Unloading Only,22nd Street Station @ Bay 8,58322,22nd Street Station,38730,39210,in_service_layover,69.78132243193241,74.67708761045282,27.612115606855127,480,8.0,10:45:30,10:53:30,True,1,,2
2160399,heavy,100.0,3.0,40-ft,HTC,3,SUN,14842439,14842475,100,100,58322,55933,22nd Street Station @ Unloading Only,22nd Street Station @ Bay 6,58322,22nd Street Station,39270,39750,in_service_layover,55.53973496035659,61.79589645314159,35.28475081930742,480,8.0,10:54:30,11:02:30,True,2,,2
2160483,heavy,410.0,8.0,40-ft,HTC,3,SUN,14843755,14843805,104,104,58322,53497,22nd Street Station @ Unloading Only,22nd Street Station @ Bay 3,58322,22nd Street Station,39330,40050,in_service_layover,64.98703700293392,72.72434963393088,43.63844323882296,720,12.0,10:55:30,11:07:30,True,1,,2
2162341,heavy,410.0,5.0,40-ft,HTC,3,SUN,14873631,14873634,410,410,58322,52230,22nd Street Station @ Unloading Only,22nd Street Station @ Bay 4,58322,22nd Street Station,39330,40050,in_service_layover,46.059720026877024,55.35920646554659,52.44910351409635,720,12.0,10:55:30,11:07:30,False,,busy,2
2160660,heavy,152.0,55.0,40-ft,PCT,3,SUN,14850795,14850773,155,155,58322,52183,22nd Street Station @ Unloading Only,22nd Street Station @ Bay 8,58322,22nd Street Station,39570,40110,in_service_layover,69.20410689833919,74.70809915732572,31.04251634068396,540,9.0,10:59:30,11:08:30,False,,busy,2
2160434,heavy,151.0,58.0,40-ft,PCT,3,SUN,14842725,14842705,101,101,58322,52373,22nd Street Station @ Unloading Only,22nd Street Station @ Bay 5,58322,22nd Street Station,40050,40410,in_service_layover,69.1708606001139,73.00238451714884,21.609794892077105,360,6.0,11:07:30,11:13:30,True,2,,2
2162342,heavy,410.0,9.0,40-ft,HTC,3,SUN,14873573,14873640,410,410,58322,52230,22nd Street Station @ Unloading Only,22nd Street Station @ Bay 4,58322,22nd Street Station,40230,40950,in_service_layover,58.2613331657735,67.06993930451476,49.680538622500706,720,12.0,11:10:30,11:22:30,True,1,,2
2160659,heavy,151.0,52.0,40-ft,PCT,3,SUN,14846667,14846655,128,128,58322,52183,22nd Street Station @ Unloading Only,22nd Street Station @ Bay 8,58322,22nd Street Station,40650,41010,in_service_layover,66.9484175959832,70.96634692418476,22.661121411056797,360,6.0,11:17:30,11:23:30,True,2,,2
2160405,heavy,100.0,4.0,40-ft,HTC,3,SUN,14842382,14842521,100,100,58322,55933,22nd Street Station @ Unloading Only,22nd Street Station @ Bay 6,58322,22nd Street Station,40950,41430,in_service_layover,60.59906393660168,66.47144377085698,33.1202222651998,480,8.0,11:22:30,11:30:30,True,1,,2
2162343,heavy,410.0,4.0,40-ft,HTC,3,SUN,14873599,14873639,410,410,58322,52230,22nd Street Station @ Unloading Only,22nd Street Station @ Bay 4,58322,22nd Street Station,41190,41730,in_service_layover,47.974615603138425,54.947884346311504,39.32923571149615,540,9.0,11:26:30,11:35:30,True,2,,2
2160482,heavy,410.0,1.0,40-ft,HTC,3,SUN,14843783,14843804,104,104,58322,53497,22nd Street Station @ Unloading Only,22nd Street Station @ Bay 3,58322,22nd Street Station,41190,41790,in_service_layover,64.5166554606862,71.1999863897369,37.693986439846014,600,10.0,11:26:30,11:36:30,False,,busy,2
2160888,heavy,152.0,54.0,40-ft,PCT,3,SUN,14850796,14850780,155,155,58322,52183,22nd Street Station @ Unloading Only,22nd Street Station @ Bay 8,58322,22nd Street Station,41370,41910,in_service_layover,67.27947861861882,73.03107281628455,32.43899127483468,540,9.0,11:29:30,11:38:30,False,,busy,2
2160401,heavy,100.0,6.0,40-ft,HTC,3,SUN,14842381,14842471,100,100,58322,55933,22nd Street Station @ Unloading Only,22nd Street Station @ Bay 6,58322,22nd Street Station,41670,42150,in_service_layover,64.53960733836756,70.01830790256788,30.899871182089896,480,8.0,11:34:30,11:42:30,True,1,,2
2160435,heavy,151.0,63.0,40-ft,PCT,3,SUN,14842723,14842704,101,101,58322,52373,22nd Street Station @ Unloading Only,22nd Street Station @ Bay 5,58322,22nd Street Station,41790,42210,in_service_layover,69.1708606001139,73.57905581816098,24.862221029785587,420,7.0,11:36:30,11:43:30,True,2,,2
2160590,heavy,410.0,7.0,40-ft,HTC,3,SUN,14873572,14873636,410,410,58322,52230,22nd Street Station @ Unloading Only,22nd Street Station @ Bay 4,58322,22nd Street Station,42090,42570,in_service_layover,46.867849368579975,53.03205807311675,34.76613709358736,480,8.0,11:41:30,11:49:30,False,,busy,2
2160658,heavy,151.0,53.0,40-ft,PCT,3,SUN,14846666,14846654,128,128,58322,52183,22nd Street Station @ Unloading Only,22nd Street Station @ Bay 8,58322,22nd Street Station,42450,42810,in_service_layover,68.38754801045633,72.28615939285936,21.988168196753065,360,6.0,11:47:30,11:53:30,True,1,,2
2160398,heavy,100.0,1.0,40-ft,HTC,3,SUN,14842440,14842499,100,100,58322,55933,22nd Street Station @ Unloading Only,22nd Street Station @ Bay 6,58322,22nd Street Station,42690,43590,in_service_layover,60.56378635715933,70.74586198255655,57.426906527240305,900,15.0,11:51:30,12:06:30,True,2,,2
2162345,heavy,410.0,6.0,40-ft,HTC,3,SUN,14873559,14873635,410,410,58322,52230,22nd Street Station @ Unloading Only,22nd Street Station @ Bay 4,58322,22nd Street Station,42990,43410,in_service_layover,42.193197929208054,47.523755003469866,30.064341898836602,420,7.0,11:56:30,12:03:30,True,1,,2
2160483,heavy,410.0,8.0,40-ft,HTC,3,SUN,14843778,14843803,104,104,58322,53497,22nd Street Station @ Unloading Only,22nd Street Station @ Bay 3,58322,22nd Street Station,42990,43650,in_service_layover,64.85048351745853,72.05844455147601,40.65290023185861,660,11.0,11:56:30,12:07:30,False,,busy,2
2160890,heavy,152.0,57.0,40-ft,PCT,3,SUN,14850797,14850752,155,155,58322,52183,22nd Street Station @ Unloading Only,22nd Street Station @ Bay 8,58322,22nd Street Station,43170,43710,in_service_layover,67.95928826316675,73.62446711645406,31.95160873254042,540,9.0,11:59:30,12:08:30,False,,busy,2
2160433,heavy,151.0,59.0,40-ft,PCT,3,SUN,14842722,14842703,101,101,58322,52373,22nd Street Station @ Unloading Only,22nd Street Station @ Bay 5,58322,22nd Street Station,43590,44010,in_service_layover,69.05114616510022,73.4714610708936,24.93057606867461,420,7.0,12:06:30,12:13:30,True,1,,2
2160402,heavy,100.0,5.0,40-ft,HTC,3,SUN,14842412,14842524,100,100,58322,55933,22nd Street Station @ Unloading Only,22nd Street Station @ Bay 6,58322,22nd Street Station,43650,44310,in_service_layover,61.86008986594942,69.50514638770298,43.11811878269003,660,11.0,12:07:30,12:18:30,True,2,,2
2160659,heavy,151.0,52.0,40-ft,PCT,3,SUN,14846665,14846653,128,128,58322,52183,22nd Street Station @ Unloading Only,22nd Street Station @ Bay 8,58322,22nd Street Station,44250,44610,in_service_layover,68.60015961498443,72.4807110760592,21.886310240461626,360,6.0,12:17:30,12:23:30,True,1,,2
2160404,heavy,100.0,2.0,40-ft,HTC,3,SUN,14842380,14842519,100,100,58322,55933,22nd Street Station @ Unloading Only,22nd Street Station @ Bay 6,58322,22nd Street Station,44670,45090,in_service_layover,58.33789507753517,63.712891634533484,30.31498058147048,420,7.0,12:24:30,12:31:30,True,2,,2
2160482,heavy,410.0,1.0,40-ft,HTC,3,SUN,14843775,14843802,104,104,58322,53497,22nd Street Station @ Unloading Only,22nd Street Station @ Bay 3,58322,22nd Street Station,44730,45450,in_service_layover,63.32612027326454,71.33402152998684,45.16456308791379,720,12.0,12:25:30,12:37:30,True,1,,2
2162346,heavy,410.0,3.0,40-ft,HTC,3,SUN,14873616,14873705,410,410,58322,52230,22nd Street Station @ Unloading Only,22nd Street Station @ Bay 4,58322,22nd Street Station,44850,45270,in_service_layover,43.190640523583056,48.52915104191942,30.109199323417073,420,7.0,12:27:30,12:34:30,False,,busy,2
2161967,heavy,301.0,47.0,40-ft,RTC,3,SUN,14867363,14867328,340,340,58322,56919,22nd Street Station @ Unloading Only,22nd Street Station @ Bay 7,58322,22nd Street Station,44850,45750,in_service_layover,69.35743208060904,77.69969046555575,47.050337291099424,900,15.0,12:27:30,12:42:30,False,,busy,2
2160889,heavy,152.0,58.0,40-ft,PCT,3,SUN,14850798,14850753,155,155,58322,52183,22nd Street Station @ Unloading Only,22nd Street Station @ Bay 8,58322,22nd Street Station,45030,45510,in_service_layover,66.6793231514808,71.92823686538124,29.603873346398473,480,8.0,12:30:30,12:38:30,False,,busy,2
2160434,heavy,151.0,58.0,40-ft,PCT,3,SUN,14842753,14842702,101,101,58322,52373,22nd Street Station @ Unloading Only,22nd Street Station @ Bay 5,58322,22nd Street Station,45450,45810,in_service_layover,68.90484208064443,72.75931871325976,21.73924820795048,360,6.0,12:37:30,12:43:30,True,2,,2
2160399,heavy,100.0,3.0,40-ft,HTC,3,SUN,14842379,14842481,100,100,58322,55933,22nd Street Station @ Unloading Only,22nd Street Station @ Bay 6,58322,22nd Street Station,45570,46530,in_service_layover,55.21155031834203,67.0114659664506,66.55152425533237,960,16.0,12:39:30,12:55:30,True,1,,2
2160591,heavy,410.0,2.0,40-ft,HTC,3,SUN,14873615,14873655,410,410,58322,52230,22nd Street Station @ Unloading Only,22nd Street Station @ Bay 4,58322,22nd Street Station,45750,46170,in_service_layover,39.500363290425014,44.814230213534564,29.970209446337833,420,7.0,12:42:30,12:49:30,False,,busy,2
2160658,heavy,151.0,53.0,40-ft,PCT,3,SUN,14846658,14846652,128,128,58322,52183,22nd Street Station @ Unloading Only,22nd Street Station @ Bay 8,58322,22nd Street Station,46110,46410,in_service_layover,69.21620654680592,72.45006843513694,18.238981050186965,300,5.0,12:48:30,12:53:30,True,2,,2
2160406,heavy,100.0,7.0,40-ft,HTC,3,SUN,14842441,14842498,100,100,58322,55933,22nd Street Station @ Unloading Only,22nd Street Station @ Bay 6,58322,22nd Street Station,46530,47190,in_service_layover,67.1150612870742,73.97736420644378,38.70338846524447,660,11.0,12:55:30,13:06:30,True,2,,2
2160483,heavy,410.0,8.0,40-ft,HTC,3,SUN,14843774,14843801,104,104,58322,53497,22nd Street Station @ Unloading Only,22nd Street Station @ Bay 3,58322,22nd Street Station,46650,47370,in_service_layover,64.18457843500363,72.05347171033344,44.380558072860026,720,12.0,12:57:30,13:09:30,True,1,,2
2161966,heavy,301.0,44.0,40-ft,RTC,3,SUN,14867364,14867329,340,340,58322,56919,22nd Street Station @ Unloading Only,22nd Street Station @ Bay 7,58322,22nd Street Station,46650,47610,in_service_layover,69.89844085766671,78.53135865397405,48.689656371173385,960,16.0,12:57:30,13:13:30,False,,busy,2
2162341,heavy,410.0,5.0,40-ft,HTC,3,SUN,14873560,14873693,410,410,58322,52230,22nd Street Station @ Unloading Only,22nd Street Station @ Bay 4,58322,22nd Street Station,46770,47070,in_service_layover,40.058914810355276,43.851939804925095,21.392660969373793,300,5.0,12:59:30,13:04:30,False,,busy,2
2160437,heavy,152.0,52.0,40-ft,PCT,3,SUN,14850799,14850754,155,155,58322,52183,22nd Street Station @ Unloading Only,22nd Street Station @ Bay 8,58322,22nd Street Station,46830,47310,in_service_layover,69.61132977809082,74.52706208707433,27.724730222667006,480,8.0,13:00:30,13:08:30,False,,busy,2
2160405,heavy,100.0,4.0,40-ft,HTC,3,SUN,14842410,14842525,100,100,58322,55933,22nd Street Station @ Unloading Only,22nd Street Station @ Bay 6,58322,22nd Street Station,47310,47790,in_service_layover,58.85856555849745,64.90263177571858,34.08853346512717,480,8.0,13:08:30,13:16:30,True,2,,2
2160435,heavy,151.0,63.0,40-ft,PCT,3,SUN,14842752,14842701,101,101,58322,52373,22nd Street Station @ Unloading Only,22nd Street Station @ Bay 5,58322,22nd Street Station,47370,47610,in_service_layover,68.85795159847571,71.50067460479842,14.904957755660064,240,4.0,13:09:30,13:13:30,True,1,,2
2162342,heavy,410.0,9.0,40-ft,HTC,3,SUN,14873614,14873692,410,410,58322,52230,22nd Street Station @ Unloading Only,22nd Street Station @ Bay 4,58322,22nd Street Station,47670,47970,in_service_layover,51.76964764932344,55.66733654285634,21.982965359525565,300,5.0,13:14:30,13:19:30,True,1,,2
2160659,heavy,151.0,52.0,40-ft,PCT,3,SUN,14846663,14846651,128,128,58322,52183,22nd Street Station @ Unloading Only,22nd Street Station @ Bay 8,58322,22nd Street Station,47910,48210,in_service_layover,69.39661975299771,72.61746138053515,18.165546779311228,300,5.0,13:18:30,13:23:30,True,2,,2
2160401,heavy,100.0,6.0,40-ft,HTC,3,SUN,14842405,14842517,100,100,58322,55933,22nd Street Station @ Unloading Only,22nd Street Station @ Bay 6,58322,22nd Street Station,48030,48510,in_service_layover,61.75066793912318,67.51195191550765,32.49364162680837,480,8.0,13:20:30,13:28:30,True,1,,2
2160482,heavy,410.0,1.0,40-ft,HTC,3,SUN,14843777,14843800,104,104,58322,53497,22nd Street Station @ Unloading Only,22nd Street Station @ Bay 3,58322,22nd Street Station,48450,49170,in_service_layover,63.46015541351447,71.44647193165774,45.04282516232803,720,12.0,13:27:30,13:39:30,True,2,,2
2161968,heavy,301.0,42.0,40-ft,RTC,3,SUN,14867365,14867330,340,340,58322,56919,22nd Street Station @ Unloading Only,22nd Street Station @ Bay 7,58322,22nd Street Station,48570,49410,in_service_layover,69.08407387141308,77.05028220111477,44.9294149795175,840,14.0,13:29:30,13:43:30,True,1,,2
2162343,heavy,410.0,4.0,40-ft,HTC,3,SUN,14873600,14873656,410,410,58322,52230,22nd Street Station @ Unloading Only,22nd Street Station @ Bay 4,58322,22nd Street Station,48630,49710,in_service_layover,39.64759269112018,53.51447966572429,78.20924253676716,1080,18.0,13:30:30,13:48:30,False,,busy,2
2160433,heavy,151.0,59.0,40-ft,PCT,3,SUN,14842751,14842700,101,101,58322,52373,22nd Street Station @ Unloading Only,22nd Street Station @ Bay 5,58322,22nd Street Station,49170,49410,in_service_layover,69.31352129236397,71.93034504681914,14.7588859751271,240,4.0,13:39:30,13:43:30,True,2,,2
2160398,heavy,100.0,1.0,40-ft,HTC,3,SUN,14842404,14842516,100,100,58322,55933,22nd Street Station @ Unloading Only,22nd Street Station @ Bay 6,58322,22nd Street Station,49530,50070,in_service_layover,62.7701666744763,69.0661563930479,35.509382012743856,540,9.0,13:45:30,13:54:30,True,1,,2
2160590,heavy,410.0,7.0,40-ft,HTC,3,SUN,14873584,14873690,410,410,58322,52230,22nd Street Station @ Unloading Only,22nd Street Station @ Bay 4,58322,22nd Street Station,49530,50610,in_service_layover,37.73176641792542,51.5358680097603,77.85513297794867,1080,18.0,13:45:30,14:03:30,True,2,,2
2160658,heavy,151.0,53.0,40-ft,PCT,3,SUN,14846662,14846650,128,128,58322,52183,22nd Street Station @ Unloading Only,22nd Street Station @ Bay 8,58322,22nd Street Station,49710,50010,in_service_layover,69.36821021720108,72.59110741608178,18.177140201687166,300,5.0,13:48:30,13:53:30,False,,busy,2
2160402,heavy,100.0,5.0,40-ft,HTC,3,SUN,14842442,14842494,100,100,58322,55933,22nd Street Station @ Unloading Only,22nd Street Station @ Bay 6,58322,22nd Street Station,50250,50790,in_service_layover,61.638540622639724,68.06328873152022,36.23557933408597,540,9.0,13:57:30,14:06:30,True,1,,2
2161967,heavy,301.0,47.0,40-ft,RTC,3,SUN,14867366,14867331,340,340,58322,56919,22nd Street Station @ Unloading Only,22nd Street Station @ Bay 7,58322,22nd Street Station,50370,51090,in_service_layover,68.13724282300659,75.34267791888222,40.63865394073849,720,12.0,13:59:30,14:11:30,False,,busy,2
2160888,heavy,152.0,54.0,40-ft,PCT,3,SUN,14850801,14850756,155,155,58322,52183,22nd Street Station @ Unloading Only,22nd Street Station @ Bay 8,58322,22nd Street Station,50430,50910,in_service_layover,69.35354193130306,74.29941652224532,27.89473269291443,480,8.0,14:00:30,14:08:30,False,,busy,2
2160483,heavy,410.0,8.0,40-ft,HTC,3,SUN,14843776,14843799,104,104,58322,53497,22nd Street Station @ Unloading Only,22nd Street Station @ Bay 3,58322,22nd Street Station,50430,50970,in_service_layover,64.17960559386107,70.31081749578368,34.58003512684354,540,9.0,14:00:30,14:09:30,False,,busy,2
2162345,heavy,410.0,6.0,40-ft,HTC,3,SUN,14873561,14873689,410,410,58322,52230,22nd Street Station @ Unloading Only,22nd Street Station @ Bay 4,58322,22nd Street Station,50430,51510,in_service_layover,32.22346334827854,45.88282671556982,77.03880939152279,1080,18.0,14:00:30,14:18:30,False,,busy,2
2160434,heavy,151.0,58.0,40-ft,PCT,3,SUN,14842750,14842692,101,101,58322,52373,22nd Street Station @ Unloading Only,22nd Street Station @ Bay 5,58322,22nd Street Station,50970,51210,in_service_layover,68.692859026982,71.34484146758933,14.957180965025373,240,4.0,14:09:30,14:13:30,True,2,,2
2160404,heavy,100.0,2.0,40-ft,HTC,3,SUN,14842397,14842526,100,100,58322,55933,22nd Street Station @ Unloading Only,22nd Street Station @ Bay 6,58322,22nd Street Station,51030,51570,in_service_layover,56.30467053074833,63.25627514806785,39.207050041682066,540,9.0,14:10:30,14:19:30,True,1,,2
2162344,heavy,410.0,10.0,40-ft,HTC,3,SUN,14873613,14873637,410,410,58322,52230,22nd Street Station @ Unloading Only,22nd Street Station @ Bay 4,58322,22nd Street Station,51450,52410,in_service_layover,58.2613331657735,69.50644060464352,63.42240595522685,960,16.0,14:17:30,14:33:30,True,2,,2
2160659,heavy,151.0,52.0,40-ft,PCT,3,SUN,14846661,14846649,128,128,58322,52183,22nd Street Station @ Unloading Only,22nd Street Station @ Bay 8,58322,22nd Street Station,51510,51810,in_service_layover,69.52337590108868,72.73502155513731,18.113681488834118,300,5.0,14:18:30,14:23:30,False,,busy,2
2161966,heavy,301.0,44.0,40-ft,RTC,3,SUN,14867367,14867332,340,340,58322,56919,22nd Street Station @ Unloading Only,22nd Street Station @ Bay 7,58322,22nd Street Station,52170,52890,in_service_layover,68.9689110114249,76.02985059288675,39.82369923944486,720,12.0,14:29:30,14:41:30,True,1,,2
2160890,heavy,152.0,57.0,40-ft,PCT,3,SUN,14850802,14850757,155,155,58322,52183,22nd Street Station @ Unloading Only,22nd Street Station @ Bay 8,58322,22nd Street Station,52230,52710,in_service_layover,68.87971436952026,73.88056639119783,28.20480540226157,480,8.0,14:30:30,14:38:30,False,,busy,2
2160482,heavy,410.0,1.0,40-ft,HTC,3,SUN,14843771,14843798,104,104,58322,53497,22nd Street Station @ Unloading Only,22nd Street Station @ Bay 3,58322,22nd Street Station,52410,52770,in_service_layover,63.572605815185376,67.85040906325469,24.126810319110916,360,6.0,14:33:30,14:39:30,True,2,,2
2162346,heavy,410.0,3.0,40-ft,HTC,3,SUN,14873612,14873688,410,410,58322,52230,22nd Street Station @ Unloading Only,22nd Street Station @ Bay 4,58322,22nd Street Station,52410,53370,in_service_layover,33.2288593867281,45.36342539222648,68.43895227101086,960,16.0,14:33:30,14:49:30,False,,busy,2
2160399,heavy,100.0,3.0,40-ft,HTC,3,SUN,14842396,14842490,100,100,58322,55933,22nd Street Station @ Unloading Only,22nd Street Station @ Bay 6,58322,22nd Street Station,52470,53010,in_service_layover,59.168727248046025,65.87242994550815,37.80888321368633,540,9.0,14:34:30,14:43:30,False,,busy,2
2160435,heavy,151.0,63.0,40-ft,PCT,3,SUN,14842749,14842691,101,101,58322,52373,22nd Street Station @ Unloading Only,22nd Street Station @ Bay 5,58322,22nd Street Station,52710,53010,in_service_layover,67.59284333302028,70.94025624795914,18.879408840255223,300,5.0,14:38:30,14:43:30,False,,busy,2
2160406,heavy,100.0,7.0,40-ft,HTC,3,SUN,14842421,14842514,100,100,58322,55933,22nd Street Station @ Unloading Only,22nd Street Station @ Bay 6,58322,22nd Street Station,53130,53610,in_service_layover,65.69974653486386,71.05525760592026,30.205082440758133,480,8.0,14:45:30,14:53:30,True,2,,2
2160658,heavy,151.0,53.0,40-ft,PCT,3,SUN,14846660,14846648,128,128,58322,52183,22nd Street Station @ Unloading Only,22nd Street Station @ Bay 8,58322,22nd Street Station,53310,53610,in_service_layover,69.49895153411903,72.71237209632554,18.123691970844675,300,5.0,14:48:30,14:53:30,True,1,,2
2160591,heavy,410.0,2.0,40-ft,HTC,3,SUN,14873611,14873679,410,410,58322,52230,22nd Street Station @ Unloading Only,22nd Street Station @ Bay 4,58322,22nd Street Station,53310,54270,in_service_layover,29.513938558343238,41.59326634931626,68.12740874108783,960,16.0,14:48:30,15:04:30,False,,busy,2
2160405,heavy,100.0,4.0,40-ft,HTC,3,SUN,14842443,14842496,100,100,58322,55933,22nd Street Station @ Unloading Only,22nd Street Station @ Bay 6,58322,22nd Street Station,53790,54330,in_service_layover,58.13365236242115,64.94258417852478,38.40237544282445,540,9.0,14:56:30,15:05:30,True,1,,2
2161968,heavy,301.0,42.0,40-ft,RTC,3,SUN,14867368,14867333,340,340,58322,56919,22nd Street Station @ Unloading Only,22nd Street Station @ Bay 7,58322,22nd Street Station,53970,54690,in_service_layover,67.48783455856562,74.80491467241137,41.26833184209005,720,12.0,14:59:30,15:11:30,True,2,,2
2160889,heavy,152.0,58.0,40-ft,PCT,3,SUN,14850803,14850758,155,155,58322,52183,22nd Street Station @ Unloading Only,22nd Street Station @ Bay 8,58322,22nd Street Station,54030,54510,in_service_layover,67.35819256873492,72.53184547630582,29.179402398699892,480,8.0,15:00:30,15:08:30,False,,busy,2
2160483,heavy,410.0,8.0,40-ft,HTC,3,SUN,14843770,14843797,104,104,58322,53497,22nd Street Station @ Unloading Only,22nd Street Station @ Bay 3,58322,22nd Street Station,54210,54570,in_service_layover,62.436951379311324,66.7960328417715,24.585219448275495,360,6.0,15:03:30,15:09:30,False,,busy,2
2162341,heavy,410.0,5.0,40-ft,HTC,3,SUN,14873562,14873678,410,410,58322,52230,22nd Street Station @ Unloading Only,22nd Street Station @ Bay 4,58322,22nd Street Station,54210,55170,in_service_layover,28.551648149733776,40.61758248276662,68.05186963830525,960,16.0,15:03:30,15:19:30,False,,busy,2
2160433,heavy,151.0,59.0,40-ft,PCT,3,SUN,14842724,14842721,101,101,58322,52373,22nd Street Station @ Unloading Only,22nd Street Station @ Bay 5,58322,22nd Street Station,54390,54810,in_service_layover,67.96880052914122,72.4970890387877,25.539547194406225,420,7.0,15:06:30,15:13:30,True,1,,2
2160401,heavy,100.0,6.0,40-ft,HTC,3,SUN,14842374,14842532,100,100,58322,55933,22nd Street Station @ Unloading Only,22nd Street Station @ Bay 6,58322,22nd Street Station,54510,55050,in_service_layover,60.490986840659254,67.04308445353108,36.95383053659708,540,9.0,15:08:30,15:17:30,False,,busy,2
2160659,heavy,151.0,52.0,40-ft,PCT,3,SUN,14846659,14846647,128,128,58322,52183,22nd Street Station @ Unloading Only,22nd Street Station @ Bay 8,58322,22nd Street Station,55110,55410,in_service_layover,69.6323078085381,72.83601913533353,18.06893188312614,300,5.0,15:18:30,15:23:30,True,2,,2
2162342,heavy,410.0,9.0,40-ft,HTC,3,SUN,14873610,14873677,410,410,58322,52230,22nd Street Station @ Unloading Only,22nd Street Station @ Bay 4,58322,22nd Street Station,55110,56250,in_service_layover,40.36704488766502,55.05101611843525,82.81759774154412,1140,19.0,15:18:30,15:37:30,True,1,,2
2160400,heavy,100.0,8.0,40-ft,HTC,3,SUN,14842420,14842527,100,100,58322,55933,22nd Street Station @ Unloading Only,22nd Street Station @ Bay 6,58322,22nd Street Station,55230,55770,in_service_layover,67.5109117538251,73.23321477745581,32.2737890532772,540,9.0,15:20:30,15:29:30,False,,busy,2
2161967,heavy,301.0,47.0,40-ft,RTC,3,SUN,14867369,14867334,340,340,58322,56919,22nd Street Station @ Unloading Only,22nd Street Station @ Bay 7,58322,22nd Street Station,55650,56490,in_service_layover,65.78023027633306,74.40896691205539,48.66607462547398,840,14.0,15:27:30,15:41:30,True,2,,2
2160398,heavy,100.0,1.0,40-ft,HTC,3,SUN,14842409,14842473,100,100,58322,55933,22nd Street Station @ Unloading Only,22nd Street Station @ Bay 6,58322,22nd Street Station,56010,56490,in_service_layover,61.707425465770214,67.47293983487552,32.51750104175386,480,8.0,15:33:30,15:41:30,False,,busy,2
2160434,heavy,151.0,58.0,40-ft,PCT,3,SUN,14842748,14842720,101,101,58322,52373,22nd Street Station @ Unloading Only,22nd Street Station @ Bay 5,58322,22nd Street Station,56070,56610,in_service_layover,67.45637861695299,73.18559547498029,32.31278307927403,540,9.0,15:34:30,15:43:30,False,,busy,2
2160630,heavy,106.0,9.0,40-ft,HTC,3,SUN,14873609,14873676,410,410,58322,52230,22nd Street Station @ Unloading Only,22nd Street Station @ Bay 4,58322,22nd Street Station,56070,57150,in_service_layover,50.11931743542687,63.82608697520702,77.30618020436003,1080,18.0,15:34:30,15:52:30,False,,busy,2
2160482,heavy,410.0,1.0,40-ft,HTC,3,SUN,14843769,14843795,104,104,58322,53497,22nd Street Station @ Unloading Only,22nd Street Station @ Bay 3,58322,22nd Street Station,56130,56370,in_service_layover,59.97654294678233,63.05584431133676,17.367259696087046,240,4.0,15:35:30,15:39:30,False,,busy,2
2160402,heavy,100.0,5.0,40-ft,HTC,3,SUN,14842419,14842513,100,100,58322,55933,22nd Street Station @ Unloading Only,22nd Street Station @ Bay 6,58322,22nd Street Station,56670,57210,in_service_layover,60.318695387780465,66.8896328143818,37.06008708603156,540,9.0,15:44:30,15:53:30,True,1,,2
2160658,heavy,151.0,53.0,40-ft,PCT,3,SUN,14846657,14846646,128,128,58322,52183,22nd Street Station @ Unloading Only,22nd Street Station @ Bay 8,58322,22nd Street Station,56790,57210,in_service_layover,69.61132338300942,73.9746230688607,24.609010228201157,420,7.0,15:46:30,15:53:30,True,2,,2
2162343,heavy,410.0,4.0,40-ft,HTC,3,SUN,14873570,14873675,410,410,58322,52230,22nd Street Station @ Unloading Only,22nd Street Station @ Bay 4,58322,22nd Street Station,56970,57990,in_service_layover,38.214188010532965,51.243784519667514,73.48692431151883,1020,17.0,15:49:30,16:06:30,False,,busy,2
2160404,heavy,100.0,2.0,40-ft,HTC,3,SUN,14842444,14842497,100,100,58322,55933,22nd Street Station @ Unloading Only,22nd Street Station @ Bay 6,58322,22nd Street Station,57450,57990,in_service_layover,55.869922735923396,62.84731323317489,39.3524824044984,540,9.0,15:57:30,16:06:30,True,1,,2
2161966,heavy,301.0,44.0,40-ft,RTC,3,SUN,14867370,14867345,340,340,58322,56919,22nd Street Station @ Unloading Only,22nd Street Station @ Bay 7,58322,22nd Street Station,57450,58290,in_service_layover,66.4674029503376,74.9605522389875,47.90136198798547,840,14.0,15:57:30,16:11:30,True,2,,2
2160660,heavy,152.0,55.0,40-ft,PCT,3,SUN,14850805,14850760,155,155,58322,52183,22nd Street Station @ Unloading Only,22nd Street Station @ Bay 8,58322,22nd Street Station,57630,58110,in_service_layover,66.1325972089957,71.44129689654825,29.941066237796406,480,8.0,16:00:30,16:08:30,False,,busy,2
2160483,heavy,410.0,8.0,40-ft,HTC,3,SUN,14843768,14843794,104,104,58322,53497,22nd Street Station @ Unloading Only,22nd Street Station @ Bay 3,58322,22nd Street Station,57930,58170,in_service_layover,58.92216672529915,62.049958679277,17.64074662043504,240,4.0,16:05:30,16:09:30,False,,busy,2
2160435,heavy,151.0,63.0,40-ft,PCT,3,SUN,14842747,14842719,101,101,58322,52373,22nd Street Station @ Unloading Only,22nd Street Station @ Bay 5,58322,22nd Street Station,57930,58410,in_service_layover,67.10180053769743,72.30401121336382,29.340468210758388,480,8.0,16:05:30,16:13:30,False,,busy,2
2160590,heavy,410.0,7.0,40-ft,HTC,3,SUN,14873563,14873674,410,410,58322,52230,22nd Street Station @ Unloading Only,22nd Street Station @ Bay 4,58322,22nd Street Station,57930,58830,in_service_layover,36.23557635456898,47.65315981354317,64.39517070861447,900,15.0,16:05:30,16:20:30,False,,busy,2
2160403,heavy,100.0,9.0,40-ft,HTC,3,SUN,14842406,14842533,100,100,58322,55933,22nd Street Station @ Unloading Only,22nd Street Station @ Bay 6,58322,22nd Street Station,58170,58650,in_service_layover,67.1150612870742,72.31579867384438,29.332158861383903,480,8.0,16:09:30,16:17:30,True,1,,2
2160659,heavy,151.0,52.0,40-ft,PCT,3,SUN,14846686,14846645,128,128,58322,52183,22nd Street Station @ Unloading Only,22nd Street Station @ Bay 8,58322,22nd Street Station,58590,59010,in_service_layover,69.725865643011,74.0774117557899,24.542720076072953,420,7.0,16:16:30,16:23:30,True,2,,2
2162345,heavy,410.0,6.0,40-ft,HTC,3,SUN,14873569,14873647,410,410,58322,52230,22nd Street Station @ Unloading Only,22nd Street Station @ Bay 4,58322,22nd Street Station,58830,59730,in_service_layover,30.582535060378497,41.91331289651066,63.90558699578543,900,15.0,16:20:30,16:35:30,True,1,,2
2160399,heavy,100.0,3.0,40-ft,HTC,3,SUN,14842418,14842528,100,100,58322,55933,22nd Street Station @ Unloading Only,22nd Street Station @ Bay 6,58322,22nd Street Station,58890,59370,in_service_layover,57.95654893823183,64.07626444547279,34.51519546083898,480,8.0,16:21:30,16:29:30,False,,busy,2
2160888,heavy,152.0,54.0,40-ft,PCT,3,SUN,14850806,14850761,155,155,58322,52183,22nd Street Station @ Unloading Only,22nd Street Station @ Bay 8,58322,22nd Street Station,59430,59910,in_service_layover,68.30127598421471,73.36849359151184,28.57910730515573,480,8.0,16:30:30,16:38:30,True,2,,2
2160406,heavy,100.0,7.0,40-ft,HTC,3,SUN,14842437,14842501,100,100,58322,55933,22nd Street Station @ Unloading Only,22nd Street Station @ Bay 6,58322,22nd Street Station,59550,60090,in_service_layover,63.49256376879884,69.70470932475065,35.0365009355682,540,9.0,16:32:30,16:41:30,False,,busy,2
2160433,heavy,151.0,59.0,40-ft,PCT,3,SUN,14842746,14842718,101,101,58322,52373,22nd Street Station @ Unloading Only,22nd Street Station @ Bay 5,58322,22nd Street Station,59670,60210,in_service_layover,67.89877977397583,73.5716965148035,31.995250418268085,540,9.0,16:34:30,16:43:30,False,,busy,2
2162344,heavy,410.0,10.0,40-ft,HTC,3,SUN,14873602,14873673,410,410,58322,52230,22nd Street Station @ Unloading Only,22nd Street Station @ Bay 4,58322,22nd Street Station,59670,60630,in_service_layover,54.206148949452185,66.14848755868964,67.35478975609925,960,16.0,16:34:30,16:50:30,False,,busy,2
2160482,heavy,410.0,1.0,40-ft,HTC,3,SUN,14843767,14843793,104,104,58322,53497,22nd Street Station @ Unloading Only,22nd Street Station @ Bay 3,58322,22nd Street Station,59730,59970,in_service_layover,55.1819781948644,58.3377017065378,17.798280605837988,240,4.0,16:35:30,16:39:30,True,1,,2
2160405,heavy,100.0,4.0,40-ft,HTC,3,SUN,14842417,14842512,100,100,58322,55933,22nd Street Station @ Unloading Only,22nd Street Station @ Bay 6,58322,22nd Street Station,60270,60810,in_service_layover,58.17019230022361,64.9757081984161,38.383109665805705,540,9.0,16:44:30,16:53:30,True,2,,2
2160658,heavy,151.0,53.0,40-ft,PCT,3,SUN,14846685,14846644,128,128,58322,52183,22nd Street Station @ Unloading Only,22nd Street Station @ Bay 8,58322,22nd Street Station,60390,60810,in_service_layover,67.6850834688642,72.2411979196989,25.69648550270773,420,7.0,16:46:30,16:53:30,True,1,,2
2162346,heavy,410.0,3.0,40-ft,HTC,3,SUN,14873568,14873672,410,410,58322,52230,22nd Street Station @ Unloading Only,22nd Street Station @ Bay 4,58322,22nd Street Station,60570,61650,in_service_layover,30.06313373703516,43.68022579669424,76.80039921647722,1080,18.0,16:49:30,17:07:30,False,,busy,2
2160401,heavy,100.0,6.0,40-ft,HTC,3,SUN,14842445,14842468,100,100,58322,55933,22nd Street Station @ Unloading Only,22nd Street Station @ Bay 6,58322,22nd Street Station,60990,61530,in_service_layover,60.06698362315467,66.66531508800873,37.21458946177694,540,9.0,16:56:30,17:05:30,True,1,,2
2160890,heavy,152.0,57.0,40-ft,PCT,3,SUN,14850807,14850763,155,155,58322,52183,22nd Street Station @ Unloading Only,22nd Street Station @ Bay 8,58322,22nd Street Station,61170,61710,in_service_layover,68.5273152912293,74.11941635888138,31.539450021557798,540,9.0,16:59:30,17:08:30,True,2,,2
2160591,heavy,410.0,2.0,40-ft,HTC,3,SUN,14873564,14873671,410,410,58322,52230,22nd Street Station @ Unloading Only,22nd Street Station @ Bay 4,58322,22nd Street Station,61410,62550,in_service_layover,26.292974694124936,40.61265269992329,80.76298395270268,1140,19.0,17:03:30,17:22:30,False,,busy,2
2160434,heavy,151.0,58.0,40-ft,PCT,3,SUN,14842745,14842717,101,101,58322,52373,22nd Street Station @ Unloading Only,22nd Street Station @ Bay 5,58322,22nd Street Station,61470,62010,in_service_layover,68.50947942869468,74.10388673458613,31.552457205227824,540,9.0,17:04:30,17:13:30,False,,busy,2
2160483,heavy,410.0,8.0,40-ft,HTC,3,SUN,14843766,14843792,104,104,58322,53497,22nd Street Station @ Unloading Only,22nd Street Station @ Bay 3,58322,22nd Street Station,61530,61890,in_service_layover,54.17609256280463,58.9090976796534,26.694148859027052,360,6.0,17:05:30,17:11:30,True,1,,2
2160400,heavy,100.0,8.0,40-ft,HTC,3,SUN,14842449,14842534,100,100,58322,55933,22nd Street Station @ Unloading Only,22nd Street Station @ Bay 6,58322,22nd Street Station,61710,62250,in_service_layover,65.62119584247259,71.57881045784183,33.60094643068243,540,9.0,17:08:30,17:17:30,True,2,,2
2160659,heavy,151.0,52.0,40-ft,PCT,3,SUN,14846684,14846643,128,128,58322,52183,22nd Street Station @ Unloading Only,22nd Street Station @ Bay 8,58322,22nd Street Station,62190,62610,in_service_layover,67.78787215579342,72.33392810473656,25.639755552039276,420,7.0,17:16:30,17:23:30,True,1,,2
2162341,heavy,410.0,5.0,40-ft,HTC,3,SUN,14873603,14873670,410,410,58322,52230,22nd Street Station @ Unloading Only,22nd Street Station @ Bay 4,58322,22nd Street Station,62370,63510,in_service_layover,25.3172908275753,39.62097606608384,80.67278474518815,1140,19.0,17:19:30,17:38:30,True,2,,2
2160398,heavy,100.0,1.0,40-ft,HTC,3,SUN,14842416,14842529,100,100,58322,55933,22nd Street Station @ Unloading Only,22nd Street Station @ Bay 6,58322,22nd Street Station,62430,62970,in_service_layover,60.102675000764584,66.6971309863309,37.19273175859399,540,9.0,17:20:30,17:29:30,False,,busy,2
2160889,heavy,152.0,58.0,40-ft,PCT,3,SUN,14850808,14850764,155,155,58322,52183,22nd Street Station @ Unloading Only,22nd Street Station @ Bay 8,58322,22nd Street Station,62970,63510,in_service_layover,67.81640425818544,73.49984067539447,32.054581393058925,540,9.0,17:29:30,17:38:30,True,1,,2
2160402,heavy,100.0,5.0,40-ft,HTC,3,SUN,14842436,14842500,100,100,58322,55933,22nd Street Station @ Unloading Only,22nd Street Station @ Bay 6,58322,22nd Street Station,63150,63690,in_service_layover,59.74291982926746,66.38030631381005,37.43485977282029,540,9.0,17:32:30,17:41:30,False,,busy,2
2160435,heavy,151.0,63.0,40-ft,PCT,3,SUN,14842744,14842716,101,101,58322,52373,22nd Street Station @ Unloading Only,22nd Street Station @ Bay 5,58322,22nd Street Station,63210,63810,in_service_layover,67.72731161964022,73.9669155322282,35.19136606699624,600,10.0,17:33:30,17:43:30,False,,busy,2
2160482,heavy,410.0,1.0,40-ft,HTC,3,SUN,14843765,14843791,104,104,58322,53497,22nd Street Station @ Unloading Only,22nd Street Station @ Bay 3,58322,22nd Street Station,63330,63690,in_service_layover,50.46383559006544,55.125679462143765,26.29279943852174,360,6.0,17:35:30,17:41:30,False,,busy,2
2162342,heavy,410.0,9.0,40-ft,HTC,3,SUN,14873594,14873669,410,410,58322,52230,22nd Street Station @ Unloading Only,22nd Street Station @ Bay 4,58322,22nd Street Station,63330,64410,in_service_layover,39.750724463243934,53.62117356255354,78.22933292010615,1080,18.0,17:35:30,17:53:30,False,,busy,2
2160404,heavy,100.0,2.0,40-ft,HTC,3,SUN,14842403,14842511,100,100,58322,55933,22nd Street Station @ Unloading Only,22nd Street Station @ Bay 6,58322,22nd Street Station,63870,64410,in_service_layover,56.218328749902405,63.17530423838923,39.2373417550657,540,9.0,17:44:30,17:53:30,True,1,,2
2160658,heavy,151.0,53.0,40-ft,PCT,3,SUN,14846683,14846642,128,128,58322,52183,22nd Street Station @ Unloading Only,22nd Street Station @ Bay 8,58322,22nd Street Station,63990,64410,in_service_layover,69.17449951936044,73.5823257476586,24.860139927601722,420,7.0,17:46:30,17:53:30,True,2,,2
2160403,heavy,100.0,9.0,40-ft,HTC,3,SUN,14842446,14842466,100,100,58322,55933,22nd Street Station @ Unloading Only,22nd Street Station @ Bay 6,58322,22nd Street Station,64590,65310,in_service_layover,65.39360001843163,73.0636422490646,43.25903818076995,720,12.0,17:56:30,18:08:30,True,1,,2
2160437,heavy,152.0,52.0,40-ft,PCT,3,SUN,14850809,14850765,155,155,58322,52183,22nd Street Station @ Unloading Only,22nd Street Station @ Bay 8,58322,22nd Street Station,64710,65310,in_service_layover,66.42426567926688,72.84701671657332,36.224315850408345,600,10.0,17:58:30,18:08:30,True,2,,2
2160433,heavy,151.0,59.0,40-ft,PCT,3,SUN,14842743,14842715,101,101,58322,52373,22nd Street Station @ Unloading Only,22nd Street Station @ Bay 5,58322,22nd Street Station,65010,65610,in_service_layover,68.85143727256991,74.92968314540931,34.281306722814236,600,10.0,18:03:30,18:13:30,False,,busy,2
2162343,heavy,410.0,4.0,40-ft,HTC,3,SUN,14873565,14873695,410,410,58322,52230,22nd Street Station @ Unloading Only,22nd Street Station @ Bay 4,58322,22nd Street Station,65070,65490,in_service_layover,35.9434928644762,41.23570107376629,29.848054300396143,420,7.0,18:04:30,18:11:30,False,,busy,2
2160483,heavy,410.0,8.0,40-ft,HTC,3,SUN,14843764,14843789,104,104,58322,53497,22nd Street Station @ Unloading Only,22nd Street Station @ Bay 3,58322,22nd Street Station,65250,65490,in_service_layover,51.03523156318103,54.137180330267654,17.49499104636857,240,4.0,18:07:30,18:11:30,False,,busy,2
2160659,heavy,151.0,52.0,40-ft,PCT,3,SUN,14846682,14846641,128,128,58322,52183,22nd Street Station @ Unloading Only,22nd Street Station @ Bay 8,58322,22nd Street Station,65790,66210,in_service_layover,69.26051251165657,73.65960833324665,24.810900433768097,420,7.0,18:16:30,18:23:30,True,1,,2
2160406,heavy,100.0,7.0,40-ft,HTC,3,SUN,14842402,14842482,100,100,58322,55933,22nd Street Station @ Unloading Only,22nd Street Station @ Bay 6,58322,22nd Street Station,65910,66330,in_service_layover,61.46413661285711,66.58057920990203,28.856736247333345,420,7.0,18:18:30,18:25:30,True,2,,2
2160590,heavy,410.0,7.0,40-ft,HTC,3,SUN,14873591,14873648,410,410,58322,52230,22nd Street Station @ Unloading Only,22nd Street Station @ Bay 4,58322,22nd Street Station,65970,66390,in_service_layover,32.352868158351846,37.62321211518686,29.724739916549453,420,7.0,18:19:30,18:26:30,False,,busy,2
2160660,heavy,152.0,55.0,40-ft,PCT,3,SUN,14850810,14850766,155,155,58322,52183,22nd Street Station @ Unloading Only,22nd Street Station @ Bay 8,58322,22nd Street Station,66510,67110,in_service_layover,67.3958533925415,73.68244158217871,35.45635738955394,600,10.0,18:28:30,18:38:30,True,1,,2
2160405,heavy,100.0,4.0,40-ft,HTC,3,SUN,14842433,14842458,100,100,58322,55933,22nd Street Station @ Unloading Only,22nd Street Station @ Bay 6,58322,22nd Street Station,66690,67170,in_service_layover,58.71250173439972,64.76973201917538,34.16277880613467,480,8.0,18:31:30,18:39:30,True,2,,2
2160434,heavy,151.0,58.0,40-ft,PCT,3,SUN,14842742,14842714,101,101,58322,52373,22nd Street Station @ Unloading Only,22nd Street Station @ Bay 5,58322,22nd Street Station,66810,67410,in_service_layover,69.86365978178762,75.79394634627353,33.44681622370052,600,10.0,18:33:30,18:43:30,False,,busy,2
2162345,heavy,410.0,6.0,40-ft,HTC,3,SUN,14873590,14873664,410,410,58322,52230,22nd Street Station @ Unloading Only,22nd Street Station @ Bay 4,58322,22nd Street Station,66870,67350,in_service_layover,26.613021241319345,32.60034590072083,33.76851107902439,480,8.0,18:34:30,18:42:30,False,,busy,2
2160482,heavy,410.0,1.0,40-ft,HTC,3,SUN,14843763,14843818,104,104,58322,53497,22nd Street Station @ Unloading Only,22nd Street Station @ Bay 3,58322,22nd Street Station,67110,67290,in_service_layover,47.251813345671394,49.544290069576356,12.929568722823944,180,3.0,18:38:30,18:41:30,True,1,,2
2160401,heavy,100.0,6.0,40-ft,HTC,3,SUN,14842401,14842510,100,100,58322,55933,22nd Street Station @ Unloading Only,22nd Street Station @ Bay 6,58322,22nd Street Station,67410,68010,in_service_layover,60.39807387170308,67.61344215164765,40.694677098887325,600,10.0,18:43:30,18:53:30,True,2,,2
2160658,heavy,151.0,53.0,40-ft,PCT,3,SUN,14846681,14846640,128,128,58322,52183,22nd Street Station @ Unloading Only,22nd Street Station @ Bay 8,58322,22nd Street Station,67530,68010,in_service_layover,67.29278614766213,72.47373975318897,29.220578335171354,480,8.0,18:45:30,18:53:30,True,1,,2
2162344,heavy,410.0,10.0,40-ft,HTC,3,SUN,14873589,14873663,410,410,58322,52230,22nd Street Station @ Unloading Only,22nd Street Station @ Bay 4,58322,22nd Street Station,67710,68310,in_service_layover,50.848195903498315,58.68629004934639,44.20685098258315,600,10.0,18:48:30,18:58:30,False,,busy,2
2160400,heavy,100.0,8.0,40-ft,HTC,3,SUN,14842424,14842462,100,100,58322,55933,22nd Street Station @ Unloading Only,22nd Street Station @ Bay 6,58322,22nd Street Station,68130,68970,in_service_layover,64.74649628708983,73.57700759538628,49.80408377879195,840,14.0,18:55:30,19:09:30,True,1,,2
2160888,heavy,152.0,54.0,40-ft,PCT,3,SUN,14850781,14850767,155,155,58322,52183,22nd Street Station @ Unloading Only,22nd Street Station @ Bay 8,58322,22nd Street Station,68310,68910,in_service_layover,68.84583247522403,74.92489025033645,34.28588585163408,600,10.0,18:58:30,19:08:30,True,2,,2
2162346,heavy,410.0,3.0,40-ft,HTC,3,SUN,14873566,14873662,410,410,58322,52230,22nd Street Station @ Unloading Only,22nd Street Station @ Bay 4,58322,22nd Street Station,68670,69210,in_service_layover,28.379934141502915,35.134028910041906,38.093094494559864,540,9.0,19:04:30,19:13:30,False,,busy,2
2160483,heavy,410.0,8.0,40-ft,HTC,3,SUN,14843762,14843790,104,104,58322,53497,22nd Street Station @ Unloading Only,22nd Street Station @ Bay 3,58322,22nd Street Station,68850,69090,in_service_layover,46.26331421379529,49.318538646998725,17.231465803267383,240,4.0,19:07:30,19:11:30,False,,busy,2
2160659,heavy,151.0,52.0,40-ft,PCT,3,SUN,14846680,14846639,128,128,58322,52183,22nd Street Station @ Unloading Only,22nd Street Station @ Bay 8,58322,22nd Street Station,69330,69810,in_service_layover,67.37006873325016,72.54239473053363,29.17191862467871,480,8.0,19:15:30,19:23:30,True,2,,2
2160591,heavy,410.0,2.0,40-ft,HTC,3,SUN,14873567,14873661,410,410,58322,52230,22nd Street Station @ Unloading Only,22nd Street Station @ Bay 4,58322,22nd Street Station,69450,70110,in_service_layover,25.31236104473197,33.549123500271634,46.455340249243704,660,11.0,19:17:30,19:28:30,True,1,,2
2160402,heavy,100.0,5.0,40-ft,HTC,3,SUN,14842435,14842509,100,100,58322,55933,22nd Street Station @ Unloading Only,22nd Street Station @ Bay 6,58322,22nd Street Station,69570,69990,in_service_layover,60.2830010444088,65.49717353482414,29.407932845942582,420,7.0,19:19:30,19:26:30,False,,busy,2
2160404,heavy,100.0,2.0,40-ft,HTC,3,SUN,14842400,14842461,100,100,58322,55933,22nd Street Station @ Unloading Only,22nd Street Station @ Bay 6,58322,22nd Street Station,70290,70950,in_service_layover,57.9584802992818,66.1509204355435,46.20536236851592,660,11.0,19:31:30,19:42:30,True,2,,2
2162341,heavy,410.0,5.0,40-ft,HTC,3,SUN,14873588,14873660,410,410,58322,52230,22nd Street Station @ Unloading Only,22nd Street Station @ Bay 4,58322,22nd Street Station,70350,71010,in_service_layover,24.320684410892518,32.54779743939776,46.40091748076958,660,11.0,19:32:30,19:43:30,True,1,,2
2160482,heavy,410.0,1.0,40-ft,HTC,3,SUN,14843784,14843816,104,104,58322,53497,22nd Street Station @ Unloading Only,22nd Street Station @ Bay 3,58322,22nd Street Station,70590,70890,in_service_layover,41.670423953103985,45.470458162268265,21.43219293968656,300,5.0,19:36:30,19:41:30,False,,busy,2
2162342,heavy,410.0,9.0,40-ft,HTC,3,SUN,14873587,14873633,410,410,58322,52230,22nd Street Station @ Unloading Only,22nd Street Station @ Bay 4,58322,22nd Street Station,71070,71970,in_service_layover,38.32088190736221,49.7835682513494,64.64955098008775,900,15.0,19:44:30,19:59:30,True,2,,2
2160403,heavy,100.0,9.0,40-ft,HTC,3,SUN,14842434,14842470,100,100,58322,55933,22nd Street Station @ Unloading Only,22nd Street Station @ Bay 6,58322,22nd Street Station,71190,71850,in_service_layover,66.60970550239558,73.5502398082515,39.14461348502738,660,11.0,19:46:30,19:57:30,True,1,,2
2162343,heavy,410.0,4.0,40-ft,HTC,3,SUN,14873586,14873699,410,410,58322,52230,22nd Street Station @ Unloading Only,22nd Street Station @ Bay 4,58322,22nd Street Station,71970,73050,in_service_layover,25.935409418574967,39.48684207467487,76.43008018040342,1080,18.0,19:59:30,20:17:30,True,1,,2
2160434,heavy,151.0,58.0,40-ft,PCT,3,SUN,14842739,14842698,101,101,58322,52373,22nd Street Station @ Unloading Only,22nd Street Station @ Bay 5,58322,22nd Street Station,72150,72990,in_service_layover,66.04298767866158,74.62001600641379,48.37443976852251,840,14.0,20:02:30,20:16:30,True,2,,2
2160406,heavy,100.0,7.0,40-ft,HTC,3,SUN,14842415,14842502,100,100,58322,55933,22nd Street Station @ Unloading Only,22nd Street Station @ Bay 6,58322,22nd Street Station,72210,72750,in_service_layover,60.97918893232696,67.47750461258316,36.65050043664496,540,9.0,20:03:30,20:12:30,False,,busy,2
2160483,heavy,410.0,8.0,40-ft,HTC,3,SUN,14843773,14843788,104,104,58322,53497,22nd Street Station @ Unloading Only,22nd Street Station @ Bay 3,58322,22nd Street Station,72390,72690,in_service_layover,41.44467253052636,45.243724840101066,21.426655026001356,300,5.0,20:06:30,20:11:30,False,,busy,2
2160405,heavy,100.0,4.0,40-ft,HTC,3,SUN,14842431,14842469,100,100,58322,55933,22nd Street Station @ Unloading Only,22nd Street Station @ Bay 6,58322,22nd Street Station,72990,73650,in_service_layover,59.04926743088888,67.09886520493525,45.39973144562151,660,11.0,20:16:30,20:27:30,True,2,,2
2160437,heavy,152.0,52.0,40-ft,PCT,3,SUN,14850784,14850770,155,155,58322,52183,22nd Street Station @ Unloading Only,22nd Street Station @ Bay 8,58322,22nd Street Station,73650,74310,in_service_layover,69.21741852591235,75.74752049054248,36.82977508051397,660,11.0,20:27:30,20:38:30,True,1,,2
2160401,heavy,100.0,6.0,40-ft,HTC,3,SUN,14842414,14842454,100,100,58322,55933,22nd Street Station @ Unloading Only,22nd Street Station @ Bay 6,58322,22nd Street Station,73890,74550,in_service_layover,62.32161588513535,69.9006499575082,42.745752168182776,660,11.0,20:31:30,20:42:30,True,2,,2
2160435,heavy,151.0,63.0,40-ft,PCT,3,SUN,14842735,14842697,101,101,58322,52373,22nd Street Station @ Unloading Only,22nd Street Station @ Bay 5,58322,22nd Street Station,73950,74370,in_service_layover,67.09421349139765,71.70764216477768,26.01973771786345,420,7.0,20:32:30,20:39:30,False,,busy,2
2160482,heavy,410.0,1.0,40-ft,HTC,3,SUN,14843785,14843817,104,104,58322,53497,22nd Street Station @ Unloading Only,22nd Street Station @ Bay 3,58322,22nd Street Station,74190,74490,in_service_layover,37.59659204579591,41.37890723537624,21.332257669233087,300,5.0,20:36:30,20:41:30,False,,busy,2
2160658,heavy,151.0,53.0,40-ft,PCT,3,SUN,14846677,14846636,128,128,58322,52183,22nd Street Station @ Unloading Only,22nd Street Station @ Bay 8,58322,22nd Street Station,74670,75210,in_service_layover,68.8159378185091,74.37060226001162,31.32830745007425,540,9.0,20:44:30,20:53:30,True,1,,2
2162344,heavy,410.0,10.0,40-ft,HTC,3,SUN,14873583,14873657,410,410,58322,52230,22nd Street Station @ Unloading Only,22nd Street Station @ Bay 4,58322,22nd Street Station,74670,75570,in_service_layover,43.385998394155074,54.98992835194473,65.44616496193365,900,15.0,20:44:30,20:59:30,True,2,,2
2160400,heavy,100.0,8.0,40-ft,HTC,3,SUN,14842432,14842518,100,100,58322,55933,22nd Street Station @ Unloading Only,22nd Street Station @ Bay 6,58322,22nd Street Station,74790,75450,in_service_layover,67.58666125327001,74.37539188641193,38.28844077092049,660,11.0,20:46:30,20:57:30,False,,busy,2
2161968,heavy,301.0,42.0,40-ft,RTC,3,SUN,14867347,14867323,340,340,58322,56919,22nd Street Station @ Unloading Only,22nd Street Station @ Bay 7,58322,22nd Street Station,75390,76470,in_service_layover,69.63220253674895,79.12371787331878,53.53214649825384,1080,18.0,20:56:30,21:14:30,True,1,,2
2160402,heavy,100.0,5.0,40-ft,HTC,3,SUN,14842413,14842453,100,100,58322,55933,22nd Street Station @ Unloading Only,22nd Street Station @ Bay 6,58322,22nd Street Station,75690,76290,in_service_layover,59.36471599004868,66.71641379578705,41.463575624364466,600,10.0,21:01:30,21:11:30,True,2,,2
2160483,heavy,410.0,8.0,40-ft,HTC,3,SUN,14843772,14843787,104,104,58322,53497,22nd Street Station @ Unloading Only,22nd Street Station @ Bay 3,58322,22nd Street Station,75870,76590,in_service_layover,37.36985872362871,46.48929497709583,51.43362046955457,720,12.0,21:04:30,21:16:30,False,,busy,2
2160659,heavy,151.0,52.0,40-ft,PCT,3,SUN,14846673,14846632,128,128,58322,52183,22nd Street Station @ Unloading Only,22nd Street Station @ Bay 8,58322,22nd Street Station,76470,77010,in_service_layover,69.45164234866672,74.92312783893198,30.85917816509601,540,9.0,21:14:30,21:23:30,True,2,,2
2160404,heavy,100.0,2.0,40-ft,HTC,3,SUN,14842408,14842487,100,100,58322,55933,22nd Street Station @ Unloading Only,22nd Street Station @ Bay 6,58322,22nd Street Station,76590,77190,in_service_layover,59.41368029546281,66.75894745910188,41.42730680292436,600,10.0,21:16:30,21:26:30,True,1,,2
2160437,heavy,152.0,52.0,40-ft,PCT,3,SUN,14850786,14905789,155,155,58322,52183,22nd Street Station @ Unloading Only,22nd Street Station @ Bay 8,58322,22nd Street Station,77190,77910,in_service_layover,68.40633111151288,75.56520180037248,40.37603068516802,720,12.0,21:26:30,21:38:30,True,2,,2
2161967,heavy,301.0,47.0,40-ft,RTC,3,SUN,14867355,14867308,340,340,58322,56919,22nd Street Station @ Unloading Only,22nd Street Station @ Bay 7,58322,22nd Street Station,77190,78330,in_service_layover,69.46630239847548,79.38516633446062,55.94239259895619,1140,19.0,21:26:30,21:45:30,True,1,,2
2160434,heavy,151.0,58.0,40-ft,PCT,3,SUN,14842736,14842695,101,101,58322,52373,22nd Street Station @ Unloading Only,22nd Street Station @ Bay 5,58322,22nd Street Station,77310,77670,in_service_layover,68.07010633597943,71.99547518011565,22.139080280928283,360,6.0,21:28:30,21:34:30,False,,busy,2
2160403,heavy,100.0,9.0,40-ft,HTC,3,SUN,14842378,14842452,100,100,58322,55933,22nd Street Station @ Unloading Only,22nd Street Station @ Bay 6,58322,22nd Street Station,77430,78330,in_service_layover,67.02813783523423,75.87627393406993,49.9034875974333,900,15.0,21:30:30,21:45:30,False,,busy,2
2160658,heavy,151.0,53.0,40-ft,PCT,3,SUN,14846676,14846635,128,128,58322,52183,22nd Street Station @ Unloading Only,22nd Street Station @ Bay 8,58322,22nd Street Station,78210,78810,in_service_layover,68.08106266001515,74.27022443740297,34.906872424467394,600,10.0,21:43:30,21:53:30,True,2,,2
2162342,heavy,410.0,9.0,40-ft,HTC,3,SUN,14873629,14873700,410,410,58322,52230,22nd Street Station @ Unloading Only,22nd Street Station @ Bay 4,58322,22nd Street Station,78210,79170,in_service_layover,34.48327659615808,46.641087832350095,68.57005537212294,960,16.0,21:43:30,21:59:30,False,,busy,2
2160435,heavy,151.0,63.0,40-ft,PCT,3,SUN,14842734,14850772,101,155,58322,52183,22nd Street Station @ Unloading Only,22nd Street Station @ Bay 8,58322,22nd Street Station,78630,79710,in_service_layover,65.99014744497697,76.39850121414884,58.70311525812929,1080,18.0,21:50:30,22:08:30,True,1,,2
2160405,heavy,100.0,4.0,40-ft,HTC,3,SUN,14842425,14842493,100,100,58322,55933,22nd Street Station @ Unloading Only,22nd Street Station @ Bay 6,58322,22nd Street Station,79110,79470,in_service_layover,60.784155392837405,65.26045642880639,25.246337842865046,360,6.0,21:58:30,22:04:30,True,2,,2
2162343,heavy,410.0,4.0,40-ft,HTC,3,SUN,14873628,14873665,410,410,58322,52230,22nd Street Station @ Unloading Only,22nd Street Station @ Bay 4,58322,22nd Street Station,79230,80370,in_service_layover,24.186550419483545,38.47148470330959,80.56702936077892,1140,19.0,22:00:30,22:19:30,False,,busy,2
2160483,heavy,410.0,8.0,40-ft,HTC,3,SUN,14843761,14843810,104,104,58322,53497,22nd Street Station @ Unloading Only,22nd Street Station @ Bay 3,58322,22nd Street Station,79650,80850,in_service_layover,38.61542886062346,54.0380264606998,86.98345046443052,1200,20.0,22:07:30,22:27:30,True,2,,2
2160888,heavy,152.0,54.0,40-ft,PCT,3,SUN,14903101,14903099,128,128,58322,52183,22nd Street Station @ Unloading Only,22nd Street Station @ Bay 8,58322,22nd Street Station,80010,80610,in_service_layover,67.34954334196271,73.6426748886223,35.49326192316005,600,10.0,22:13:30,22:23:30,True,1,,2
2160401,heavy,100.0,6.0,40-ft,HTC,3,SUN,14842426,14842457,100,100,58322,55933,22nd Street Station @ Unloading Only,22nd Street Station @ Bay 6,58322,22nd Street Station,80070,80490,in_service_layover,63.35122807676362,68.30775170302323,27.954793252104196,420,7.0,22:14:30,22:21:30,False,,busy,2
2161968,heavy,301.0,42.0,40-ft,RTC,3,SUN,14867356,14867324,340,340,58322,56919,22nd Street Station @ Unloading Only,22nd Street Station @ Bay 7,58322,22nd Street Station,80670,81030,in_service_layover,69.56127023076964,73.35879278225237,21.418027190362636,360,6.0,22:24:30,22:30:30,True,1,,2
2160659,heavy,151.0,52.0,40-ft,PCT,3,SUN,14850787,14905790,155,155,58322,52183,22nd Street Station @ Unloading Only,22nd Street Station @ Bay 8,58322,22nd Street Station,80790,81510,in_service_layover,68.15137070783615,75.35436505665338,40.6248881273292,720,12.0,22:26:30,22:38:30,False,,busy,2
2162344,heavy,410.0,10.0,40-ft,HTC,3,SUN,14873627,14873668,410,410,58322,52230,22nd Street Station @ Unloading Only,22nd Street Station @ Bay 4,58322,22nd Street Station,81630,81990,in_service_layover,39.689636696753404,44.242353476663396,25.677322638692317,360,6.0,22:40:30,22:46:30,True,2,,2
2160402,heavy,100.0,5.0,40-ft,HTC,3,SUN,14842447,14842477,100,100,58322,55933,22nd Street Station @ Unloading Only,22nd Street Station @ Bay 6,58322,22nd Street Station,81870,82410,in_service_layover,62.95570018950879,69.23027877560594,35.388623225587935,540,9.0,22:44:30,22:53:30,True,1,,2
2160658,heavy,151.0,53.0,40-ft,PCT,3,SUN,14846675,14846634,128,128,58322,52183,22nd Street Station @ Unloading Only,22nd Street Station @ Bay 8,58322,22nd Street Station,81930,82410,in_service_layover,67.98068483740649,73.08432985753372,28.784557913517517,480,8.0,22:45:30,22:53:30,False,,busy,2
2160435,heavy,151.0,63.0,40-ft,PCT,3,SUN,14905793,14850775,155,155,58322,52183,22nd Street Station @ Unloading Only,22nd Street Station @ Bay 8,58322,22nd Street Station,82590,83310,in_service_layover,69.05731183511922,76.10279338443561,39.73651593814435,720,12.0,22:56:30,23:08:30,True,2,,2
2160403,heavy,100.0,9.0,40-ft,HTC,3,SUN,14842373,14842491,100,100,58322,55933,22nd Street Station @ Unloading Only,22nd Street Station @ Bay 6,58322,22nd Street Station,83670,84270,in_service_layover,68.3158168873953,74.47133459580945,34.717119875455865,600,10.0,23:14:30,23:24:30,True,1,,2
2160888,heavy,152.0,54.0,40-ft,PCT,3,SUN,14903102,14903100,128,128,58322,52183,22nd Street Station @ Unloading Only,22nd Street Station @ Bay 8,58322,22nd Street Station,83790,84210,in_service_layover,67.35313528862582,71.94155428580109,25.878683144068532,420,7.0,23:16:30,23:23:30,True,2,,2
2160483,heavy,410.0,8.0,40-ft,HTC,3,SUN,14843760,14843809,104,104,58322,53497,22nd Street Station @ Unloading Only,22nd Street Station @ Bay 3,58322,22nd Street Station,83910,84690,in_service_layover,46.16416034422743,56.26261206847073,56.95526772473221,780,13.0,23:18:30,23:31:30,False,,busy,2
2160659,heavy,151.0,52.0,40-ft,PCT,3,SUN,14850790,14905791,155,155,58322,52183,22nd Street Station @ Unloading Only,22nd Street Station @ Bay 8,58322,22nd Street Station,84390,85110,in_service_layover,68.01317567762378,75.24002005834264,40.75940230725439,720,12.0,23:26:30,23:38:30,True,2,,2
2160434,heavy,151.0,58.0,40-ft,PCT,3,SUN,14842732,14846633,101,128,58322,52183,22nd Street Station @ Unloading Only,22nd Street Station @ Bay 8,58322,22nd Street Station,85770,86010,in_service_layover,52.493557844891725,55.61441809374673,17.601651803542268,240,4.0,23:49:30,23:53:30,True,1,,2
2160401,heavy,100.0,6.0,40-ft,HTC,3,SUN,14842411,14842508,100,100,58322,55933,22nd Street Station @ Unloading Only,22nd Street Station @ Bay 6,58322,22nd Street Station,85770,86250,in_service_layover,61.209400298258764,67.02330707346871,32.79043421218415,480,8.0,23:49:30,23:57:30,True,2,,2
2162343,heavy,410.0,4.0,40-ft,HTC,3,SUN,14873623,14873666,410,410,58322,52230,22nd Street Station @ Unloading Only,22nd Street Station @ Bay 4,58322,22nd Street Station,86190,86790,in_service_layover,23.171193048118273,30.634894082025017,42.09527383123401,600,10.0,23:56:30,24:06:30,True,1,,2
2160402,heavy,100.0,5.0,40-ft,HTC,3,SUN,14842429,14842507,100,100,58322,55933,22nd Street Station @ Unloading Only,22nd Street Station @ Bay 6,58322,22nd Street Station,87570,88050,in_service_layover,61.50372408143993,67.28910570165293,32.62955233800136,480,8.0,24:19:30,24:27:30,True,2,,2
2160483,heavy,410.0,8.0,40-ft,HTC,3,SUN,14843759,14843808,104,104,58322,53497,22nd Street Station @ Unloading Only,22nd Street Station @ Bay 3,58322,22nd Street Station,87750,88530,in_service_layover,48.38874595199837,58.53089796429298,57.20173734934161,780,13.0,24:22:30,24:35:30,True,1,,2
2160403,heavy,100.0,9.0,40-ft,HTC,3,SUN,14842428,14842506,100,100,58322,55933,22nd Street Station @ Unloading Only,22nd Street Station @ Bay 6,58322,22nd Street Station,89310,89850,in_service_layover,67.2785668653234,73.03027615319915,32.439640383619235,540,9.0,24:48:30,24:57:30,True,2,,2
2160658,heavy,151.0,53.0,40-ft,PCT,3,SUN,14842731,14842713,101,101,58322,52373,22nd Street Station @ Unloading Only,22nd Street Station @ Bay 5,58322,22nd Street Station,89670,89850,in_service_layover,60.03468046560606,62.36323789590372,13.13306390687876,180,3.0,24:54:30,24:57:30,True,1,,2
2160437,heavy,152.0,52.0,40-ft,PCT,3,SUN,14852021,14851983,169,169,58079,58079,Braid Station @ Bay 1,Braid Station @ Bay 1,58079,Braid Station,31770,32010,in_service_layover,67.98657638597709,70.67741355327294,15.176321623548574,240,4.0,08:49:30,08:53:30,False,,no_dispenser,0
2160660,heavy,152.0,55.0,40-ft,PCT,3,SUN,14850776,14851984,155,169,58086,58079,Braid Station @ Bay 6,Braid Station @ Bay 1,58086,Braid Station,32610,33810,in_service_layover,69.38735835782153,79.70456766236963,58.18906047765131,1200,20.0,09:03:30,09:23:30,False,,no_dispenser,0
2160911,heavy,151.0,54.0,40-ft,PCT,3,SUN,14851393,14851366,159,159,58079,58083,Braid Station @ Bay 1,Braid Station @ Bay 3,58079,Braid Station,34890,35910,in_service_layover,69.7183252034572,78.79511358323683,51.19308646195714,1020,17.0,09:41:30,09:58:30,False,,no_dispenser,0
2160890,heavy,152.0,57.0,40-ft,PCT,3,SUN,14850762,14851986,155,169,58086,58079,Braid Station @ Bay 6,Braid Station @ Bay 1,58086,Braid Station,36210,37410,in_service_layover,67.69612906345084,78.45974902719718,60.70681659552935,1200,20.0,10:03:30,10:23:30,False,,no_dispenser,0
2160658,heavy,151.0,53.0,40-ft,PCT,3,SUN,14846629,14846668,128,128,58086,58086,Braid Station @ Bay 6,Braid Station @ Bay 6,58086,Braid Station,36990,37410,in_service_layover,68.74777884248397,73.19864828063793,25.102903631188326,420,7.0,10:16:30,10:23:30,False,,no_dispenser,0
2160892,heavy,152.0,62.0,40-ft,PCT,3,SUN,14850955,14850982,156,156,58079,58085,Braid Station @ Bay 1,Braid Station @ Bay 5,58079,Braid Station,39210,40410,in_service_layover,65.79359491924743,77.07202323054331,63.61033567570877,1200,20.0,10:53:30,11:13:30,False,,no_dispenser,0
2160437,heavy,152.0,52.0,40-ft,PCT,3,SUN,14850779,14851988,155,169,58086,58079,Braid Station @ Bay 6,Braid Station @ Bay 1,58086,Braid Station,39810,41010,in_service_layover,69.93753006703199,80.11179054212124,57.38282907950344,1200,20.0,11:03:30,11:23:30,False,,no_dispenser,0
2160911,heavy,151.0,54.0,40-ft,PCT,3,SUN,14851395,14851368,159,159,58079,58083,Braid Station @ Bay 1,Braid Station @ Bay 3,58079,Braid Station,42210,43110,in_service_layover,65.73341498293357,74.85696256446361,51.45680835982944,900,15.0,11:43:30,11:58:30,False,,no_dispenser,0
2160659,heavy,151.0,52.0,40-ft,PCT,3,SUN,14846655,14846665,128,128,58086,58086,Braid Station @ Bay 6,Braid Station @ Bay 6,58086,Braid Station,42450,42810,in_service_layover,68.0941331728938,72.01748546368995,22.127706920090304,360,6.0,11:47:30,11:53:30,False,,no_dispenser,0
2160893,heavy,152.0,63.0,40-ft,PCT,3,SUN,14850956,14850983,156,156,58079,58085,Braid Station @ Bay 1,Braid Station @ Bay 5,58079,Braid Station,42930,44010,in_service_layover,65.79359491924743,76.25223295263072,58.9867185082818,1080,18.0,11:55:30,12:13:30,False,,no_dispenser,0
2160888,heavy,152.0,54.0,40-ft,PCT,3,SUN,14850780,14851990,155,169,58086,58079,Braid Station @ Bay 6,Braid Station @ Bay 1,58086,Braid Station,43410,44610,in_service_layover,69.58942681705982,79.85400269533346,57.89220795346341,1200,20.0,12:03:30,12:23:30,False,,no_dispenser,0
2160658,heavy,151.0,53.0,40-ft,PCT,3,SUN,14846654,14846658,128,128,58086,58086,Braid Station @ Bay 6,Braid Station @ Bay 6,58086,Braid Station,44310,44610,in_service_layover,69.4139456415684,72.63353239551144,18.15846929223875,300,5.0,12:18:30,12:23:30,False,,no_dispenser,0
2160436,heavy,151.0,55.0,40-ft,PCT,3,SUN,14851407,14851369,159,159,58079,58083,Braid Station @ Bay 1,Braid Station @ Bay 3,58079,Braid Station,45810,46710,in_service_layover,66.63178758535247,75.56467260591705,50.38147151598429,900,15.0,12:43:30,12:58:30,False,,no_dispenser,0
2160659,heavy,151.0,52.0,40-ft,PCT,3,SUN,14846653,14846663,128,128,58086,58086,Braid Station @ Bay 6,Braid Station @ Bay 6,58086,Braid Station,46110,46410,in_service_layover,69.60849732476822,72.81394560170322,18.078728281913413,300,5.0,12:48:30,12:53:30,False,,no_dispenser,0
2160660,heavy,152.0,55.0,40-ft,PCT,3,SUN,14852028,14850800,169,155,58079,58086,Braid Station @ Bay 1,Braid Station @ Bay 6,58079,Braid Station,46410,47010,in_service_layover,68.0069490932643,74.20670490431645,34.96662277433421,600,10.0,12:53:30,13:03:30,False,,no_dispenser,0
2160892,heavy,152.0,62.0,40-ft,PCT,3,SUN,14850957,14850984,156,156,58079,58085,Braid Station @ Bay 1,Braid Station @ Bay 5,58079,Braid Station,46590,47610,in_service_layover,66.13707041293961,76.08130939733509,56.0855078719905,1020,17.0,12:56:30,13:13:30,False,,no_dispenser,0
2160889,heavy,152.0,58.0,40-ft,PCT,3,SUN,14850753,14851992,155,169,58086,58079,Braid Station @ Bay 6,Braid Station @ Bay 1,58086,Braid Station,47190,48210,in_service_layover,68.4865908661565,77.85865333276536,52.85843231167394,1020,17.0,13:06:30,13:23:30,False,,no_dispenser,0
2160658,heavy,151.0,53.0,40-ft,PCT,3,SUN,14846652,14846662,128,128,58086,58086,Braid Station @ Bay 6,Braid Station @ Bay 6,58086,Braid Station,47910,48210,in_service_layover,69.57785468384597,72.7855360659066,18.091322994821894,300,5.0,13:18:30,13:23:30,False,,no_dispenser,0
2160911,heavy,151.0,54.0,40-ft,PCT,3,SUN,14851396,14851370,159,159,58079,58083,Braid Station @ Bay 1,Braid Station @ Bay 3,58079,Braid Station,49650,50310,in_service_layover,68.47900125763347,75.12702395165158,37.494847994262216,660,11.0,13:47:30,13:58:30,False,,no_dispenser,0
2160659,heavy,151.0,52.0,40-ft,PCT,3,SUN,14846651,14846661,128,128,58086,58086,Braid Station @ Bay 6,Braid Station @ Bay 6,58086,Braid Station,49710,50010,in_service_layover,69.7452476292442,72.94070174979421,18.022361239902125,300,5.0,13:48:30,13:53:30,False,,no_dispenser,0
2160890,heavy,152.0,57.0,40-ft,PCT,3,SUN,14852029,14850802,169,155,58079,58086,Braid Station @ Bay 1,Braid Station @ Bay 6,58079,Braid Station,50010,50610,in_service_layover,66.34558139725453,72.77925774932513,36.28593462567807,600,10.0,13:53:30,14:03:30,False,,no_dispenser,0
2160893,heavy,152.0,63.0,40-ft,PCT,3,SUN,14850958,14850985,156,156,58079,58085,Braid Station @ Bay 1,Braid Station @ Bay 5,58079,Braid Station,50190,51210,in_service_layover,65.31728013502702,75.45880975777396,57.198227072292696,1020,17.0,13:56:30,14:13:30,False,,no_dispenser,0
2160660,heavy,152.0,55.0,40-ft,PCT,3,SUN,14850755,14851994,155,169,58086,58079,Braid Station @ Bay 6,Braid Station @ Bay 1,58086,Braid Station,50790,51810,in_service_layover,66.86551552528685,76.63305797302613,55.088939405249505,1020,17.0,14:06:30,14:23:30,False,,no_dispenser,0
2160910,heavy,151.0,67.0,40-ft,PCT,3,SUN,14851410,14851386,159,159,58079,58083,Braid Station @ Bay 1,Braid Station @ Bay 3,58079,Braid Station,51450,52110,in_service_layover,69.7183252034572,76.16767128712829,36.3743119119049,660,11.0,14:17:30,14:28:30,False,,no_dispenser,0
2160658,heavy,151.0,53.0,40-ft,PCT,3,SUN,14846650,14846660,128,128,58086,58086,Braid Station @ Bay 6,Braid Station @ Bay 6,58086,Braid Station,51510,51810,in_service_layover,69.71889366479081,72.91627738282456,18.033244169710315,300,5.0,14:18:30,14:23:30,False,,no_dispenser,0
2160436,heavy,151.0,55.0,40-ft,PCT,3,SUN,14851397,14851371,159,159,58079,58083,Braid Station @ Bay 1,Braid Station @ Bay 3,58079,Braid Station,53250,53910,in_service_layover,69.07411424987995,75.6272065953413,36.95944082840208,660,11.0,14:47:30,14:58:30,False,,no_dispenser,0
2160659,heavy,151.0,52.0,40-ft,PCT,3,SUN,14846649,14846659,128,128,58086,58086,Braid Station @ Bay 6,Braid Station @ Bay 6,58086,Braid Station,53310,53610,in_service_layover,69.86280780384634,73.04963365724363,17.973697813160754,300,5.0,14:48:30,14:53:30,False,,no_dispenser,0
2160437,heavy,152.0,52.0,40-ft,PCT,3,SUN,14852031,14850804,169,155,58079,58086,Braid Station @ Bay 1,Braid Station @ Bay 6,58079,Braid Station,53610,54210,in_service_layover,68.45730265552848,74.5924766141833,34.60238112681316,600,10.0,14:53:30,15:03:30,False,,no_dispenser,0
2160892,heavy,152.0,62.0,40-ft,PCT,3,SUN,14850959,14850986,156,156,58079,58085,Braid Station @ Bay 1,Braid Station @ Bay 5,58079,Braid Station,53790,54810,in_service_layover,65.14635657973139,75.32881203514823,57.42904876855101,1020,17.0,14:56:30,15:13:30,False,,no_dispenser,0
2160909,heavy,151.0,66.0,40-ft,PCT,3,SUN,14851411,14851387,159,159,58079,58083,Braid Station @ Bay 1,Braid Station @ Bay 3,58079,Braid Station,55050,55710,in_service_layover,67.68455493014655,74.45794575526882,38.20192425368964,660,11.0,15:17:30,15:28:30,False,,no_dispenser,0
2160658,heavy,151.0,53.0,40-ft,PCT,3,SUN,14846648,14846657,128,128,58086,58086,Braid Station @ Bay 6,Braid Station @ Bay 6,58086,Braid Station,55110,55410,in_service_layover,69.84015834503458,73.02864923171494,17.983088600877238,300,5.0,15:18:30,15:23:30,False,,no_dispenser,0
2164985,heavy,152.0,71.0,40-ft,PCT,3,SUN,14905020,14905027,156,156,58079,58085,Braid Station @ Bay 1,Braid Station @ Bay 5,58079,Braid Station,55590,56610,in_service_layover,65.79359491924743,75.82069851551434,56.55286428294539,1020,17.0,15:26:30,15:43:30,False,,no_dispenser,0
2160889,heavy,152.0,58.0,40-ft,PCT,3,SUN,14850758,14851997,155,169,58086,58079,Braid Station @ Bay 6,Braid Station @ Bay 1,58086,Braid Station,56190,57210,in_service_layover,69.0901994770811,78.31686502221586,52.0383936745601,1020,17.0,15:36:30,15:53:30,False,,no_dispenser,0
2160911,heavy,151.0,54.0,40-ft,PCT,3,SUN,14851398,14851372,159,159,58079,58083,Braid Station @ Bay 1,Braid Station @ Bay 3,58079,Braid Station,56850,57510,in_service_layover,69.20382161855785,75.73610790846261,36.84209467506281,660,11.0,15:47:30,15:58:30,False,,no_dispenser,0
2160659,heavy,151.0,52.0,40-ft,PCT,3,SUN,14846647,14846686,128,128,58086,58086,Braid Station @ Bay 6,Braid Station @ Bay 6,58086,Braid Station,56910,57210,in_service_layover,69.96380538404256,73.14319149171654,17.93173764728118,300,5.0,15:48:30,15:53:30,False,,no_dispenser,0
2160888,heavy,152.0,54.0,40-ft,PCT,3,SUN,14852033,14850806,169,155,58079,58086,Braid Station @ Bay 1,Braid Station @ Bay 6,58079,Braid Station,57330,57810,in_service_layover,66.98573479467895,72.20081936401958,29.41307697108124,480,8.0,15:55:30,16:03:30,False,,no_dispenser,0
2160437,heavy,152.0,52.0,40-ft,PCT,3,SUN,14850759,14851998,155,169,58086,58079,Braid Station @ Bay 6,Braid Station @ Bay 1,58086,Braid Station,57990,59010,in_service_layover,67.2512872351537,76.9247264432973,54.55819713392992,1020,17.0,16:06:30,16:23:30,False,,no_dispenser,0
2160910,heavy,151.0,67.0,40-ft,PCT,3,SUN,14851412,14851388,159,159,58079,58083,Braid Station @ Bay 1,Braid Station @ Bay 3,58079,Braid Station,58650,59310,in_service_layover,69.58020227542849,76.05187792868284,36.50025068435457,660,11.0,16:17:30,16:28:30,False,,no_dispenser,0
2160890,heavy,152.0,57.0,40-ft,PCT,3,SUN,14852034,14850807,169,155,58079,58086,Braid Station @ Bay 1,Braid Station @ Bay 6,58079,Braid Station,59070,59610,in_service_layover,66.58860980478283,72.42685867103418,32.92772360565755,540,9.0,16:24:30,16:33:30,False,,no_dispenser,0
2160660,heavy,152.0,55.0,40-ft,PCT,3,SUN,14850760,14851999,155,169,58086,58079,Braid Station @ Bay 6,Braid Station @ Bay 1,58086,Braid Station,59730,60810,in_service_layover,67.99965089732353,77.89631415657192,55.817180782160904,1080,18.0,16:35:30,16:53:30,False,,no_dispenser,0
2160436,heavy,151.0,55.0,40-ft,PCT,3,SUN,14851399,14851373,159,159,58079,58083,Braid Station @ Bay 1,Braid Station @ Bay 3,58079,Braid Station,60450,61110,in_service_layover,69.61682965059464,76.08258874143478,36.46688127233841,660,11.0,16:47:30,16:58:30,False,,no_dispenser,0
2160888,heavy,152.0,54.0,40-ft,PCT,3,SUN,14850761,14852000,155,169,58086,58079,Braid Station @ Bay 6,Braid Station @ Bay 1,58086,Braid Station,61530,62610,in_service_layover,69.9268475922871,79.34629323925445,53.12567344889584,1080,18.0,17:05:30,17:23:30,False,,no_dispenser,0
2160909,heavy,151.0,66.0,40-ft,PCT,3,SUN,14851413,14851389,159,159,58079,58083,Braid Station @ Bay 1,Braid Station @ Bay 3,58079,Braid Station,62130,62910,in_service_layover,68.65039081644242,76.24485070911051,42.832753794648056,780,13.0,17:15:30,17:28:30,False,,no_dispenser,0
2160658,heavy,151.0,53.0,40-ft,PCT,3,SUN,14846644,14846683,128,128,58086,58086,Braid Station @ Bay 6,Braid Station @ Bay 6,58086,Braid Station,62310,62610,in_service_layover,69.36898416840795,72.59182536806595,18.176824366071173,300,5.0,17:18:30,17:23:30,False,,no_dispenser,0
2164985,heavy,152.0,71.0,40-ft,PCT,3,SUN,14905022,14905029,156,156,58079,58085,Braid Station @ Bay 1,Braid Station @ Bay 5,58079,Braid Station,62670,63810,in_service_layover,64.88574569791064,76.0026331960763,62.69924548965429,1140,19.0,17:24:30,17:43:30,False,,no_dispenser,0
2160911,heavy,151.0,54.0,40-ft,PCT,3,SUN,14851400,14851374,159,159,58079,58083,Braid Station @ Bay 1,Braid Station @ Bay 3,58079,Braid Station,63930,64710,in_service_layover,69.70667088889884,77.10037671338775,41.700500850117464,780,13.0,17:45:30,17:58:30,False,,no_dispenser,0
2160659,heavy,151.0,52.0,40-ft,PCT,3,SUN,14846643,14846682,128,128,58086,58086,Braid Station @ Bay 6,Braid Station @ Bay 6,58086,Braid Station,64110,64410,in_service_layover,69.46171435344559,72.67783836036207,18.13893939900902,300,5.0,17:48:30,17:53:30,False,,no_dispenser,0
2160437,heavy,152.0,52.0,40-ft,PCT,3,SUN,14850765,14852003,155,169,58086,58079,Braid Station @ Bay 6,Braid Station @ Bay 1,58086,Braid Station,66810,68010,in_service_layover,69.40537071734859,79.71787928994279,58.16254834943123,1200,20.0,18:33:30,18:53:30,False,,no_dispenser,0
2160436,heavy,151.0,55.0,40-ft,PCT,3,SUN,14851401,14851375,159,159,58079,58083,Braid Station @ Bay 1,Braid Station @ Bay 3,58079,Braid Station,67470,68310,in_service_layover,69.99231012756762,77.77167780065342,43.87563367620402,840,14.0,18:44:30,18:58:30,False,,no_dispenser,0
2160890,heavy,152.0,57.0,40-ft,PCT,3,SUN,14852039,14850782,169,155,58079,58086,Braid Station @ Bay 1,Braid Station @ Bay 6,58079,Braid Station,68010,68610,in_service_layover,68.69046440491948,74.79200677249793,34.41269895314247,600,10.0,18:53:30,19:03:30,False,,no_dispenser,0
2160658,heavy,151.0,53.0,40-ft,PCT,3,SUN,14846640,14846679,128,128,58086,58086,Braid Station @ Bay 6,Braid Station @ Bay 6,58086,Braid Station,69390,69810,in_service_layover,69.601526001898,73.96582933532517,24.61467080052921,420,7.0,19:16:30,19:23:30,False,,no_dispenser,0
2160889,heavy,152.0,58.0,40-ft,PCT,3,SUN,14852040,14850783,169,155,58079,58086,Braid Station @ Bay 1,Braid Station @ Bay 6,58079,Braid Station,69810,70410,in_service_layover,68.13006076419498,74.31221206464474,34.86733333453668,600,10.0,19:23:30,19:33:30,False,,no_dispenser,0
2160911,heavy,151.0,54.0,40-ft,PCT,3,SUN,14851402,14851376,159,159,58079,58083,Braid Station @ Bay 1,Braid Station @ Bay 3,58079,Braid Station,70950,71910,in_service_layover,64.03867811308447,74.00941649117865,56.23496445245115,960,16.0,19:42:30,19:58:30,False,,no_dispenser,0
2160659,heavy,151.0,52.0,40-ft,PCT,3,SUN,14846639,14846678,128,128,58086,58086,Braid Station @ Bay 6,Braid Station @ Bay 6,58086,Braid Station,71190,71610,in_service_layover,69.67018097924267,74.02744524602308,24.574970464641467,420,7.0,19:46:30,19:53:30,False,,no_dispenser,0
2160890,heavy,152.0,57.0,40-ft,PCT,3,SUN,14850768,14852006,155,169,58086,58079,Braid Station @ Bay 6,Braid Station @ Bay 1,58086,Braid Station,72210,73410,in_service_layover,67.45081739346834,78.28006625091281,61.076963555986765,1200,20.0,20:03:30,20:23:30,False,,no_dispenser,0
2160658,heavy,151.0,53.0,40-ft,PCT,3,SUN,14846638,14846677,128,128,58086,58086,Braid Station @ Bay 6,Braid Station @ Bay 6,58086,Braid Station,72990,73410,in_service_layover,67.67628973532868,72.23326366721462,25.701332975836692,420,7.0,20:16:30,20:23:30,False,,no_dispenser,0
2160660,heavy,152.0,55.0,40-ft,PCT,3,SUN,14852042,14850785,169,155,58079,58086,Braid Station @ Bay 1,Braid Station @ Bay 6,58079,Braid Station,73230,74010,in_service_layover,67.68148130129052,75.45767304576222,43.85772143882036,780,13.0,20:20:30,20:33:30,False,,no_dispenser,0
2160436,heavy,151.0,55.0,40-ft,PCT,3,SUN,14851403,14851377,159,159,58079,58083,Braid Station @ Bay 1,Braid Station @ Bay 3,58079,Braid Station,74490,75510,in_service_layover,64.70997920035018,74.99659441007104,58.016509782825665,1020,17.0,20:41:30,20:58:30,False,,no_dispenser,0
2160659,heavy,151.0,52.0,40-ft,PCT,3,SUN,14846637,14846673,128,128,58086,58086,Braid Station @ Bay 6,Braid Station @ Bay 6,58086,Braid Station,74730,75210,in_service_layover,67.73790564602659,72.86896819737224,28.939192789589526,480,8.0,20:45:30,20:53:30,False,,no_dispenser,0
2160660,heavy,152.0,55.0,40-ft,PCT,3,SUN,14850771,14905792,155,155,58086,58086,Braid Station @ Bay 6,Braid Station @ Bay 6,58086,Braid Station,77430,77610,in_service_layover,68.1164836667326,70.15482453615604,11.496242503548103,180,3.0,21:30:30,21:33:30,False,,no_dispenser,0
2160890,heavy,152.0,57.0,40-ft,PCT,3,SUN,14852048,14852012,169,169,58079,58079,Braid Station @ Bay 1,Braid Station @ Bay 1,58079,Braid Station,83850,84030,in_service_layover,68.12755326743596,70.16545459697339,11.493763498591079,180,3.0,23:17:30,23:20:30,False,,no_dispenser,0
2160893,heavy,152.0,63.0,40-ft,PCT,3,SUN,14851405,14850972,159,156,58079,58085,Braid Station @ Bay 1,Braid Station @ Bay 5,58079,Braid Station,85170,85710,in_service_layover,68.92490252903465,74.4653800684225,31.248293322147447,540,9.0,23:39:30,23:48:30,False,,no_dispenser,0
2160888,heavy,152.0,54.0,40-ft,PCT,3,SUN,14903100,14903103,128,128,58086,58086,Braid Station @ Bay 6,Braid Station @ Bay 6,58086,Braid Station,85470,86190,in_service_layover,69.06934053451013,76.1127164826817,39.72464034768774,720,12.0,23:44:30,23:56:30,False,,no_dispenser,0
2160435,heavy,151.0,63.0,40-ft,PCT,3,SUN,14850774,14846672,155,128,58086,58086,Braid Station @ Bay 6,Braid Station @ Bay 6,58086,Braid Station,87630,88110,in_service_layover,65.31995800618128,70.71616221180913,30.434591719741093,480,8.0,24:20:30,24:28:30,False,,no_dispenser,0
2160638,heavy,123.0,1.0,40-ft,HTC,3,SUN,14846437,14846340,123,123,60690,60690,Brentwood Station @ Bay 8,Brentwood Station @ Bay 8,60690,Brentwood Station,24390,25110,in_service_layover,61.405223388127794,69.71759623848108,46.881782875992485,720,12.0,06:46:30,06:58:30,False,,no_dispenser,0
2160638,heavy,123.0,1.0,40-ft,HTC,3,SUN,14846382,14846343,123,123,60690,60690,Brentwood Station @ Bay 8,Brentwood Station @ Bay 8,60690,Brentwood Station,29790,30510,in_service_layover,64.94491134723631,72.68917135596382,43.67762644922317,720,12.0,08:16:30,08:28:30,False,,no_dispenser,0
2160642,heavy,123.0,5.0,40-ft,HTC,3,SUN,14846383,14846344,123,123,60690,60690,Brentwood Station @ Bay 8,Brentwood Station @ Bay 8,60690,Brentwood Station,31590,32310,in_service_layover,69.37781485981074,76.36708580067149,39.419488106454594,720,12.0,08:46:30,08:58:30,False,,no_dispenser,0
2160639,heavy,123.0,4.0,40-ft,HTC,3,SUN,14846384,14846345,123,123,60690,60690,Brentwood Station @ Bay 8,Brentwood Station @ Bay 8,60690,Brentwood Station,33390,34110,in_service_layover,65.80723797497387,73.40842270515203,42.87068187820478,720,12.0,09:16:30,09:28:30,False,,no_dispenser,0
2160643,heavy,123.0,7.0,40-ft,HTC,3,SUN,14846385,14846329,123,123,60690,60690,Brentwood Station @ Bay 8,Brentwood Station @ Bay 8,60690,Brentwood Station,34470,35010,in_service_layover,61.405223388127794,67.85612592586888,36.383090312859736,540,9.0,09:34:30,09:43:30,False,,no_dispenser,0
2160638,heavy,123.0,1.0,40-ft,HTC,3,SUN,14846376,14846373,123,123,60690,60690,Brentwood Station @ Bay 8,Brentwood Station @ Bay 8,60690,Brentwood Station,35370,35910,in_service_layover,66.39525954960142,72.25754911953143,33.063313174405266,540,9.0,09:49:30,09:58:30,False,,no_dispenser,0
2160640,heavy,123.0,6.0,40-ft,HTC,3,SUN,14846386,14846326,123,123,60690,60690,Brentwood Station @ Bay 8,Brentwood Station @ Bay 8,60690,Brentwood Station,36330,36810,in_service_layover,59.06954070626617,65.09397382078319,33.97780276587605,480,8.0,10:05:30,10:13:30,False,,no_dispenser,0
2160642,heavy,123.0,5.0,40-ft,HTC,3,SUN,14846374,14846321,123,123,60690,60690,Brentwood Station @ Bay 8,Brentwood Station @ Bay 8,60690,Brentwood Station,37230,37710,in_service_layover,65.47411062332439,70.85384042892817,30.341676103605266,480,8.0,10:20:30,10:28:30,False,,no_dispenser,0
2160639,heavy,123.0,4.0,40-ft,HTC,3,SUN,14846377,14846317,123,123,60690,60690,Brentwood Station @ Bay 8,Brentwood Station @ Bay 8,60690,Brentwood Station,38970,39510,in_service_layover,66.44983909297306,72.30535157872404,33.02509041963549,540,9.0,10:49:30,10:58:30,False,,no_dispenser,0
2160643,heavy,123.0,7.0,40-ft,HTC,3,SUN,14846408,14846311,123,123,60690,60690,Brentwood Station @ Bay 8,Brentwood Station @ Bay 8,60690,Brentwood Station,39870,40410,in_service_layover,61.32413670200575,67.78409813734275,36.43418249530072,540,9.0,11:04:30,11:13:30,False,,no_dispenser,0
2160638,heavy,123.0,1.0,40-ft,HTC,3,SUN,14846419,14846320,123,123,60690,60690,Brentwood Station @ Bay 8,Brentwood Station @ Bay 8,60690,Brentwood Station,40770,41310,in_service_layover,65.39358784230586,71.3789517647504,33.75745252258724,540,9.0,11:19:30,11:28:30,False,,no_dispenser,0
2160640,heavy,123.0,6.0,40-ft,HTC,3,SUN,14846431,14846368,123,123,60690,60690,Brentwood Station @ Bay 8,Brentwood Station @ Bay 8,60690,Brentwood Station,41790,42210,in_service_layover,58.760977505244064,64.10532593550438,30.142125146668263,420,7.0,11:36:30,11:43:30,False,,no_dispenser,0
2160642,heavy,123.0,5.0,40-ft,HTC,3,SUN,14846427,14846318,123,123,60690,60690,Brentwood Station @ Bay 8,Brentwood Station @ Bay 8,60690,Brentwood Station,42690,43110,in_service_layover,63.45087075218701,68.39870804195756,27.90580231430596,420,7.0,11:51:30,11:58:30,False,,no_dispenser,0
2160641,heavy,123.0,11.0,40-ft,HTC,3,SUN,14846401,14846363,123,123,60690,60690,Brentwood Station @ Bay 8,Brentwood Station @ Bay 8,60690,Brentwood Station,43590,44010,in_service_layover,67.06556569126847,71.68175108868351,26.035285641420785,420,7.0,12:06:30,12:13:30,False,,no_dispenser,0
2160639,heavy,123.0,4.0,40-ft,HTC,3,SUN,14846428,14846315,123,123,60690,60690,Brentwood Station @ Bay 8,Brentwood Station @ Bay 8,60690,Brentwood Station,44490,44910,in_service_layover,64.16268239876787,69.04775434977999,27.551805803708362,420,7.0,12:21:30,12:28:30,False,,no_dispenser,0
2160643,heavy,123.0,7.0,40-ft,HTC,3,SUN,14846404,14846364,123,123,60690,60690,Brentwood Station @ Bay 8,Brentwood Station @ Bay 8,60690,Brentwood Station,45390,45810,in_service_layover,59.858590086834894,65.10964438740386,29.615946255208996,420,7.0,12:36:30,12:43:30,False,,no_dispenser,0
2160638,heavy,123.0,1.0,40-ft,HTC,3,SUN,14846429,14846362,123,123,60690,60690,Brentwood Station @ Bay 8,Brentwood Station @ Bay 8,60690,Brentwood Station,46290,46710,in_service_layover,63.282812687607915,68.24528673571984,27.988353631351288,420,7.0,12:51:30,12:58:30,False,,no_dispenser,0
2160640,heavy,123.0,6.0,40-ft,HTC,3,SUN,14846392,14846365,123,123,60690,60690,Brentwood Station @ Bay 8,Brentwood Station @ Bay 8,60690,Brentwood Station,47250,47610,in_service_layover,56.34937176577215,61.07286069171736,26.640477542330984,360,6.0,13:07:30,13:13:30,False,,no_dispenser,0
2160642,heavy,123.0,5.0,40-ft,HTC,3,SUN,14846430,14846366,123,123,60690,60690,Brentwood Station @ Bay 8,Brentwood Station @ Bay 8,60690,Brentwood Station,48150,48510,in_service_layover,60.44414042149157,64.94455599443543,25.382343831403375,360,6.0,13:22:30,13:28:30,False,,no_dispenser,0
2160641,heavy,123.0,11.0,40-ft,HTC,3,SUN,14846432,14846332,123,123,60690,60690,Brentwood Station @ Bay 8,Brentwood Station @ Bay 8,60690,Brentwood Station,49050,49410,in_service_layover,63.57063597914889,67.84858270533215,24.127619535673603,360,6.0,13:37:30,13:43:30,False,,no_dispenser,0
2160639,heavy,123.0,4.0,40-ft,HTC,3,SUN,14846417,14846334,123,123,60690,60690,Brentwood Station @ Bay 8,Brentwood Station @ Bay 8,60690,Brentwood Station,49950,50310,in_service_layover,61.06249896062261,65.51905931802526,25.135000415750937,360,6.0,13:52:30,13:58:30,False,,no_dispenser,0
2160643,heavy,123.0,7.0,40-ft,HTC,3,SUN,14846425,14846313,123,123,60690,60690,Brentwood Station @ Bay 8,Brentwood Station @ Bay 8,60690,Brentwood Station,50850,51210,in_service_layover,57.3122779103082,62.00661000087351,26.476032990788326,360,6.0,14:07:30,14:13:30,False,,no_dispenser,0
2160638,heavy,123.0,1.0,40-ft,HTC,3,SUN,14846418,14846335,123,123,60690,60690,Brentwood Station @ Bay 8,Brentwood Station @ Bay 8,60690,Brentwood Station,51750,52110,in_service_layover,60.29797307772371,64.80875512894897,25.440810768910524,360,6.0,14:22:30,14:28:30,False,,no_dispenser,0
2160640,heavy,123.0,6.0,40-ft,HTC,3,SUN,14846375,14846324,123,123,60690,60690,Brentwood Station @ Bay 8,Brentwood Station @ Bay 8,60690,Brentwood Station,52650,53010,in_service_layover,53.34137787233749,58.05919542029145,26.608490970460366,360,6.0,14:37:30,14:43:30,False,,no_dispenser,0
2160642,heavy,123.0,5.0,40-ft,HTC,3,SUN,14846435,14846336,123,123,60690,60690,Brentwood Station @ Bay 8,Brentwood Station @ Bay 8,60690,Brentwood Station,53550,53910,in_service_layover,57.15514110007738,61.85527707490826,26.508766898046133,360,6.0,14:52:30,14:58:30,False,,no_dispenser,0
2160641,heavy,123.0,11.0,40-ft,HTC,3,SUN,14846411,14846359,123,123,60690,60690,Brentwood Station @ Bay 8,Brentwood Station @ Bay 8,60690,Brentwood Station,54450,54810,in_service_layover,59.92002573908012,64.45849394156913,25.596960662038043,360,6.0,15:07:30,15:13:30,False,,no_dispenser,0
2160639,heavy,123.0,4.0,40-ft,HTC,3,SUN,14846436,14846372,123,123,60690,60690,Brentwood Station @ Bay 8,Brentwood Station @ Bay 8,60690,Brentwood Station,55350,55710,in_service_layover,57.7006453015277,62.378885107667614,26.38527250662912,360,6.0,15:22:30,15:28:30,False,,no_dispenser,0
2160643,heavy,123.0,7.0,40-ft,HTC,3,SUN,14846406,14846360,123,123,60690,60690,Brentwood Station @ Bay 8,Brentwood Station @ Bay 8,60690,Brentwood Station,56250,56610,in_service_layover,54.28341015329015,59.0177778697021,26.701833920563445,360,6.0,15:37:30,15:43:30,False,,no_dispenser,0
2160638,heavy,123.0,1.0,40-ft,HTC,3,SUN,14846410,14846371,123,123,60690,60690,Brentwood Station @ Bay 8,Brentwood Station @ Bay 8,60690,Brentwood Station,57150,57510,in_service_layover,57.02554366507785,61.73015992351959,26.534035697611444,360,6.0,15:52:30,15:58:30,False,,no_dispenser,0
2160640,heavy,123.0,6.0,40-ft,HTC,3,SUN,14846388,14846330,123,123,60690,60690,Brentwood Station @ Bay 8,Brentwood Station @ Bay 8,60690,Brentwood Station,58050,58410,in_service_layover,50.28863158279422,54.9470674033643,26.273578028015265,360,6.0,16:07:30,16:13:30,False,,no_dispenser,0
2160642,heavy,123.0,5.0,40-ft,HTC,3,SUN,14846413,14846328,123,123,60690,60690,Brentwood Station @ Bay 8,Brentwood Station @ Bay 8,60690,Brentwood Station,58950,59310,in_service_layover,54.13162636564392,58.86401345979206,26.690663210995524,360,6.0,16:22:30,16:28:30,False,,no_dispenser,0
2160641,heavy,123.0,11.0,40-ft,HTC,3,SUN,14846426,14846331,123,123,60690,60690,Brentwood Station @ Bay 8,Brentwood Station @ Bay 8,60690,Brentwood Station,59850,60210,in_service_layover,56.68987631861867,61.40480509916699,26.592198322292518,360,6.0,16:37:30,16:43:30,False,,no_dispenser,0
2160639,heavy,123.0,4.0,40-ft,HTC,3,SUN,14846414,14846355,123,123,60690,60690,Brentwood Station @ Bay 8,Brentwood Station @ Bay 8,60690,Brentwood Station,60750,61110,in_service_layover,54.655183276956755,59.39279527408966,26.72013166382959,360,6.0,16:52:30,16:58:30,False,,no_dispenser,0
2160643,heavy,123.0,7.0,40-ft,HTC,3,SUN,14846378,14846312,123,123,60690,60690,Brentwood Station @ Bay 8,Brentwood Station @ Bay 8,60690,Brentwood Station,61650,62010,in_service_layover,51.259644867980704,55.93696874563714,26.380106669982354,360,6.0,17:07:30,17:13:30,False,,no_dispenser,0
2160638,heavy,123.0,1.0,40-ft,HTC,3,SUN,14846415,14846356,123,123,60690,60690,Brentwood Station @ Bay 8,Brentwood Station @ Bay 8,60690,Brentwood Station,62550,62910,in_service_layover,54.005851176059615,58.736308607184064,26.679779911541914,360,6.0,17:22:30,17:28:30,False,,no_dispenser,0
2160640,heavy,123.0,6.0,40-ft,HTC,3,SUN,14846402,14846370,123,123,60690,60690,Brentwood Station @ Bay 8,Brentwood Station @ Bay 8,60690,Brentwood Station,63390,63810,in_service_layover,47.136459673772286,52.52350028915455,30.382909070755943,420,7.0,17:36:30,17:43:30,False,,no_dispenser,0
2160642,heavy,123.0,5.0,40-ft,HTC,3,SUN,14846416,14846346,123,123,60690,60690,Brentwood Station @ Bay 8,Brentwood Station @ Bay 8,60690,Brentwood Station,64290,64710,in_service_layover,51.10388645105651,56.56891689652191,30.822771712424867,420,7.0,17:51:30,17:58:30,False,,no_dispenser,0
2160641,heavy,123.0,11.0,40-ft,HTC,3,SUN,14846403,14846354,123,123,60690,60690,Brentwood Station @ Bay 8,Brentwood Station @ Bay 8,60690,Brentwood Station,65190,65610,in_service_layover,53.677575104692686,59.19450360097299,31.115476719020933,420,7.0,18:06:30,18:13:30,False,,no_dispenser,0
2160639,heavy,123.0,4.0,40-ft,HTC,3,SUN,14846424,14846347,123,123,60690,60690,Brentwood Station @ Bay 8,Brentwood Station @ Bay 8,60690,Brentwood Station,66090,66510,in_service_layover,51.639525474036375,57.1167116514206,30.89133004044703,420,7.0,18:21:30,18:28:30,False,,no_dispenser,0
2160643,heavy,123.0,7.0,40-ft,HTC,3,SUN,14846421,14846319,123,123,60690,60690,Brentwood Station @ Bay 8,Brentwood Station @ Bay 8,60690,Brentwood Station,66990,67410,in_service_layover,48.13888400862007,53.54259397236617,30.476924195528,420,7.0,18:36:30,18:43:30,False,,no_dispenser,0
2160638,heavy,123.0,1.0,40-ft,HTC,3,SUN,14846387,14846352,123,123,60690,60690,Brentwood Station @ Bay 8,Brentwood Station @ Bay 8,60690,Brentwood Station,67890,68310,in_service_layover,51.76567166391719,57.24572058878804,30.907475936271624,420,7.0,18:51:30,18:58:30,False,,no_dispenser,0
2160640,heavy,123.0,6.0,40-ft,HTC,3,SUN,14846390,14846348,123,123,60690,60690,Brentwood Station @ Bay 8,Brentwood Station @ Bay 8,60690,Brentwood Station,68670,69210,in_service_layover,45.46277301720529,52.38378843217353,39.03452694042085,540,9.0,19:04:30,19:13:30,False,,no_dispenser,0
2160642,heavy,123.0,5.0,40-ft,HTC,3,SUN,14846422,14846314,123,123,60690,60690,Brentwood Station @ Bay 8,Brentwood Station @ Bay 8,60690,Brentwood Station,69570,70110,in_service_layover,50.35060543534878,57.38514721757208,39.674815651739436,540,9.0,19:19:30,19:28:30,False,,no_dispenser,0
2160641,heavy,123.0,11.0,40-ft,HTC,3,SUN,14846394,14846349,123,123,60690,60690,Brentwood Station @ Bay 8,Brentwood Station @ Bay 8,60690,Brentwood Station,70470,71010,in_service_layover,53.02726479999455,60.09631639442796,39.86945099260447,540,9.0,19:34:30,19:43:30,False,,no_dispenser,0
2160639,heavy,123.0,4.0,40-ft,HTC,3,SUN,14846423,14846316,123,123,60690,60690,Brentwood Station @ Bay 8,Brentwood Station @ Bay 8,60690,Brentwood Station,71370,71910,in_service_layover,50.90905584116386,57.959624859712456,39.7652092646141,540,9.0,19:49:30,19:58:30,False,,no_dispenser,0
2160643,heavy,123.0,7.0,40-ft,HTC,3,SUN,14846395,14846350,123,123,60690,60690,Brentwood Station @ Bay 8,Brentwood Station @ Bay 8,60690,Brentwood Station,72270,72810,in_service_layover,47.271039934898894,54.22855961247781,39.2404109815451,540,9.0,20:04:30,20:13:30,False,,no_dispenser,0
2160638,heavy,123.0,1.0,40-ft,HTC,3,SUN,14846405,14846327,123,123,60690,60690,Brentwood Station @ Bay 8,Brentwood Station @ Bay 8,60690,Brentwood Station,73170,73710,in_service_layover,52.62988423424327,59.701116622823136,39.881750671590396,540,9.0,20:19:30,20:28:30,False,,no_dispenser,0
2160640,heavy,123.0,6.0,40-ft,HTC,3,SUN,14846396,14846351,123,123,60690,60690,Brentwood Station @ Bay 8,Brentwood Station @ Bay 8,60690,Brentwood Station,74010,74610,in_service_layover,47.65629717786903,55.41262758673099,43.74570350598145,600,10.0,20:33:30,20:43:30,False,,no_dispenser,0
2160642,heavy,123.0,5.0,40-ft,HTC,3,SUN,14846420,14846357,123,123,60690,60690,Brentwood Station @ Bay 8,Brentwood Station @ Bay 8,60690,Brentwood Station,74910,75510,in_service_layover,52.77267250267932,60.6060696809929,44.18036008568862,600,10.0,20:48:30,20:58:30,False,,no_dispenser,0
2160641,heavy,123.0,11.0,40-ft,HTC,3,SUN,14846397,14846353,123,123,60690,60690,Brentwood Station @ Bay 8,Brentwood Station @ Bay 8,60690,Brentwood Station,75810,76410,in_service_layover,55.485431486633495,63.208317676179945,43.55707810904198,600,10.0,21:03:30,21:13:30,False,,no_dispenser,0
2160643,heavy,123.0,7.0,40-ft,HTC,3,SUN,14846398,14846358,123,123,60690,60690,Brentwood Station @ Bay 8,Brentwood Station @ Bay 8,60690,Brentwood Station,77550,78210,in_service_layover,49.53779624989754,58.13748459646917,48.50224227466401,660,11.0,21:32:30,21:43:30,False,,no_dispenser,0
2160640,heavy,123.0,6.0,40-ft,HTC,3,SUN,14846393,14846322,123,123,60690,60690,Brentwood Station @ Bay 8,Brentwood Station @ Bay 8,60690,Brentwood Station,79350,80010,in_service_layover,51.54298972811747,60.1518414666378,48.55392380525467,660,11.0,22:02:30,22:13:30,False,,no_dispenser,0
2160641,heavy,123.0,11.0,40-ft,HTC,3,SUN,14846399,14846323,123,123,60690,60690,Brentwood Station @ Bay 8,Brentwood Station @ Bay 8,60690,Brentwood Station,81150,81810,in_service_layover,59.85164800374402,67.78108810251405,44.72204215706296,660,11.0,22:32:30,22:43:30,False,,no_dispenser,0
2160643,heavy,123.0,7.0,40-ft,HTC,3,SUN,14846400,14846361,123,123,60690,60690,Brentwood Station @ Bay 8,Brentwood Station @ Bay 8,60690,Brentwood Station,82950,83610,in_service_layover,55.07934264405506,63.543205352250766,47.736185674223805,660,11.0,23:02:30,23:13:30,False,,no_dispenser,0
2160640,heavy,123.0,6.0,40-ft,HTC,3,SUN,14846409,14846333,123,123,60690,60690,Brentwood Station @ Bay 8,Brentwood Station @ Bay 8,60690,Brentwood Station,84570,85410,in_service_layover,57.025958862152436,67.29274047927913,57.90464832059456,840,14.0,23:29:30,23:43:30,False,,no_dispenser,0
2160641,heavy,123.0,11.0,40-ft,HTC,3,SUN,14846389,14846325,123,123,60690,60690,Brentwood Station @ Bay 8,Brentwood Station @ Bay 8,60690,Brentwood Station,86370,87210,in_service_layover,63.85846496633527,72.86021103787554,50.769847843487184,840,14.0,23:59:30,24:13:30,False,,no_dispenser,0
2160643,heavy,123.0,7.0,40-ft,HTC,3,SUN,14846433,14846337,123,123,60690,60690,Brentwood Station @ Bay 8,Brentwood Station @ Bay 8,60690,Brentwood Station,88170,89610,in_service_layover,60.82581627392087,75.18925680131079,81.00980457447912,1440,24.0,24:29:30,24:53:30,False,,no_dispenser,0
2160641,heavy,123.0,11.0,40-ft,HTC,3,SUN,14846412,14846369,123,123,60690,60690,Brentwood Station @ Bay 8,Brentwood Station @ Bay 8,60690,Brentwood Station,91770,92010,in_service_layover,69.79315795807182,72.38216196249529,14.601982584948303,240,4.0,25:29:30,25:33:30,False,,no_dispenser,0
2162511,heavy,601.0,41.0,40-ft,RTC,3,SUN,14877284,14877313,601,601,61321,61326,Bridgeport Station @ Bay 1 Unloading Only,Bridgeport Station @ Bay 7,61321,Bridgeport Station,25710,26790,in_service_layover,58.11239034559077,70.50586588368645,69.89920203485968,1080,18.0,07:08:30,07:26:30,False,,no_dispenser,0
2162512,heavy,601.0,42.0,40-ft,RTC,3,SUN,14877283,14877312,601,601,61321,61326,Bridgeport Station @ Bay 1 Unloading Only,Bridgeport Station @ Bay 7,61321,Bridgeport Station,27630,28590,in_service_layover,58.11239034559077,69.38887468321802,63.59937166421764,960,16.0,07:40:30,07:56:30,False,,no_dispenser,0
2162221,heavy,403.0,52.0,40-ft,RTC,3,SUN,14871661,14871703,403,403,61321,61323,Bridgeport Station @ Bay 1 Unloading Only,Bridgeport Station @ Bay 3,61321,Bridgeport Station,28350,28650,in_service_layover,64.62961746954655,68.16756793362869,19.95404061742323,300,5.0,07:52:30,07:57:30,False,,no_dispenser,0
2162253,heavy,403.0,51.0,40-ft,RTC,3,SUN,14871663,14871705,403,403,61321,61323,Bridgeport Station @ Bay 1 Unloading Only,Bridgeport Station @ Bay 3,61321,Bridgeport Station,30750,31050,in_service_layover,60.284893735915624,64.08011278225631,21.405035421361447,300,5.0,08:32:30,08:37:30,False,,no_dispenser,0
2162513,heavy,601.0,43.0,40-ft,RTC,3,SUN,14877280,14877305,601,601,61321,61326,Bridgeport Station @ Bay 1 Unloading Only,Bridgeport Station @ Bay 7,61321,Bridgeport Station,31350,32130,in_service_layover,69.23070041570816,76.71520837097856,42.21262486772508,780,13.0,08:42:30,08:55:30,False,,no_dispenser,0
2162243,heavy,403.0,53.0,40-ft,RTC,3,SUN,14871664,14871706,403,403,61321,61323,Bridgeport Station @ Bay 1 Unloading Only,Bridgeport Station @ Bay 3,61321,Bridgeport Station,31950,32310,in_service_layover,60.284893735915624,64.79660340003508,25.446042505633727,360,6.0,08:52:30,08:58:30,False,,no_dispenser,0
2162221,heavy,403.0,52.0,40-ft,RTC,3,SUN,14871665,14871707,403,403,61321,61323,Bridgeport Station @ Bay 1 Unloading Only,Bridgeport Station @ Bay 3,61321,Bridgeport Station,33150,33510,in_service_layover,56.52046586637207,61.23989456013932,26.617577832847303,360,6.0,09:12:30,09:18:30,False,,no_dispenser,0
2162511,heavy,601.0,41.0,40-ft,RTC,3,SUN,14877279,14877310,601,601,61321,61326,Bridgeport Station @ Bay 1 Unloading Only,Bridgeport Station @ Bay 7,61321,Bridgeport Station,33810,34530,in_service_layover,51.83806833341368,61.189871781974006,52.74417144988024,720,12.0,09:23:30,09:35:30,False,,no_dispenser,0
2162512,heavy,601.0,42.0,40-ft,RTC,3,SUN,14877278,14877309,601,601,61321,61326,Bridgeport Station @ Bay 1 Unloading Only,Bridgeport Station @ Bay 7,61321,Bridgeport Station,35010,35790,in_service_layover,50.721077132945226,60.84493021820392,57.09853140085903,780,13.0,09:43:30,09:56:30,False,,no_dispenser,0
2162253,heavy,403.0,51.0,40-ft,RTC,3,SUN,14871667,14871709,403,403,61321,61323,Bridgeport Station @ Bay 1 Unloading Only,Bridgeport Station @ Bay 3,61321,Bridgeport Station,35610,35910,in_service_layover,52.43301071499968,56.34145267068994,22.043612630093037,300,5.0,09:53:30,09:58:30,False,,no_dispenser,0
2162509,heavy,601.0,44.0,40-ft,RTC,3,SUN,14877293,14877308,601,601,61321,61326,Bridgeport Station @ Bay 1 Unloading Only,Bridgeport Station @ Bay 7,61321,Bridgeport Station,36210,37050,in_service_layover,58.11239034559077,68.20096420935022,56.89955659160324,840,14.0,10:03:30,10:17:30,False,,no_dispenser,0
2162510,heavy,601.0,46.0,40-ft,RTC,3,SUN,14877277,14877297,601,601,61321,61326,Bridgeport Station @ Bay 1 Unloading Only,Bridgeport Station @ Bay 7,61321,Bridgeport Station,37470,38370,in_service_layover,69.23070041570816,77.60082460075371,47.20750040365698,900,15.0,10:24:30,10:39:30,False,,no_dispenser,0
2161458,heavy,620.0,41.0,40-ft,RTC,3,SUN,14878126,14878179,620,620,61321,61331,Bridgeport Station @ Bay 1 Unloading Only,Bridgeport Station @ Bay 12,61321,Bridgeport Station,37770,38430,in_service_layover,69.73871579821727,76.18476213564006,36.35570134306454,660,11.0,10:29:30,10:40:30,False,,no_dispenser,0
2162241,heavy,403.0,57.0,40-ft,RTC,3,SUN,14871669,14871711,403,403,61321,61323,Bridgeport Station @ Bay 1 Unloading Only,Bridgeport Station @ Bay 3,61321,Bridgeport Station,38070,38310,in_service_layover,62.29898018572757,65.26829554337638,16.746938617139335,240,4.0,10:34:30,10:38:30,False,,no_dispenser,0
2161459,heavy,620.0,42.0,40-ft,RTC,3,SUN,14878127,14878180,620,620,61321,61331,Bridgeport Station @ Bay 1 Unloading Only,Bridgeport Station @ Bay 12,61321,Bridgeport Station,38070,39330,in_service_layover,65.66415904980822,77.37508727464008,66.04963518805181,1260,21.0,10:34:30,10:55:30,False,,no_dispenser,0
2162513,heavy,601.0,43.0,40-ft,RTC,3,SUN,14877281,14877307,601,601,61321,61326,Bridgeport Station @ Bay 1 Unloading Only,Bridgeport Station @ Bay 7,61321,Bridgeport Station,38790,39630,in_service_layover,58.04741082070578,68.14730230725947,56.963387984162864,840,14.0,10:46:30,11:00:30,False,,no_dispenser,0
2162221,heavy,403.0,52.0,40-ft,RTC,3,SUN,14871670,14871712,403,403,61321,61323,Bridgeport Station @ Bay 1 Unloading Only,Bridgeport Station @ Bay 3,61321,Bridgeport Station,39270,39510,in_service_layover,49.5877465233554,52.67109303057763,17.39007430073343,240,4.0,10:54:30,10:58:30,False,,no_dispenser,0
2162508,heavy,601.0,45.0,40-ft,RTC,3,SUN,14877294,14877306,601,601,61321,61326,Bridgeport Station @ Bay 1 Unloading Only,Bridgeport Station @ Bay 7,61321,Bridgeport Station,39990,40890,in_service_layover,58.11239034559077,68.80378101330346,60.299443365899606,900,15.0,11:06:30,11:21:30,False,,no_dispenser,0
2162254,heavy,403.0,59.0,40-ft,RTC,3,SUN,14871671,14871713,403,403,61321,61323,Bridgeport Station @ Bay 1 Unloading Only,Bridgeport Station @ Bay 3,61321,Bridgeport Station,40470,40710,in_service_layover,60.27984776638833,63.34463037790661,17.28537392896311,240,4.0,11:14:30,11:18:30,False,,no_dispenser,0
2162511,heavy,601.0,41.0,40-ft,RTC,3,SUN,14877276,14877296,601,601,61321,61326,Bridgeport Station @ Bay 1 Unloading Only,Bridgeport Station @ Bay 7,61321,Bridgeport Station,41250,42090,in_service_layover,42.52207423170122,53.30659038654255,60.82467111330513,840,14.0,11:27:30,11:41:30,False,,no_dispenser,0
2162555,heavy,620.0,43.0,40-ft,RTC,3,SUN,14878129,14878182,620,620,61321,61331,Bridgeport Station @ Bay 1 Unloading Only,Bridgeport Station @ Bay 12,61321,Bridgeport Station,41370,42210,in_service_layover,63.45029331793128,72.53009327372432,51.21007175067268,840,14.0,11:29:30,11:43:30,False,,no_dispenser,0
2162239,heavy,403.0,62.0,40-ft,RTC,3,SUN,14871672,14871714,403,403,61321,61323,Bridgeport Station @ Bay 1 Unloading Only,Bridgeport Station @ Bay 3,61321,Bridgeport Station,41670,41910,in_service_layover,62.29898018572757,65.26829554337638,16.746938617139335,240,4.0,11:34:30,11:38:30,False,,no_dispenser,0
2162512,heavy,601.0,42.0,40-ft,RTC,3,SUN,14877275,14877304,601,601,61321,61326,Bridgeport Station @ Bay 1 Unloading Only,Bridgeport Station @ Bay 7,61321,Bridgeport Station,42510,43290,in_service_layover,42.177132667931126,52.164313642149,56.32770069458874,780,13.0,11:48:30,12:01:30,False,,no_dispenser,0
2162241,heavy,403.0,57.0,40-ft,RTC,3,SUN,14871674,14871716,403,403,61321,61323,Bridgeport Station @ Bay 1 Unloading Only,Bridgeport Station @ Bay 3,61321,Bridgeport Station,44070,44310,in_service_layover,53.61614750659247,56.75156542624232,17.683757066825194,240,4.0,12:14:30,12:18:30,False,,no_dispenser,0
2162509,heavy,601.0,44.0,40-ft,RTC,3,SUN,14877247,14877339,601,601,61321,61326,Bridgeport Station @ Bay 1 Unloading Only,Bridgeport Station @ Bay 7,61321,Bridgeport Station,44430,45690,in_service_layover,49.53316665907743,65.269633969553,88.75367563108222,1260,21.0,12:20:30,12:41:30,False,,no_dispenser,0
2161459,heavy,620.0,42.0,40-ft,RTC,3,SUN,14878133,14878186,620,620,61321,61331,Bridgeport Station @ Bay 1 Unloading Only,Bridgeport Station @ Bay 12,61321,Bridgeport Station,45210,46410,in_service_layover,64.13752562329223,75.87495846030004,66.199121200724,1200,20.0,12:33:30,12:53:30,False,,no_dispenser,0
2162243,heavy,403.0,53.0,40-ft,RTC,3,SUN,14871675,14871717,403,403,61321,61323,Bridgeport Station @ Bay 1 Unloading Only,Bridgeport Station @ Bay 3,61321,Bridgeport Station,45330,45510,in_service_layover,40.11272168580922,42.3856629170669,12.819388544293304,180,3.0,12:35:30,12:38:30,False,,no_dispenser,0
2162510,heavy,601.0,46.0,40-ft,RTC,3,SUN,14877274,14877302,601,601,61321,61326,Bridgeport Station @ Bay 1 Unloading Only,Bridgeport Station @ Bay 7,61321,Bridgeport Station,45630,46890,in_service_layover,58.93302705048094,72.61998232571673,77.19442775232989,1260,21.0,12:40:30,13:01:30,False,,no_dispenser,0
2162254,heavy,403.0,59.0,40-ft,RTC,3,SUN,14871676,14871718,403,403,61321,61323,Bridgeport Station @ Bay 1 Unloading Only,Bridgeport Station @ Bay 3,61321,Bridgeport Station,46530,46710,in_service_layover,51.692482341122684,54.0203274406671,13.12904636143054,180,3.0,12:55:30,12:58:30,False,,no_dispenser,0
2162513,heavy,601.0,43.0,40-ft,RTC,3,SUN,14877273,14877301,601,601,61321,61326,Bridgeport Station @ Bay 1 Unloading Only,Bridgeport Station @ Bay 7,61321,Bridgeport Station,46830,48090,in_service_layover,49.479504756986685,65.221946207642,88.78736978169604,1260,21.0,13:00:30,13:21:30,False,,no_dispenser,0
2162239,heavy,403.0,62.0,40-ft,RTC,3,SUN,14871677,14871719,403,403,61321,61323,Bridgeport Station @ Bay 1 Unloading Only,Bridgeport Station @ Bay 3,61321,Bridgeport Station,47730,47910,in_service_layover,53.61614750659247,55.96270208108163,13.234567800118896,180,3.0,13:15:30,13:18:30,False,,no_dispenser,0
2162508,heavy,601.0,45.0,40-ft,RTC,3,SUN,14877246,14877338,601,601,61321,61326,Bridgeport Station @ Bay 1 Unloading Only,Bridgeport Station @ Bay 7,61321,Bridgeport Station,48030,49290,in_service_layover,50.135983463030676,65.79575364073547,88.32110380225498,1260,21.0,13:20:30,13:41:30,False,,no_dispenser,0
2162245,heavy,403.0,58.0,40-ft,RTC,3,SUN,14871678,14871720,403,403,61321,61323,Bridgeport Station @ Bay 1 Unloading Only,Bridgeport Station @ Bay 3,61321,Bridgeport Station,48990,49170,in_service_layover,44.75686632399657,47.04192730270584,12.887743919920268,180,3.0,13:36:30,13:39:30,False,,no_dispenser,0
2162511,heavy,601.0,41.0,40-ft,RTC,3,SUN,14877272,14877300,601,601,61321,61326,Bridgeport Station @ Bay 1 Unloading Only,Bridgeport Station @ Bay 7,61321,Bridgeport Station,49230,50490,in_service_layover,34.638792836269765,50.71324090690433,90.65988711837892,1260,21.0,13:40:30,14:01:30,False,,no_dispenser,0
2162241,heavy,403.0,57.0,40-ft,RTC,3,SUN,14871679,14871690,403,403,61321,61323,Bridgeport Station @ Bay 1 Unloading Only,Bridgeport Station @ Bay 3,61321,Bridgeport Station,50190,51150,in_service_layover,45.09941738945841,57.52858368646773,70.10049791513259,960,16.0,13:56:30,14:12:30,False,,no_dispenser,0
2162512,heavy,601.0,42.0,40-ft,RTC,3,SUN,14877271,14877299,601,601,61321,61326,Bridgeport Station @ Bay 1 Unloading Only,Bridgeport Station @ Bay 7,61321,Bridgeport Station,50490,51690,in_service_layover,33.4965160918762,48.74677244243878,86.01144581717293,1200,20.0,14:01:30,14:21:30,False,,no_dispenser,0
2162243,heavy,403.0,53.0,40-ft,RTC,3,SUN,14871680,14871722,403,403,61321,61323,Bridgeport Station @ Bay 1 Unloading Only,Bridgeport Station @ Bay 3,61321,Bridgeport Station,51450,52050,in_service_layover,30.733514880282986,38.263561932857776,42.46946537652184,600,10.0,14:17:30,14:27:30,False,,no_dispenser,0
2162507,heavy,601.0,47.0,40-ft,RTC,3,SUN,14877245,14877337,601,601,61321,61326,Bridgeport Station @ Bay 1 Unloading Only,Bridgeport Station @ Bay 7,61321,Bridgeport Station,51690,52650,in_service_layover,58.11239034559077,69.38887468321802,63.59937166421764,960,16.0,14:21:30,14:37:30,False,,no_dispenser,0
2161458,heavy,620.0,41.0,40-ft,RTC,3,SUN,14878138,14878191,620,620,61321,61331,Bridgeport Station @ Bay 1 Unloading Only,Bridgeport Station @ Bay 12,61321,Bridgeport Station,52290,53130,in_service_layover,64.74566803740454,73.57633991212117,49.80498937340178,840,14.0,14:31:30,14:45:30,False,,no_dispenser,0
2162247,heavy,403.0,55.0,40-ft,RTC,3,SUN,14871681,14871723,403,403,61321,61323,Bridgeport Station @ Bay 1 Unloading Only,Bridgeport Station @ Bay 3,61321,Bridgeport Station,52650,52950,in_service_layover,35.97026324024833,39.74550475751937,21.29236215740869,300,5.0,14:37:30,14:42:30,False,,no_dispenser,0
2162509,heavy,601.0,44.0,40-ft,RTC,3,SUN,14877270,14877298,601,601,61321,61326,Bridgeport Station @ Bay 1 Unloading Only,Bridgeport Station @ Bay 7,61321,Bridgeport Station,52890,53550,in_service_layover,46.60183641928022,55.12301040145934,48.05942125949025,660,11.0,14:41:30,14:52:30,False,,no_dispenser,0
2162254,heavy,403.0,59.0,40-ft,RTC,3,SUN,14871640,14871724,403,403,61321,61323,Bridgeport Station @ Bay 1 Unloading Only,Bridgeport Station @ Bay 3,61321,Bridgeport Station,53610,53850,in_service_layover,42.36817940388319,45.408625209429225,17.148114343279673,240,4.0,14:53:30,14:57:30,False,,no_dispenser,0
2162510,heavy,601.0,46.0,40-ft,RTC,3,SUN,14877269,14877333,601,601,61321,61326,Bridgeport Station @ Bay 1 Unloading Only,Bridgeport Station @ Bay 7,61321,Bridgeport Station,54090,55410,in_service_layover,53.952184775443946,69.49521819006046,87.66270845843712,1320,22.0,15:01:30,15:23:30,False,,no_dispenser,0
2162248,heavy,403.0,61.0,40-ft,RTC,3,SUN,14871682,14871691,403,403,61321,61323,Bridgeport Station @ Bay 1 Unloading Only,Bridgeport Station @ Bay 3,61321,Bridgeport Station,54510,54750,in_service_layover,48.97198284954071,52.048661140405585,17.352465560477924,240,4.0,15:08:30,15:12:30,False,,no_dispenser,0
2162513,heavy,601.0,43.0,40-ft,RTC,3,SUN,14877244,14877336,601,601,61321,61326,Bridgeport Station @ Bay 1 Unloading Only,Bridgeport Station @ Bay 7,61321,Bridgeport Station,55290,56370,in_service_layover,46.55414865736922,60.45675297863148,78.41068837191915,1080,18.0,15:21:30,15:39:30,False,,no_dispenser,0
2162245,heavy,403.0,58.0,40-ft,RTC,3,SUN,14871683,14871725,403,403,61321,61323,Bridgeport Station @ Bay 1 Unloading Only,Bridgeport Station @ Bay 3,61321,Bridgeport Station,55410,55650,in_service_layover,35.389779265921916,38.40594318423794,17.011164499302367,240,4.0,15:23:30,15:27:30,False,,no_dispenser,0
2162242,heavy,403.0,54.0,40-ft,RTC,3,SUN,14871684,14871726,403,403,61321,61323,Bridgeport Station @ Bay 1 Unloading Only,Bridgeport Station @ Bay 3,61321,Bridgeport Station,56310,56550,in_service_layover,34.386794722386554,37.39946867780304,16.99148110854901,240,4.0,15:38:30,15:42:30,False,,no_dispenser,0
2162508,heavy,601.0,45.0,40-ft,RTC,3,SUN,14877256,14877332,601,601,61321,61326,Bridgeport Station @ Bay 1 Unloading Only,Bridgeport Station @ Bay 7,61321,Bridgeport Station,56490,57330,in_service_layover,47.12795609046268,58.032051262858616,61.49909677231312,840,14.0,15:41:30,15:55:30,False,,no_dispenser,0
2162241,heavy,403.0,57.0,40-ft,RTC,3,SUN,14871641,14871727,403,403,61321,61323,Bridgeport Station @ Bay 1 Unloading Only,Bridgeport Station @ Bay 3,61321,Bridgeport Station,57210,57450,in_service_layover,45.881481619211115,48.93471442068198,17.220233000295707,240,4.0,15:53:30,15:57:30,False,,no_dispenser,0
2162511,heavy,601.0,41.0,40-ft,RTC,3,SUN,14877255,14877341,601,601,61321,61326,Bridgeport Station @ Bay 1 Unloading Only,Bridgeport Station @ Bay 7,61321,Bridgeport Station,57690,58230,in_service_layover,32.045443356631544,38.82823558149234,38.25494814821491,540,9.0,16:01:30,16:10:30,False,,no_dispenser,0
2162246,heavy,403.0,65.0,40-ft,RTC,3,SUN,14871685,14871692,403,403,61321,61323,Bridgeport Station @ Bay 1 Unloading Only,Bridgeport Station @ Bay 3,61321,Bridgeport Station,58110,58350,in_service_layover,53.04312712417788,56.17111415222903,17.641846838208494,240,4.0,16:08:30,16:12:30,False,,no_dispenser,0
2162512,heavy,601.0,42.0,40-ft,RTC,3,SUN,14877243,14877335,601,601,61321,61326,Bridgeport Station @ Bay 1 Unloading Only,Bridgeport Station @ Bay 7,61321,Bridgeport Station,58890,60030,in_service_layover,30.078974892165995,44.465876737988516,81.14212641043903,1140,19.0,16:21:30,16:40:30,False,,no_dispenser,0
2162247,heavy,403.0,55.0,40-ft,RTC,3,SUN,14871686,14871728,403,403,61321,61323,Bridgeport Station @ Bay 1 Unloading Only,Bridgeport Station @ Bay 3,61321,Bridgeport Station,59010,59250,in_service_layover,28.098402690262752,31.089195695438004,16.868072549188412,240,4.0,16:23:30,16:27:30,False,,no_dispenser,0
2162507,heavy,601.0,47.0,40-ft,RTC,3,SUN,14877268,14877330,601,601,61321,61326,Bridgeport Station @ Bay 1 Unloading Only,Bridgeport Station @ Bay 7,61321,Bridgeport Station,59730,60930,in_service_layover,50.721077132945226,65.67366773646806,84.33261100386886,1200,20.0,16:35:30,16:55:30,False,,no_dispenser,0
2162240,heavy,403.0,56.0,40-ft,RTC,3,SUN,14871687,14871729,403,403,61321,61323,Bridgeport Station @ Bay 1 Unloading Only,Bridgeport Station @ Bay 3,61321,Bridgeport Station,59910,60150,in_service_layover,25.172272457193777,28.152782884160597,16.810078808092868,240,4.0,16:38:30,16:42:30,False,,no_dispenser,0
2162509,heavy,601.0,44.0,40-ft,RTC,3,SUN,14877287,14877342,601,601,61321,61326,Bridgeport Station @ Bay 1 Unloading Only,Bridgeport Station @ Bay 7,61321,Bridgeport Station,60630,61830,in_service_layover,36.45521285118656,51.80030983673431,86.54634699848927,1200,20.0,16:50:30,17:10:30,False,,no_dispenser,0
2162248,heavy,403.0,61.0,40-ft,RTC,3,SUN,14871642,14871730,403,403,61321,61323,Bridgeport Station @ Bay 1 Unloading Only,Bridgeport Station @ Bay 3,61321,Bridgeport Station,60810,61050,in_service_layover,40.40155907314897,43.43516186996076,17.10951977401851,240,4.0,16:53:30,16:57:30,False,,no_dispenser,0
2162514,heavy,601.0,48.0,40-ft,RTC,3,SUN,14877267,14877329,601,601,61321,61326,Bridgeport Station @ Bay 1 Unloading Only,Bridgeport Station @ Bay 7,61321,Bridgeport Station,61530,62730,in_service_layover,69.23070041570816,79.58881422409526,58.41976187930328,1200,20.0,17:05:30,17:25:30,False,,no_dispenser,0
2162252,heavy,403.0,66.0,40-ft,RTC,3,SUN,14871688,14871693,403,403,61321,61323,Bridgeport Station @ Bay 1 Unloading Only,Bridgeport Station @ Bay 3,61321,Bridgeport Station,61710,61950,in_service_layover,52.16164995447048,55.27820604307191,17.57737633971209,240,4.0,17:08:30,17:12:30,False,,no_dispenser,0
2162510,heavy,601.0,46.0,40-ft,RTC,3,SUN,14877242,14877334,601,601,61321,61326,Bridgeport Station @ Bay 1 Unloading Only,Bridgeport Station @ Bay 7,61321,Bridgeport Station,62430,63630,in_service_layover,50.82742063978767,65.76593438744335,84.25321753677804,1200,20.0,17:20:30,17:40:30,False,,no_dispenser,0
2162242,heavy,403.0,54.0,40-ft,RTC,3,SUN,14871689,14871731,403,403,61321,61323,Bridgeport Station @ Bay 1 Unloading Only,Bridgeport Station @ Bay 3,61321,Bridgeport Station,62610,62850,in_service_layover,25.752366610546424,28.734981239946155,16.821946509814495,240,4.0,17:23:30,17:27:30,False,,no_dispenser,0
2162513,heavy,601.0,43.0,40-ft,RTC,3,SUN,14877266,14877328,601,601,61321,61326,Bridgeport Station @ Bay 1 Unloading Only,Bridgeport Station @ Bay 7,61321,Bridgeport Station,63330,64530,in_service_layover,41.78895542835869,57.25673608902593,87.23828292616318,1200,20.0,17:35:30,17:55:30,False,,no_dispenser,0
2162251,heavy,403.0,60.0,40-ft,RTC,3,SUN,14871629,14871732,403,403,61321,61323,Bridgeport Station @ Bay 1 Unloading Only,Bridgeport Station @ Bay 3,61321,Bridgeport Station,63510,63750,in_service_layover,23.888251340018485,26.86388646455622,16.782582102392837,240,4.0,17:38:30,17:42:30,False,,no_dispenser,0
2162508,heavy,601.0,45.0,40-ft,RTC,3,SUN,14877288,14877343,601,601,61321,61326,Bridgeport Station @ Bay 1 Unloading Only,Bridgeport Station @ Bay 7,61321,Bridgeport Station,64290,65430,in_service_layover,39.36425371258584,54.01778187029716,82.64589880949191,1140,19.0,17:51:30,18:10:30,False,,no_dispenser,0
2162246,heavy,403.0,65.0,40-ft,RTC,3,SUN,14871643,14871733,403,403,61321,61323,Bridgeport Station @ Bay 1 Unloading Only,Bridgeport Station @ Bay 3,61321,Bridgeport Station,64410,64770,in_service_layover,44.52401208497241,49.10465344645129,25.834817278740815,360,6.0,17:53:30,17:59:30,False,,no_dispenser,0
2162250,heavy,403.0,64.0,40-ft,RTC,3,SUN,14871630,14871694,403,403,61321,61323,Bridgeport Station @ Bay 1 Unloading Only,Bridgeport Station @ Bay 3,61321,Bridgeport Station,65310,65670,in_service_layover,40.94180312336398,45.501055419301224,25.71418294908605,360,6.0,18:08:30,18:14:30,False,,no_dispenser,0
2162515,heavy,601.0,49.0,40-ft,RTC,3,SUN,14877241,14877327,601,601,61321,61326,Bridgeport Station @ Bay 1 Unloading Only,Bridgeport Station @ Bay 7,61321,Bridgeport Station,66090,66570,in_service_layover,69.23070041570816,74.19088168702187,27.975422370209344,480,8.0,18:21:30,18:29:30,False,,no_dispenser,0
2162512,heavy,601.0,42.0,40-ft,RTC,3,SUN,14877248,14877326,601,601,61321,61326,Bridgeport Station @ Bay 1 Unloading Only,Bridgeport Station @ Bay 7,61321,Bridgeport Station,66990,67770,in_service_layover,25.798079187715732,35.551015275167344,55.00655953322712,780,13.0,18:36:30,18:49:30,False,,no_dispenser,0
2162239,heavy,403.0,62.0,40-ft,RTC,3,SUN,14871632,14871735,403,403,61321,61323,Bridgeport Station @ Bay 1 Unloading Only,Bridgeport Station @ Bay 3,61321,Bridgeport Station,67110,67470,in_service_layover,22.518974877979232,26.980919184594665,25.165365889311033,360,6.0,18:38:30,18:44:30,False,,no_dispenser,0
2162252,heavy,403.0,66.0,40-ft,RTC,3,SUN,14871644,14871736,403,403,61321,61323,Bridgeport Station @ Bay 1 Unloading Only,Bridgeport Station @ Bay 3,61321,Bridgeport Station,68010,68730,in_service_layover,43.6311039758153,52.86696516896865,52.09025712938492,720,12.0,18:53:30,19:05:30,False,,no_dispenser,0
2162509,heavy,601.0,44.0,40-ft,RTC,3,SUN,14877264,14877344,601,601,61321,61326,Bridgeport Station @ Bay 1 Unloading Only,Bridgeport Station @ Bay 7,61321,Bridgeport Station,68670,68970,in_service_layover,33.13251228646151,36.89541108418286,21.222749219148398,300,5.0,19:04:30,19:09:30,False,,no_dispenser,0
2162514,heavy,601.0,48.0,40-ft,RTC,3,SUN,14877263,14877325,601,601,61321,61326,Bridgeport Station @ Bay 1 Unloading Only,Bridgeport Station @ Bay 7,61321,Bridgeport Station,69570,70170,in_service_layover,60.92101667382248,68.07114616166079,40.326730311408085,600,10.0,19:19:30,19:29:30,False,,no_dispenser,0
2162555,heavy,620.0,43.0,40-ft,RTC,3,SUN,14878154,14878208,620,620,61321,61331,Bridgeport Station @ Bay 1 Unloading Only,Bridgeport Station @ Bay 12,61321,Bridgeport Station,70350,71010,in_service_layover,63.899101741066154,71.2485125790044,41.45067712597171,660,11.0,19:32:30,19:43:30,False,,no_dispenser,0
2162510,heavy,601.0,46.0,40-ft,RTC,3,SUN,14877290,14877324,601,601,61321,61326,Bridgeport Station @ Bay 1 Unloading Only,Bridgeport Station @ Bay 7,61321,Bridgeport Station,70470,71790,in_service_layover,47.09813683717056,63.72920428381159,93.79922039905546,1320,22.0,19:34:30,19:56:30,False,,no_dispenser,0
2162250,heavy,403.0,64.0,40-ft,RTC,3,SUN,14871637,14871695,403,403,61321,61323,Bridgeport Station @ Bay 1 Unloading Only,Bridgeport Station @ Bay 3,61321,Bridgeport Station,70830,71250,in_service_layover,33.848907382517304,39.12836111326549,29.776119041419776,420,7.0,19:40:30,19:47:30,False,,no_dispenser,0
2162515,heavy,601.0,49.0,40-ft,RTC,3,SUN,14877261,14877323,601,601,61321,61326,Bridgeport Station @ Bay 1 Unloading Only,Bridgeport Station @ Bay 7,61321,Bridgeport Station,73410,73590,in_service_layover,55.52308413674908,57.88818548525254,13.339171605559557,180,3.0,20:23:30,20:26:30,False,,no_dispenser,0
2162252,heavy,403.0,66.0,40-ft,RTC,3,SUN,14871634,14871739,403,403,61321,61323,Bridgeport Station @ Bay 1 Unloading Only,Bridgeport Station @ Bay 3,61321,Bridgeport Station,74250,74490,in_service_layover,41.214817132184734,44.251249723804506,17.12547981673552,240,4.0,20:37:30,20:41:30,False,,no_dispenser,0
2162552,heavy,620.0,44.0,40-ft,RTC,3,SUN,14878160,14878212,620,620,61321,61331,Bridgeport Station @ Bay 1 Unloading Only,Bridgeport Station @ Bay 12,61321,Bridgeport Station,74550,75210,in_service_layover,69.51044138570569,75.99337705397798,36.56375716905575,660,11.0,20:42:30,20:53:30,False,,no_dispenser,0
2162250,heavy,403.0,64.0,40-ft,RTC,3,SUN,14871635,14871740,403,403,61321,61323,Bridgeport Station @ Bay 1 Unloading Only,Bridgeport Station @ Bay 3,61321,Bridgeport Station,75930,76290,in_service_layover,27.47621307648157,31.965183517149708,25.317793285368282,360,6.0,21:05:30,21:11:30,False,,no_dispenser,0
2162514,heavy,601.0,48.0,40-ft,RTC,3,SUN,14877259,14877321,601,601,61321,61326,Bridgeport Station @ Bay 1 Unloading Only,Bridgeport Station @ Bay 7,61321,Bridgeport Station,76530,77430,in_service_layover,49.40334861138801,61.03630289989592,65.6098621871846,900,15.0,21:15:30,21:30:30,False,,no_dispenser,0
2162246,heavy,403.0,65.0,40-ft,RTC,3,SUN,14871636,14871741,403,403,61321,61323,Bridgeport Station @ Bay 1 Unloading Only,Bridgeport Station @ Bay 3,61321,Bridgeport Station,77790,78210,in_service_layover,29.673834716497073,34.92786533838276,29.632732707435252,420,7.0,21:36:30,21:43:30,False,,no_dispenser,0
2162510,heavy,601.0,46.0,40-ft,RTC,3,SUN,14877258,14877320,601,601,61321,61326,Bridgeport Station @ Bay 1 Unloading Only,Bridgeport Station @ Bay 7,61321,Bridgeport Station,78270,79710,in_service_layover,45.06140673353881,63.18937841637414,102.2417602911913,1440,24.0,21:44:30,22:08:30,False,,no_dispenser,0
2162252,heavy,403.0,66.0,40-ft,RTC,3,SUN,14871649,14871742,403,403,61321,61323,Bridgeport Station @ Bay 1 Unloading Only,Bridgeport Station @ Bay 3,61321,Bridgeport Station,79590,80130,in_service_layover,32.599101687020585,39.386228530844555,38.27939539916716,540,9.0,22:06:30,22:15:30,False,,no_dispenser,0
2162244,heavy,403.0,68.0,40-ft,RTC,3,SUN,14871651,14871744,403,403,61321,61323,Bridgeport Station @ Bay 1 Unloading Only,Bridgeport Station @ Bay 3,61321,Bridgeport Station,83130,83970,in_service_layover,49.021987126239125,59.92284011241833,61.480810842050744,840,14.0,23:05:30,23:19:30,False,,no_dispenser,0
2162252,heavy,403.0,66.0,40-ft,RTC,3,SUN,14871646,14871745,403,403,61321,61323,Bridgeport Station @ Bay 1 Unloading Only,Bridgeport Station @ Bay 3,61321,Bridgeport Station,84990,85890,in_service_layover,27.73408049406064,39.027690506340754,63.69596046925986,900,15.0,23:36:30,23:51:30,False,,no_dispenser,0
2162510,heavy,601.0,46.0,40-ft,RTC,3,SUN,14877254,14877318,601,601,61321,61326,Bridgeport Station @ Bay 1 Unloading Only,Bridgeport Station @ Bay 7,61321,Bridgeport Station,85710,87510,in_service_layover,44.52158086610136,66.33193771461869,123.01041262563777,1800,30.0,23:48:30,24:18:30,False,,no_dispenser,0
2162252,heavy,403.0,66.0,40-ft,RTC,3,SUN,14871655,14871747,403,403,61321,61323,Bridgeport Station @ Bay 1 Unloading Only,Bridgeport Station @ Bay 3,61321,Bridgeport Station,90330,90510,in_service_layover,27.375542469556834,29.61524369487728,12.631914910807325,180,3.0,25:05:30,25:08:30,False,,no_dispenser,0
2160821,heavy,151.0,61.0,40-ft,PCT,3,SUN,14850124,14850102,151,151,59554,59561,Burquitlam Station @ Bay 1,Burquitlam Station @ Bay 3,59554,Burquitlam Station,38850,39210,in_service_layover,68.99193722802065,72.83891833157027,21.69697342401986,360,6.0,10:47:30,10:53:30,False,,no_dispenser,0
2160820,heavy,151.0,56.0,40-ft,PCT,3,SUN,14850142,14850096,151,151,59554,59561,Burquitlam Station @ Bay 1,Burquitlam Station @ Bay 3,59554,Burquitlam Station,40650,41010,in_service_layover,69.7601976726968,73.54025081068589,21.31949969825837,360,6.0,11:17:30,11:23:30,False,,no_dispenser,0
2160819,heavy,151.0,51.0,40-ft,PCT,3,SUN,14850110,14850097,151,151,59554,59561,Burquitlam Station @ Bay 1,Burquitlam Station @ Bay 3,59554,Burquitlam Station,42450,42810,in_service_layover,69.3797254733009,73.19310567468372,21.50746433579917,360,6.0,11:47:30,11:53:30,False,,no_dispenser,0
2160822,heavy,151.0,64.0,40-ft,PCT,3,SUN,14850111,14850079,151,151,59554,59561,Burquitlam Station @ Bay 1,Burquitlam Station @ Bay 3,59554,Burquitlam Station,44250,44610,in_service_layover,66.86778002279851,70.89224406402475,22.697977192515907,360,6.0,12:17:30,12:23:30,False,,no_dispenser,0
2160821,heavy,151.0,61.0,40-ft,PCT,3,SUN,14850112,14850105,151,151,59554,59561,Burquitlam Station @ Bay 1,Burquitlam Station @ Bay 3,59554,Burquitlam Station,45930,46410,in_service_layover,65.05060098053703,70.47544977297999,30.596147189378314,480,8.0,12:45:30,12:53:30,False,,no_dispenser,0
2160820,heavy,151.0,56.0,40-ft,PCT,3,SUN,14850132,14850106,151,151,59554,59561,Burquitlam Station @ Bay 1,Burquitlam Station @ Bay 3,59554,Burquitlam Station,47850,48210,in_service_layover,65.04973331737173,69.21727895812595,23.504957413853788,360,6.0,13:17:30,13:23:30,False,,no_dispenser,0
2160819,heavy,151.0,51.0,40-ft,PCT,3,SUN,14850116,14850107,151,151,59554,59561,Burquitlam Station @ Bay 1,Burquitlam Station @ Bay 3,59554,Burquitlam Station,49650,50010,in_service_layover,65.38249567033355,69.5244611179569,23.360685124595705,360,6.0,13:47:30,13:53:30,False,,no_dispenser,0
2160822,heavy,151.0,64.0,40-ft,PCT,3,SUN,14850123,14850076,151,151,59554,59561,Burquitlam Station @ Bay 1,Burquitlam Station @ Bay 3,59554,Burquitlam Station,51450,51810,in_service_layover,68.96964676248747,72.81854781484964,21.707801935322607,360,6.0,14:17:30,14:23:30,False,,no_dispenser,0
2160821,heavy,151.0,61.0,40-ft,PCT,3,SUN,14850141,14850080,151,151,59554,59561,Burquitlam Station @ Bay 1,Burquitlam Station @ Bay 3,59554,Burquitlam Station,53250,53610,in_service_layover,68.65394097612857,72.52990650334232,21.86044557348555,360,6.0,14:47:30,14:53:30,False,,no_dispenser,0
2160820,heavy,151.0,56.0,40-ft,PCT,3,SUN,14850119,14850103,151,151,59554,59561,Burquitlam Station @ Bay 1,Burquitlam Station @ Bay 3,59554,Burquitlam Station,55050,55410,in_service_layover,66.81880149178157,70.84722714386477,22.720320677749157,360,6.0,15:17:30,15:23:30,False,,no_dispenser,0
2160822,heavy,151.0,64.0,40-ft,PCT,3,SUN,14850131,14850090,151,151,59554,59561,Burquitlam Station @ Bay 1,Burquitlam Station @ Bay 3,59554,Burquitlam Station,58530,59010,in_service_layover,68.107655464531,73.19690351855337,28.703359024686165,480,8.0,16:15:30,16:23:30,False,,no_dispenser,0
2160821,heavy,151.0,61.0,40-ft,PCT,3,SUN,14850118,14850072,151,151,59554,59561,Burquitlam Station @ Bay 1,Burquitlam Station @ Bay 3,59554,Burquitlam Station,60330,60810,in_service_layover,67.8582616520496,72.97574993194753,28.862633898624267,480,8.0,16:45:30,16:53:30,False,,no_dispenser,0
2160820,heavy,151.0,56.0,40-ft,PCT,3,SUN,14850109,14850084,151,151,59554,59561,Burquitlam Station @ Bay 1,Burquitlam Station @ Bay 3,59554,Burquitlam Station,62130,62610,in_service_layover,67.65208012156405,72.7928000121792,28.99366018306938,480,8.0,17:15:30,17:23:30,False,,no_dispenser,0
2160819,heavy,151.0,51.0,40-ft,PCT,3,SUN,14850126,14850092,151,151,59554,59561,Burquitlam Station @ Bay 1,Burquitlam Station @ Bay 3,59554,Burquitlam Station,63930,64410,in_service_layover,67.54054743650464,72.69379125416384,29.064295131597873,480,8.0,17:45:30,17:53:30,False,,no_dispenser,0
2160822,heavy,151.0,64.0,40-ft,PCT,3,SUN,14850127,14850086,151,151,59554,59561,Burquitlam Station @ Bay 1,Burquitlam Station @ Bay 3,59554,Burquitlam Station,65730,66210,in_service_layover,67.86007364911954,72.97735732405232,28.861479926620916,480,8.0,18:15:30,18:23:30,False,,no_dispenser,0
2160820,heavy,151.0,56.0,40-ft,PCT,3,SUN,14850129,14850099,151,151,59554,59561,Burquitlam Station @ Bay 1,Burquitlam Station @ Bay 3,59554,Burquitlam Station,69330,69810,in_service_layover,68.64783561370383,73.67539098025331,28.355412267339034,480,8.0,19:15:30,19:23:30,False,,no_dispenser,0
2160819,heavy,151.0,51.0,40-ft,PCT,3,SUN,14850130,14850098,151,151,59554,59561,Burquitlam Station @ Bay 1,Burquitlam Station @ Bay 3,59554,Burquitlam Station,71130,71610,in_service_layover,69.10992144206313,74.08413185085134,28.054546705565485,480,8.0,19:45:30,19:53:30,False,,no_dispenser,0
2160822,heavy,151.0,64.0,40-ft,PCT,3,SUN,14850143,14850077,151,151,59554,59561,Burquitlam Station @ Bay 1,Burquitlam Station @ Bay 3,59554,Burquitlam Station,72930,73410,in_service_layover,69.87066870689851,74.7559112353827,27.552767860650818,480,8.0,20:15:30,20:23:30,False,,no_dispenser,0
2160821,heavy,151.0,61.0,40-ft,PCT,3,SUN,14850133,14850100,151,151,59554,59561,Burquitlam Station @ Bay 1,Burquitlam Station @ Bay 3,59554,Burquitlam Station,74610,75210,in_service_layover,68.57861484145106,74.6963071590691,34.503784671365736,600,10.0,20:43:30,20:53:30,False,,no_dispenser,0
2160820,heavy,151.0,56.0,40-ft,PCT,3,SUN,14850113,14850085,151,151,59554,59561,Burquitlam Station @ Bay 1,Burquitlam Station @ Bay 3,59554,Burquitlam Station,76410,77010,in_service_layover,69.92780666909866,75.84863189091668,33.39345425105364,600,10.0,21:13:30,21:23:30,False,,no_dispenser,0
2160819,heavy,151.0,51.0,40-ft,PCT,3,SUN,14850140,14850088,151,151,59554,59561,Burquitlam Station @ Bay 1,Burquitlam Station @ Bay 3,59554,Burquitlam Station,81750,82410,in_service_layover,69.77000722060458,76.2109856668833,36.32711843701202,660,11.0,22:42:30,22:53:30,False,,no_dispenser,0
2160075,heavy,210.0,44.0,40-ft,BTC,3,SUN,14855854,14855827,210,210,50405,50405,Burrard Station @ Bay 2,Burrard Station @ Bay 2,50405,Burrard Station,33090,33630,in_service_layover,69.10195628780055,74.61931925648835,31.1179271433993,540,9.0,09:11:30,09:20:30,False,,no_dispenser,0
2161105,heavy,210.0,46.0,40-ft,BTC,3,SUN,14855865,14855842,210,210,50405,50405,Burrard Station @ Bay 2,Burrard Station @ Bay 2,50405,Burrard Station,34890,35430,in_service_layover,65.43027924636779,71.41117835492932,33.73227097228698,540,9.0,09:41:30,09:50:30,False,,no_dispenser,0
2161108,heavy,210.0,49.0,40-ft,BTC,3,SUN,14855855,14855831,210,210,50405,50405,Burrard Station @ Bay 2,Burrard Station @ Bay 2,50405,Burrard Station,36750,37170,in_service_layover,65.43027924636779,70.2004893696224,26.903985095155974,420,7.0,10:12:30,10:19:30,False,,no_dispenser,0
2160076,heavy,210.0,41.0,40-ft,BTC,3,SUN,14856091,14856057,211,211,50405,50405,Burrard Station @ Bay 2,Burrard Station @ Bay 2,50405,Burrard Station,38130,38550,in_service_layover,55.18194435530832,60.692269386999655,31.078233178739083,420,7.0,10:35:30,10:42:30,False,,no_dispenser,0
2161104,heavy,210.0,50.0,40-ft,BTC,3,SUN,14855861,14855830,210,210,50405,50405,Burrard Station @ Bay 2,Burrard Station @ Bay 2,50405,Burrard Station,38550,38970,in_service_layover,63.17819398715999,68.14974422928269,28.039543365572058,420,7.0,10:42:30,10:49:30,False,,no_dispenser,0
2160075,heavy,210.0,44.0,40-ft,BTC,3,SUN,14855857,14855839,210,210,50405,50405,Burrard Station @ Bay 2,Burrard Station @ Bay 2,50405,Burrard Station,40350,40770,in_service_layover,59.769148203097025,65.02854802817139,29.663015013419397,420,7.0,11:12:30,11:19:30,False,,no_dispenser,0
2161105,heavy,210.0,46.0,40-ft,BTC,3,SUN,14855864,14855837,210,210,50405,50405,Burrard Station @ Bay 2,Burrard Station @ Bay 2,50405,Burrard Station,42270,42510,in_service_layover,56.56100730153798,59.73078341946473,17.877537305106898,240,4.0,11:44:30,11:48:30,False,,no_dispenser,0
2161134,heavy,210.0,59.0,40-ft,BTC,3,SUN,14856074,14856043,211,211,50405,50405,Burrard Station @ Bay 2,Burrard Station @ Bay 2,50405,Burrard Station,43350,43770,in_service_layover,59.27413019915002,64.57733999696367,29.910103259668972,420,7.0,12:02:30,12:09:30,False,,no_dispenser,0
2161072,heavy,210.0,55.0,40-ft,BTC,3,SUN,14855859,14855836,210,210,50405,50405,Burrard Station @ Bay 2,Burrard Station @ Bay 2,50405,Burrard Station,43950,44250,in_service_layover,58.741945070830006,62.62755418937635,21.91483542860135,300,5.0,12:12:30,12:17:30,False,,no_dispenser,0
2160076,heavy,210.0,41.0,40-ft,BTC,3,SUN,14856093,14856065,211,211,50405,50405,Burrard Station @ Bay 2,Burrard Station @ Bay 2,50405,Burrard Station,45210,45450,in_service_layover,43.8515236208446,46.897130838216775,17.177224705979057,240,4.0,12:33:30,12:37:30,False,,no_dispenser,0
2161135,heavy,210.0,61.0,40-ft,BTC,3,SUN,14856094,14856064,211,211,50405,50405,Burrard Station @ Bay 2,Burrard Station @ Bay 2,50405,Burrard Station,48870,49050,in_service_layover,53.21047183981481,55.55308083226637,13.21231471742675,180,3.0,13:34:30,13:37:30,False,,no_dispenser,0
2161134,heavy,210.0,59.0,40-ft,BTC,3,SUN,14856076,14856045,211,211,50405,50405,Burrard Station @ Bay 2,Burrard Station @ Bay 2,50405,Burrard Station,50550,50850,in_service_layover,47.73659423080861,51.575725311196074,21.652699293385297,300,5.0,14:02:30,14:07:30,False,,no_dispenser,0
2160076,heavy,210.0,41.0,40-ft,BTC,3,SUN,14856095,14856063,211,211,50405,50405,Burrard Station @ Bay 2,Burrard Station @ Bay 2,50405,Burrard Station,52410,52590,in_service_layover,30.056385072061726,32.303082447982796,12.671373200194836,180,3.0,14:33:30,14:36:30,False,,no_dispenser,0
2161133,heavy,210.0,64.0,40-ft,BTC,3,SUN,14856077,14856046,211,211,50405,50405,Burrard Station @ Bay 2,Burrard Station @ Bay 2,50405,Burrard Station,54150,54570,in_service_layover,42.43338443299498,47.76569749267748,30.07424565660935,420,7.0,15:02:30,15:09:30,False,,no_dispenser,0
2161104,heavy,210.0,50.0,40-ft,BTC,3,SUN,14855849,14855844,210,210,50405,50405,Burrard Station @ Bay 2,Burrard Station @ Bay 2,50405,Burrard Station,54990,55230,in_service_layover,41.50087170700787,44.53829964781802,17.13109358616927,240,4.0,15:16:30,15:20:30,False,,no_dispenser,0
2161135,heavy,210.0,61.0,40-ft,BTC,3,SUN,14856096,14856062,211,211,50405,50405,Burrard Station @ Bay 2,Burrard Station @ Bay 2,50405,Burrard Station,56130,56370,in_service_layover,38.71233506611131,41.74006007631955,17.07636905757448,240,4.0,15:35:30,15:39:30,False,,no_dispenser,0
2161105,heavy,210.0,46.0,40-ft,BTC,3,SUN,14855866,14855833,210,210,50405,50405,Burrard Station @ Bay 2,Burrard Station @ Bay 2,50405,Burrard Station,58530,58710,in_service_layover,33.00230640588531,35.25669170398792,12.714733081298732,180,3.0,16:15:30,16:18:30,False,,no_dispenser,0
2161136,heavy,210.0,66.0,40-ft,BTC,3,SUN,14856088,14856049,211,211,50405,50405,Burrard Station @ Bay 2,Burrard Station @ Bay 2,50405,Burrard Station,63450,63630,in_service_layover,54.43689308385026,56.79143019037741,13.279589280813127,180,3.0,17:37:30,17:40:30,False,,no_dispenser,0
2161106,heavy,210.0,63.0,40-ft,BTC,3,SUN,14855851,14855840,210,210,50405,50405,Burrard Station @ Bay 2,Burrard Station @ Bay 2,50405,Burrard Station,65730,66150,in_service_layover,44.151599117324984,49.499418960887745,30.161703917693956,420,7.0,18:15:30,18:22:30,False,,no_dispenser,0
2161113,heavy,210.0,71.0,40-ft,BTC,3,SUN,14855856,14855821,210,210,50405,50405,Burrard Station @ Bay 2,Burrard Station @ Bay 2,50405,Burrard Station,67530,67830,in_service_layover,58.59254694812769,62.485154214329576,21.95430498137864,300,5.0,18:45:30,18:50:30,False,,no_dispenser,0
2161072,heavy,210.0,55.0,40-ft,BTC,3,SUN,14855642,14855639,209,209,50405,50405,Burrard Station @ Bay 2,Burrard Station @ Bay 2,50405,Burrard Station,72810,73230,in_service_layover,23.96969835583691,29.18863823485292,29.434820917650285,420,7.0,20:13:30,20:20:30,False,,no_dispenser,0
2161264,heavy,802.0,51.0,40-ft,BTC,3,SUN,14859049,14859085,245,245,61070,61070,Capilano University @ Bay 2,Capilano University @ Bay 2,61070,Capilano University,39450,39930,in_service_layover,66.94008747120428,72.16022632052534,29.441583110170825,480,8.0,10:57:30,11:05:30,False,,no_dispenser,0
2161264,heavy,802.0,51.0,40-ft,BTC,3,SUN,14859050,14859086,245,245,61070,61070,Capilano University @ Bay 2,Capilano University @ Bay 2,61070,Capilano University,41430,41730,in_service_layover,68.92390801439714,72.17869444916111,18.35699549206879,300,5.0,11:30:30,11:35:30,False,,no_dispenser,0
2161264,heavy,802.0,51.0,40-ft,BTC,3,SUN,14859051,14859087,245,245,61070,61070,Capilano University @ Bay 2,Capilano University @ Bay 2,61070,Capilano University,43230,43530,in_service_layover,68.94237614303289,72.19584688516215,18.349574985609024,300,5.0,12:00:30,12:05:30,False,,no_dispenser,0
2161264,heavy,802.0,51.0,40-ft,BTC,3,SUN,14859052,14859088,245,245,61070,61070,Capilano University @ Bay 2,Capilano University @ Bay 2,61070,Capilano University,45030,45330,in_service_layover,68.95952857903394,72.21177626087774,18.342676925598994,300,5.0,12:30:30,12:35:30,False,,no_dispenser,0
2161264,heavy,802.0,51.0,40-ft,BTC,3,SUN,14859053,14859089,245,245,61070,61070,Capilano University @ Bay 2,Capilano University @ Bay 2,61070,Capilano University,46830,47130,in_service_layover,68.97545795474952,72.22656958183981,18.33626957678922,300,5.0,13:00:30,13:05:30,False,,no_dispenser,0
2161264,heavy,802.0,51.0,40-ft,BTC,3,SUN,14859054,14859090,245,245,61070,61070,Capilano University @ Bay 2,Capilano University @ Bay 2,61070,Capilano University,48630,48930,in_service_layover,68.9902512757116,72.24030681131423,18.330313220798814,300,5.0,13:30:30,13:35:30,False,,no_dispenser,0
2161264,heavy,802.0,51.0,40-ft,BTC,3,SUN,14859055,14859091,245,245,61070,61070,Capilano University @ Bay 2,Capilano University @ Bay 2,61070,Capilano University,50430,50730,in_service_layover,69.00398850518602,72.25306334340846,18.324782087574533,300,5.0,14:00:30,14:05:30,False,,no_dispenser,0
2161264,heavy,802.0,51.0,40-ft,BTC,3,SUN,14859056,14859092,245,245,61070,61070,Capilano University @ Bay 2,Capilano University @ Bay 2,61070,Capilano University,52290,52530,in_service_layover,69.01674503728023,71.65049866097723,14.854370437651028,240,4.0,14:31:30,14:35:30,False,,no_dispenser,0
2161264,heavy,802.0,51.0,40-ft,BTC,3,SUN,14859058,14859094,245,245,61070,61070,Capilano University @ Bay 2,Capilano University @ Bay 2,61070,Capilano University,55710,56130,in_service_layover,65.17786204872081,69.97126020875956,27.03476562261858,420,7.0,15:28:30,15:35:30,False,,no_dispenser,0
2161264,heavy,802.0,51.0,40-ft,BTC,3,SUN,14859059,14859095,245,245,61070,61070,Capilano University @ Bay 2,Capilano University @ Bay 2,61070,Capilano University,57630,57930,in_service_layover,66.73494190263135,70.13974230386928,19.203074262981886,300,5.0,16:00:30,16:05:30,False,,no_dispenser,0
2161264,heavy,802.0,51.0,40-ft,BTC,3,SUN,14859060,14859096,245,245,61070,61070,Capilano University @ Bay 2,Capilano University @ Bay 2,61070,Capilano University,59430,59730,in_service_layover,66.90342399774106,70.29709715011373,19.140316579381818,300,5.0,16:30:30,16:35:30,False,,no_dispenser,0
2161264,heavy,802.0,51.0,40-ft,BTC,3,SUN,14859061,14859097,245,245,61070,61070,Capilano University @ Bay 2,Capilano University @ Bay 2,61070,Capilano University,61230,61530,in_service_layover,67.06077884398553,70.44399646282635,19.08134737026228,300,5.0,17:00:30,17:05:30,False,,no_dispenser,0
2161264,heavy,802.0,51.0,40-ft,BTC,3,SUN,14859062,14859098,245,245,61070,61070,Capilano University @ Bay 2,Capilano University @ Bay 2,61070,Capilano University,62850,63330,in_service_layover,67.20767815669814,72.39811550201377,29.274066627580112,480,8.0,17:27:30,17:35:30,False,,no_dispenser,0
2161264,heavy,802.0,51.0,40-ft,BTC,3,SUN,14859063,14859099,245,245,61070,61070,Capilano University @ Bay 2,Capilano University @ Bay 2,61070,Capilano University,64650,65130,in_service_layover,69.16179719588555,74.12998614839567,28.020585692157113,480,8.0,17:57:30,18:05:30,False,,no_dispenser,0
2161264,heavy,802.0,51.0,40-ft,BTC,3,SUN,14859065,14859101,245,245,61070,61070,Capilano University @ Bay 2,Capilano University @ Bay 2,61070,Capilano University,68190,68790,in_service_layover,67.65734953613925,73.90689344150655,35.24742762627159,600,10.0,18:56:30,19:06:30,False,,no_dispenser,0
2161264,heavy,802.0,51.0,40-ft,BTC,3,SUN,14859067,14859103,245,245,61070,61070,Capilano University @ Bay 2,Capilano University @ Bay 2,61070,Capilano University,71850,72390,in_service_layover,67.43425682925015,73.16627593337952,32.32858774728976,540,9.0,19:57:30,20:06:30,False,,no_dispenser,0
2161264,heavy,802.0,51.0,40-ft,BTC,3,SUN,14859068,14859104,245,245,61070,61070,Capilano University @ Bay 2,Capilano University @ Bay 2,61070,Capilano University,73710,74250,in_service_layover,69.92995762725131,75.33820115455305,30.50249349398183,540,9.0,20:28:30,20:37:30,False,,no_dispenser,0
2161264,heavy,802.0,51.0,40-ft,BTC,3,SUN,14859070,14859106,245,245,61070,61070,Capilano University @ Bay 2,Capilano University @ Bay 2,61070,Capilano University,77250,77910,in_service_layover,68.86556454229662,75.4520230380832,37.147625916236166,660,11.0,21:27:30,21:38:30,False,,no_dispenser,0
2161264,heavy,802.0,51.0,40-ft,BTC,3,SUN,14859072,14859108,245,245,61070,61070,Capilano University @ Bay 2,Capilano University @ Bay 2,61070,Capilano University,81030,81450,in_service_layover,68.97938642582677,73.40694950024475,24.97145573971744,420,7.0,22:30:30,22:37:30,False,,no_dispenser,0
2161264,heavy,802.0,51.0,40-ft,BTC,3,SUN,14859074,14859110,245,245,61070,61070,Capilano University @ Bay 2,Capilano University @ Bay 2,61070,Capilano University,84690,85050,in_service_layover,66.93431288798834,70.95338644234099,22.667574846548916,360,6.0,23:31:30,23:37:30,False,,no_dispenser,0
2161264,heavy,802.0,51.0,40-ft,BTC,3,SUN,14859075,14859111,245,245,61070,61070,Capilano University @ Bay 2,Capilano University @ Bay 2,61070,Capilano University,86190,86790,in_service_layover,67.71706813621276,73.95812852375558,35.199580585741444,600,10.0,23:56:30,24:06:30,False,,no_dispenser,0
2161264,heavy,802.0,51.0,40-ft,BTC,3,SUN,14859077,14859113,245,245,61070,61070,Capilano University @ Bay 2,Capilano University @ Bay 2,61070,Capilano University,89730,90390,in_service_layover,67.48549191149915,74.29005252716175,38.37772187233696,660,11.0,24:55:30,25:06:30,False,,no_dispenser,0
2162585,heavy,701.0,51.0,40-ft,PCT,3,SUN,14886339,14878871,N9,701,53161,53161,Coquitlam Central Station @ Bay 6,Coquitlam Central Station @ Bay 6,53161,Coquitlam Central Station,21570,22110,in_service_layover,62.84668281504303,69.1338526455739,35.45963784419405,540,9.0,05:59:30,06:08:30,True,1,,1
2162587,heavy,701.0,52.0,40-ft,PCT,3,SUN,14886340,14878870,N9,701,53161,53161,Coquitlam Central Station @ Bay 6,Coquitlam Central Station @ Bay 6,53161,Coquitlam Central Station,23610,24030,in_service_layover,62.84668281504303,67.8468161058557,28.200751760183437,420,7.0,06:33:30,06:40:30,True,1,,1
2160819,heavy,151.0,51.0,40-ft,PCT,3,SUN,14886341,14850134,N9,151,53161,53021,Coquitlam Central Station @ Bay 6,Coquitlam Central Station @ Bay 3,53161,Coquitlam Central Station,25470,26610,in_service_layover,62.84668281504303,74.50520225177837,65.75404962318731,1140,19.0,07:04:30,07:23:30,True,1,,1
2162582,heavy,701.0,53.0,40-ft,PCT,3,SUN,14886342,14878887,N9,701,53161,53161,Coquitlam Central Station @ Bay 6,Coquitlam Central Station @ Bay 6,53161,Coquitlam Central Station,27390,28110,in_service_layover,62.84668281504303,70.93142852800364,45.59796582109783,720,12.0,07:36:30,07:48:30,True,1,,1
2162585,heavy,701.0,51.0,40-ft,PCT,3,SUN,14878931,14878886,701,701,53864,53161,Coquitlam Central Station @ Bay 10,Coquitlam Central Station @ Bay 6,53864,Coquitlam Central Station,28410,29010,in_service_layover,52.376173530814164,60.21554213298853,44.214038916263405,600,10.0,07:53:30,08:03:30,True,1,,1
2160849,heavy,152.0,51.0,40-ft,PCT,3,SUN,14886343,14855152,N9,188,53161,53495,Coquitlam Central Station @ Bay 6,Coquitlam Central Station @ Bay 8,53161,Coquitlam Central Station,28470,28710,in_service_layover,62.84668281504303,65.79010206728685,16.60088458265517,240,4.0,07:54:30,07:58:30,False,,busy,1
2162584,heavy,701.0,54.0,40-ft,PCT,3,SUN,14886335,14878885,N9,701,53161,53161,Coquitlam Central Station @ Bay 6,Coquitlam Central Station @ Bay 6,53161,Coquitlam Central Station,29190,29910,in_service_layover,62.84668281504303,70.93142852800364,45.59796582109783,720,12.0,08:06:30,08:18:30,True,1,,1
2160819,heavy,151.0,51.0,40-ft,PCT,3,SUN,14850093,14855530,151,191,53864,53887,Coquitlam Central Station @ Bay 10,Coquitlam Central Station @ Bay 11,53864,Coquitlam Central Station,29550,30810,in_service_layover,68.33768359517379,79.30794980933484,61.87230144786838,1260,21.0,08:12:30,08:33:30,False,,busy,1
2162587,heavy,701.0,52.0,40-ft,PCT,3,SUN,14878930,14878884,701,701,53864,53161,Coquitlam Central Station @ Bay 10,Coquitlam Central Station @ Bay 6,53864,Coquitlam Central Station,30210,30810,in_service_layover,51.08913699109598,58.92999369797821,44.22243182681581,600,10.0,08:23:30,08:33:30,True,1,,1
2160852,heavy,152.0,53.0,40-ft,PCT,3,SUN,14886336,14855154,N9,188,53161,53495,Coquitlam Central Station @ Bay 6,Coquitlam Central Station @ Bay 8,53161,Coquitlam Central Station,30990,32310,in_service_layover,62.84668281504303,75.77566305084073,72.91944852989906,1320,22.0,08:36:30,08:58:30,True,1,,1
2162589,heavy,701.0,55.0,40-ft,PCT,3,SUN,14878928,14878882,701,701,53864,53161,Coquitlam Central Station @ Bay 10,Coquitlam Central Station @ Bay 6,53864,Coquitlam Central Station,32130,32610,in_service_layover,63.31895304091635,68.92369045463866,31.61071901339386,480,8.0,08:55:30,09:03:30,False,,busy,1
2162582,heavy,701.0,53.0,40-ft,PCT,3,SUN,14878965,14878906,701,701,53864,53161,Coquitlam Central Station @ Bay 10,Coquitlam Central Station @ Bay 6,53864,Coquitlam Central Station,33030,33510,in_service_layover,63.65680707137393,69.22702703183882,31.416040577021988,480,8.0,09:10:30,09:18:30,True,1,,1
2160849,heavy,152.0,51.0,40-ft,PCT,3,SUN,14855187,14850346,188,152,53161,53864,Coquitlam Central Station @ Bay 6,Coquitlam Central Station @ Bay 10,53161,Coquitlam Central Station,33210,34110,in_service_layover,67.2388390576374,76.04176325985779,49.648492500522934,900,15.0,09:13:30,09:28:30,False,,busy,1
2160437,heavy,152.0,52.0,40-ft,PCT,3,SUN,14851983,14852023,169,169,53864,53887,Coquitlam Central Station @ Bay 10,Coquitlam Central Station @ Bay 11,53864,Coquitlam Central Station,33450,34110,in_service_layover,67.09195905356755,73.95785261419005,38.72363968191087,660,11.0,09:17:30,09:28:30,False,,busy,1
2162583,heavy,701.0,56.0,40-ft,PCT,3,SUN,14878964,14878905,701,701,53864,53161,Coquitlam Central Station @ Bay 10,Coquitlam Central Station @ Bay 6,53864,Coquitlam Central Station,33930,34410,in_service_layover,63.31895304091635,68.92369045463866,31.61071901339386,480,8.0,09:25:30,09:33:30,True,1,,1
2160436,heavy,151.0,55.0,40-ft,PCT,3,SUN,14851365,14851394,159,159,53864,53299,Coquitlam Central Station @ Bay 10,Coquitlam Central Station @ Bay 1,53864,Coquitlam Central Station,34830,35910,in_service_layover,67.93259852229858,77.84611223212362,55.91221732341319,1080,18.0,09:40:30,09:58:30,True,1,,1
2162584,heavy,701.0,54.0,40-ft,PCT,3,SUN,14878963,14878881,701,701,53864,53161,Coquitlam Central Station @ Bay 10,Coquitlam Central Station @ Bay 6,53864,Coquitlam Central Station,34890,35310,in_service_layover,62.38035283573791,67.42023524037644,28.424936762161337,420,7.0,09:41:30,09:48:30,False,,busy,1
2162585,heavy,701.0,51.0,40-ft,PCT,3,SUN,14878962,14878880,701,701,53864,53161,Coquitlam Central Station @ Bay 10,Coquitlam Central Station @ Bay 6,53864,Coquitlam Central Station,35790,36210,in_service_layover,43.4578630182288,48.798800114138665,30.122885220931636,420,7.0,09:56:30,10:03:30,False,,busy,1
2162586,heavy,701.0,57.0,40-ft,PCT,3,SUN,14878961,14878879,701,701,53864,53161,Coquitlam Central Station @ Bay 10,Coquitlam Central Station @ Bay 6,53864,Coquitlam Central Station,36810,37110,in_service_layover,67.30921010201779,70.67579658210342,18.98754774768304,300,5.0,10:13:30,10:18:30,True,1,,1
2160850,heavy,152.0,59.0,40-ft,PCT,3,SUN,14850331,14855158,152,188,53864,53495,Coquitlam Central Station @ Bay 10,Coquitlam Central Station @ Bay 8,53864,Coquitlam Central Station,36810,37710,in_service_layover,67.73332510991386,76.42971893428019,49.04766116942602,900,15.0,10:13:30,10:28:30,False,,busy,1
2160819,heavy,151.0,51.0,40-ft,PCT,3,SUN,14850082,14855534,151,191,53864,53887,Coquitlam Central Station @ Bay 10,Coquitlam Central Station @ Bay 11,53864,Coquitlam Central Station,36930,38070,in_service_layover,68.02798586222971,78.31478779626319,58.017562907948786,1140,19.0,10:15:30,10:34:30,False,,busy,1
2160852,heavy,152.0,53.0,40-ft,PCT,3,SUN,14855192,14850353,188,152,53161,53864,Coquitlam Central Station @ Bay 6,Coquitlam Central Station @ Bay 10,53161,Coquitlam Central Station,36990,37710,in_service_layover,67.295656010767,74.6455757729555,41.45354745874312,720,12.0,10:16:30,10:28:30,False,,busy,1
2160888,heavy,152.0,54.0,40-ft,PCT,3,SUN,14851985,14852025,169,169,53864,53887,Coquitlam Central Station @ Bay 10,Coquitlam Central Station @ Bay 11,53864,Coquitlam Central Station,37170,37710,in_service_layover,68.6135478046929,74.19448488294385,31.47648512133543,540,9.0,10:19:30,10:28:30,True,1,,1
2162587,heavy,701.0,52.0,40-ft,PCT,3,SUN,14878960,14878878,701,701,53864,53161,Coquitlam Central Station @ Bay 10,Coquitlam Central Station @ Bay 6,53864,Coquitlam Central Station,37710,38010,in_service_layover,42.17231458321848,45.974531751843614,21.444504831045748,300,5.0,10:28:30,10:33:30,True,1,,1
2160820,heavy,151.0,56.0,40-ft,PCT,3,SUN,14855561,14850142,191,151,53864,53021,Coquitlam Central Station @ Bay 10,Coquitlam Central Station @ Bay 3,53864,Coquitlam Central Station,38550,39210,in_service_layover,66.64822145700278,73.58281470515855,39.11110591959863,660,11.0,10:42:30,10:53:30,True,1,,1
2160849,heavy,152.0,51.0,40-ft,PCT,3,SUN,14850332,14855156,152,188,53864,53495,Coquitlam Central Station @ Bay 10,Coquitlam Central Station @ Bay 8,53864,Coquitlam Central Station,38610,39510,in_service_layover,66.89270236946346,75.76984037990746,50.067058378904164,900,15.0,10:43:30,10:58:30,False,,busy,1
2162582,heavy,701.0,53.0,40-ft,PCT,3,SUN,14878959,14878874,701,701,53864,53161,Coquitlam Central Station @ Bay 10,Coquitlam Central Station @ Bay 6,53864,Coquitlam Central Station,38730,39450,in_service_layover,60.11206371838883,68.62429079541019,48.00896071440053,720,12.0,10:45:30,10:57:30,False,,busy,1
2162589,heavy,701.0,55.0,40-ft,PCT,3,SUN,14878958,14878873,701,701,53864,53161,Coquitlam Central Station @ Bay 10,Coquitlam Central Station @ Bay 6,53864,Coquitlam Central Station,39570,40410,in_service_layover,52.166011339878935,62.9496659787676,60.81981216333202,840,14.0,10:59:30,11:13:30,True,1,,1
2162584,heavy,701.0,54.0,40-ft,PCT,3,SUN,14878915,14878872,701,701,53864,53161,Coquitlam Central Station @ Bay 10,Coquitlam Central Station @ Bay 6,53864,Coquitlam Central Station,40530,41310,in_service_layover,57.68857648108159,67.2216018673309,53.76626317844614,780,13.0,11:15:30,11:28:30,True,1,,1
2160889,heavy,152.0,58.0,40-ft,PCT,3,SUN,14851987,14852050,169,169,53864,53887,Coquitlam Central Station @ Bay 10,Coquitlam Central Station @ Bay 11,53864,Coquitlam Central Station,40890,41310,in_service_layover,69.18785772145061,73.59432941580583,24.85250035616349,420,7.0,11:21:30,11:28:30,False,,busy,1
2162583,heavy,701.0,56.0,40-ft,PCT,3,SUN,14878914,14878898,701,701,53864,53161,Coquitlam Central Station @ Bay 10,Coquitlam Central Station @ Bay 6,53864,Coquitlam Central Station,41430,42090,in_service_layover,52.166011339878935,60.76431002250325,48.49440457000111,660,11.0,11:30:30,11:41:30,True,1,,1
2160436,heavy,151.0,55.0,40-ft,PCT,3,SUN,14851367,14851407,159,159,53864,53299,Coquitlam Central Station @ Bay 10,Coquitlam Central Station @ Bay 1,53864,Coquitlam Central Station,42330,43110,in_service_layover,64.78441363182034,73.09020017917912,46.844636127103456,780,13.0,11:45:30,11:58:30,True,1,,1
2160850,heavy,152.0,59.0,40-ft,PCT,3,SUN,14855195,14850356,188,152,53161,53864,Coquitlam Central Station @ Bay 6,Coquitlam Central Station @ Bay 10,53161,Coquitlam Central Station,42390,43110,in_service_layover,67.94971189420646,75.18749341684122,40.82108778766013,720,12.0,11:46:30,11:58:30,False,,busy,1
2160822,heavy,151.0,64.0,40-ft,PCT,3,SUN,14855563,14850111,191,151,53864,53021,Coquitlam Central Station @ Bay 10,Coquitlam Central Station @ Bay 3,53864,Coquitlam Central Station,42450,42810,in_service_layover,66.64822145700278,70.69039705526026,22.79787037417225,360,6.0,11:47:30,11:53:30,False,,busy,1
2162586,heavy,701.0,57.0,40-ft,PCT,3,SUN,14878957,14878846,701,701,53864,53161,Coquitlam Central Station @ Bay 10,Coquitlam Central Station @ Bay 6,53864,Coquitlam Central Station,42570,43110,in_service_layover,60.79021057260871,67.30941419878647,36.76830845164261,540,9.0,11:49:30,11:58:30,False,,busy,1
2162585,heavy,701.0,51.0,40-ft,PCT,3,SUN,14878956,14878845,701,701,53864,53161,Coquitlam Central Station @ Bay 10,Coquitlam Central Station @ Bay 6,53864,Coquitlam Central Station,43350,44010,in_service_layover,32.04112099937893,40.34221103483399,46.81814779996648,660,11.0,12:02:30,12:13:30,True,1,,1
2160821,heavy,151.0,61.0,40-ft,PCT,3,SUN,14855567,14850112,191,151,53864,53021,Coquitlam Central Station @ Bay 10,Coquitlam Central Station @ Bay 3,53864,Coquitlam Central Station,44190,44490,in_service_layover,65.38157141692687,68.87321801299876,19.692886801845418,300,5.0,12:16:30,12:21:30,True,1,,1
2160848,heavy,152.0,56.0,40-ft,PCT,3,SUN,14850335,14855161,152,188,53864,53495,Coquitlam Central Station @ Bay 10,Coquitlam Central Station @ Bay 8,53864,Coquitlam Central Station,44190,44910,in_service_layover,69.30161411333387,76.30427200789825,39.49499052534321,720,12.0,12:16:30,12:28:30,False,,busy,1
2160849,heavy,152.0,51.0,40-ft,PCT,3,SUN,14855176,14850357,188,152,53161,53864,Coquitlam Central Station @ Bay 6,Coquitlam Central Station @ Bay 10,53161,Coquitlam Central Station,44250,44910,in_service_layover,67.28983333983372,74.12493536304383,38.54997541090495,660,11.0,12:17:30,12:28:30,False,,busy,1
2160660,heavy,152.0,55.0,40-ft,PCT,3,SUN,14851989,14852028,169,169,53864,53887,Coquitlam Central Station @ Bay 10,Coquitlam Central Station @ Bay 11,53864,Coquitlam Central Station,44610,44910,in_service_layover,67.6809986583956,71.02241197778444,18.845571121353146,300,5.0,12:23:30,12:28:30,True,1,,1
2162587,heavy,701.0,52.0,40-ft,PCT,3,SUN,14878954,14878843,701,701,53864,53161,Coquitlam Central Station @ Bay 10,Coquitlam Central Station @ Bay 6,53864,Coquitlam Central Station,45390,45810,in_service_layover,29.21685263708388,34.46810057562906,29.61703837339479,420,7.0,12:36:30,12:43:30,True,1,,1
2160851,heavy,152.0,60.0,40-ft,PCT,3,SUN,14850336,14855162,152,188,53864,53495,Coquitlam Central Station @ Bay 10,Coquitlam Central Station @ Bay 8,53864,Coquitlam Central Station,45990,46710,in_service_layover,69.30161411333387,76.30427200789825,39.49499052534321,720,12.0,12:46:30,12:58:30,True,1,,1
2160911,heavy,151.0,54.0,40-ft,PCT,3,SUN,14851368,14851396,159,159,53864,53299,Coquitlam Central Station @ Bay 10,Coquitlam Central Station @ Bay 1,53864,Coquitlam Central Station,46050,46710,in_service_layover,68.253676557987,74.93741385146011,37.69627833518831,660,11.0,12:47:30,12:58:30,False,,busy,1
2160822,heavy,151.0,64.0,40-ft,PCT,3,SUN,14850079,14855539,151,191,53864,53887,Coquitlam Central Station @ Bay 10,Coquitlam Central Station @ Bay 11,53864,Coquitlam Central Station,46110,47130,in_service_layover,68.5473424398819,77.90470908544975,52.775547881002694,1020,17.0,12:48:30,13:05:30,False,,busy,1
2160820,heavy,151.0,56.0,40-ft,PCT,3,SUN,14855568,14850132,191,151,53864,53021,Coquitlam Central Station @ Bay 10,Coquitlam Central Station @ Bay 3,53864,Coquitlam Central Station,46170,46410,in_service_layover,66.0829038960425,68.87235034983348,15.732477999381103,240,4.0,12:49:30,12:53:30,False,,busy,1
2162589,heavy,701.0,55.0,40-ft,PCT,3,SUN,14878953,14878842,701,701,53864,53161,Coquitlam Central Station @ Bay 10,Coquitlam Central Station @ Bay 6,53864,Coquitlam Central Station,46290,46710,in_service_layover,54.904044060520505,60.41840206118118,31.100979123726233,420,7.0,12:51:30,12:58:30,False,,busy,1
2162582,heavy,701.0,53.0,40-ft,PCT,3,SUN,14878952,14878904,701,701,53864,53161,Coquitlam Central Station @ Bay 10,Coquitlam Central Station @ Bay 6,53864,Coquitlam Central Station,47190,47610,in_service_layover,51.86661168065048,57.34895132694127,30.920395605080046,420,7.0,13:06:30,13:13:30,True,1,,1
2160850,heavy,152.0,59.0,40-ft,PCT,3,SUN,14850337,14855163,152,188,53864,53495,Coquitlam Central Station @ Bay 10,Coquitlam Central Station @ Bay 8,53864,Coquitlam Central Station,47790,48510,in_service_layover,66.0384325264469,73.60094571211083,42.65257436714455,720,12.0,13:16:30,13:28:30,True,1,,1
2160819,heavy,151.0,51.0,40-ft,PCT,3,SUN,14855569,14850116,191,151,53864,53021,Coquitlam Central Station @ Bay 10,Coquitlam Central Station @ Bay 3,53864,Coquitlam Central Station,47910,48210,in_service_layover,65.73575876004033,69.20511270279529,19.567156237137965,300,5.0,13:18:30,13:23:30,False,,busy,1
2160821,heavy,151.0,61.0,40-ft,PCT,3,SUN,14850105,14855540,151,191,53864,53887,Coquitlam Central Station @ Bay 10,Coquitlam Central Station @ Bay 11,53864,Coquitlam Central Station,47910,48930,in_service_layover,68.13054814883715,77.58900329909086,53.345687047431,1020,17.0,13:18:30,13:35:30,False,,busy,1
2160890,heavy,152.0,57.0,40-ft,PCT,3,SUN,14851991,14852029,169,169,53864,53887,Coquitlam Central Station @ Bay 10,Coquitlam Central Station @ Bay 11,53864,Coquitlam Central Station,48270,48510,in_service_layover,66.59736661752395,69.36104428177471,15.587142026374295,240,4.0,13:24:30,13:28:30,False,,busy,1
2162584,heavy,701.0,54.0,40-ft,PCT,3,SUN,14878950,14878902,701,701,53864,53161,Coquitlam Central Station @ Bay 10,Coquitlam Central Station @ Bay 6,53864,Coquitlam Central Station,49050,49410,in_service_layover,50.463922752571186,55.12576832012619,26.292809001010255,360,6.0,13:37:30,13:43:30,True,1,,1
2160436,heavy,151.0,55.0,40-ft,PCT,3,SUN,14851369,14851397,159,159,53864,53299,Coquitlam Central Station @ Bay 10,Coquitlam Central Station @ Bay 1,53864,Coquitlam Central Station,49650,50310,in_service_layover,68.96138659944046,75.5325268437066,37.06123097766107,660,11.0,13:47:30,13:58:30,True,1,,1
2160820,heavy,151.0,56.0,40-ft,PCT,3,SUN,14850106,14855541,151,191,53864,53887,Coquitlam Central Station @ Bay 10,Coquitlam Central Station @ Bay 11,53864,Coquitlam Central Station,49710,50610,in_service_layover,66.8723773339831,75.75386381474387,50.0915837514907,900,15.0,13:48:30,14:03:30,False,,busy,1
2160848,heavy,152.0,56.0,40-ft,PCT,3,SUN,14855196,14850360,188,152,53161,53864,Coquitlam Central Station @ Bay 6,Coquitlam Central Station @ Bay 10,53161,Coquitlam Central Station,49770,50310,in_service_layover,67.82426496782452,73.50669862557797,32.0489258297294,540,9.0,13:49:30,13:58:30,False,,busy,1
2162585,heavy,701.0,51.0,40-ft,PCT,3,SUN,14878949,14878901,701,701,53864,53161,Coquitlam Central Station @ Bay 10,Coquitlam Central Station @ Bay 6,53864,Coquitlam Central Station,49830,50310,in_service_layover,30.585475357812854,36.600444944698054,33.924428470032495,480,8.0,13:50:30,13:58:30,False,,busy,1
2162586,heavy,701.0,57.0,40-ft,PCT,3,SUN,14878948,14878900,701,701,53864,53161,Coquitlam Central Station @ Bay 10,Coquitlam Central Station @ Bay 6,53864,Coquitlam Central Station,50790,51210,in_service_layover,50.55173508402675,56.00423506828922,30.752099911240293,420,7.0,14:06:30,14:13:30,True,1,,1
2160853,heavy,152.0,61.0,40-ft,PCT,3,SUN,14850310,14855165,152,188,53864,53495,Coquitlam Central Station @ Bay 10,Coquitlam Central Station @ Bay 8,53864,Coquitlam Central Station,51390,52110,in_service_layover,68.83255650110104,75.91730376039446,39.95797454241489,720,12.0,14:16:30,14:28:30,True,1,,1
2160819,heavy,151.0,51.0,40-ft,PCT,3,SUN,14850107,14855542,151,191,53864,53887,Coquitlam Central Station @ Bay 10,Coquitlam Central Station @ Bay 11,53864,Coquitlam Central Station,51510,52110,in_service_layover,67.17955949381405,73.496661218419,35.62845372677185,600,10.0,14:18:30,14:28:30,False,,busy,1
2160909,heavy,151.0,66.0,40-ft,PCT,3,SUN,14851385,14851411,159,159,53864,53299,Coquitlam Central Station @ Bay 10,Coquitlam Central Station @ Bay 1,53864,Coquitlam Central Station,51510,52110,in_service_layover,67.93259852229858,74.1429675239732,35.02648116944488,600,10.0,14:18:30,14:28:30,False,,busy,1
2160851,heavy,152.0,60.0,40-ft,PCT,3,SUN,14855197,14850361,188,152,53161,53864,Coquitlam Central Station @ Bay 6,Coquitlam Central Station @ Bay 10,53161,Coquitlam Central Station,51570,52110,in_service_layover,67.82426496782452,73.50669862557797,32.0489258297294,540,9.0,14:19:30,14:28:30,False,,busy,1
2160437,heavy,152.0,52.0,40-ft,PCT,3,SUN,14851993,14852031,169,169,53864,53887,Coquitlam Central Station @ Bay 10,Coquitlam Central Station @ Bay 11,53864,Coquitlam Central Station,51750,52110,in_service_layover,67.4999615881442,71.47276554004864,22.406614288741025,360,6.0,14:22:30,14:28:30,False,,busy,1
2162587,heavy,701.0,52.0,40-ft,PCT,3,SUN,14878947,14878899,701,701,53864,53161,Coquitlam Central Station @ Bay 10,Coquitlam Central Station @ Bay 6,53864,Coquitlam Central Station,51750,52110,in_service_layover,24.690925473391946,29.165196532988112,25.234888776122403,360,6.0,14:22:30,14:28:30,False,,busy,1
2162588,heavy,701.0,58.0,40-ft,PCT,3,SUN,14878946,14878897,701,701,53864,53161,Coquitlam Central Station @ Bay 10,Coquitlam Central Station @ Bay 6,53864,Coquitlam Central Station,52590,53010,in_service_layover,59.67748289752301,64.94530179159426,29.710498562561952,420,7.0,14:36:30,14:43:30,True,1,,1
2160852,heavy,152.0,53.0,40-ft,PCT,3,SUN,14850311,14855166,152,188,53864,53495,Coquitlam Central Station @ Bay 10,Coquitlam Central Station @ Bay 8,53864,Coquitlam Central Station,53190,53910,in_service_layover,69.6917400778385,76.62571047432294,39.10759303617226,720,12.0,14:46:30,14:58:30,True,1,,1
2160911,heavy,151.0,54.0,40-ft,PCT,3,SUN,14851370,14851398,159,159,53864,53299,Coquitlam Central Station @ Bay 10,Coquitlam Central Station @ Bay 1,53864,Coquitlam Central Station,53190,53910,in_service_layover,68.52373794517497,75.66223421238452,40.26111894706179,720,12.0,14:46:30,14:58:30,False,,busy,1
2162582,heavy,701.0,53.0,40-ft,PCT,3,SUN,14878927,14878896,701,701,53864,53161,Coquitlam Central Station @ Bay 10,Coquitlam Central Station @ Bay 6,53864,Coquitlam Central Station,53550,53910,in_service_layover,46.90091123916621,51.50619774900819,25.973815915508737,360,6.0,14:52:30,14:58:30,False,,busy,1
2162589,heavy,701.0,55.0,40-ft,PCT,3,SUN,14878926,14878895,701,701,53864,53161,Coquitlam Central Station @ Bay 10,Coquitlam Central Station @ Bay 6,53864,Coquitlam Central Station,54390,54750,in_service_layover,43.66072294642146,48.23486074691464,25.79813719478156,360,6.0,15:06:30,15:12:30,True,1,,1
2160819,heavy,151.0,51.0,40-ft,PCT,3,SUN,14855573,14850125,191,151,53864,53021,Coquitlam Central Station @ Bay 10,Coquitlam Central Station @ Bay 3,53864,Coquitlam Central Station,54810,55410,in_service_layover,68.38421592791845,74.529904878427,34.66168568086829,600,10.0,15:13:30,15:23:30,True,1,,1
2160910,heavy,151.0,67.0,40-ft,PCT,3,SUN,14851386,14851412,159,159,53864,53299,Coquitlam Central Station @ Bay 10,Coquitlam Central Station @ Bay 1,53864,Coquitlam Central Station,55050,55710,in_service_layover,69.56438528065168,76.03861486925516,36.514654879723594,660,11.0,15:17:30,15:28:30,False,,busy,1
2160849,heavy,152.0,51.0,40-ft,PCT,3,SUN,14855199,14850363,188,152,53161,53864,Coquitlam Central Station @ Bay 6,Coquitlam Central Station @ Bay 10,53161,Coquitlam Central Station,55170,55710,in_service_layover,69.70571980541347,75.14368146516102,30.670103760976247,540,9.0,15:19:30,15:28:30,False,,busy,1
2162584,heavy,701.0,54.0,40-ft,PCT,3,SUN,14878925,14878894,701,701,53864,53161,Coquitlam Central Station @ Bay 10,Coquitlam Central Station @ Bay 6,53864,Coquitlam Central Station,55410,55710,in_service_layover,45.43130946538325,49.249686928373045,21.53564889126244,300,5.0,15:23:30,15:28:30,True,1,,1
2160888,heavy,152.0,54.0,40-ft,PCT,3,SUN,14851995,14852033,169,169,53864,53887,Coquitlam Central Station @ Bay 10,Coquitlam Central Station @ Bay 11,53864,Coquitlam Central Station,55470,55710,in_service_layover,67.2723160233152,70.00119767919911,15.390892539185188,240,4.0,15:24:30,15:28:30,False,,busy,1
2162583,heavy,701.0,56.0,40-ft,PCT,3,SUN,14878924,14878893,701,701,53864,53161,Coquitlam Central Station @ Bay 10,Coquitlam Central Station @ Bay 6,53864,Coquitlam Central Station,55710,56010,in_service_layover,35.97301841592463,39.74827191675633,21.292429744690793,300,5.0,15:28:30,15:33:30,True,1,,1
2160822,heavy,151.0,64.0,40-ft,PCT,3,SUN,14855574,14850131,191,151,53864,53021,Coquitlam Central Station @ Bay 10,Coquitlam Central Station @ Bay 3,53864,Coquitlam Central Station,56610,57210,in_service_layover,65.36120090020624,71.93027249699274,37.04956380587589,600,10.0,15:43:30,15:53:30,True,1,,1
2160436,heavy,151.0,55.0,40-ft,PCT,3,SUN,14851371,14851399,159,159,53864,53299,Coquitlam Central Station @ Bay 10,Coquitlam Central Station @ Bay 1,53864,Coquitlam Central Station,56790,57510,in_service_layover,69.02392058886471,76.07524224442128,39.769454137339096,720,12.0,15:46:30,15:58:30,False,,busy,1
2160820,heavy,151.0,56.0,40-ft,PCT,3,SUN,14850103,14855545,151,191,53864,53887,Coquitlam Central Station @ Bay 10,Coquitlam Central Station @ Bay 11,53864,Coquitlam Central Station,56790,57630,in_service_layover,68.50232551972192,76.58714244452635,45.59836745589695,840,14.0,15:46:30,16:00:30,False,,busy,1
2160853,heavy,152.0,61.0,40-ft,PCT,3,SUN,14855200,14850364,188,152,53161,53864,Coquitlam Central Station @ Bay 6,Coquitlam Central Station @ Bay 10,53161,Coquitlam Central Station,56970,57510,in_service_layover,67.43729672032073,73.16893088154552,32.32641666930783,540,9.0,15:49:30,15:58:30,False,,busy,1
2162586,heavy,701.0,57.0,40-ft,PCT,3,SUN,14878923,14878892,701,701,53864,53161,Coquitlam Central Station @ Bay 10,Coquitlam Central Station @ Bay 6,53864,Coquitlam Central Station,57150,57510,in_service_layover,45.54339374759637,50.13339384484097,25.887600548459545,360,6.0,15:52:30,15:58:30,False,,busy,1
2160890,heavy,152.0,57.0,40-ft,PCT,3,SUN,14851996,14852034,169,169,53864,53887,Coquitlam Central Station @ Bay 10,Coquitlam Central Station @ Bay 11,53864,Coquitlam Central Station,57270,57510,in_service_layover,66.85346589226772,69.60407268930301,15.513422335279017,240,4.0,15:54:30,15:58:30,True,1,,1
2160821,heavy,151.0,61.0,40-ft,PCT,3,SUN,14855575,14850118,191,151,53864,53021,Coquitlam Central Station @ Bay 10,Coquitlam Central Station @ Bay 3,53864,Coquitlam Central Station,58410,59010,in_service_layover,65.07255958869894,71.68087868451136,37.27091970038208,600,10.0,16:13:30,16:23:30,True,1,,1
2160850,heavy,152.0,59.0,40-ft,PCT,3,SUN,14850314,14855169,152,188,53864,53495,Coquitlam Central Station @ Bay 10,Coquitlam Central Station @ Bay 8,53864,Coquitlam Central Station,58590,59310,in_service_layover,68.38875998558078,75.55067567247468,40.39320447408153,720,12.0,16:16:30,16:28:30,False,,busy,1
2160909,heavy,151.0,66.0,40-ft,PCT,3,SUN,14851387,14851413,159,159,53864,53299,Coquitlam Central Station @ Bay 10,Coquitlam Central Station @ Bay 1,53864,Coquitlam Central Station,58590,59310,in_service_layover,67.85465974879223,75.10880341026906,40.91337025072943,720,12.0,16:16:30,16:28:30,False,,busy,1
2160819,heavy,151.0,51.0,40-ft,PCT,3,SUN,14850104,14855546,151,191,53864,53887,Coquitlam Central Station @ Bay 10,Coquitlam Central Station @ Bay 11,53864,Coquitlam Central Station,58590,59430,in_service_layover,68.36238622182242,76.47560975946693,45.75858075231503,840,14.0,16:16:30,16:30:30,False,,busy,1
2160852,heavy,152.0,53.0,40-ft,PCT,3,SUN,14855201,14850365,188,152,53161,53864,Coquitlam Central Station @ Bay 6,Coquitlam Central Station @ Bay 10,53161,Coquitlam Central Station,58770,59310,in_service_layover,68.14570343424921,73.78698742183207,31.81684168996736,540,9.0,16:19:30,16:28:30,False,,busy,1
2162588,heavy,701.0,58.0,40-ft,PCT,3,SUN,14878921,14878890,701,701,53864,53161,Coquitlam Central Station @ Bay 10,Coquitlam Central Station @ Bay 6,53864,Coquitlam Central Station,59010,59310,in_service_layover,55.32234849466603,59.275782682961655,22.297368821987277,300,5.0,16:23:30,16:28:30,True,1,,1
2160849,heavy,152.0,51.0,40-ft,PCT,3,SUN,14850315,14855170,152,188,53864,53495,Coquitlam Central Station @ Bay 10,Coquitlam Central Station @ Bay 8,53864,Coquitlam Central Station,60390,61110,in_service_layover,65.9946205747667,73.56447180894047,42.693960960740014,720,12.0,16:46:30,16:58:30,True,1,,1
2160911,heavy,151.0,54.0,40-ft,PCT,3,SUN,14851372,14851400,159,159,53864,53299,Coquitlam Central Station @ Bay 10,Coquitlam Central Station @ Bay 1,53864,Coquitlam Central Station,60390,61110,in_service_layover,69.132821901986,76.16508348272548,39.66195531537062,720,12.0,16:46:30,16:58:30,False,,busy,1
2160848,heavy,152.0,56.0,40-ft,PCT,3,SUN,14855202,14850366,188,152,53161,53864,Coquitlam Central Station @ Bay 6,Coquitlam Central Station @ Bay 10,53161,Coquitlam Central Station,60570,61110,in_service_layover,67.83709308295951,73.51788924696085,32.039690364967555,540,9.0,16:49:30,16:58:30,False,,busy,1
2162589,heavy,701.0,55.0,40-ft,PCT,3,SUN,14878919,14878888,701,701,53864,53161,Coquitlam Central Station @ Bay 10,Coquitlam Central Station @ Bay 6,53864,Coquitlam Central Station,60690,61110,in_service_layover,40.0306912618366,45.34778749059626,29.98842273020449,420,7.0,16:51:30,16:58:30,False,,busy,1
2162582,heavy,701.0,53.0,40-ft,PCT,3,SUN,14878918,14878859,701,701,53864,53161,Coquitlam Central Station @ Bay 10,Coquitlam Central Station @ Bay 6,53864,Coquitlam Central Station,61470,62010,in_service_layover,34.74851863424846,41.552473371644716,38.374304718914885,540,9.0,17:04:30,17:13:30,True,1,,1
2160851,heavy,152.0,60.0,40-ft,PCT,3,SUN,14855203,14850367,188,152,53161,53864,Coquitlam Central Station @ Bay 6,Coquitlam Central Station @ Bay 10,53161,Coquitlam Central Station,62250,62910,in_service_layover,68.39989395084653,75.0604696811544,37.56564711893634,660,11.0,17:17:30,17:28:30,True,1,,1
2160910,heavy,151.0,67.0,40-ft,PCT,3,SUN,14851388,14851414,159,159,53864,53299,Coquitlam Central Station @ Bay 10,Coquitlam Central Station @ Bay 1,53864,Coquitlam Central Station,62250,62910,in_service_layover,69.44859192220623,75.94150079417933,36.62000603792819,660,11.0,17:17:30,17:28:30,False,,busy,1
2162583,heavy,701.0,56.0,40-ft,PCT,3,SUN,14878917,14878869,701,701,53864,53161,Coquitlam Central Station @ Bay 10,Coquitlam Central Station @ Bay 6,53864,Coquitlam Central Station,62370,62910,in_service_layover,36.81764054617659,43.63779454326832,38.46566854359739,540,9.0,17:19:30,17:28:30,False,,busy,1
2162584,heavy,701.0,54.0,40-ft,PCT,3,SUN,14878939,14878868,701,701,53864,53161,Coquitlam Central Station @ Bay 10,Coquitlam Central Station @ Bay 6,53864,Coquitlam Central Station,63270,63810,in_service_layover,32.49200781361331,39.278296214106746,38.27466657878293,540,9.0,17:34:30,17:43:30,True,1,,1
2160822,heavy,151.0,64.0,40-ft,PCT,3,SUN,14855578,14850127,191,151,53864,53021,Coquitlam Central Station @ Bay 10,Coquitlam Central Station @ Bay 3,53864,Coquitlam Central Station,63870,64410,in_service_layover,65.73955660390999,71.68269068158128,33.519276198066166,540,9.0,17:44:30,17:53:30,True,1,,1
2160436,heavy,151.0,55.0,40-ft,PCT,3,SUN,14851373,14851401,159,159,53864,53299,Coquitlam Central Station @ Bay 10,Coquitlam Central Station @ Bay 1,53864,Coquitlam Central Station,63990,64710,in_service_layover,69.47930273495817,76.45072272139427,39.31880872349956,720,12.0,17:46:30,17:58:30,False,,busy,1
2160850,heavy,152.0,59.0,40-ft,PCT,3,SUN,14855204,14850368,188,152,53161,53864,Coquitlam Central Station @ Bay 6,Coquitlam Central Station @ Bay 10,53161,Coquitlam Central Station,64050,64710,in_service_layover,67.07066863240094,73.9398694810996,38.74229278666047,660,11.0,17:47:30,17:58:30,False,,busy,1
2160821,heavy,151.0,61.0,40-ft,PCT,3,SUN,14855579,14850128,191,151,53864,53021,Coquitlam Central Station @ Bay 10,Coquitlam Central Station @ Bay 3,53864,Coquitlam Central Station,65550,66390,in_service_layover,65.51840301730415,74.19849440794125,48.9557154431933,840,14.0,18:12:30,18:26:30,True,1,,1
2160890,heavy,152.0,57.0,40-ft,PCT,3,SUN,14852001,14852039,169,169,53864,53887,Coquitlam Central Station @ Bay 10,Coquitlam Central Station @ Bay 11,53864,Coquitlam Central Station,66090,66510,in_service_layover,67.09231585995128,71.70592728943966,26.020768462314436,420,7.0,18:21:30,18:28:30,False,,busy,1
2160820,heavy,151.0,56.0,40-ft,PCT,3,SUN,14855580,14850129,191,151,53864,53021,Coquitlam Central Station @ Bay 10,Coquitlam Central Station @ Bay 3,53864,Coquitlam Central Station,67350,68010,in_service_layover,65.3354530975358,72.47045264616557,40.24139745427192,660,11.0,18:42:30,18:53:30,True,1,,1
2162582,heavy,701.0,53.0,40-ft,PCT,3,SUN,14878934,14878864,701,701,53864,53161,Coquitlam Central Station @ Bay 10,Coquitlam Central Station @ Bay 6,53864,Coquitlam Central Station,67410,67650,in_service_layover,32.55618511178641,35.562489318371085,16.955555725137515,240,4.0,18:43:30,18:47:30,False,,busy,1
2160851,heavy,152.0,60.0,40-ft,PCT,3,SUN,14850319,14855174,152,188,53864,53495,Coquitlam Central Station @ Bay 10,Coquitlam Central Station @ Bay 8,53864,Coquitlam Central Station,67650,68310,in_service_layover,65.91140879076008,72.95900587274507,39.748447542395354,660,11.0,18:47:30,18:58:30,False,,busy,1
2160853,heavy,152.0,61.0,40-ft,PCT,3,SUN,14855206,14850352,188,152,53161,53864,Coquitlam Central Station @ Bay 6,Coquitlam Central Station @ Bay 10,53161,Coquitlam Central Station,67650,68310,in_service_layover,68.15087994950674,74.85087025523977,37.7879453243342,660,11.0,18:47:30,18:58:30,False,,busy,1
2160889,heavy,152.0,58.0,40-ft,PCT,3,SUN,14852002,14852040,169,169,53864,53887,Coquitlam Central Station @ Bay 10,Coquitlam Central Station @ Bay 11,53864,Coquitlam Central Station,67890,68310,in_service_layover,66.47274017646436,71.14552364871514,26.35449878349442,420,7.0,18:51:30,18:58:30,False,,busy,1
2162589,heavy,701.0,55.0,40-ft,PCT,3,SUN,14878933,14878863,701,701,53864,53161,Coquitlam Central Station @ Bay 10,Coquitlam Central Station @ Bay 6,53864,Coquitlam Central Station,68310,68610,in_service_layover,28.590108375836536,32.3332501129619,21.111319397387035,300,5.0,18:58:30,19:03:30,True,1,,1
2162584,heavy,701.0,54.0,40-ft,PCT,3,SUN,14878916,14878862,701,701,53864,53161,Coquitlam Central Station @ Bay 10,Coquitlam Central Station @ Bay 6,53864,Coquitlam Central Station,69090,69510,in_service_layover,30.272116483390388,35.52979019935057,29.65327975801543,420,7.0,19:11:30,19:18:30,True,1,,1
2160819,heavy,151.0,51.0,40-ft,PCT,3,SUN,14855581,14850130,191,151,53864,53021,Coquitlam Central Station @ Bay 10,Coquitlam Central Station @ Bay 3,53864,Coquitlam Central Station,69090,69810,in_service_layover,65.23644433952045,72.93253847452486,43.40597092142491,720,12.0,19:11:30,19:23:30,False,,busy,1
2160821,heavy,151.0,61.0,40-ft,PCT,3,SUN,14850078,14855551,151,191,53864,53887,Coquitlam Central Station @ Bay 10,Coquitlam Central Station @ Bay 11,53864,Coquitlam Central Station,69390,70410,in_service_layover,68.03097575133667,77.51367716441335,53.48243596975249,1020,17.0,19:16:30,19:33:30,False,,busy,1
2160852,heavy,152.0,53.0,40-ft,PCT,3,SUN,14855207,14850341,188,152,53161,53864,Coquitlam Central Station @ Bay 6,Coquitlam Central Station @ Bay 10,53161,Coquitlam Central Station,69450,70110,in_service_layover,68.60619186286806,75.23399909020148,37.38083276216048,660,11.0,19:17:30,19:28:30,False,,busy,1
2162583,heavy,701.0,56.0,40-ft,PCT,3,SUN,14878913,14878861,701,701,53864,53161,Coquitlam Central Station @ Bay 10,Coquitlam Central Station @ Bay 6,53864,Coquitlam Central Station,69990,70410,in_service_layover,26.880115428508596,32.117134363348,29.53678679249424,420,7.0,19:26:30,19:33:30,True,1,,1
2160822,heavy,151.0,64.0,40-ft,PCT,3,SUN,14855582,14850143,191,151,53864,53021,Coquitlam Central Station @ Bay 10,Coquitlam Central Station @ Bay 3,53864,Coquitlam Central Station,70830,71610,in_service_layover,65.52001040940894,73.69328573936025,46.097272860925386,780,13.0,19:40:30,19:53:30,True,1,,1
2160848,heavy,152.0,56.0,40-ft,PCT,3,SUN,14855208,14850342,188,152,53161,53864,Coquitlam Central Station @ Bay 6,Coquitlam Central Station @ Bay 10,53161,Coquitlam Central Station,71010,71910,in_service_layover,68.40813557480844,76.95817448202286,48.22221943668927,900,15.0,19:43:30,19:58:30,False,,busy,1
2160849,heavy,152.0,51.0,40-ft,PCT,3,SUN,14850321,14855138,152,188,53864,53495,Coquitlam Central Station @ Bay 10,Coquitlam Central Station @ Bay 8,53864,Coquitlam Central Station,71010,71910,in_service_layover,69.95909059700192,78.1685074510598,46.30111105688644,900,15.0,19:43:30,19:58:30,False,,busy,1
2160660,heavy,152.0,55.0,40-ft,PCT,3,SUN,14852004,14852042,169,169,53864,53887,Coquitlam Central Station @ Bay 10,Coquitlam Central Station @ Bay 11,53864,Coquitlam Central Station,71490,71850,in_service_layover,66.6553410832486,70.6969441858107,22.794641498450176,360,6.0,19:51:30,19:57:30,False,,busy,1
2162582,heavy,701.0,53.0,40-ft,PCT,3,SUN,14878909,14878857,701,701,53864,53161,Coquitlam Central Station @ Bay 10,Coquitlam Central Station @ Bay 6,53864,Coquitlam Central Station,72630,73110,in_service_layover,25.039101394281648,31.015436153823916,33.706528043818395,480,8.0,20:10:30,20:18:30,True,1,,1
2160888,heavy,152.0,54.0,40-ft,PCT,3,SUN,14852005,14852043,169,169,53864,53887,Coquitlam Central Station @ Bay 10,Coquitlam Central Station @ Bay 11,53864,Coquitlam Central Station,73110,73710,in_service_layover,67.89778975140634,74.11312356301151,35.05448269745318,600,10.0,20:18:30,20:28:30,True,1,,1
2162588,heavy,701.0,58.0,40-ft,PCT,3,SUN,14878910,14878856,701,701,53864,53161,Coquitlam Central Station @ Bay 10,Coquitlam Central Station @ Bay 6,53864,Coquitlam Central Station,73470,73770,in_service_layover,25.760424453442187,29.491256574293367,21.041893161600626,300,5.0,20:24:30,20:29:30,False,,busy,1
2160852,heavy,152.0,53.0,40-ft,PCT,3,SUN,14850323,14855140,152,188,53864,53495,Coquitlam Central Station @ Bay 10,Coquitlam Central Station @ Bay 8,53864,Coquitlam Central Station,74310,75630,in_service_layover,66.08493819980716,78.0625506657654,67.5537343080045,1320,22.0,20:38:30,21:00:30,True,1,,1
2162584,heavy,701.0,54.0,40-ft,PCT,3,SUN,14878908,14878855,701,701,53864,53161,Coquitlam Central Station @ Bay 10,Coquitlam Central Station @ Bay 6,53864,Coquitlam Central Station,74430,74970,in_service_layover,25.756309328915417,32.489911257971194,37.977514879874576,540,9.0,20:40:30,20:49:30,False,,busy,1
2160911,heavy,151.0,54.0,40-ft,PCT,3,SUN,14851376,14851404,159,159,53864,53299,Coquitlam Central Station @ Bay 10,Coquitlam Central Station @ Bay 1,53864,Coquitlam Central Station,74430,75510,in_service_layover,67.40613048470206,77.45252911797265,56.66168829164616,1080,18.0,20:40:30,20:58:30,False,,busy,1
2160820,heavy,151.0,56.0,40-ft,PCT,3,SUN,14855564,14850113,191,151,53864,53021,Coquitlam Central Station @ Bay 10,Coquitlam Central Station @ Bay 3,53864,Coquitlam Central Station,74490,75210,in_service_layover,66.21804406560992,73.75042370156041,42.48262114676078,720,12.0,20:41:30,20:53:30,False,,busy,1
2160848,heavy,152.0,56.0,40-ft,PCT,3,SUN,14850324,14855142,152,188,53864,53495,Coquitlam Central Station @ Bay 10,Coquitlam Central Station @ Bay 8,53864,Coquitlam Central Station,76110,77490,in_service_layover,67.80911359162852,79.65940254943415,66.83562972202367,1380,23.0,21:08:30,21:31:30,True,1,,1
2160819,heavy,151.0,51.0,40-ft,PCT,3,SUN,14855565,14850114,191,151,53864,53021,Coquitlam Central Station @ Bay 10,Coquitlam Central Station @ Bay 3,53864,Coquitlam Central Station,76290,77010,in_service_layover,66.62678493620794,74.09029354371081,42.09418854631622,720,12.0,21:11:30,21:23:30,False,,busy,1
2160888,heavy,152.0,54.0,40-ft,PCT,3,SUN,14852007,14852045,169,169,53864,53887,Coquitlam Central Station @ Bay 10,Coquitlam Central Station @ Bay 11,53864,Coquitlam Central Station,76710,77310,in_service_layover,67.51220617878596,73.7823320751884,35.36351005570981,600,10.0,21:18:30,21:28:30,False,,busy,1
2160822,heavy,151.0,64.0,40-ft,PCT,3,SUN,14855566,14850136,191,151,53864,53021,Coquitlam Central Station @ Bay 10,Coquitlam Central Station @ Bay 3,53864,Coquitlam Central Station,77970,78810,in_service_layover,67.2985643207393,75.62616409581483,46.967662731425946,840,14.0,21:39:30,21:53:30,True,1,,1
2160436,heavy,151.0,55.0,40-ft,PCT,3,SUN,14851377,14851390,159,159,53864,53299,Coquitlam Central Station @ Bay 10,Coquitlam Central Station @ Bay 1,53864,Coquitlam Central Station,77970,79110,in_service_layover,68.39330840359443,78.58593134814669,57.486393407274704,1140,19.0,21:39:30,21:58:30,False,,busy,1
2160890,heavy,152.0,57.0,40-ft,PCT,3,SUN,14852008,14852046,169,169,53864,53887,Coquitlam Central Station @ Bay 10,Coquitlam Central Station @ Bay 11,53864,Coquitlam Central Station,78570,79110,in_service_layover,68.09369436698186,73.74165373959688,31.85449086154881,540,9.0,21:49:30,21:58:30,False,,busy,1
2160850,heavy,152.0,59.0,40-ft,PCT,3,SUN,14850326,14855143,152,188,53864,53495,Coquitlam Central Station @ Bay 10,Coquitlam Central Station @ Bay 8,53864,Coquitlam Central Station,79290,79710,in_service_layover,64.73024962851606,69.56438148219019,27.264503654722034,420,7.0,22:01:30,22:08:30,True,1,,1
2160821,heavy,151.0,61.0,40-ft,PCT,3,SUN,14855584,14903088,191,191,53864,53887,Coquitlam Central Station @ Bay 10,Coquitlam Central Station @ Bay 11,53864,Coquitlam Central Station,79830,81270,in_service_layover,67.2389602444257,79.61328855502157,69.79121167176066,1440,24.0,22:10:30,22:34:30,True,1,,1
2160819,heavy,151.0,51.0,40-ft,PCT,3,SUN,14850087,14850140,151,151,53864,53021,Coquitlam Central Station @ Bay 10,Coquitlam Central Station @ Bay 3,53864,Coquitlam Central Station,80070,80610,in_service_layover,67.92277488710623,73.59262425306632,31.97795042401492,540,9.0,22:14:30,22:23:30,False,,busy,1
2160911,heavy,151.0,54.0,40-ft,PCT,3,SUN,14852009,14852047,169,169,53864,53887,Coquitlam Central Station @ Bay 10,Coquitlam Central Station @ Bay 11,53864,Coquitlam Central Station,80070,80790,in_service_layover,67.4086620244406,74.73928263231112,41.344700228389684,720,12.0,22:14:30,22:26:30,False,,busy,1
2160852,heavy,152.0,53.0,40-ft,PCT,3,SUN,14855179,14855144,188,188,53161,53495,Coquitlam Central Station @ Bay 6,Coquitlam Central Station @ Bay 8,53161,Coquitlam Central Station,80130,81570,in_service_layover,69.58254362569166,81.27369916960009,65.93811726764363,1440,24.0,22:15:30,22:39:30,False,,busy,1
2160893,heavy,152.0,63.0,40-ft,PCT,3,SUN,14851378,14851405,159,159,53864,53299,Coquitlam Central Station @ Bay 10,Coquitlam Central Station @ Bay 1,53864,Coquitlam Central Station,81570,82710,in_service_layover,64.04071899648237,75.38331512286132,63.972242152777255,1140,19.0,22:39:30,22:58:30,True,1,,1
2160822,heavy,151.0,64.0,40-ft,PCT,3,SUN,14850073,14850121,151,151,53864,53021,Coquitlam Central Station @ Bay 10,Coquitlam Central Station @ Bay 3,53864,Coquitlam Central Station,81870,82410,in_service_layover,69.45864543921024,74.92920931319634,30.85398024928162,540,9.0,22:44:30,22:53:30,False,,busy,1
2160890,heavy,152.0,57.0,40-ft,PCT,3,SUN,14852010,14852048,169,169,53864,53887,Coquitlam Central Station @ Bay 10,Coquitlam Central Station @ Bay 11,53864,Coquitlam Central Station,82110,82470,in_service_layover,67.14073635537135,71.14301615195613,22.572858052738184,360,6.0,22:48:30,22:54:30,False,,busy,1
2160853,heavy,152.0,61.0,40-ft,PCT,3,SUN,14850325,14855145,152,188,53864,53495,Coquitlam Central Station @ Bay 10,Coquitlam Central Station @ Bay 8,53864,Coquitlam Central Station,82890,83370,in_service_layover,68.712545109747,73.73266137957447,28.3134557618269,480,8.0,23:01:30,23:09:30,True,1,,1
2160850,heavy,152.0,59.0,40-ft,PCT,3,SUN,14855185,14855146,188,188,53161,53495,Coquitlam Central Station @ Bay 6,Coquitlam Central Station @ Bay 8,53161,Coquitlam Central Station,83670,84870,in_service_layover,68.17856910690477,78.81376890083357,59.98252683775837,1200,20.0,23:14:30,23:34:30,True,1,,1
2160911,heavy,151.0,54.0,40-ft,PCT,3,SUN,14852011,14852049,169,169,53864,53887,Coquitlam Central Station @ Bay 10,Coquitlam Central Station @ Bay 11,53864,Coquitlam Central Station,83850,84450,in_service_layover,68.13836524808556,74.31932722689606,34.8606255604912,600,10.0,23:17:30,23:27:30,False,,busy,1
2160892,heavy,152.0,62.0,40-ft,PCT,3,SUN,14851379,14851406,159,159,53864,53299,Coquitlam Central Station @ Bay 10,Coquitlam Central Station @ Bay 1,53864,Coquitlam Central Station,85050,85950,in_service_layover,65.99050736661418,75.05969427783845,51.150214179304896,900,15.0,23:37:30,23:52:30,True,1,,1
2160822,heavy,151.0,64.0,40-ft,PCT,3,SUN,14850074,14850122,151,151,53864,53021,Coquitlam Central Station @ Bay 10,Coquitlam Central Station @ Bay 3,53864,Coquitlam Central Station,85410,86010,in_service_layover,68.76169065659175,74.85293229203468,34.35460282389806,600,10.0,23:43:30,23:53:30,False,,busy,1
2160848,heavy,152.0,56.0,40-ft,PCT,3,SUN,14850339,14855147,152,188,53864,53495,Coquitlam Central Station @ Bay 10,Coquitlam Central Station @ Bay 8,53864,Coquitlam Central Station,86190,86610,in_service_layover,65.4638600614235,70.23097337191977,26.886519071198904,420,7.0,23:56:30,24:03:30,True,1,,1
2160819,heavy,151.0,51.0,40-ft,PCT,3,SUN,14850075,14850117,151,151,53864,53021,Coquitlam Central Station @ Bay 10,Coquitlam Central Station @ Bay 3,53864,Coquitlam Central Station,87210,87810,in_service_layover,67.69856538613588,73.94225511510673,35.21441007139566,600,10.0,24:13:30,24:23:30,True,1,,1
2160822,heavy,151.0,64.0,40-ft,PCT,3,SUN,14850089,14886345,151,N9,53864,53161,Coquitlam Central Station @ Bay 10,Coquitlam Central Station @ Bay 6,53864,Coquitlam Central Station,88950,89490,in_service_layover,68.6854136354301,74.25703336624511,31.423935281796673,540,9.0,24:42:30,24:51:30,True,1,,1
2160852,heavy,152.0,53.0,40-ft,PCT,3,SUN,14850327,14855149,152,188,53864,53495,Coquitlam Central Station @ Bay 10,Coquitlam Central Station @ Bay 8,53864,Coquitlam Central Station,89790,90210,in_service_layover,66.3396443894836,71.02501587471119,26.42549517668357,420,7.0,24:56:30,25:03:30,True,1,,1
2160819,heavy,151.0,51.0,40-ft,PCT,3,SUN,14850091,14886346,151,N9,53864,53161,Coquitlam Central Station @ Bay 10,Coquitlam Central Station @ Bay 6,53864,Coquitlam Central Station,90750,91110,in_service_layover,67.77473645850215,71.72477936865937,22.278242013286672,360,6.0,25:12:30,25:18:30,True,1,,1
2160911,heavy,151.0,54.0,40-ft,PCT,3,SUN,14886337,14886347,N9,N9,53161,53161,Coquitlam Central Station @ Bay 6,Coquitlam Central Station @ Bay 6,53161,Coquitlam Central Station,92430,92910,in_service_layover,58.62888606187469,64.69349211682865,34.204378149940396,480,8.0,25:40:30,25:48:30,True,1,,1
2160890,heavy,152.0,57.0,40-ft,PCT,3,SUN,14886329,14886349,N9,N9,53161,53161,Coquitlam Central Station @ Bay 6,Coquitlam Central Station @ Bay 6,53161,Coquitlam Central Station,94890,95190,in_service_layover,40.22409884637,44.0178423043511,21.396713103013383,300,5.0,26:21:30,26:26:30,True,1,,1
2159360,heavy,22.0,1.0,40-ft,VTC,3,SUN,14827979,14827892,002,002,50640,50640,Dunbar Loop @ Bay 2,Dunbar Loop @ Bay 2,50640,Dunbar Loop,30030,30690,in_service_layover,68.15832111750979,74.85713543944567,37.78131277571845,660,11.0,08:20:30,08:31:30,False,,no_dispenser,0
2159356,heavy,22.0,2.0,40-ft,VTC,3,SUN,14827980,14827893,002,002,50640,50640,Dunbar Loop @ Bay 2,Dunbar Loop @ Bay 2,50640,Dunbar Loop,30810,31470,in_service_layover,68.15832111750979,74.85713543944567,37.78131277571845,660,11.0,08:33:30,08:44:30,False,,no_dispenser,0
2159355,heavy,22.0,3.0,40-ft,VTC,3,SUN,14827982,14827895,002,002,50640,50640,Dunbar Loop @ Bay 2,Dunbar Loop @ Bay 2,50640,Dunbar Loop,32310,32850,in_service_layover,68.15832111750979,73.79798492546847,31.807703876887047,540,9.0,08:58:30,09:07:30,False,,no_dispenser,0
2159360,heavy,22.0,1.0,40-ft,VTC,3,SUN,14827985,14827899,002,002,50640,50640,Dunbar Loop @ Bay 2,Dunbar Loop @ Bay 2,50640,Dunbar Loop,34710,35670,in_service_layover,65.32152832670086,75.00579760580575,54.61927873415152,960,16.0,09:38:30,09:54:30,False,,no_dispenser,0
2159358,heavy,22.0,5.0,40-ft,VTC,3,SUN,14827987,14827901,002,002,50640,50640,Dunbar Loop @ Bay 2,Dunbar Loop @ Bay 2,50640,Dunbar Loop,36270,37110,in_service_layover,68.15832111750979,76.31288326921076,45.99173053559355,840,14.0,10:04:30,10:18:30,False,,no_dispenser,0
2159362,heavy,22.0,4.0,40-ft,VTC,3,SUN,14827989,14827903,002,002,50640,50640,Dunbar Loop @ Bay 2,Dunbar Loop @ Bay 2,50640,Dunbar Loop,37710,38490,in_service_layover,61.655218351193206,70.50981478024752,49.939923859866326,780,13.0,10:28:30,10:41:30,False,,no_dispenser,0
2159356,heavy,22.0,2.0,40-ft,VTC,3,SUN,14827991,14827905,002,002,50640,50640,Dunbar Loop @ Bay 2,Dunbar Loop @ Bay 2,50640,Dunbar Loop,39150,39930,in_service_layover,58.8184255603843,68.17021439449947,52.744089024409504,780,13.0,10:52:30,11:05:30,False,,no_dispenser,0
2159355,heavy,22.0,3.0,40-ft,VTC,3,SUN,14827993,14827907,002,002,50640,50640,Dunbar Loop @ Bay 2,Dunbar Loop @ Bay 2,50640,Dunbar Loop,40710,41310,in_service_layover,57.7592750464071,65.29588360353551,42.506472262204284,600,10.0,11:18:30,11:28:30,False,,no_dispenser,0
2159357,heavy,22.0,6.0,40-ft,VTC,3,SUN,14827995,14827909,002,002,50640,50640,Dunbar Loop @ Bay 2,Dunbar Loop @ Bay 2,50640,Dunbar Loop,42150,42750,in_service_layover,61.655218351193206,68.71261782506923,39.80373303266077,600,10.0,11:42:30,11:52:30,False,,no_dispenser,0
2159360,heavy,22.0,1.0,40-ft,VTC,3,SUN,14827997,14827911,002,002,50640,50640,Dunbar Loop @ Bay 2,Dunbar Loop @ Bay 2,50640,Dunbar Loop,43590,44190,in_service_layover,58.967087726744374,66.36924184250408,41.748149212884755,600,10.0,12:06:30,12:16:30,False,,no_dispenser,0
2159358,heavy,22.0,5.0,40-ft,VTC,3,SUN,14827999,14827914,002,002,50640,50640,Dunbar Loop @ Bay 2,Dunbar Loop @ Bay 2,50640,Dunbar Loop,45030,45870,in_service_layover,60.274173390149386,69.94732400923934,54.55656949166729,840,14.0,12:30:30,12:44:30,False,,no_dispenser,0
2159362,heavy,22.0,4.0,40-ft,VTC,3,SUN,14828001,14827916,002,002,50640,50640,Dunbar Loop @ Bay 2,Dunbar Loop @ Bay 2,50640,Dunbar Loop,46470,47070,in_service_layover,54.47110490118615,62.24954133765228,43.87038150166893,600,10.0,12:54:30,13:04:30,False,,no_dispenser,0
2159356,heavy,22.0,2.0,40-ft,VTC,3,SUN,14828003,14827919,002,002,50640,50640,Dunbar Loop @ Bay 2,Dunbar Loop @ Bay 2,50640,Dunbar Loop,47910,48870,in_service_layover,52.13150451543809,64.3042675427144,68.65438347383838,960,16.0,13:18:30,13:34:30,False,,no_dispenser,0
2159358,heavy,22.0,5.0,40-ft,VTC,3,SUN,14828007,14827923,002,002,50640,50640,Dunbar Loop @ Bay 2,Dunbar Loop @ Bay 2,50640,Dunbar Loop,50490,51270,in_service_layover,60.411716896494525,69.47770841538248,51.13219216652806,780,13.0,14:01:30,14:14:30,False,,no_dispenser,0
2159362,heavy,22.0,4.0,40-ft,VTC,3,SUN,14828009,14827925,002,002,50640,50640,Dunbar Loop @ Bay 2,Dunbar Loop @ Bay 2,50640,Dunbar Loop,51690,52530,in_service_layover,52.71393422490747,63.4603656972196,60.60987350384039,840,14.0,14:21:30,14:35:30,False,,no_dispenser,0
2159360,heavy,22.0,1.0,40-ft,VTC,3,SUN,14828011,14827927,002,002,50640,50640,Dunbar Loop @ Bay 2,Dunbar Loop @ Bay 2,50640,Dunbar Loop,52890,53730,in_service_layover,50.330531963442716,61.202722075388685,61.319152231375256,840,14.0,14:41:30,14:55:30,False,,no_dispenser,0
2159355,heavy,22.0,3.0,40-ft,VTC,3,SUN,14828013,14827929,002,002,50640,50640,Dunbar Loop @ Bay 2,Dunbar Loop @ Bay 2,50640,Dunbar Loop,54090,54930,in_service_layover,42.754070958157584,53.54511042257318,60.861462579303975,840,14.0,15:01:30,15:15:30,False,,no_dispenser,0
2159357,heavy,22.0,6.0,40-ft,VTC,3,SUN,14828015,14827931,002,002,50640,50640,Dunbar Loop @ Bay 2,Dunbar Loop @ Bay 2,50640,Dunbar Loop,55290,56130,in_service_layover,46.1708051796913,57.06099724609932,61.420683254541245,840,14.0,15:21:30,15:35:30,False,,no_dispenser,0
2159356,heavy,22.0,2.0,40-ft,VTC,3,SUN,14828019,14827935,002,002,50640,50640,Dunbar Loop @ Bay 2,Dunbar Loop @ Bay 2,50640,Dunbar Loop,57750,58530,in_service_layover,48.26555766365303,58.40676630511092,57.19641673782252,780,13.0,16:02:30,16:15:30,False,,no_dispenser,0
2159361,heavy,22.0,7.0,40-ft,VTC,3,SUN,14828021,14827937,002,002,50640,50640,Dunbar Loop @ Bay 2,Dunbar Loop @ Bay 2,50640,Dunbar Loop,58950,59730,in_service_layover,61.655218351193206,70.50981478024752,49.939923859866326,780,13.0,16:22:30,16:35:30,False,,no_dispenser,0
2159358,heavy,22.0,5.0,40-ft,VTC,3,SUN,14828023,14827939,002,002,50640,50640,Dunbar Loop @ Bay 2,Dunbar Loop @ Bay 2,50640,Dunbar Loop,60150,60930,in_service_layover,53.438998536321115,63.43182351619614,56.359532886495174,780,13.0,16:42:30,16:55:30,False,,no_dispenser,0
2159362,heavy,22.0,4.0,40-ft,VTC,3,SUN,14828025,14827941,002,002,50640,50640,Dunbar Loop @ Bay 2,Dunbar Loop @ Bay 2,50640,Dunbar Loop,61350,62190,in_service_layover,47.42165581815823,58.3279241088608,61.511353159562475,840,14.0,17:02:30,17:16:30,False,,no_dispenser,0
2159360,heavy,22.0,1.0,40-ft,VTC,3,SUN,14828027,14827943,002,002,50640,50640,Dunbar Loop @ Bay 2,Dunbar Loop @ Bay 2,50640,Dunbar Loop,62550,63390,in_service_layover,45.164012196327306,56.02833568121049,61.274784454741166,840,14.0,17:22:30,17:36:30,False,,no_dispenser,0
2159355,heavy,22.0,3.0,40-ft,VTC,3,SUN,14828029,14827945,002,002,50640,50640,Dunbar Loop @ Bay 2,Dunbar Loop @ Bay 2,50640,Dunbar Loop,63750,64710,in_service_layover,37.506400543511816,49.73155007085121,68.94984333419421,960,16.0,17:42:30,17:58:30,False,,no_dispenser,0
2159357,heavy,22.0,6.0,40-ft,VTC,3,SUN,14828031,14827947,002,002,50640,50640,Dunbar Loop @ Bay 2,Dunbar Loop @ Bay 2,50640,Dunbar Loop,64950,65910,in_service_layover,41.022287367037954,53.345867019325574,69.50498923890223,960,16.0,18:02:30,18:18:30,False,,no_dispenser,0
2159359,heavy,22.0,8.0,40-ft,VTC,3,SUN,14828033,14827948,002,002,50640,50640,Dunbar Loop @ Bay 2,Dunbar Loop @ Bay 2,50640,Dunbar Loop,66150,66810,in_service_layover,55.15211558487665,63.61082863705491,47.707141614285376,660,11.0,18:22:30,18:33:30,False,,no_dispenser,0
2159356,heavy,22.0,2.0,40-ft,VTC,3,SUN,14828035,14827949,002,002,50640,50640,Dunbar Loop @ Bay 2,Dunbar Loop @ Bay 2,50640,Dunbar Loop,67230,67710,in_service_layover,42.36805642604955,48.46820854688802,34.40485796152899,480,8.0,18:40:30,18:48:30,False,,no_dispenser,0
2159361,heavy,22.0,7.0,40-ft,VTC,3,SUN,14828037,14827950,002,002,50640,50640,Dunbar Loop @ Bay 2,Dunbar Loop @ Bay 2,50640,Dunbar Loop,68430,68610,in_service_layover,54.47110490118615,56.82597475020443,13.281465948463108,180,3.0,19:00:30,19:03:30,False,,no_dispenser,0
2159355,heavy,22.0,3.0,40-ft,VTC,3,SUN,14828038,14827951,002,002,50640,50640,Dunbar Loop @ Bay 2,Dunbar Loop @ Bay 2,50640,Dunbar Loop,69030,69510,in_service_layover,40.19594295810641,46.27779328724902,34.30163585636433,480,8.0,19:10:30,19:18:30,False,,no_dispenser,0
2159357,heavy,22.0,6.0,40-ft,VTC,3,SUN,14828040,14827952,002,002,50640,50640,Dunbar Loop @ Bay 2,Dunbar Loop @ Bay 2,50640,Dunbar Loop,70230,70470,in_service_layover,43.810259906580775,46.85572354364276,17.17641491302959,240,4.0,19:30:30,19:34:30,False,,no_dispenser,0
2159359,heavy,22.0,8.0,40-ft,VTC,3,SUN,14828041,14827953,002,002,50640,50640,Dunbar Loop @ Bay 2,Dunbar Loop @ Bay 2,50640,Dunbar Loop,71130,71370,in_service_layover,54.0752215243101,57.216592686403224,17.71733335420521,240,4.0,19:45:30,19:49:30,False,,no_dispenser,0
2159356,heavy,22.0,2.0,40-ft,VTC,3,SUN,14828042,14827954,002,002,50640,50640,Dunbar Loop @ Bay 2,Dunbar Loop @ Bay 2,50640,Dunbar Loop,72030,72270,in_service_layover,38.93260143414322,41.961092878348275,17.08069174531653,240,4.0,20:00:30,20:04:30,False,,no_dispenser,0
2159361,heavy,22.0,7.0,40-ft,VTC,3,SUN,14828043,14827955,002,002,50640,50640,Dunbar Loop @ Bay 2,Dunbar Loop @ Bay 2,50640,Dunbar Loop,72930,73170,in_service_layover,47.29036763745963,50.35221561593944,17.268822598626173,240,4.0,20:15:30,20:19:30,False,,no_dispenser,0
2159355,heavy,22.0,3.0,40-ft,VTC,3,SUN,14828044,14827956,002,002,50640,50640,Dunbar Loop @ Bay 2,Dunbar Loop @ Bay 2,50640,Dunbar Loop,73830,74250,in_service_layover,36.74218617450421,42.03925783614422,29.875484171649646,420,7.0,20:30:30,20:37:30,False,,no_dispenser,0
2159357,heavy,22.0,6.0,40-ft,VTC,3,SUN,14828045,14827957,002,002,50640,50640,Dunbar Loop @ Bay 2,Dunbar Loop @ Bay 2,50640,Dunbar Loop,74610,75150,in_service_layover,37.320116430897954,44.14420433700704,38.48785579045523,540,9.0,20:43:30,20:52:30,False,,no_dispenser,0
2159359,heavy,22.0,8.0,40-ft,VTC,3,SUN,14828046,14827958,002,002,50640,50640,Dunbar Loop @ Bay 2,Dunbar Loop @ Bay 2,50640,Dunbar Loop,75510,76050,in_service_layover,47.68098557365841,54.64757653444767,39.29157301885141,540,9.0,20:58:30,21:07:30,False,,no_dispenser,0
2159356,heavy,22.0,2.0,40-ft,VTC,3,SUN,14828047,14827959,002,002,50640,50640,Dunbar Loop @ Bay 2,Dunbar Loop @ Bay 2,50640,Dunbar Loop,76410,76950,in_service_layover,32.425485765603476,39.21125336163149,38.27172924159805,540,9.0,21:13:30,21:22:30,False,,no_dispenser,0
2159361,heavy,22.0,7.0,40-ft,VTC,3,SUN,14828048,14827960,002,002,50640,50640,Dunbar Loop @ Bay 2,Dunbar Loop @ Bay 2,50640,Dunbar Loop,77310,77850,in_service_layover,40.816608503194644,47.6700700767565,38.653523274888926,540,9.0,21:28:30,21:37:30,False,,no_dispenser,0
2159355,heavy,22.0,3.0,40-ft,VTC,3,SUN,14828049,14827961,002,002,50640,50640,Dunbar Loop @ Bay 2,Dunbar Loop @ Bay 2,50640,Dunbar Loop,78090,78750,in_service_layover,32.50365072339941,40.80916663148103,46.84310972158028,660,11.0,21:41:30,21:52:30,False,,no_dispenser,0
2159357,heavy,22.0,6.0,40-ft,VTC,3,SUN,14828050,14827962,002,002,50640,50640,Dunbar Loop @ Bay 2,Dunbar Loop @ Bay 2,50640,Dunbar Loop,78990,79650,in_service_layover,34.608597224262226,42.93425502726373,46.95671000892844,660,11.0,21:56:30,22:07:30,False,,no_dispenser,0
2159359,heavy,22.0,8.0,40-ft,VTC,3,SUN,14828051,14827963,002,002,50640,50640,Dunbar Loop @ Bay 2,Dunbar Loop @ Bay 2,50640,Dunbar Loop,79890,80550,in_service_layover,45.11196942170287,53.595781570515186,47.84870051930153,660,11.0,22:11:30,22:22:30,False,,no_dispenser,0
2159356,heavy,22.0,2.0,40-ft,VTC,3,SUN,14828052,14827964,002,002,50640,50640,Dunbar Loop @ Bay 2,Dunbar Loop @ Bay 2,50640,Dunbar Loop,80790,81570,in_service_layover,29.67564624888669,39.472336572641154,55.25333342597517,780,13.0,22:26:30,22:39:30,False,,no_dispenser,0
2159361,heavy,22.0,7.0,40-ft,VTC,3,SUN,14828053,14827965,002,002,50640,50640,Dunbar Loop @ Bay 2,Dunbar Loop @ Bay 2,50640,Dunbar Loop,81570,82470,in_service_layover,38.1344629640117,49.59280700894993,64.62506041345165,900,15.0,22:39:30,22:54:30,False,,no_dispenser,0
2159355,heavy,22.0,3.0,40-ft,VTC,3,SUN,14828054,14827966,002,002,50640,50640,Dunbar Loop @ Bay 2,Dunbar Loop @ Bay 2,50640,Dunbar Loop,82470,83370,in_service_layover,31.27355951873622,42.61335413036813,63.956441609603985,900,15.0,22:54:30,23:09:30,False,,no_dispenser,0
2159357,heavy,22.0,6.0,40-ft,VTC,3,SUN,14828055,14827967,002,002,50640,50640,Dunbar Loop @ Bay 2,Dunbar Loop @ Bay 2,50640,Dunbar Loop,83370,84270,in_service_layover,33.39864791451892,44.76708964519325,64.11801136100323,900,15.0,23:09:30,23:24:30,False,,no_dispenser,0
2159355,heavy,22.0,3.0,40-ft,VTC,3,SUN,14828059,14827970,002,002,50640,50640,Dunbar Loop @ Bay 2,Dunbar Loop @ Bay 2,50640,Dunbar Loop,86970,87270,in_service_layover,33.077747017623324,36.84040761531749,21.22140577099509,300,5.0,24:09:30,24:14:30,False,,no_dispenser,0
2159357,heavy,22.0,6.0,40-ft,VTC,3,SUN,14828060,14827971,002,002,50640,50640,Dunbar Loop @ Bay 2,Dunbar Loop @ Bay 2,50640,Dunbar Loop,87870,88170,in_service_layover,35.231482532448446,39.00351074339572,21.27423910974261,300,5.0,24:24:30,24:29:30,False,,no_dispenser,0
2159356,heavy,22.0,2.0,40-ft,VTC,3,SUN,14828061,14827972,002,002,50640,50640,Dunbar Loop @ Bay 2,Dunbar Loop @ Bay 2,50640,Dunbar Loop,88650,89130,in_service_layover,20.40112234715154,26.34853482982424,33.54340640227403,480,8.0,24:37:30,24:45:30,False,,no_dispenser,0
2159361,heavy,22.0,7.0,40-ft,VTC,3,SUN,14828062,14827973,002,002,50640,50640,Dunbar Loop @ Bay 2,Dunbar Loop @ Bay 2,50640,Dunbar Loop,89550,90030,in_service_layover,30.521592783460328,36.536117801551605,33.921921102034815,480,8.0,24:52:30,25:00:30,False,,no_dispenser,0
2159355,heavy,22.0,3.0,40-ft,VTC,3,SUN,14828063,14827974,002,002,50640,50640,Dunbar Loop @ Bay 2,Dunbar Loop @ Bay 2,50640,Dunbar Loop,90630,91050,in_service_layover,27.304800502572686,32.54440545584431,29.551371936452,420,7.0,25:10:30,25:17:30,False,,no_dispenser,0
2159357,heavy,22.0,6.0,40-ft,VTC,3,SUN,14828064,14886143,002,N22,50640,50640,Dunbar Loop @ Bay 2,Dunbar Loop @ Bay 2,50640,Dunbar Loop,91410,92430,in_service_layover,29.46790363065091,42.31004882367835,72.42969888867478,1020,17.0,25:23:30,25:40:30,False,,no_dispenser,0
2159361,heavy,22.0,7.0,40-ft,VTC,3,SUN,14828066,14886144,002,N22,50640,50640,Dunbar Loop @ Bay 2,Dunbar Loop @ Bay 2,50640,Dunbar Loop,93210,94230,in_service_layover,27.0005106888068,39.80616756604243,72.22390478760897,1020,17.0,25:53:30,26:10:30,False,,no_dispenser,0
2159357,heavy,22.0,6.0,40-ft,VTC,3,SUN,14886146,14886145,N22,N22,50640,50640,Dunbar Loop @ Bay 2,Dunbar Loop @ Bay 2,50640,Dunbar Loop,95850,96030,in_service_layover,32.176715957874876,34.42894672623997,12.70258153357912,180,3.0,26:37:30,26:40:30,False,,no_dispenser,0
2160587,heavy,123.0,3.0,40-ft,HTC,3,SUN,14845236,14847932,112,133,52605,52992,Edmonds Station @ Bay 5,Edmonds Station @ Bay 2,52605,Edmonds Station,27750,27990,in_service_layover,67.86407690871592,70.56152814620692,15.213624979449264,240,4.0,07:42:30,07:46:30,False,,no_dispenser,0
2160586,heavy,123.0,2.0,40-ft,HTC,3,SUN,14845213,14847931,112,133,52605,52992,Edmonds Station @ Bay 5,Edmonds Station @ Bay 2,52605,Edmonds Station,29550,29850,in_service_layover,64.18211003089563,67.74695626754841,20.105732774721673,300,5.0,08:12:30,08:17:30,False,,no_dispenser,0
2160626,heavy,106.0,4.0,40-ft,HTC,3,SUN,14845838,14845943,119,119,52453,52453,Edmonds Station @ Bay 3,Edmonds Station @ Bay 3,52453,Edmonds Station,33330,33750,in_service_layover,66.37952312276099,71.06112759738275,26.40424923686669,420,7.0,09:15:30,09:22:30,False,,no_dispenser,0
2160588,heavy,123.0,9.0,40-ft,HTC,3,SUN,14847868,14845192,133,112,52992,52605,Edmonds Station @ Bay 2,Edmonds Station @ Bay 5,52992,Edmonds Station,33630,34350,in_service_layover,68.99501460076934,76.05139189396724,39.79796793363619,720,12.0,09:20:30,09:32:30,False,,no_dispenser,0
2160617,heavy,106.0,1.0,40-ft,HTC,3,SUN,14845461,14845472,116,116,52667,52667,Edmonds Station @ Bay 6,Edmonds Station @ Bay 6,52667,Edmonds Station,34530,35010,in_service_layover,67.00734178983673,72.22003276912491,29.399577123185338,480,8.0,09:35:30,09:43:30,False,,no_dispenser,0
2160587,heavy,123.0,3.0,40-ft,HTC,3,SUN,14847867,14845190,133,112,52992,52605,Edmonds Station @ Bay 2,Edmonds Station @ Bay 5,52992,Edmonds Station,35670,36090,in_service_layover,51.6863929971207,57.1646427808179,30.89732878005219,420,7.0,09:54:30,10:01:30,False,,no_dispenser,0
2160527,heavy,106.0,14.0,40-ft,HTC,3,SUN,14845454,14845473,116,116,52667,52667,Edmonds Station @ Bay 6,Edmonds Station @ Bay 6,52667,Edmonds Station,36330,36810,in_service_layover,68.81799139415857,73.82596408429698,28.24496597238067,480,8.0,10:05:30,10:13:30,False,,no_dispenser,0
2160630,heavy,106.0,9.0,40-ft,HTC,3,SUN,14844483,14844449,106,106,52992,52771,Edmonds Station @ Bay 2,Edmonds Station @ Bay 4,52992,Edmonds Station,36690,36870,in_service_layover,69.91671956172061,71.87962229251279,11.070771401667912,180,3.0,10:11:30,10:14:30,False,,no_dispenser,0
2160586,heavy,123.0,2.0,40-ft,HTC,3,SUN,14847900,14845196,133,112,52992,52605,Edmonds Station @ Bay 2,Edmonds Station @ Bay 5,52992,Edmonds Station,37470,37770,in_service_layover,48.8718211184622,52.72458968818899,21.729614733259098,300,5.0,10:24:30,10:29:30,False,,no_dispenser,0
2160589,heavy,106.0,8.0,40-ft,HTC,3,SUN,14845455,14845474,116,116,52667,52667,Edmonds Station @ Bay 6,Edmonds Station @ Bay 6,52667,Edmonds Station,38130,38610,in_service_layover,66.14494496176772,71.45230268401454,29.933497553471966,480,8.0,10:35:30,10:43:30,False,,no_dispenser,0
2160587,heavy,123.0,3.0,40-ft,HTC,3,SUN,14845212,14847926,112,133,52605,52992,Edmonds Station @ Bay 5,Edmonds Station @ Bay 2,52605,Edmonds Station,38610,38910,in_service_layover,54.893574879541205,58.84188550553786,22.26847193062116,300,5.0,10:43:30,10:48:30,False,,no_dispenser,0
2160521,heavy,106.0,5.0,40-ft,HTC,3,SUN,14844502,14844418,106,106,52992,52771,Edmonds Station @ Bay 2,Edmonds Station @ Bay 4,52992,Edmonds Station,38610,39570,in_service_layover,61.80167545780868,72.26225654449993,58.997677328938664,960,16.0,10:43:30,10:59:30,False,,no_dispenser,0
2164123,heavy,106.0,2.0,40-ft,HTC,3,SUN,14847899,14845179,133,112,52992,52605,Edmonds Station @ Bay 2,Edmonds Station @ Bay 5,52992,Edmonds Station,39330,39570,in_service_layover,51.6220039423408,54.731561936038666,17.53790708445598,240,4.0,10:55:30,10:59:30,False,,no_dispenser,0
2160628,heavy,106.0,12.0,40-ft,HTC,3,SUN,14844485,14844436,106,106,52992,52771,Edmonds Station @ Bay 2,Edmonds Station @ Bay 4,52992,Edmonds Station,39630,40290,in_service_layover,66.97180416757436,73.85634770828943,38.828825569632954,660,11.0,11:00:30,11:11:30,False,,no_dispenser,0
2160617,heavy,106.0,1.0,40-ft,HTC,3,SUN,14845458,14845463,116,116,52667,52667,Edmonds Station @ Bay 6,Edmonds Station @ Bay 6,52667,Edmonds Station,39930,40410,in_service_layover,67.04487365577312,72.2534026557302,29.376103559758008,480,8.0,11:05:30,11:13:30,False,,no_dispenser,0
2160586,heavy,123.0,2.0,40-ft,HTC,3,SUN,14845214,14847925,112,133,52605,52992,Edmonds Station @ Bay 5,Edmonds Station @ Bay 2,52605,Edmonds Station,40410,40830,in_service_layover,51.191976842237764,56.659006401161825,30.834046712331713,420,7.0,11:13:30,11:20:30,False,,no_dispenser,0
2160630,heavy,106.0,9.0,40-ft,HTC,3,SUN,14844460,14844438,106,106,52992,52771,Edmonds Station @ Bay 2,Edmonds Station @ Bay 4,52992,Edmonds Station,40530,41010,in_service_layover,67.5198560242103,72.67541914481967,29.07737600023688,480,8.0,11:15:30,11:23:30,False,,no_dispenser,0
2160626,heavy,106.0,4.0,40-ft,HTC,3,SUN,14845852,14845935,119,119,52453,52453,Edmonds Station @ Bay 3,Edmonds Station @ Bay 3,52453,Edmonds Station,40710,40950,in_service_layover,69.12029368017387,71.74816488187751,14.821193577608483,240,4.0,11:18:30,11:22:30,False,,no_dispenser,0
2160584,heavy,106.0,13.0,40-ft,HTC,3,SUN,14847898,14845182,133,112,52992,52605,Edmonds Station @ Bay 2,Edmonds Station @ Bay 5,52992,Edmonds Station,41250,41490,in_service_layover,57.344048434017516,60.510106468292605,17.856567313311473,240,4.0,11:27:30,11:31:30,False,,no_dispenser,0
2160520,heavy,106.0,6.0,40-ft,HTC,3,SUN,14844480,14844389,106,106,52992,52771,Edmonds Station @ Bay 2,Edmonds Station @ Bay 4,52992,Edmonds Station,41430,41730,in_service_layover,60.595579285892576,64.37243630209278,21.301473571369115,300,5.0,11:30:30,11:35:30,False,,no_dispenser,0
2160529,heavy,106.0,3.0,40-ft,HTC,3,SUN,14845851,14845934,119,119,52453,52453,Edmonds Station @ Bay 3,Edmonds Station @ Bay 3,52453,Edmonds Station,41670,41850,in_service_layover,69.02248112509804,71.0238541615326,11.287743925490815,180,3.0,11:34:30,11:37:30,False,,no_dispenser,0
2160527,heavy,106.0,14.0,40-ft,HTC,3,SUN,14845456,14845482,116,116,52667,52667,Edmonds Station @ Bay 6,Edmonds Station @ Bay 6,52667,Edmonds Station,41730,42210,in_service_layover,68.42679666390812,73.47968279287119,28.49827776735168,480,8.0,11:35:30,11:43:30,False,,no_dispenser,0
2164123,heavy,106.0,2.0,40-ft,HTC,3,SUN,14845232,14847924,112,133,52605,52992,Edmonds Station @ Bay 5,Edmonds Station @ Bay 2,52605,Edmonds Station,42210,42510,in_service_layover,53.22497537758623,57.14625501701841,22.116017166397455,300,5.0,11:43:30,11:48:30,False,,no_dispenser,0
2160585,heavy,123.0,8.0,40-ft,HTC,3,SUN,14845850,14845933,119,119,52453,52453,Edmonds Station @ Bay 3,Edmonds Station @ Bay 3,52453,Edmonds Station,42570,42750,in_service_layover,69.50994076040064,71.49058736689352,11.17084686061986,180,3.0,11:49:30,11:52:30,False,,no_dispenser,0
2160524,heavy,123.0,10.0,40-ft,HTC,3,SUN,14847897,14844450,133,106,52992,52771,Edmonds Station @ Bay 2,Edmonds Station @ Bay 4,52992,Edmonds Station,43290,45270,in_service_layover,53.41660776080389,74.11221774144018,116.72324029078868,1980,33.0,12:01:30,12:34:30,False,,no_dispenser,0
2160589,heavy,106.0,8.0,40-ft,HTC,3,SUN,14845459,14845483,116,116,52667,52667,Edmonds Station @ Bay 6,Edmonds Station @ Bay 6,52667,Edmonds Station,43530,44010,in_service_layover,65.79795120701668,71.14288231840291,30.1454114682183,480,8.0,12:05:30,12:13:30,False,,no_dispenser,0
2160628,heavy,106.0,12.0,40-ft,HTC,3,SUN,14844505,14844400,106,106,52992,52771,Edmonds Station @ Bay 2,Edmonds Station @ Bay 4,52992,Edmonds Station,44310,44550,in_service_layover,67.51451883738649,70.23064060498444,15.31892676925247,240,4.0,12:18:30,12:22:30,False,,no_dispenser,0
2160588,heavy,123.0,9.0,40-ft,HTC,3,SUN,14847896,14847922,133,133,52992,52992,Edmonds Station @ Bay 2,Edmonds Station @ Bay 2,52992,Edmonds Station,45090,46050,in_service_layover,52.53712416669109,64.67155459327061,68.43818760590852,960,16.0,12:31:30,12:47:30,False,,no_dispenser,0
2160529,heavy,106.0,3.0,40-ft,HTC,3,SUN,14845847,14845930,119,119,52453,52453,Edmonds Station @ Bay 3,Edmonds Station @ Bay 3,52453,Edmonds Station,45150,45390,in_service_layover,67.27833049248953,70.0068969961816,15.389115080823274,240,4.0,12:32:30,12:36:30,False,,no_dispenser,0
2160617,heavy,106.0,1.0,40-ft,HTC,3,SUN,14845460,14845484,116,116,52667,52667,Edmonds Station @ Bay 6,Edmonds Station @ Bay 6,52667,Edmonds Station,45330,45750,in_service_layover,66.50145321509363,71.17151565994686,26.339152188972207,420,7.0,12:35:30,12:42:30,False,,no_dispenser,0
2160520,heavy,106.0,6.0,40-ft,HTC,3,SUN,14844495,14844434,106,106,52992,52771,Edmonds Station @ Bay 2,Edmonds Station @ Bay 4,52992,Edmonds Station,45810,45990,in_service_layover,63.77037264853465,65.96645872482773,12.385925470293046,180,3.0,12:43:30,12:46:30,False,,no_dispenser,0
2160587,heavy,123.0,3.0,40-ft,HTC,3,SUN,14847895,14847921,133,133,52992,52992,Edmonds Station @ Bay 2,Edmonds Station @ Bay 2,52992,Edmonds Station,46830,47430,in_service_layover,39.966750356451655,47.580005410257826,42.93875850346683,600,10.0,13:00:30,13:10:30,False,,no_dispenser,0
2160527,heavy,106.0,14.0,40-ft,HTC,3,SUN,14845435,14845475,116,116,52667,52667,Edmonds Station @ Bay 6,Edmonds Station @ Bay 6,52667,Edmonds Station,47250,47610,in_service_layover,67.00346177322771,71.01692133611486,22.63591193468352,360,6.0,13:07:30,13:13:30,False,,no_dispenser,0
2160626,heavy,106.0,4.0,40-ft,HTC,3,SUN,14845898,14845927,119,119,52453,52453,Edmonds Station @ Bay 3,Edmonds Station @ Bay 3,52453,Edmonds Station,48030,48690,in_service_layover,66.81268560663703,73.72187383706455,38.96782161961113,660,11.0,13:20:30,13:31:30,False,,no_dispenser,0
2160628,heavy,106.0,12.0,40-ft,HTC,3,SUN,14844482,14845206,106,112,52992,52605,Edmonds Station @ Bay 2,Edmonds Station @ Bay 5,52992,Edmonds Station,48690,48930,in_service_layover,69.57075754213115,72.17273165351716,14.675133988217112,240,4.0,13:31:30,13:35:30,False,,no_dispenser,0
2160529,heavy,106.0,3.0,40-ft,HTC,3,SUN,14845897,14845978,119,119,52453,52453,Edmonds Station @ Bay 3,Edmonds Station @ Bay 3,52453,Edmonds Station,48750,49410,in_service_layover,64.2054871379001,71.50958769555317,41.19512714516321,660,11.0,13:32:30,13:43:30,False,,no_dispenser,0
2160586,heavy,123.0,2.0,40-ft,HTC,3,SUN,14847894,14847920,133,133,52992,52992,Edmonds Station @ Bay 2,Edmonds Station @ Bay 2,52992,Edmonds Station,48810,49230,in_service_layover,37.78387125207561,43.08728600645819,29.911259214717745,420,7.0,13:33:30,13:40:30,False,,no_dispenser,0
2160589,heavy,106.0,8.0,40-ft,HTC,3,SUN,14845436,14845476,116,116,52667,52667,Edmonds Station @ Bay 6,Edmonds Station @ Bay 6,52667,Edmonds Station,49050,49410,in_service_layover,64.91946538157129,69.09695053420374,23.561016260846998,360,6.0,13:37:30,13:43:30,False,,no_dispenser,0
2160524,heavy,123.0,10.0,40-ft,HTC,3,SUN,14844506,14844407,106,106,52992,52771,Edmonds Station @ Bay 2,Edmonds Station @ Bay 4,52992,Edmonds Station,49410,49590,in_service_layover,67.77038887053723,69.82231801485241,11.57288037393755,180,3.0,13:43:30,13:46:30,False,,no_dispenser,0
2160520,heavy,106.0,6.0,40-ft,HTC,3,SUN,14844478,14845178,106,112,52992,52605,Edmonds Station @ Bay 2,Edmonds Station @ Bay 5,52992,Edmonds Station,50130,50670,in_service_layover,65.82842467614547,71.76066432183539,33.457831601691055,540,9.0,13:55:30,14:04:30,False,,no_dispenser,0
2160617,heavy,106.0,1.0,40-ft,HTC,3,SUN,14845906,14845914,119,119,52453,52453,Edmonds Station @ Bay 3,Edmonds Station @ Bay 3,52453,Edmonds Station,50190,50850,in_service_layover,67.82022663034914,74.57231753437483,38.08179269870482,660,11.0,13:56:30,14:07:30,False,,no_dispenser,0
2164123,heavy,106.0,2.0,40-ft,HTC,3,SUN,14847893,14847919,133,133,52992,52992,Edmonds Station @ Bay 2,Edmonds Station @ Bay 2,52992,Edmonds Station,50670,51090,in_service_layover,38.2711198679322,43.57750160650761,29.927993005565355,420,7.0,14:04:30,14:11:30,False,,no_dispenser,0
2160629,heavy,106.0,16.0,40-ft,HTC,3,SUN,14845894,14845924,119,119,52453,52453,Edmonds Station @ Bay 3,Edmonds Station @ Bay 3,52453,Edmonds Station,51630,52290,in_service_layover,69.32779445433147,75.84015502506462,36.729713618934966,660,11.0,14:20:30,14:31:30,False,,no_dispenser,0
2160628,heavy,106.0,12.0,40-ft,HTC,3,SUN,14845219,14844452,112,106,52605,52771,Edmonds Station @ Bay 5,Edmonds Station @ Bay 4,52605,Edmonds Station,51870,52470,in_service_layover,67.53359907532722,73.8006950336622,35.34642120500928,600,10.0,14:24:30,14:34:30,False,,no_dispenser,0
2160521,heavy,106.0,5.0,40-ft,HTC,3,SUN,14844513,14845191,106,112,52992,52605,Edmonds Station @ Bay 2,Edmonds Station @ Bay 5,52992,Edmonds Station,52290,52530,in_service_layover,68.86992671217577,71.51197554293479,14.90115540548095,240,4.0,14:31:30,14:35:30,False,,no_dispenser,0
2160626,heavy,106.0,4.0,40-ft,HTC,3,SUN,14845893,14845979,119,119,52453,52453,Edmonds Station @ Bay 3,Edmonds Station @ Bay 3,52453,Edmonds Station,52350,53010,in_service_layover,67.92046397878305,74.6567884505584,37.992870020812916,660,11.0,14:32:30,14:43:30,False,,no_dispenser,0
2160584,heavy,106.0,13.0,40-ft,HTC,3,SUN,14847892,14847918,133,133,52992,52992,Edmonds Station @ Bay 2,Edmonds Station @ Bay 2,52992,Edmonds Station,52470,52830,in_service_layover,40.85917816803581,45.41799921401432,25.711750699318827,360,6.0,14:34:30,14:40:30,False,,no_dispenser,0
2160527,heavy,106.0,14.0,40-ft,HTC,3,SUN,14845438,14845478,116,116,52667,52667,Edmonds Station @ Bay 6,Edmonds Station @ Bay 6,52667,Edmonds Station,52650,53010,in_service_layover,64.1808192851673,68.413874308224,23.874430330039786,360,6.0,14:37:30,14:43:30,False,,no_dispenser,0
2160520,heavy,106.0,6.0,40-ft,HTC,3,SUN,14845209,14844410,112,106,52605,52771,Edmonds Station @ Bay 5,Edmonds Station @ Bay 4,52605,Edmonds Station,53670,53910,in_service_layover,67.12153174364546,69.85828406696216,15.435283103506208,240,4.0,14:54:30,14:58:30,False,,no_dispenser,0
2160524,heavy,123.0,10.0,40-ft,HTC,3,SUN,14844496,14845173,106,112,52992,52605,Edmonds Station @ Bay 2,Edmonds Station @ Bay 5,52992,Edmonds Station,53730,54330,in_service_layover,68.64725950240876,74.75504375691332,34.447903195405786,600,10.0,14:55:30,15:05:30,False,,no_dispenser,0
2160519,heavy,106.0,17.0,40-ft,HTC,3,SUN,14844530,14844392,106,106,52992,52771,Edmonds Station @ Bay 2,Edmonds Station @ Bay 4,52992,Edmonds Station,54450,54630,in_service_layover,68.71676806464681,70.73084120954253,11.359372537211925,180,3.0,15:07:30,15:10:30,False,,no_dispenser,0
2160588,heavy,123.0,9.0,40-ft,HTC,3,SUN,14847891,14847917,133,133,52992,52992,Edmonds Station @ Bay 2,Edmonds Station @ Bay 2,52992,Edmonds Station,54450,54690,in_service_layover,45.79641944418441,48.849243229633274,17.2179261499316,240,4.0,15:07:30,15:11:30,False,,no_dispenser,0
2160617,heavy,106.0,1.0,40-ft,HTC,3,SUN,14845891,14845921,119,119,52453,52453,Edmonds Station @ Bay 3,Edmonds Station @ Bay 3,52453,Edmonds Station,54510,55170,in_service_layover,68.77090767609334,75.37247439037529,37.232836268550216,660,11.0,15:08:30,15:19:30,False,,no_dispenser,0
2160589,heavy,106.0,8.0,40-ft,HTC,3,SUN,14845439,14845479,116,116,52667,52667,Edmonds Station @ Bay 6,Edmonds Station @ Bay 6,52667,Edmonds Station,54570,54810,in_service_layover,62.42953117044181,65.39267390469988,16.712125021215513,240,4.0,15:09:30,15:13:30,False,,no_dispenser,0
2160526,heavy,106.0,18.0,40-ft,HTC,3,SUN,14844516,14844406,106,106,52992,52771,Edmonds Station @ Bay 2,Edmonds Station @ Bay 4,52992,Edmonds Station,55170,55350,in_service_layover,67.27207868355065,69.34305430294197,11.680302493367037,180,3.0,15:19:30,15:22:30,False,,no_dispenser,0
2160521,heavy,106.0,5.0,40-ft,HTC,3,SUN,14845222,14844453,112,106,52605,52771,Edmonds Station @ Bay 5,Edmonds Station @ Bay 4,52605,Edmonds Station,55530,56070,in_service_layover,66.87284296474486,72.67558276391564,32.727452467323246,540,9.0,15:25:30,15:34:30,False,,no_dispenser,0
2160587,heavy,123.0,3.0,40-ft,HTC,3,SUN,14847890,14847916,133,133,52992,52992,Edmonds Station @ Bay 2,Edmonds Station @ Bay 2,52992,Edmonds Station,56070,56550,in_service_layover,28.704870261171617,34.70675242401174,33.850615398418284,480,8.0,15:34:30,15:42:30,False,,no_dispenser,0
2160618,heavy,106.0,19.0,40-ft,HTC,3,SUN,14845440,14845480,116,116,52667,52667,Edmonds Station @ Bay 6,Edmonds Station @ Bay 6,52667,Edmonds Station,56370,56610,in_service_layover,67.60149542225935,70.31299962378063,15.29288369658002,240,4.0,15:39:30,15:43:30,False,,no_dispenser,0
2160628,heavy,106.0,12.0,40-ft,HTC,3,SUN,14844466,14844399,106,106,52992,52771,Edmonds Station @ Bay 2,Edmonds Station @ Bay 4,52992,Edmonds Station,56610,56790,in_service_layover,67.45886616275925,69.52277398323315,11.64044010747267,180,3.0,15:43:30,15:46:30,False,,no_dispenser,0
2160626,heavy,106.0,4.0,40-ft,HTC,3,SUN,14845888,14845919,119,119,52453,52453,Edmonds Station @ Bay 3,Edmonds Station @ Bay 3,52453,Edmonds Station,56670,57330,in_service_layover,68.8553785922769,75.44346348879625,37.15679881636913,660,11.0,15:44:30,15:55:30,False,,no_dispenser,0
2160529,heavy,106.0,3.0,40-ft,HTC,3,SUN,14845908,14845913,119,119,52453,52453,Edmonds Station @ Bay 3,Edmonds Station @ Bay 3,52453,Edmonds Station,57390,58050,in_service_layover,69.05246375688586,75.60902411802122,36.97900043680352,660,11.0,15:56:30,16:07:30,False,,no_dispenser,0
2160586,heavy,123.0,2.0,40-ft,HTC,3,SUN,14847889,14847915,133,133,52992,52992,Edmonds Station @ Bay 2,Edmonds Station @ Bay 2,52992,Edmonds Station,57870,58410,in_service_layover,24.21215085737198,30.933415354123373,37.907931761677844,540,9.0,16:04:30,16:13:30,False,,no_dispenser,0
2160520,heavy,106.0,6.0,40-ft,HTC,3,SUN,14844531,14844446,106,106,52992,52771,Edmonds Station @ Bay 2,Edmonds Station @ Bay 4,52992,Edmonds Station,58050,58230,in_service_layover,68.67920134901074,70.6948192554064,11.36808499207143,180,3.0,16:07:30,16:10:30,False,,no_dispenser,0
2160527,heavy,106.0,14.0,40-ft,HTC,3,SUN,14845441,14845481,116,116,52667,52667,Edmonds Station @ Bay 6,Edmonds Station @ Bay 6,52667,Edmonds Station,58170,58410,in_service_layover,61.80427884218192,64.79698433427735,16.878858975418154,240,4.0,16:09:30,16:13:30,False,,no_dispenser,0
2160519,heavy,106.0,17.0,40-ft,HTC,3,SUN,14844501,14844454,106,106,52992,52771,Edmonds Station @ Bay 2,Edmonds Station @ Bay 4,52992,Edmonds Station,58710,58950,in_service_layover,69.45314875392398,72.06193234976203,14.71353948052655,240,4.0,16:18:30,16:22:30,False,,no_dispenser,0
2160617,heavy,106.0,1.0,40-ft,HTC,3,SUN,14845886,14845917,119,119,52453,52453,Edmonds Station @ Bay 3,Edmonds Station @ Bay 3,52453,Edmonds Station,58830,59490,in_service_layover,69.5710645320938,76.04421563666132,36.50857222976077,660,11.0,16:20:30,16:31:30,False,,no_dispenser,0
2160526,heavy,106.0,18.0,40-ft,HTC,3,SUN,14844515,14845181,106,112,52992,52605,Edmonds Station @ Bay 2,Edmonds Station @ Bay 5,52992,Edmonds Station,59490,59790,in_service_layover,68.22131830375825,71.52554060826459,18.63581379741578,300,5.0,16:31:30,16:36:30,False,,no_dispenser,0
2160585,heavy,123.0,8.0,40-ft,HTC,3,SUN,14845885,14845981,119,119,52453,52453,Edmonds Station @ Bay 3,Edmonds Station @ Bay 3,52453,Edmonds Station,59550,60210,in_service_layover,69.60918916187103,76.07618319366168,36.47384633929926,660,11.0,16:32:30,16:43:30,False,,no_dispenser,0
2164123,heavy,106.0,2.0,40-ft,HTC,3,SUN,14847888,14847914,133,133,52992,52992,Edmonds Station @ Bay 2,Edmonds Station @ Bay 2,52992,Edmonds Station,59850,60150,in_service_layover,24.702366457421405,28.42841146836478,21.014893861720623,300,5.0,16:37:30,16:42:30,False,,no_dispenser,0
2160589,heavy,106.0,8.0,40-ft,HTC,3,SUN,14845442,14845485,116,116,52667,52667,Edmonds Station @ Bay 6,Edmonds Station @ Bay 6,52667,Edmonds Station,59970,60210,in_service_layover,59.038722668974906,62.162056353443695,17.615601980403994,240,4.0,16:39:30,16:43:30,False,,no_dispenser,0
2160521,heavy,106.0,5.0,40-ft,HTC,3,SUN,14844523,14844412,106,106,52992,52771,Edmonds Station @ Bay 2,Edmonds Station @ Bay 4,52992,Edmonds Station,60210,60390,in_service_layover,66.3337538930127,68.43893992517538,11.873249221397487,180,3.0,16:43:30,16:46:30,False,,no_dispenser,0
2160629,heavy,106.0,16.0,40-ft,HTC,3,SUN,14845884,14845916,119,119,52453,52453,Edmonds Station @ Bay 3,Edmonds Station @ Bay 3,52453,Edmonds Station,60270,60930,in_service_layover,69.4858379937712,75.97274229873892,36.58614028001796,660,11.0,16:44:30,16:55:30,False,,no_dispenser,0
2160628,heavy,106.0,12.0,40-ft,HTC,3,SUN,14844493,14845177,106,112,52992,52605,Edmonds Station @ Bay 2,Edmonds Station @ Bay 5,52992,Edmonds Station,60930,61470,in_service_layover,68.38110889303567,73.99209566251805,31.645965379880693,540,9.0,16:55:30,17:04:30,False,,no_dispenser,0
2160626,heavy,106.0,4.0,40-ft,HTC,3,SUN,14845909,14845912,119,119,52453,52453,Edmonds Station @ Bay 3,Edmonds Station @ Bay 3,52453,Edmonds Station,60990,61650,in_service_layover,69.64205363051477,76.1037357405668,36.44388710069347,660,11.0,16:56:30,17:07:30,False,,no_dispenser,0
2160524,heavy,123.0,10.0,40-ft,HTC,3,SUN,14844532,14844444,106,106,52992,52771,Edmonds Station @ Bay 2,Edmonds Station @ Bay 4,52992,Edmonds Station,61590,61830,in_service_layover,68.9079083693563,71.54781629120056,14.889080679201584,240,4.0,17:06:30,17:10:30,False,,no_dispenser,0
2160584,heavy,106.0,13.0,40-ft,HTC,3,SUN,14847887,14847913,133,133,52992,52992,Edmonds Station @ Bay 2,Edmonds Station @ Bay 2,52992,Edmonds Station,61590,61830,in_service_layover,26.542864064928107,29.528247526871386,16.8375627253601,240,4.0,17:06:30,17:10:30,False,,no_dispenser,0
2160529,heavy,106.0,3.0,40-ft,HTC,3,SUN,14845883,14845910,119,119,52453,52453,Edmonds Station @ Bay 3,Edmonds Station @ Bay 3,52453,Edmonds Station,61710,62370,in_service_layover,69.80761425973974,76.24250087164107,36.292760491123545,660,11.0,17:08:30,17:19:30,False,,no_dispenser,0
2160618,heavy,106.0,19.0,40-ft,HTC,3,SUN,14845443,14845486,116,116,52667,52667,Edmonds Station @ Bay 6,Edmonds Station @ Bay 6,52667,Edmonds Station,61770,62010,in_service_layover,63.53979577148756,66.45044372555434,16.416054460936664,240,4.0,17:09:30,17:13:30,False,,no_dispenser,0
2160520,heavy,106.0,6.0,40-ft,HTC,3,SUN,14844487,14844455,106,106,52992,52771,Edmonds Station @ Bay 2,Edmonds Station @ Bay 4,52992,Edmonds Station,62310,62550,in_service_layover,69.9754268302339,72.55371053984375,14.541520122199529,240,4.0,17:18:30,17:22:30,False,,no_dispenser,0
2160526,heavy,106.0,18.0,40-ft,HTC,3,SUN,14845218,14844398,112,106,52605,52771,Edmonds Station @ Bay 5,Edmonds Station @ Bay 4,52605,Edmonds Station,62730,63210,in_service_layover,66.88640803007466,72.11248392213048,29.47506803119478,480,8.0,17:25:30,17:33:30,False,,no_dispenser,0
2160588,heavy,123.0,9.0,40-ft,HTC,3,SUN,14847886,14847912,133,133,52992,52992,Edmonds Station @ Bay 2,Edmonds Station @ Bay 2,52992,Edmonds Station,63390,63570,in_service_layover,29.974108080547058,32.22059073956418,12.670162196856552,180,3.0,17:36:30,17:39:30,False,,no_dispenser,0
2160527,heavy,106.0,14.0,40-ft,HTC,3,SUN,14845444,14845487,116,116,52667,52667,Edmonds Station @ Bay 6,Edmonds Station @ Bay 6,52667,Edmonds Station,63510,63810,in_service_layover,58.48781208504541,62.38510549783033,21.98073484810692,300,5.0,17:38:30,17:43:30,False,,no_dispenser,0
2160628,heavy,106.0,12.0,40-ft,HTC,3,SUN,14845240,14844386,112,106,52605,52771,Edmonds Station @ Bay 5,Edmonds Station @ Bay 4,52605,Edmonds Station,64410,64710,in_service_layover,69.35296308432812,72.57696245927075,18.183356474676373,300,5.0,17:53:30,17:58:30,False,,no_dispenser,0
2160521,heavy,106.0,5.0,40-ft,HTC,3,SUN,14844479,14845202,106,112,52992,52605,Edmonds Station @ Bay 2,Edmonds Station @ Bay 5,52992,Edmonds Station,64470,65070,in_service_layover,68.00377935031065,74.20398773567794,34.969175293471494,600,10.0,17:54:30,18:04:30,False,,no_dispenser,0
2160523,heavy,106.0,21.0,40-ft,HTC,3,SUN,14844510,14844425,106,106,52992,52771,Edmonds Station @ Bay 2,Edmonds Station @ Bay 4,52992,Edmonds Station,65190,66450,in_service_layover,69.84723003968753,80.41096108311855,59.57944308495098,1260,21.0,18:06:30,18:27:30,False,,no_dispenser,0
2160589,heavy,106.0,8.0,40-ft,HTC,3,SUN,14845445,14845488,116,116,52667,52667,Edmonds Station @ Bay 6,Edmonds Station @ Bay 6,52667,Edmonds Station,65310,65610,in_service_layover,57.465616911882144,61.39913408784052,22.18503687240525,300,5.0,18:08:30,18:13:30,False,,no_dispenser,0
2160526,heavy,106.0,18.0,40-ft,HTC,3,SUN,14844462,14844414,106,106,52992,52771,Edmonds Station @ Bay 2,Edmonds Station @ Bay 4,52992,Edmonds Station,66810,67410,in_service_layover,65.77065505122754,72.28369879408059,36.73356670969122,600,10.0,18:33:30,18:43:30,False,,no_dispenser,0
2160618,heavy,106.0,19.0,40-ft,HTC,3,SUN,14845446,14845489,116,116,52667,52667,Edmonds Station @ Bay 6,Edmonds Station @ Bay 6,52667,Edmonds Station,67110,67410,in_service_layover,61.36973305927865,65.1008363063662,21.043422313573785,300,5.0,18:38:30,18:43:30,False,,no_dispenser,0
2160528,heavy,123.0,12.0,40-ft,HTC,3,SUN,14844517,14844405,106,106,52992,52771,Edmonds Station @ Bay 2,Edmonds Station @ Bay 4,52992,Edmonds Station,67650,68310,in_service_layover,65.95440554688712,72.99544621806481,39.711469385442285,660,11.0,18:47:30,18:58:30,False,,no_dispenser,0
2160629,heavy,106.0,16.0,40-ft,HTC,3,SUN,14845877,14845972,119,119,52453,52453,Edmonds Station @ Bay 3,Edmonds Station @ Bay 3,52453,Edmonds Station,67770,67950,in_service_layover,67.1224700118216,69.19904467850105,11.711881120072064,180,3.0,18:49:30,18:52:30,False,,no_dispenser,0
2160521,heavy,106.0,5.0,40-ft,HTC,3,SUN,14845227,14845201,112,112,52605,52605,Edmonds Station @ Bay 5,Edmonds Station @ Bay 5,52605,Edmonds Station,67770,68550,in_service_layover,69.56485515748801,76.9856733755555,41.85341474990065,780,13.0,18:49:30,19:02:30,False,,no_dispenser,0
2160628,heavy,106.0,12.0,40-ft,HTC,3,SUN,14844470,14844394,106,106,52992,52771,Edmonds Station @ Bay 2,Edmonds Station @ Bay 4,52992,Edmonds Station,68490,69210,in_service_layover,66.2351335883678,73.76464304448307,42.46643333249011,720,12.0,19:01:30,19:13:30,False,,no_dispenser,0
2160626,heavy,106.0,4.0,40-ft,HTC,3,SUN,14845876,14845971,119,119,52453,52453,Edmonds Station @ Bay 3,Edmonds Station @ Bay 3,52453,Edmonds Station,68670,68850,in_service_layover,69.12852507999447,71.12543896607579,11.26259431749861,180,3.0,19:04:30,19:07:30,False,,no_dispenser,0
2160527,heavy,106.0,14.0,40-ft,HTC,3,SUN,14845457,14845464,116,116,52667,52667,Edmonds Station @ Bay 6,Edmonds Station @ Bay 6,52667,Edmonds Station,68730,69210,in_service_layover,55.43664379155368,61.69648054173834,35.30547927104152,480,8.0,19:05:30,19:13:30,False,,no_dispenser,0
2160524,heavy,123.0,10.0,40-ft,HTC,3,SUN,14845231,14847909,112,133,52605,52992,Edmonds Station @ Bay 5,Edmonds Station @ Bay 2,52605,Edmonds Station,69330,69690,in_service_layover,68.69150750512347,72.56426549175443,21.842355044598605,360,6.0,19:15:30,19:21:30,False,,no_dispenser,0
2160630,heavy,106.0,9.0,40-ft,HTC,3,SUN,14844509,14844424,106,106,52992,52771,Edmonds Station @ Bay 2,Edmonds Station @ Bay 4,52992,Edmonds Station,69390,70110,in_service_layover,46.44563428626663,55.75618131154981,52.51148522259717,720,12.0,19:16:30,19:28:30,False,,no_dispenser,0
2160529,heavy,106.0,3.0,40-ft,HTC,3,SUN,14845875,14845970,119,119,52453,52453,Edmonds Station @ Bay 3,Edmonds Station @ Bay 3,52453,Edmonds Station,69570,69750,in_service_layover,69.25395809557764,71.24556180718817,11.232644933483357,180,3.0,19:19:30,19:22:30,False,,no_dispenser,0
2160589,heavy,106.0,8.0,40-ft,HTC,3,SUN,14845447,14845465,116,116,52667,52667,Edmonds Station @ Bay 6,Edmonds Station @ Bay 6,52667,Edmonds Station,70530,71010,in_service_layover,54.45905259576593,60.74501087295686,35.45280468335682,480,8.0,19:35:30,19:43:30,False,,no_dispenser,0
2160629,heavy,106.0,16.0,40-ft,HTC,3,SUN,14845873,14845968,119,119,52453,52453,Edmonds Station @ Bay 3,Edmonds Station @ Bay 3,52453,Edmonds Station,71370,71550,in_service_layover,68.12955941948418,70.16738107384826,11.493314130613442,180,3.0,19:49:30,19:52:30,False,,no_dispenser,0
2160528,heavy,123.0,12.0,40-ft,HTC,3,SUN,14844469,14844408,106,106,52992,52771,Edmonds Station @ Bay 2,Edmonds Station @ Bay 4,52992,Edmonds Station,72030,72750,in_service_layover,66.65361734716188,74.11259077133859,42.06861011235662,720,12.0,20:00:30,20:12:30,False,,no_dispenser,0
2160618,heavy,106.0,19.0,40-ft,HTC,3,SUN,14845448,14845466,116,116,52667,52667,Edmonds Station @ Bay 6,Edmonds Station @ Bay 6,52667,Edmonds Station,72270,72810,in_service_layover,58.76955522961784,65.51593296589097,38.049570432580424,540,9.0,20:04:30,20:13:30,False,,no_dispenser,0
2160628,heavy,106.0,12.0,40-ft,HTC,3,SUN,14844464,14844433,106,106,52992,52771,Edmonds Station @ Bay 2,Edmonds Station @ Bay 4,52992,Edmonds Station,72930,73650,in_service_layover,67.42281417358012,74.75101506102236,41.331053005174226,720,12.0,20:15:30,20:27:30,False,,no_dispenser,0
2160630,heavy,106.0,9.0,40-ft,HTC,3,SUN,14844519,14844440,106,106,52992,52771,Edmonds Station @ Bay 2,Edmonds Station @ Bay 4,52992,Edmonds Station,73770,74550,in_service_layover,55.71082935995193,65.50006854589502,55.21130900871907,780,13.0,20:29:30,20:42:30,False,,no_dispenser,0
2160527,heavy,106.0,14.0,40-ft,HTC,3,SUN,14845449,14845467,116,116,52667,52667,Edmonds Station @ Bay 6,Edmonds Station @ Bay 6,52667,Edmonds Station,74010,74610,in_service_layover,55.525733127637565,63.24605953960211,43.54264096348004,600,10.0,20:33:30,20:43:30,False,,no_dispenser,0
2160523,heavy,106.0,21.0,40-ft,HTC,3,SUN,14844511,14844393,106,106,52992,52771,Edmonds Station @ Bay 2,Edmonds Station @ Bay 4,52992,Edmonds Station,74670,75450,in_service_layover,67.72730334131266,75.49495439106342,43.80955192059429,780,13.0,20:44:30,20:57:30,False,,no_dispenser,0
2160629,heavy,106.0,16.0,40-ft,HTC,3,SUN,14845869,14845964,119,119,52453,52453,Edmonds Station @ Bay 3,Edmonds Station @ Bay 3,52453,Edmonds Station,74850,75150,in_service_layover,69.60029934987654,72.80634508584725,18.082097950874868,300,5.0,20:47:30,20:52:30,False,,no_dispenser,0
2160626,heavy,106.0,4.0,40-ft,HTC,3,SUN,14845868,14845963,119,119,52453,52453,Edmonds Station @ Bay 3,Edmonds Station @ Bay 3,52453,Edmonds Station,75750,76050,in_service_layover,69.85296854203295,73.04051800378127,17.977778964260494,300,5.0,21:02:30,21:07:30,False,,no_dispenser,0
2160589,heavy,106.0,8.0,40-ft,HTC,3,SUN,14845450,14845468,116,116,52667,52667,Edmonds Station @ Bay 6,Edmonds Station @ Bay 6,52667,Edmonds Station,75810,76410,in_service_layover,54.58490142767985,62.357950190291966,43.839995021132324,600,10.0,21:03:30,21:13:30,False,,no_dispenser,0
2160528,heavy,123.0,12.0,40-ft,HTC,3,SUN,14844512,14845198,106,112,52992,52605,Edmonds Station @ Bay 2,Edmonds Station @ Bay 5,52992,Edmonds Station,76530,77670,in_service_layover,67.77076190043564,78.12416965998817,58.39321976387623,1140,19.0,21:15:30,21:34:30,False,,no_dispenser,0
2160529,heavy,106.0,3.0,40-ft,HTC,3,SUN,14845867,14845962,119,119,52453,52453,Edmonds Station @ Bay 3,Edmonds Station @ Bay 3,52453,Edmonds Station,76650,77190,in_service_layover,69.94768654295349,75.35357579413396,30.489215376657853,540,9.0,21:17:30,21:26:30,False,,no_dispenser,0
2160618,heavy,106.0,19.0,40-ft,HTC,3,SUN,14845451,14845469,116,116,52667,52667,Edmonds Station @ Bay 6,Edmonds Station @ Bay 6,52667,Edmonds Station,77490,78210,in_service_layover,61.2183744109203,69.55987846748395,47.046082879019025,720,12.0,21:31:30,21:43:30,False,,no_dispenser,0
2160630,heavy,106.0,9.0,40-ft,HTC,3,SUN,14844459,14844413,106,106,52992,52771,Edmonds Station @ Bay 2,Edmonds Station @ Bay 4,52992,Edmonds Station,77670,78090,in_service_layover,59.158239674992075,64.47111918943025,29.96464046143126,420,7.0,21:34:30,21:41:30,False,,no_dispenser,0
2160522,heavy,106.0,10.0,40-ft,HTC,3,SUN,14845866,14845961,119,119,52453,52453,Edmonds Station @ Bay 3,Edmonds Station @ Bay 3,52453,Edmonds Station,78510,78990,in_service_layover,58.07891519012972,64.1891560175413,34.46175826660124,480,8.0,21:48:30,21:56:30,False,,no_dispenser,0
2160521,heavy,106.0,5.0,40-ft,HTC,3,SUN,14847878,14845172,133,112,52992,52605,Edmonds Station @ Bay 2,Edmonds Station @ Bay 5,52992,Edmonds Station,79110,79470,in_service_layover,52.9754821505873,57.68618233013291,26.56834901263727,360,6.0,21:58:30,22:04:30,False,,no_dispenser,0
2160527,heavy,106.0,14.0,40-ft,HTC,3,SUN,14845452,14845470,116,116,52667,52667,Edmonds Station @ Bay 6,Edmonds Station @ Bay 6,52667,Edmonds Station,79290,80010,in_service_layover,59.18736103060672,67.85470465396592,48.88381803574589,720,12.0,22:01:30,22:13:30,False,,no_dispenser,0
2160526,heavy,106.0,18.0,40-ft,HTC,3,SUN,14844492,14844387,106,106,52992,52771,Edmonds Station @ Bay 2,Edmonds Station @ Bay 4,52992,Edmonds Station,79470,79950,in_service_layover,66.45470344166044,71.72826870010365,29.742908057619672,480,8.0,22:04:30,22:12:30,False,,no_dispenser,0
2160529,heavy,106.0,3.0,40-ft,HTC,3,SUN,14845865,14845960,119,119,52453,52453,Edmonds Station @ Bay 3,Edmonds Station @ Bay 3,52453,Edmonds Station,80310,80790,in_service_layover,69.55216593585247,74.47483024136213,27.763826683074512,480,8.0,22:18:30,22:26:30,False,,no_dispenser,0
2160630,heavy,106.0,9.0,40-ft,HTC,3,SUN,14844467,14844390,106,106,52992,52771,Edmonds Station @ Bay 2,Edmonds Station @ Bay 4,52992,Edmonds Station,81270,81750,in_service_layover,61.1094998767223,66.93304023531785,32.844767622478855,480,8.0,22:34:30,22:42:30,False,,no_dispenser,0
2160521,heavy,106.0,5.0,40-ft,HTC,3,SUN,14845217,14847902,112,133,52605,52992,Edmonds Station @ Bay 5,Edmonds Station @ Bay 2,52605,Edmonds Station,81990,82290,in_service_layover,59.26825256871056,63.12627138118045,21.759226102330217,300,5.0,22:46:30,22:51:30,False,,no_dispenser,0
2160522,heavy,106.0,10.0,40-ft,HTC,3,SUN,14845864,14845959,119,119,52453,52453,Edmonds Station @ Bay 3,Edmonds Station @ Bay 3,52453,Edmonds Station,82110,82590,in_service_layover,64.23777780198093,69.74798459783025,31.07756632859025,480,8.0,22:48:30,22:56:30,False,,no_dispenser,0
2160526,heavy,106.0,18.0,40-ft,HTC,3,SUN,14844458,14844404,106,106,52992,52771,Edmonds Station @ Bay 2,Edmonds Station @ Bay 4,52992,Edmonds Station,83070,83550,in_service_layover,68.00256335742833,73.10373012710222,28.770580580960825,480,8.0,23:04:30,23:12:30,False,,no_dispenser,0
2160529,heavy,106.0,3.0,40-ft,HTC,3,SUN,14845863,14845958,119,119,52453,52453,Edmonds Station @ Bay 3,Edmonds Station @ Bay 3,52453,Edmonds Station,83910,84390,in_service_layover,68.67342038308065,73.69803529632878,28.338828110719476,480,8.0,23:18:30,23:26:30,False,,no_dispenser,0
2160527,heavy,106.0,14.0,40-ft,HTC,3,SUN,14845462,14845189,116,112,52667,52605,Edmonds Station @ Bay 6,Edmonds Station @ Bay 5,52667,Edmonds Station,84570,84990,in_service_layover,63.875819988828255,68.78633688443418,27.69531529121747,420,7.0,23:29:30,23:36:30,False,,no_dispenser,0
2160630,heavy,106.0,9.0,40-ft,HTC,3,SUN,14844518,14844423,106,106,52992,52771,Edmonds Station @ Bay 2,Edmonds Station @ Bay 4,52992,Edmonds Station,84690,85350,in_service_layover,63.45501803627953,70.86968984766091,41.818749016190964,660,11.0,23:31:30,23:42:30,False,,no_dispenser,0
2160526,heavy,106.0,18.0,40-ft,HTC,3,SUN,14844463,14844441,106,106,52992,52771,Edmonds Station @ Bay 2,Edmonds Station @ Bay 4,52992,Edmonds Station,86490,87150,in_service_layover,66.76190125619928,73.67894111570277,39.012104807599655,660,11.0,24:01:30,24:12:30,False,,no_dispenser,0
2160529,heavy,106.0,3.0,40-ft,HTC,3,SUN,14845861,14844403,119,106,52453,52771,Edmonds Station @ Bay 3,Edmonds Station @ Bay 4,52453,Edmonds Station,87510,88950,in_service_layover,67.8966254380473,80.07603849548943,68.69188964397364,1440,24.0,24:18:30,24:42:30,False,,no_dispenser,0
2160630,heavy,106.0,9.0,40-ft,HTC,3,SUN,14844457,14845193,106,112,52992,52605,Edmonds Station @ Bay 2,Edmonds Station @ Bay 5,52992,Edmonds Station,88290,89430,in_service_layover,67.19239449664386,77.69645775976274,59.24291680399051,1140,19.0,24:31:30,24:50:30,False,,no_dispenser,0
2160627,heavy,106.0,20.0,40-ft,HTC,3,SUN,14845860,14845955,119,119,52453,52453,Edmonds Station @ Bay 3,Edmonds Station @ Bay 3,52453,Edmonds Station,89730,89910,in_service_layover,62.68414784662032,64.91875253291039,12.60317043067596,180,3.0,24:55:30,24:58:30,False,,no_dispenser,0
2160526,heavy,106.0,18.0,40-ft,HTC,3,SUN,14844504,14844421,106,106,52992,52771,Edmonds Station @ Bay 2,Edmonds Station @ Bay 4,52992,Edmonds Station,90090,90750,in_service_layover,67.33711224479984,74.16484282357303,38.50840046428084,660,11.0,25:01:30,25:12:30,False,,no_dispenser,0
2162582,heavy,701.0,53.0,40-ft,PCT,3,SUN,14878887,14878965,701,701,61058,61063,Haney Place @ Bay 7,Haney Place @ Bay 2,61058,Haney Place,30150,30630,in_service_layover,64.40479961184033,69.89760020886892,30.97939536724124,480,8.0,08:22:30,08:30:30,False,,no_dispenser,0
2162584,heavy,701.0,54.0,40-ft,PCT,3,SUN,14878885,14878963,701,701,61058,61063,Haney Place @ Bay 7,Haney Place @ Bay 2,61058,Haney Place,32070,32430,in_service_layover,64.40479961184033,68.62114597323291,23.78019347825409,360,6.0,08:54:30,09:00:30,False,,no_dispenser,0
2162582,heavy,701.0,53.0,40-ft,PCT,3,SUN,14878906,14878959,701,701,61058,61063,Haney Place @ Bay 7,Haney Place @ Bay 2,61058,Haney Place,35850,36150,in_service_layover,62.700398115675526,66.35285685588383,20.59986729477481,300,5.0,09:57:30,10:02:30,False,,no_dispenser,0
2162584,heavy,701.0,54.0,40-ft,PCT,3,SUN,14878881,14878915,701,701,61058,61063,Haney Place @ Bay 7,Haney Place @ Bay 2,61058,Haney Place,37710,37950,in_service_layover,60.893606324213145,63.929369618576594,17.121704980209813,240,4.0,10:28:30,10:32:30,False,,no_dispenser,0
2162586,heavy,701.0,57.0,40-ft,PCT,3,SUN,14878879,14878957,701,701,61058,61063,Haney Place @ Bay 7,Haney Place @ Bay 2,61058,Haney Place,39570,39810,in_service_layover,64.14916766594013,67.0310037101037,16.253555289082612,240,4.0,10:59:30,11:03:30,False,,no_dispenser,0
2162589,heavy,701.0,55.0,40-ft,PCT,3,SUN,14878873,14878953,701,701,61058,61063,Haney Place @ Bay 7,Haney Place @ Bay 2,61058,Haney Place,42930,43290,in_service_layover,56.423037062604294,61.1448371980155,26.630952763719222,360,6.0,11:55:30,12:01:30,False,,no_dispenser,0
2162583,heavy,701.0,56.0,40-ft,PCT,3,SUN,14878898,14878951,701,701,61058,61063,Haney Place @ Bay 7,Haney Place @ Bay 2,61058,Haney Place,44610,44970,in_service_layover,54.23768110633995,58.97149066817935,26.69868592877424,360,6.0,12:23:30,12:29:30,False,,no_dispenser,0
2162585,heavy,701.0,51.0,40-ft,PCT,3,SUN,14878845,14878949,701,701,61058,61063,Haney Place @ Bay 7,Haney Place @ Bay 2,61058,Haney Place,46650,46890,in_service_layover,33.815582118670676,36.82626849530785,16.980271164233642,240,4.0,12:57:30,13:01:30,False,,no_dispenser,0
2162587,heavy,701.0,52.0,40-ft,PCT,3,SUN,14878843,14878947,701,701,61058,61063,Haney Place @ Bay 7,Haney Place @ Bay 2,61058,Haney Place,48450,48690,in_service_layover,27.94147165946575,30.93171861088694,16.864992806015493,240,4.0,13:27:30,13:31:30,False,,no_dispenser,0
2162582,heavy,701.0,53.0,40-ft,PCT,3,SUN,14878904,14878927,701,701,61058,61063,Haney Place @ Bay 7,Haney Place @ Bay 2,61058,Haney Place,50310,50490,in_service_layover,50.822322410777964,53.1417043766612,13.081314287581506,180,3.0,13:58:30,14:01:30,False,,no_dispenser,0
2162584,heavy,701.0,54.0,40-ft,PCT,3,SUN,14878902,14878925,701,701,61058,61063,Haney Place @ Bay 7,Haney Place @ Bay 2,61058,Haney Place,52110,52350,in_service_layover,48.599139403962894,51.67210260287825,17.33151244188258,240,4.0,14:28:30,14:32:30,False,,no_dispenser,0
2162586,heavy,701.0,57.0,40-ft,PCT,3,SUN,14878900,14878923,701,701,61058,61063,Haney Place @ Bay 7,Haney Place @ Bay 2,61058,Haney Place,53910,54090,in_service_layover,49.47760615212592,51.784186885091366,13.009115333925138,180,3.0,14:58:30,15:01:30,False,,no_dispenser,0
2162588,heavy,701.0,58.0,40-ft,PCT,3,SUN,14878897,14878921,701,701,61058,61063,Haney Place @ Bay 7,Haney Place @ Bay 2,61058,Haney Place,55710,55950,in_service_layover,58.41867287543098,61.56314163216102,17.734803787957503,240,4.0,15:28:30,15:32:30,False,,no_dispenser,0
2162589,heavy,701.0,55.0,40-ft,PCT,3,SUN,14878895,14878919,701,701,61058,61063,Haney Place @ Bay 7,Haney Place @ Bay 2,61058,Haney Place,57390,57750,in_service_layover,41.708231830751345,46.271484399331605,25.736744486792674,360,6.0,15:56:30,16:02:30,False,,no_dispenser,0
2162583,heavy,701.0,56.0,40-ft,PCT,3,SUN,14878893,14878917,701,701,61058,61063,Haney Place @ Bay 7,Haney Place @ Bay 2,61058,Haney Place,58650,59430,in_service_layover,33.221643000593026,43.05843368367158,55.47949945256306,780,13.0,16:17:30,16:30:30,False,,no_dispenser,0
2162582,heavy,701.0,53.0,40-ft,PCT,3,SUN,14878859,14878934,701,701,61058,61063,Haney Place @ Bay 7,Haney Place @ Bay 2,61058,Haney Place,64530,64830,in_service_layover,35.02584445548141,38.79697824928141,21.269194597031998,300,5.0,17:55:30,18:00:30,False,,no_dispenser,0
2162584,heavy,701.0,54.0,40-ft,PCT,3,SUN,14878868,14878916,701,701,61058,61063,Haney Place @ Bay 7,Haney Place @ Bay 2,61058,Haney Place,66330,66630,in_service_layover,32.751667297943435,36.51290962088538,21.213406701392557,300,5.0,18:25:30,18:30:30,False,,no_dispenser,0
2162582,heavy,701.0,53.0,40-ft,PCT,3,SUN,14878864,14878909,701,701,61058,61063,Haney Place @ Bay 7,Haney Place @ Bay 2,61058,Haney Place,70170,70350,in_service_layover,29.035860402207774,31.279894531776648,12.656352490768427,180,3.0,19:29:30,19:32:30,False,,no_dispenser,0
2162584,heavy,701.0,54.0,40-ft,PCT,3,SUN,14878862,14878908,701,701,61058,61063,Haney Place @ Bay 7,Haney Place @ Bay 2,61058,Haney Place,71970,72210,in_service_layover,29.00316128318726,31.997102466410414,16.885828273378564,240,4.0,19:59:30,20:03:30,False,,no_dispenser,0
2160060,heavy,27.0,31.0,40-ft,BTC,3,SUN,14837565,14837284,027,026,51722,58249,Joyce Station @ Bay 1 Unload Only,Joyce Station @ Bay 6,51722,Joyce Station,33030,33930,in_service_layover,68.40612960512406,76.95660527847555,48.22468279770243,900,15.0,09:10:30,09:25:30,False,,no_dispenser,0
2160053,heavy,27.0,32.0,40-ft,BTC,3,SUN,14837249,14837532,026,027,51722,59664,Joyce Station @ Bay 1 Unload Only,Joyce Station @ Bay 7,51722,Joyce Station,33330,33510,in_service_layover,67.59219674291919,69.65100704113347,11.611690081928543,180,3.0,09:15:30,09:18:30,False,,no_dispenser,0
2160054,heavy,27.0,34.0,40-ft,BTC,3,SUN,14837905,14837833,028,028,51722,51671,Joyce Station @ Bay 1 Unload Only,Joyce Station @ Bay 2,51722,Joyce Station,33990,34830,in_service_layover,67.55072064895778,75.82775950222683,46.6824991324375,840,14.0,09:26:30,09:40:30,False,,no_dispenser,0
2160058,heavy,27.0,35.0,40-ft,BTC,3,SUN,14837543,14837510,027,027,51722,59664,Joyce Station @ Bay 1 Unload Only,Joyce Station @ Bay 7,51722,Joyce Station,34890,35310,in_service_layover,68.40612960512406,72.89113793466584,25.295446978615644,420,7.0,09:41:30,09:48:30,False,,no_dispenser,0
2160059,heavy,27.0,37.0,40-ft,BTC,3,SUN,14837240,14837283,026,026,51722,58249,Joyce Station @ Bay 1 Unload Only,Joyce Station @ Bay 6,51722,Joyce Station,35190,35790,in_service_layover,69.25671880481161,75.27602593322266,33.94889220423829,600,10.0,09:46:30,09:56:30,False,,no_dispenser,0
2160053,heavy,27.0,32.0,40-ft,BTC,3,SUN,14837564,14837512,027,027,51722,59664,Joyce Station @ Bay 1 Unload Only,Joyce Station @ Bay 7,51722,Joyce Station,36750,37110,in_service_layover,67.04266878715819,71.05293989864208,22.617929068769115,360,6.0,10:12:30,10:18:30,False,,no_dispenser,0
2160056,heavy,27.0,33.0,40-ft,BTC,3,SUN,14837248,14837271,026,026,51722,58249,Joyce Station @ Bay 1 Unload Only,Joyce Station @ Bay 6,51722,Joyce Station,37050,37590,in_service_layover,59.94511274514702,66.55760304577575,37.294445295545984,540,9.0,10:17:30,10:26:30,False,,no_dispenser,0
2160058,heavy,27.0,35.0,40-ft,BTC,3,SUN,14837553,14837535,027,027,51722,59664,Joyce Station @ Bay 1 Unload Only,Joyce Station @ Bay 7,51722,Joyce Station,38610,38790,in_service_layover,66.89531998258154,68.98029014301574,11.759231704848958,180,3.0,10:43:30,10:46:30,False,,no_dispenser,0
2160050,heavy,27.0,36.0,40-ft,BTC,3,SUN,14837254,14837844,026,028,51722,51671,Joyce Station @ Bay 1 Unload Only,Joyce Station @ Bay 2,51722,Joyce Station,38790,39450,in_service_layover,59.94511274514702,67.85973062034738,44.638444816130004,660,11.0,10:46:30,10:57:30,False,,no_dispenser,0
2160060,heavy,27.0,31.0,40-ft,BTC,3,SUN,14837224,14837846,026,028,51722,51671,Joyce Station @ Bay 1 Unload Only,Joyce Station @ Bay 2,51722,Joyce Station,40590,40770,in_service_layover,63.24710676301246,65.46174836716096,12.490578647397513,180,3.0,11:16:30,11:19:30,False,,no_dispenser,0
2160058,heavy,27.0,35.0,40-ft,BTC,3,SUN,14837551,14837289,027,026,51722,58249,Joyce Station @ Bay 1 Unload Only,Joyce Station @ Bay 6,51722,Joyce Station,42210,42990,in_service_layover,67.67112932796762,75.4492505305033,43.86860358230132,780,13.0,11:43:30,11:56:30,False,,no_dispenser,0
2160059,heavy,27.0,37.0,40-ft,BTC,3,SUN,14837231,14837848,026,028,51722,51671,Joyce Station @ Bay 1 Unload Only,Joyce Station @ Bay 2,51722,Joyce Station,42510,43050,in_service_layover,61.566527417759566,67.99936192758375,36.281186635408346,540,9.0,11:48:30,11:57:30,False,,no_dispenser,0
2160052,heavy,27.0,39.0,40-ft,BTC,3,SUN,14837888,14837505,028,027,51722,59664,Joyce Station @ Bay 1 Unload Only,Joyce Station @ Bay 7,51722,Joyce Station,43230,44130,in_service_layover,69.25319428221009,77.61837571285774,47.179623268852765,900,15.0,12:00:30,12:15:30,False,,no_dispenser,0
2160053,heavy,27.0,32.0,40-ft,BTC,3,SUN,14837554,14837849,027,028,51722,51671,Joyce Station @ Bay 1 Unload Only,Joyce Station @ Bay 2,51722,Joyce Station,44130,44310,in_service_layover,66.5327710243474,68.63087791583497,11.833322867989978,180,3.0,12:15:30,12:18:30,False,,no_dispenser,0
2160056,heavy,27.0,33.0,40-ft,BTC,3,SUN,14837236,14837268,026,026,51722,58249,Joyce Station @ Bay 1 Unload Only,Joyce Station @ Bay 6,51722,Joyce Station,44430,44730,in_service_layover,52.84810453031265,56.76327512349894,22.081562145570672,300,5.0,12:20:30,12:25:30,False,,no_dispenser,0
2160050,heavy,27.0,36.0,40-ft,BTC,3,SUN,14837889,14837850,028,028,51722,51671,Joyce Station @ Bay 1 Unload Only,Joyce Station @ Bay 2,51722,Joyce Station,44790,45450,in_service_layover,69.35709384421102,75.86473931673743,36.70312046504898,660,11.0,12:26:30,12:37:30,False,,no_dispenser,0
2160055,heavy,27.0,38.0,40-ft,BTC,3,SUN,14837556,14837273,027,026,51722,58249,Joyce Station @ Bay 1 Unload Only,Joyce Station @ Bay 6,51722,Joyce Station,45810,46530,in_service_layover,67.26527788147642,74.62038083957276,41.48278068366341,720,12.0,12:43:30,12:55:30,False,,no_dispenser,0
2160054,heavy,27.0,34.0,40-ft,BTC,3,SUN,14837251,14837851,026,028,51722,51671,Joyce Station @ Bay 1 Unload Only,Joyce Station @ Bay 2,51722,Joyce Station,46290,46650,in_service_layover,52.69858226753112,57.40389621716808,26.537970675952465,360,6.0,12:51:30,12:57:30,False,,no_dispenser,0
2160057,heavy,27.0,40.0,40-ft,BTC,3,SUN,14837245,14837266,026,026,51722,58249,Joyce Station @ Bay 1 Unload Only,Joyce Station @ Bay 6,51722,Joyce Station,48150,48330,in_service_layover,69.25671880481161,71.24820524851101,11.231983542464604,180,3.0,13:22:30,13:25:30,False,,no_dispenser,0
2160059,heavy,27.0,37.0,40-ft,BTC,3,SUN,14837892,14837853,028,028,51722,51671,Joyce Station @ Bay 1 Unload Only,Joyce Station @ Bay 2,51722,Joyce Station,48330,48690,in_service_layover,66.45844503273324,70.51583423248357,22.883675086591893,360,6.0,13:25:30,13:31:30,False,,no_dispenser,0
2160060,heavy,27.0,31.0,40-ft,BTC,3,SUN,14837538,14837263,027,026,51722,58249,Joyce Station @ Bay 1 Unload Only,Joyce Station @ Bay 6,51722,Joyce Station,49410,50010,in_service_layover,57.11240045961753,64.71069490190686,42.854380654511885,600,10.0,13:43:30,13:53:30,False,,no_dispenser,0
2160050,heavy,27.0,36.0,40-ft,BTC,3,SUN,14837894,14837513,028,027,51722,59664,Joyce Station @ Bay 1 Unload Only,Joyce Station @ Bay 7,51722,Joyce Station,50670,51450,in_service_layover,66.44506059750479,74.44980296082547,45.14674692912854,780,13.0,14:04:30,14:17:30,False,,no_dispenser,0
2160054,heavy,27.0,34.0,40-ft,BTC,3,SUN,14837895,14837856,028,028,51722,51671,Joyce Station @ Bay 1 Unload Only,Joyce Station @ Bay 2,51722,Joyce Station,52110,52530,in_service_layover,58.66615318474532,64.01762773372353,30.18231645623706,420,7.0,14:28:30,14:35:30,False,,no_dispenser,0
2160052,heavy,27.0,39.0,40-ft,BTC,3,SUN,14837896,14837522,028,027,51722,59664,Joyce Station @ Bay 1 Unload Only,Joyce Station @ Bay 7,51722,Joyce Station,53070,53250,in_service_layover,67.89513985037173,69.9422050277878,11.545447600626574,180,3.0,14:44:30,14:47:30,False,,no_dispenser,0
2160053,heavy,27.0,32.0,40-ft,BTC,3,SUN,14837559,14837258,027,026,51722,58249,Joyce Station @ Bay 1 Unload Only,Joyce Station @ Bay 6,51722,Joyce Station,53070,53730,in_service_layover,59.277854839223544,67.29452381106107,45.214013001163664,660,11.0,14:44:30,14:55:30,False,,no_dispenser,0
2160055,heavy,27.0,38.0,40-ft,BTC,3,SUN,14837250,14837857,026,028,51722,51671,Joyce Station @ Bay 1 Unload Only,Joyce Station @ Bay 2,51722,Joyce Station,53550,53910,in_service_layover,60.91088232410967,65.3781956344565,25.19564707035613,360,6.0,14:52:30,14:58:30,False,,no_dispenser,0
2160050,heavy,27.0,36.0,40-ft,BTC,3,SUN,14837550,14837858,027,028,51722,51671,Joyce Station @ Bay 1 Unload Only,Joyce Station @ Bay 2,51722,Joyce Station,54930,55110,in_service_layover,68.45398500874114,70.47879083029417,11.41990483355903,180,3.0,15:15:30,15:18:30,False,,no_dispenser,0
2160058,heavy,27.0,35.0,40-ft,BTC,3,SUN,14837898,14837859,028,028,51722,51671,Joyce Station @ Bay 1 Unload Only,Joyce Station @ Bay 2,51722,Joyce Station,55590,56010,in_service_layover,62.451383530356175,67.48524621974143,28.390985568132805,420,7.0,15:26:30,15:33:30,False,,no_dispenser,0
2160052,heavy,27.0,39.0,40-ft,BTC,3,SUN,14837569,14837267,027,026,51722,58249,Joyce Station @ Bay 1 Unload Only,Joyce Station @ Bay 6,51722,Joyce Station,56730,57270,in_service_layover,66.0167657653216,71.92585072227786,33.327239157233294,540,9.0,15:45:30,15:54:30,False,,no_dispenser,0
2160060,heavy,27.0,31.0,40-ft,BTC,3,SUN,14837232,14837814,026,028,51722,51671,Joyce Station @ Bay 1 Unload Only,Joyce Station @ Bay 2,51722,Joyce Station,57210,57450,in_service_layover,51.00119638644378,54.10270378753953,17.492501742180025,240,4.0,15:53:30,15:57:30,False,,no_dispenser,0
2160054,heavy,27.0,34.0,40-ft,BTC,3,SUN,14837866,14837503,028,027,51722,59664,Joyce Station @ Bay 1 Unload Only,Joyce Station @ Bay 7,51722,Joyce Station,57930,58650,in_service_layover,63.70924465228991,71.65533267414258,44.81593644324903,720,12.0,16:05:30,16:17:30,False,,no_dispenser,0
2160055,heavy,27.0,38.0,40-ft,BTC,3,SUN,14837867,14837816,028,028,51722,51671,Joyce Station @ Bay 1 Unload Only,Joyce Station @ Bay 2,51722,Joyce Station,59370,59730,in_service_layover,64.8392227336819,69.02280975951622,23.595430825705648,360,6.0,16:29:30,16:35:30,False,,no_dispenser,0
2160051,heavy,27.0,41.0,40-ft,BTC,3,SUN,14837539,14837259,027,026,51722,58249,Joyce Station @ Bay 1 Unload Only,Joyce Station @ Bay 6,51722,Joyce Station,60390,60870,in_service_layover,64.82742965028724,70.27587683583822,30.729242126507415,480,8.0,16:46:30,16:54:30,False,,no_dispenser,0
2160053,heavy,27.0,32.0,40-ft,BTC,3,SUN,14837252,14837845,026,028,51722,51671,Joyce Station @ Bay 1 Unload Only,Joyce Station @ Bay 2,51722,Joyce Station,60810,61110,in_service_layover,53.58502529559798,57.51214131536011,22.148934351458422,300,5.0,16:53:30,16:58:30,False,,no_dispenser,0
2160058,heavy,27.0,35.0,40-ft,BTC,3,SUN,14837869,14837504,028,027,51722,59664,Joyce Station @ Bay 1 Unload Only,Joyce Station @ Bay 7,51722,Joyce Station,61410,62190,in_service_layover,66.02771953763897,74.10875700022923,45.57705128900909,780,13.0,17:03:30,17:16:30,False,,no_dispenser,0
2160054,heavy,27.0,34.0,40-ft,BTC,3,SUN,14837548,14837840,027,028,51722,51671,Joyce Station @ Bay 1 Unload Only,Joyce Station @ Bay 2,51722,Joyce Station,62130,62310,in_service_layover,67.66178462188523,69.71791696141842,11.596586394967176,180,3.0,17:15:30,17:18:30,False,,no_dispenser,0
2160057,heavy,27.0,40.0,40-ft,BTC,3,SUN,14837230,14837280,026,026,51722,58249,Joyce Station @ Bay 1 Unload Only,Joyce Station @ Bay 6,51722,Joyce Station,62610,62790,in_service_layover,43.829208217584835,46.11184830227658,12.874090077661407,180,3.0,17:23:30,17:26:30,False,,no_dispenser,0
2160060,heavy,27.0,31.0,40-ft,BTC,3,SUN,14837870,14837837,028,028,51722,51671,Joyce Station @ Bay 1 Unload Only,Joyce Station @ Bay 2,51722,Joyce Station,62970,63390,in_service_layover,56.2853261991467,61.76703999010328,30.916865780995124,420,7.0,17:29:30,17:36:30,False,,no_dispenser,0
2160050,heavy,27.0,36.0,40-ft,BTC,3,SUN,14837555,14837515,027,027,51722,59664,Joyce Station @ Bay 1 Unload Only,Joyce Station @ Bay 7,51722,Joyce Station,63870,64050,in_service_layover,60.89969564297283,63.19757877620075,12.96006087140546,180,3.0,17:44:30,17:47:30,False,,no_dispenser,0
2160052,heavy,27.0,39.0,40-ft,BTC,3,SUN,14837233,14837262,026,026,51722,58249,Joyce Station @ Bay 1 Unload Only,Joyce Station @ Bay 6,51722,Joyce Station,64350,64590,in_service_layover,58.21635220681477,61.36634352079494,17.765951010848198,240,4.0,17:52:30,17:56:30,False,,no_dispenser,0
2160058,heavy,27.0,35.0,40-ft,BTC,3,SUN,14837567,14837520,027,027,51722,59664,Joyce Station @ Bay 1 Unload Only,Joyce Station @ Bay 7,51722,Joyce Station,65610,65850,in_service_layover,68.11293904814492,70.79691489310642,15.137623765582816,240,4.0,18:13:30,18:17:30,False,,no_dispenser,0
2160053,heavy,27.0,32.0,40-ft,BTC,3,SUN,14837875,14837830,028,028,51722,51671,Joyce Station @ Bay 1 Unload Only,Joyce Station @ Bay 2,51722,Joyce Station,66990,67170,in_service_layover,63.15125406532448,65.36929470130588,12.509749186935096,180,3.0,18:36:30,18:39:30,False,,no_dispenser,0
2160050,heavy,27.0,36.0,40-ft,BTC,3,SUN,14837558,14837524,027,027,51722,59664,Joyce Station @ Bay 1 Unload Only,Joyce Station @ Bay 7,51722,Joyce Station,67410,67650,in_service_layover,60.25408624674983,63.320086897021696,17.2922436675334,240,4.0,18:43:30,18:47:30,False,,no_dispenser,0
2160051,heavy,27.0,41.0,40-ft,BTC,3,SUN,14837246,14837260,026,026,51722,58249,Joyce Station @ Bay 1 Unload Only,Joyce Station @ Bay 6,51722,Joyce Station,67830,68190,in_service_layover,56.56637832037513,61.28463311254726,26.610957027850816,360,6.0,18:50:30,18:56:30,False,,no_dispenser,0
2160060,heavy,27.0,31.0,40-ft,BTC,3,SUN,14837877,14837831,028,028,51722,51671,Joyce Station @ Bay 1 Unload Only,Joyce Station @ Bay 2,51722,Joyce Station,68490,68730,in_service_layover,59.870491736927214,62.955500694931466,17.39945052314397,240,4.0,19:01:30,19:05:30,False,,no_dispenser,0
2160058,heavy,27.0,35.0,40-ft,BTC,3,SUN,14837547,14837511,027,027,51722,59664,Joyce Station @ Bay 1 Unload Only,Joyce Station @ Bay 7,51722,Joyce Station,69150,69450,in_service_layover,66.83839829535813,70.2363743928641,19.164585189933632,300,5.0,19:12:30,19:17:30,False,,no_dispenser,0
2160057,heavy,27.0,40.0,40-ft,BTC,3,SUN,14837241,14837269,026,026,51722,58249,Joyce Station @ Bay 1 Unload Only,Joyce Station @ Bay 6,51722,Joyce Station,69570,70050,in_service_layover,32.402349786813495,38.42996328609233,33.995740135932635,480,8.0,19:19:30,19:27:30,False,,no_dispenser,0
2160055,heavy,27.0,38.0,40-ft,BTC,3,SUN,14837873,14837843,028,028,51722,51671,Joyce Station @ Bay 1 Unload Only,Joyce Station @ Bay 2,51722,Joyce Station,70350,70530,in_service_layover,64.67511755694161,66.83912048045433,12.204976488611692,180,3.0,19:32:30,19:35:30,False,,no_dispenser,0
2160050,heavy,27.0,36.0,40-ft,BTC,3,SUN,14837549,14837509,027,027,51722,59664,Joyce Station @ Bay 1 Unload Only,Joyce Station @ Bay 7,51722,Joyce Station,70830,71250,in_service_layover,59.63044534805353,64.90252897999702,29.73455168416126,420,7.0,19:40:30,19:47:30,False,,no_dispenser,0
2160052,heavy,27.0,39.0,40-ft,BTC,3,SUN,14837253,14837265,026,026,51722,58249,Joyce Station @ Bay 1 Unload Only,Joyce Station @ Bay 6,51722,Joyce Station,71250,71910,in_service_layover,47.65684500533185,56.20682376527045,48.2218802060537,660,11.0,19:47:30,19:58:30,False,,no_dispenser,0
2160051,heavy,27.0,41.0,40-ft,BTC,3,SUN,14837255,14837517,026,027,51722,59664,Joyce Station @ Bay 1 Unload Only,Joyce Station @ Bay 7,51722,Joyce Station,74790,75030,in_service_layover,47.57513459708419,50.63914594503244,17.281024002428126,240,4.0,20:46:30,20:50:30,False,,no_dispenser,0
2160057,heavy,27.0,40.0,40-ft,BTC,3,SUN,14837239,14837526,026,027,51722,59664,Joyce Station @ Bay 1 Unload Only,Joyce Station @ Bay 7,51722,Joyce Station,76590,76830,in_service_layover,24.720464770629253,27.699293930065778,16.800596459221993,240,4.0,21:16:30,21:20:30,False,,no_dispenser,0
2160052,heavy,27.0,39.0,40-ft,BTC,3,SUN,14837234,14837529,026,027,51722,59664,Joyce Station @ Bay 1 Unload Only,Joyce Station @ Bay 7,51722,Joyce Station,78270,78630,in_service_layover,42.49732524980737,47.06469638647702,25.75997321081681,360,6.0,21:44:30,21:50:30,False,,no_dispenser,0
2160055,heavy,27.0,38.0,40-ft,BTC,3,SUN,14837247,14837276,026,026,51722,58249,Joyce Station @ Bay 1 Unload Only,Joyce Station @ Bay 6,51722,Joyce Station,79950,80190,in_service_layover,52.80863308663173,55.93357921103088,17.624696141611253,240,4.0,22:12:30,22:16:30,False,,no_dispenser,0
2160051,heavy,27.0,41.0,40-ft,BTC,3,SUN,14837904,14837818,028,028,51722,51671,Joyce Station @ Bay 1 Unload Only,Joyce Station @ Bay 2,51722,Joyce Station,82590,83550,in_service_layover,41.33657328073973,53.67000345255104,69.5605461690158,960,16.0,22:56:30,23:12:30,False,,no_dispenser,0
2160055,heavy,27.0,38.0,40-ft,BTC,3,SUN,14837238,14837507,026,027,51722,59664,Joyce Station @ Bay 1 Unload Only,Joyce Station @ Bay 7,51722,Joyce Station,86190,86370,in_service_layover,42.2240806955678,44.502531905512946,12.850464824090608,180,3.0,23:56:30,23:59:30,False,,no_dispenser,0
2160722,heavy,130.0,31.0,40-ft,BTC,3,SUN,14847374,14847444,130,130,58043,58043,Kootenay Loop @ Bay 4,Kootenay Loop @ Bay 4,58043,Kootenay Loop,29910,30210,in_service_layover,67.20844409281632,70.58179460207481,19.025696872217907,300,5.0,08:18:30,08:23:30,False,,no_dispenser,0
2160053,heavy,27.0,32.0,40-ft,BTC,3,SUN,14837532,14837564,027,027,51695,51695,Kootenay Loop @ Bay 3,Kootenay Loop @ Bay 3,51695,Kootenay Loop,34950,35250,in_service_layover,66.99674557623668,70.3842252743457,19.105385497334908,300,5.0,09:42:30,09:47:30,False,,no_dispenser,0
2160941,heavy,160.0,51.0,40-ft,PCT,3,SUN,14851776,14851704,160,160,58042,58042,Kootenay Loop @ Bay 2,Kootenay Loop @ Bay 2,58042,Kootenay Loop,35370,35850,in_service_layover,52.73757028855927,59.031151461835705,35.49579781727914,480,8.0,09:49:30,09:57:30,False,,no_dispenser,0
2160945,heavy,160.0,52.0,40-ft,PCT,3,SUN,14851777,14851708,160,160,58042,58042,Kootenay Loop @ Bay 2,Kootenay Loop @ Bay 2,58042,Kootenay Loop,36090,36510,in_service_layover,62.61365241488588,67.63371624721512,28.313160014336972,420,7.0,10:01:30,10:08:30,False,,no_dispenser,0
2160948,heavy,160.0,53.0,40-ft,PCT,3,SUN,14851779,14851710,160,160,58042,58042,Kootenay Loop @ Bay 2,Kootenay Loop @ Bay 2,58042,Kootenay Loop,37470,38310,in_service_layover,62.61365241488588,71.85216019934035,52.105183904323155,840,14.0,10:24:30,10:38:30,False,,no_dispenser,0
2160053,heavy,27.0,32.0,40-ft,BTC,3,SUN,14837512,14837560,027,027,51695,51695,Kootenay Loop @ Bay 3,Kootenay Loop @ Bay 3,51695,Kootenay Loop,38610,38850,in_service_layover,68.39867843374527,71.0669938719014,15.049299071200608,240,4.0,10:43:30,10:47:30,False,,no_dispenser,0
2160943,heavy,160.0,54.0,40-ft,PCT,3,SUN,14851780,14851711,160,160,58042,58042,Kootenay Loop @ Bay 2,Kootenay Loop @ Bay 2,58042,Kootenay Loop,38610,39210,in_service_layover,62.61365241488588,69.54800361519406,39.10974076973815,600,10.0,10:43:30,10:53:30,False,,no_dispenser,0
2160949,heavy,160.0,55.0,40-ft,PCT,3,SUN,14851781,14851712,160,160,58042,58042,Kootenay Loop @ Bay 2,Kootenay Loop @ Bay 2,58042,Kootenay Loop,39570,40110,in_service_layover,62.61365241488588,68.9276387510373,35.6108829358941,540,9.0,10:59:30,11:08:30,False,,no_dispenser,0
2160058,heavy,27.0,35.0,40-ft,BTC,3,SUN,14837535,14837551,027,027,51695,51695,Kootenay Loop @ Bay 3,Kootenay Loop @ Bay 3,51695,Kootenay Loop,40230,40650,in_service_layover,66.32602867811894,71.01268581515512,26.432746252884044,420,7.0,11:10:30,11:17:30,False,,no_dispenser,0
2160944,heavy,160.0,56.0,40-ft,PCT,3,SUN,14851782,14851713,160,160,58042,58042,Kootenay Loop @ Bay 2,Kootenay Loop @ Bay 2,58042,Kootenay Loop,40470,41010,in_service_layover,62.61365241488588,68.9276387510373,35.6108829358941,540,9.0,11:14:30,11:23:30,False,,no_dispenser,0
2160947,heavy,160.0,57.0,40-ft,PCT,3,SUN,14851783,14851714,160,160,58042,58042,Kootenay Loop @ Bay 2,Kootenay Loop @ Bay 2,58042,Kootenay Loop,41310,41910,in_service_layover,62.61365241488588,69.54800361519406,39.10974076973815,600,10.0,11:28:30,11:38:30,False,,no_dispenser,0
2160053,heavy,27.0,32.0,40-ft,BTC,3,SUN,14837527,14837554,027,027,51695,51695,Kootenay Loop @ Bay 3,Kootenay Loop @ Bay 3,51695,Kootenay Loop,42150,42570,in_service_layover,65.07117591981711,69.8743275115349,27.089774977288414,420,7.0,11:42:30,11:49:30,False,,no_dispenser,0
2160942,heavy,160.0,58.0,40-ft,PCT,3,SUN,14851784,14851715,160,160,58042,58042,Kootenay Loop @ Bay 2,Kootenay Loop @ Bay 2,58042,Kootenay Loop,42270,42810,in_service_layover,62.61365241488588,68.9276387510373,35.6108829358941,540,9.0,11:44:30,11:53:30,False,,no_dispenser,0
2160946,heavy,160.0,59.0,40-ft,PCT,3,SUN,14851785,14851716,160,160,58042,58042,Kootenay Loop @ Bay 2,Kootenay Loop @ Bay 2,58042,Kootenay Loop,43170,43710,in_service_layover,62.61365241488588,68.9276387510373,35.6108829358941,540,9.0,11:59:30,12:08:30,False,,no_dispenser,0
2160941,heavy,160.0,51.0,40-ft,PCT,3,SUN,14851786,14851717,160,160,58042,58042,Kootenay Loop @ Bay 2,Kootenay Loop @ Bay 2,58042,Kootenay Loop,44070,44610,in_service_layover,45.92792786700219,52.85778697139987,39.08440534880293,540,9.0,12:14:30,12:23:30,False,,no_dispenser,0
2160945,heavy,160.0,52.0,40-ft,PCT,3,SUN,14851765,14851718,160,160,58042,58042,Kootenay Loop @ Bay 2,Kootenay Loop @ Bay 2,58042,Kootenay Loop,44970,45450,in_service_layover,55.860097589503496,62.10372187941735,35.214040995114146,480,8.0,12:29:30,12:37:30,False,,no_dispenser,0
2160940,heavy,160.0,60.0,40-ft,PCT,3,SUN,14851766,14851719,160,160,58042,58042,Kootenay Loop @ Bay 2,Kootenay Loop @ Bay 2,58042,Kootenay Loop,45870,46410,in_service_layover,62.61365241488588,68.9276387510373,35.6108829358941,540,9.0,12:44:30,12:53:30,False,,no_dispenser,0
2160948,heavy,160.0,53.0,40-ft,PCT,3,SUN,14851767,14851720,160,160,58042,58042,Kootenay Loop @ Bay 2,Kootenay Loop @ Bay 2,58042,Kootenay Loop,46950,47310,in_service_layover,59.01892446943427,63.62395208689748,25.972355762492555,360,6.0,13:02:30,13:08:30,False,,no_dispenser,0
2160943,heavy,160.0,54.0,40-ft,PCT,3,SUN,14851787,14851721,160,160,58042,58042,Kootenay Loop @ Bay 2,Kootenay Loop @ Bay 2,58042,Kootenay Loop,48030,48210,in_service_layover,57.585798096824014,59.96718896046438,13.431044470931681,180,3.0,13:20:30,13:23:30,False,,no_dispenser,0
2160949,heavy,160.0,55.0,40-ft,PCT,3,SUN,14851788,14851722,160,160,58042,58042,Kootenay Loop @ Bay 2,Kootenay Loop @ Bay 2,58042,Kootenay Loop,48750,49110,in_service_layover,55.64312607636827,60.37826466317364,26.706181629582318,360,6.0,13:32:30,13:38:30,False,,no_dispenser,0
2160944,heavy,160.0,56.0,40-ft,PCT,3,SUN,14851789,14851723,160,160,58042,58042,Kootenay Loop @ Bay 2,Kootenay Loop @ Bay 2,58042,Kootenay Loop,49650,50010,in_service_layover,55.64312607636827,60.37826466317364,26.706181629582318,360,6.0,13:47:30,13:53:30,False,,no_dispenser,0
2160947,heavy,160.0,57.0,40-ft,PCT,3,SUN,14851790,14851724,160,160,58042,58042,Kootenay Loop @ Bay 2,Kootenay Loop @ Bay 2,58042,Kootenay Loop,50730,50910,in_service_layover,56.21949343242879,58.59136802427143,13.377372697992428,180,3.0,14:05:30,14:08:30,False,,no_dispenser,0
2160942,heavy,160.0,58.0,40-ft,PCT,3,SUN,14851791,14851725,160,160,58042,58042,Kootenay Loop @ Bay 2,Kootenay Loop @ Bay 2,58042,Kootenay Loop,51630,51810,in_service_layover,55.64312607636827,58.009394947007046,13.34575643040273,180,3.0,14:20:30,14:23:30,False,,no_dispenser,0
2160946,heavy,160.0,59.0,40-ft,PCT,3,SUN,14851792,14851726,160,160,58042,58042,Kootenay Loop @ Bay 2,Kootenay Loop @ Bay 2,58042,Kootenay Loop,52590,52770,in_service_layover,55.64312607636827,58.009394947007046,13.34575643040273,180,3.0,14:36:30,14:39:30,False,,no_dispenser,0
2160945,heavy,160.0,52.0,40-ft,PCT,3,SUN,14851794,14851728,160,160,58042,58042,Kootenay Loop @ Bay 2,Kootenay Loop @ Bay 2,58042,Kootenay Loop,54150,54510,in_service_layover,46.681656284571936,51.284255473658234,25.95865942644673,360,6.0,15:02:30,15:08:30,False,,no_dispenser,0
2160052,heavy,27.0,39.0,40-ft,BTC,3,SUN,14837522,14837569,027,027,51695,51695,Kootenay Loop @ Bay 3,Kootenay Loop @ Bay 3,51695,Kootenay Loop,54930,55110,in_service_layover,67.287943562891,69.35832225250911,11.67693580944615,180,3.0,15:15:30,15:18:30,False,,no_dispenser,0
2160940,heavy,160.0,60.0,40-ft,PCT,3,SUN,14851795,14851729,160,160,58042,58042,Kootenay Loop @ Bay 2,Kootenay Loop @ Bay 2,58042,Kootenay Loop,55110,55530,in_service_layover,53.463901327044404,58.97873638199515,31.103669709922144,420,7.0,15:18:30,15:25:30,False,,no_dispenser,0
2160948,heavy,160.0,53.0,40-ft,PCT,3,SUN,14851796,14851730,160,160,58042,58042,Kootenay Loop @ Bay 2,Kootenay Loop @ Bay 2,58042,Kootenay Loop,56130,56430,in_service_layover,48.21667217798518,52.061295135553785,21.683673480686934,300,5.0,15:35:30,15:40:30,False,,no_dispenser,0
2160059,heavy,27.0,37.0,40-ft,BTC,3,SUN,14837508,14837557,027,027,51695,51695,Kootenay Loop @ Bay 3,Kootenay Loop @ Bay 3,51695,Kootenay Loop,56730,56970,in_service_layover,67.37292588198176,70.09652467232651,15.361097177544366,240,4.0,15:45:30,15:49:30,False,,no_dispenser,0
2160943,heavy,160.0,54.0,40-ft,PCT,3,SUN,14851764,14851731,160,160,58042,58042,Kootenay Loop @ Bay 2,Kootenay Loop @ Bay 2,58042,Kootenay Loop,57030,57330,in_service_layover,44.52434354913463,48.33710527723308,21.50397614647528,300,5.0,15:50:30,15:55:30,False,,no_dispenser,0
2160949,heavy,160.0,55.0,40-ft,PCT,3,SUN,14851797,14851732,160,160,58042,58042,Kootenay Loop @ Bay 2,Kootenay Loop @ Bay 2,58042,Kootenay Loop,57870,58230,in_service_layover,45.72335398769662,50.315195036368145,25.897983514507416,360,6.0,16:04:30,16:10:30,False,,no_dispenser,0
2160944,heavy,160.0,56.0,40-ft,PCT,3,SUN,14851798,14851733,160,160,58042,58042,Kootenay Loop @ Bay 2,Kootenay Loop @ Bay 2,58042,Kootenay Loop,58710,59310,in_service_layover,44.939417354371436,52.633374507379116,43.39391834296333,600,10.0,16:18:30,16:28:30,False,,no_dispenser,0
2160947,heavy,160.0,57.0,40-ft,PCT,3,SUN,14851799,14851734,160,160,58042,58042,Kootenay Loop @ Bay 2,Kootenay Loop @ Bay 2,58042,Kootenay Loop,59670,60210,in_service_layover,43.135141444640546,50.01759207657373,38.81702156410313,540,9.0,16:34:30,16:43:30,False,,no_dispenser,0
2160054,heavy,27.0,34.0,40-ft,BTC,3,SUN,14837503,14837548,027,027,51695,51695,Kootenay Loop @ Bay 3,Kootenay Loop @ Bay 3,51695,Kootenay Loop,60330,60510,in_service_layover,69.00107120924578,71.00334110907275,11.292802235024112,180,3.0,16:45:30,16:48:30,False,,no_dispenser,0
2160942,heavy,160.0,58.0,40-ft,PCT,3,SUN,14851800,14851735,160,160,58042,58042,Kootenay Loop @ Bay 2,Kootenay Loop @ Bay 2,58042,Kootenay Loop,60690,61110,in_service_layover,42.547508125197304,47.88069084112614,30.079150517838627,420,7.0,16:51:30,16:58:30,False,,no_dispenser,0
2160946,heavy,160.0,59.0,40-ft,PCT,3,SUN,14851801,14851736,160,160,58042,58042,Kootenay Loop @ Bay 2,Kootenay Loop @ Bay 2,58042,Kootenay Loop,61530,62010,in_service_layover,43.32376492085331,49.43455858219174,34.46487624994876,480,8.0,17:05:30,17:13:30,False,,no_dispenser,0
2160941,heavy,160.0,51.0,40-ft,PCT,3,SUN,14851802,14851737,160,160,58042,58042,Kootenay Loop @ Bay 2,Kootenay Loop @ Bay 2,58042,Kootenay Loop,62310,62910,in_service_layover,24.147786547520422,31.620360710489333,42.14531827914465,600,10.0,17:18:30,17:28:30,False,,no_dispenser,0
2160945,heavy,160.0,52.0,40-ft,PCT,3,SUN,14851803,14851738,160,160,58042,58042,Kootenay Loop @ Bay 2,Kootenay Loop @ Bay 2,58042,Kootenay Loop,63390,63810,in_service_layover,35.794116308455855,41.08541492484806,29.84292419645203,420,7.0,17:36:30,17:43:30,False,,no_dispenser,0
2160940,heavy,160.0,60.0,40-ft,PCT,3,SUN,14851804,14851739,160,160,58042,58042,Kootenay Loop @ Bay 2,Kootenay Loop @ Bay 2,58042,Kootenay Loop,63990,64710,in_service_layover,43.5262773283939,52.75962512082335,52.076081549302046,720,12.0,17:46:30,17:58:30,False,,no_dispenser,0
2160948,heavy,160.0,53.0,40-ft,PCT,3,SUN,14851805,14851740,160,160,58042,58042,Kootenay Loop @ Bay 2,Kootenay Loop @ Bay 2,58042,Kootenay Loop,64830,65610,in_service_layover,36.573183797905386,46.450995476416296,55.71085786680152,780,13.0,18:00:30,18:13:30,False,,no_dispenser,0
2160050,heavy,27.0,36.0,40-ft,BTC,3,SUN,14837515,14837558,027,027,51695,51695,Kootenay Loop @ Bay 3,Kootenay Loop @ Bay 3,51695,Kootenay Loop,65670,65910,in_service_layover,60.543317311303944,63.59564273393733,17.21511538365229,240,4.0,18:14:30,18:18:30,False,,no_dispenser,0
2160943,heavy,160.0,54.0,40-ft,PCT,3,SUN,14851806,14851741,160,160,58042,58042,Kootenay Loop @ Bay 2,Kootenay Loop @ Bay 2,58042,Kootenay Loop,65730,66510,in_service_layover,32.839274982906744,42.67174160818804,55.455111766586555,780,13.0,18:15:30,18:28:30,False,,no_dispenser,0
2160949,heavy,160.0,55.0,40-ft,PCT,3,SUN,14851807,14851702,160,160,58042,58042,Kootenay Loop @ Bay 2,Kootenay Loop @ Bay 2,58042,Kootenay Loop,66630,67410,in_service_layover,34.8225269301701,44.677438690455396,55.58170232800907,780,13.0,18:30:30,18:43:30,False,,no_dispenser,0
2160058,heavy,27.0,35.0,40-ft,BTC,3,SUN,14837520,14837547,027,027,51695,51695,Kootenay Loop @ Bay 3,Kootenay Loop @ Bay 3,51695,Kootenay Loop,67470,67650,in_service_layover,68.14265342820963,70.17995478254564,11.490379638455181,180,3.0,18:44:30,18:47:30,False,,no_dispenser,0
2160944,heavy,160.0,56.0,40-ft,PCT,3,SUN,14851808,14851742,160,160,58042,58042,Kootenay Loop @ Bay 2,Kootenay Loop @ Bay 2,58042,Kootenay Loop,67470,68310,in_service_layover,37.146756115805616,47.80650529553874,60.12098537369485,840,14.0,18:44:30,18:58:30,False,,no_dispenser,0
2160947,heavy,160.0,57.0,40-ft,PCT,3,SUN,14851809,14851743,160,160,58042,58042,Kootenay Loop @ Bay 2,Kootenay Loop @ Bay 2,58042,Kootenay Loop,68370,69210,in_service_layover,36.047288956225415,46.6877458350035,60.01217679630838,840,14.0,18:59:30,19:13:30,False,,no_dispenser,0
2160050,heavy,27.0,36.0,40-ft,BTC,3,SUN,14837524,14837549,027,027,51695,51695,Kootenay Loop @ Bay 3,Kootenay Loop @ Bay 3,51695,Kootenay Loop,69210,69390,in_service_layover,60.6658254321249,62.972001835241045,13.006834913575005,180,3.0,19:13:30,19:16:30,False,,no_dispenser,0
2160942,heavy,160.0,58.0,40-ft,PCT,3,SUN,14851769,14851706,160,160,58042,58042,Kootenay Loop @ Bay 2,Kootenay Loop @ Bay 2,58042,Kootenay Loop,69270,70110,in_service_layover,33.90109332775882,44.509989928880564,59.834176830326584,840,14.0,19:14:30,19:28:30,False,,no_dispenser,0
2160946,heavy,160.0,59.0,40-ft,PCT,3,SUN,14851810,14851744,160,160,58042,58042,Kootenay Loop @ Bay 2,Kootenay Loop @ Bay 2,58042,Kootenay Loop,70230,71010,in_service_layover,36.987865766387614,46.871888741587355,55.74588958012657,780,13.0,19:30:30,19:43:30,False,,no_dispenser,0
2160945,heavy,160.0,52.0,40-ft,PCT,3,SUN,14851768,14851746,160,160,58042,58042,Kootenay Loop @ Bay 2,Kootenay Loop @ Bay 2,58042,Kootenay Loop,71850,72810,in_service_layover,27.83156940442157,39.887481456963336,67.99534397633556,960,16.0,19:57:30,20:13:30,False,,no_dispenser,0
2160940,heavy,160.0,60.0,40-ft,PCT,3,SUN,14851812,14851705,160,160,58042,58042,Kootenay Loop @ Bay 2,Kootenay Loop @ Bay 2,58042,Kootenay Loop,72750,73710,in_service_layover,41.11477766575856,53.44123867469749,69.52124009041557,960,16.0,20:12:30,20:28:30,False,,no_dispenser,0
2160948,heavy,160.0,53.0,40-ft,PCT,3,SUN,14851813,14851696,160,160,58042,58042,Kootenay Loop @ Bay 2,Kootenay Loop @ Bay 2,58042,Kootenay Loop,73590,74610,in_service_layover,34.748119768362315,47.68754193102289,72.97834099740564,1020,17.0,20:26:30,20:43:30,False,,no_dispenser,0
2160943,heavy,160.0,54.0,40-ft,PCT,3,SUN,14851814,14851747,160,160,58042,58042,Kootenay Loop @ Bay 2,Kootenay Loop @ Bay 2,58042,Kootenay Loop,74730,75510,in_service_layover,37.83242165156022,47.730022808541065,55.822470525371955,780,13.0,20:45:30,20:58:30,False,,no_dispenser,0
2160944,heavy,160.0,56.0,40-ft,PCT,3,SUN,14851815,14851748,160,160,58042,58042,Kootenay Loop @ Bay 2,Kootenay Loop @ Bay 2,58042,Kootenay Loop,75990,76410,in_service_layover,36.11306279163368,41.40630355653725,29.853877914056113,420,7.0,21:06:30,21:13:30,False,,no_dispenser,0
2160051,heavy,27.0,41.0,40-ft,BTC,3,SUN,14837517,14837568,027,027,51695,51695,Kootenay Loop @ Bay 3,Kootenay Loop @ Bay 3,51695,Kootenay Loop,76470,76710,in_service_layover,47.984884480135634,51.05225756980739,17.299984225748688,240,4.0,21:14:30,21:18:30,False,,no_dispenser,0
2160942,heavy,160.0,58.0,40-ft,PCT,3,SUN,14851816,14851749,160,160,58042,58042,Kootenay Loop @ Bay 2,Kootenay Loop @ Bay 2,58042,Kootenay Loop,77610,77850,in_service_layover,31.274018521950296,34.275861329943744,16.930393437083012,240,4.0,21:33:30,21:37:30,False,,no_dispenser,0
2160722,heavy,130.0,31.0,40-ft,BTC,3,SUN,14847359,14847430,130,130,58043,58043,Kootenay Loop @ Bay 4,Kootenay Loop @ Bay 4,58043,Kootenay Loop,78750,79050,in_service_layover,51.80271565211585,55.700940575325156,21.985988566900517,300,5.0,21:52:30,21:57:30,False,,no_dispenser,0
2160052,heavy,27.0,39.0,40-ft,BTC,3,SUN,14837529,14837537,027,027,51695,51695,Kootenay Loop @ Bay 3,Kootenay Loop @ Bay 3,51695,Kootenay Loop,80070,80430,in_service_layover,44.41043492158022,48.99014600014354,25.829570483097143,360,6.0,22:14:30,22:20:30,False,,no_dispenser,0
2160726,heavy,130.0,35.0,40-ft,BTC,3,SUN,14847360,14847431,130,130,58043,58043,Kootenay Loop @ Bay 4,Kootenay Loop @ Bay 4,58043,Kootenay Loop,80550,80850,in_service_layover,55.86004118085993,59.815609325263694,22.30940433443726,300,5.0,22:22:30,22:27:30,False,,no_dispenser,0
2160940,heavy,160.0,60.0,40-ft,PCT,3,SUN,14851758,14851751,160,160,58042,58042,Kootenay Loop @ Bay 2,Kootenay Loop @ Bay 2,58042,Kootenay Loop,80970,81510,in_service_layover,43.369145486628796,50.25504436627985,38.836469681231904,540,9.0,22:29:30,22:38:30,False,,no_dispenser,0
2160722,heavy,130.0,31.0,40-ft,BTC,3,SUN,14847361,14847432,130,130,58043,58043,Kootenay Loop @ Bay 4,Kootenay Loop @ Bay 4,58043,Kootenay Loop,82230,82710,in_service_layover,49.85435385975393,56.08105219713882,35.11857862285075,480,8.0,22:50:30,22:58:30,False,,no_dispenser,0
2160943,heavy,160.0,54.0,40-ft,PCT,3,SUN,14851759,14851752,160,160,58042,58042,Kootenay Loop @ Bay 2,Kootenay Loop @ Bay 2,58042,Kootenay Loop,83010,83310,in_service_layover,42.23623975484859,46.03873496424561,21.44607298099919,300,5.0,23:03:30,23:08:30,False,,no_dispenser,0
2160726,heavy,130.0,35.0,40-ft,BTC,3,SUN,14847362,14847433,130,130,58043,58043,Kootenay Loop @ Bay 4,Kootenay Loop @ Bay 4,58043,Kootenay Loop,84030,84510,in_service_layover,54.009041680196425,60.30171756038024,35.49069196423676,480,8.0,23:20:30,23:28:30,False,,no_dispenser,0
2160722,heavy,130.0,31.0,40-ft,BTC,3,SUN,14847363,14847434,130,130,58043,58043,Kootenay Loop @ Bay 4,Kootenay Loop @ Bay 4,58043,Kootenay Loop,85770,86370,in_service_layover,51.019586599902354,58.85974186605013,44.21847570107349,600,10.0,23:49:30,23:59:30,False,,no_dispenser,0
2160726,heavy,130.0,35.0,40-ft,BTC,3,SUN,14847364,14847435,130,130,58043,58043,Kootenay Loop @ Bay 4,Kootenay Loop @ Bay 4,58043,Kootenay Loop,87570,88170,in_service_layover,55.29498528110452,63.029599019325666,43.62322148356725,600,10.0,24:19:30,24:29:30,False,,no_dispenser,0
2160055,heavy,27.0,38.0,40-ft,BTC,3,SUN,14837507,14837541,027,027,51695,51695,Kootenay Loop @ Bay 3,Kootenay Loop @ Bay 3,51695,Kootenay Loop,87750,88110,in_service_layover,41.84827044061614,46.41225392208446,25.740866835481313,360,6.0,24:22:30,24:28:30,False,,no_dispenser,0
2160940,heavy,160.0,60.0,40-ft,PCT,3,SUN,14851762,14851755,160,160,58042,58042,Kootenay Loop @ Bay 2,Kootenay Loop @ Bay 2,58042,Kootenay Loop,88230,88710,in_service_layover,38.580645790828214,44.651255015166456,34.238236025267724,480,8.0,24:30:30,24:38:30,False,,no_dispenser,0
2160722,heavy,130.0,31.0,40-ft,BTC,3,SUN,14847365,14847436,130,130,58043,58043,Kootenay Loop @ Bay 4,Kootenay Loop @ Bay 4,58043,Kootenay Loop,89310,90090,in_service_layover,53.83431013837539,63.797914956502645,56.19473117423769,780,13.0,24:48:30,25:01:30,False,,no_dispenser,0
2161530,heavy,312.0,60.0,40-ft,STC,3,SUN,14878543,14878486,640,640,56673,56673,Ladner Exchange @ Bay 4,Ladner Exchange @ Bay 4,56673,Ladner Exchange,30090,30390,in_service_layover,68.08237687588434,71.39623115464457,18.690138132207608,300,5.0,08:21:30,08:26:30,False,,no_dispenser,0
2161487,heavy,312.0,63.0,40-ft,STC,3,SUN,14878550,14878517,640,640,56673,56673,Ladner Exchange @ Bay 4,Ladner Exchange @ Bay 4,56673,Ladner Exchange,35430,35790,in_service_layover,63.60954660209165,67.88465796342244,24.111628077905607,360,6.0,09:50:30,09:56:30,False,,no_dispenser,0
2161531,heavy,312.0,61.0,40-ft,STC,3,SUN,14878541,14878485,640,640,56673,56673,Ladner Exchange @ Bay 4,Ladner Exchange @ Bay 4,56673,Ladner Exchange,37230,37590,in_service_layover,66.2120730076778,70.28908009322579,22.994319962490636,360,6.0,10:20:30,10:26:30,False,,no_dispenser,0
2161529,heavy,312.0,67.0,40-ft,STC,3,SUN,14878533,14878502,640,640,56673,56673,Ladner Exchange @ Bay 4,Ladner Exchange @ Bay 4,56673,Ladner Exchange,39030,39390,in_service_layover,62.91098331874962,67.23643022723593,24.395520563862704,360,6.0,10:50:30,10:56:30,False,,no_dispenser,0
2161530,heavy,312.0,60.0,40-ft,STC,3,SUN,14878539,14878511,640,640,56673,56673,Ladner Exchange @ Bay 4,Ladner Exchange @ Bay 4,56673,Ladner Exchange,40890,41190,in_service_layover,67.31198317570897,70.67838321693459,18.98649623251248,300,5.0,11:21:30,11:26:30,False,,no_dispenser,0
2161533,heavy,312.0,64.0,40-ft,STC,3,SUN,14878532,14878501,640,640,56673,56673,Ladner Exchange @ Bay 4,Ladner Exchange @ Bay 4,56673,Ladner Exchange,42690,42990,in_service_layover,68.6225726966168,71.89871057088124,18.477417610851376,300,5.0,11:51:30,11:56:30,False,,no_dispenser,0
2161532,heavy,312.0,62.0,40-ft,STC,3,SUN,14878538,14878510,640,640,56673,56673,Ladner Exchange @ Bay 4,Ladner Exchange @ Bay 4,56673,Ladner Exchange,44550,44790,in_service_layover,64.16820077652015,67.04913691001802,16.24847979292798,240,4.0,12:22:30,12:26:30,False,,no_dispenser,0
2161487,heavy,312.0,63.0,40-ft,STC,3,SUN,14878531,14878500,640,640,56673,56673,Ladner Exchange @ Bay 4,Ladner Exchange @ Bay 4,56673,Ladner Exchange,46350,46590,in_service_layover,63.99968065700947,66.88858464485773,16.293418491464138,240,4.0,12:52:30,12:56:30,False,,no_dispenser,0
2161531,heavy,312.0,61.0,40-ft,STC,3,SUN,14878537,14878509,640,640,56673,56673,Ladner Exchange @ Bay 4,Ladner Exchange @ Bay 4,56673,Ladner Exchange,48150,48390,in_service_layover,65.58667511325393,68.40035978201685,15.869181531822846,240,4.0,13:22:30,13:26:30,False,,no_dispenser,0
2161529,heavy,312.0,67.0,40-ft,STC,3,SUN,14878530,14878499,640,640,56673,56673,Ladner Exchange @ Bay 4,Ladner Exchange @ Bay 4,56673,Ladner Exchange,49890,50190,in_service_layover,63.040742875440216,66.67308667712814,20.486419041519923,300,5.0,13:51:30,13:56:30,False,,no_dispenser,0
2161530,heavy,312.0,60.0,40-ft,STC,3,SUN,14878536,14878492,640,640,56673,56673,Ladner Exchange @ Bay 4,Ladner Exchange @ Bay 4,56673,Ladner Exchange,51750,51990,in_service_layover,63.15029809564544,66.07936201547308,16.519920507827862,240,4.0,14:22:30,14:26:30,False,,no_dispenser,0
2161533,heavy,312.0,64.0,40-ft,STC,3,SUN,14878529,14878498,640,640,56673,56673,Ladner Exchange @ Bay 4,Ladner Exchange @ Bay 4,56673,Ladner Exchange,53490,53790,in_service_layover,64.53358662696057,68.07735009146796,19.9868259398217,300,5.0,14:51:30,14:56:30,False,,no_dispenser,0
2161532,heavy,312.0,62.0,40-ft,STC,3,SUN,14878540,14878508,640,640,56673,56673,Ladner Exchange @ Bay 4,Ladner Exchange @ Bay 4,56673,Ladner Exchange,55290,55590,in_service_layover,60.52166621220055,64.30289161337073,21.326111262599795,300,5.0,15:21:30,15:26:30,False,,no_dispenser,0
2161487,heavy,312.0,63.0,40-ft,STC,3,SUN,14878528,14878497,640,640,56673,56673,Ladner Exchange @ Bay 4,Ladner Exchange @ Bay 4,56673,Ladner Exchange,57210,57390,in_service_layover,59.81013663775852,62.14746977869454,13.182558914879166,180,3.0,15:53:30,15:56:30,False,,no_dispenser,0
2161531,heavy,312.0,61.0,40-ft,STC,3,SUN,14878535,14878507,640,640,56673,56673,Ladner Exchange @ Bay 4,Ladner Exchange @ Bay 4,56673,Ladner Exchange,58830,59190,in_service_layover,58.288010167816296,62.93717575657549,26.221293920601852,360,6.0,16:20:30,16:26:30,False,,no_dispenser,0
2161529,heavy,312.0,67.0,40-ft,STC,3,SUN,14878527,14878496,640,640,56673,56673,Ladner Exchange @ Bay 4,Ladner Exchange @ Bay 4,56673,Ladner Exchange,60750,60990,in_service_layover,57.68753074491227,60.848762285382705,17.829345888253215,240,4.0,16:52:30,16:56:30,False,,no_dispenser,0
2161530,heavy,312.0,60.0,40-ft,STC,3,SUN,14878519,14878503,640,640,56673,56673,Ladner Exchange @ Bay 4,Ladner Exchange @ Bay 4,56673,Ladner Exchange,62550,62790,in_service_layover,56.54078021122281,59.7105182406221,17.877322485812044,240,4.0,17:22:30,17:26:30,False,,no_dispenser,0
2161531,heavy,312.0,61.0,40-ft,STC,3,SUN,14878526,14878495,640,640,56673,56673,Ladner Exchange @ Bay 4,Ladner Exchange @ Bay 4,56673,Ladner Exchange,64350,64590,in_service_layover,50.63381952626392,53.7305628077792,17.46563210774616,240,4.0,17:52:30,17:56:30,False,,no_dispenser,0
2161532,heavy,312.0,62.0,40-ft,STC,3,SUN,14878534,14878505,640,640,56673,56673,Ladner Exchange @ Bay 4,Ladner Exchange @ Bay 4,56673,Ladner Exchange,66150,66390,in_service_layover,54.22996900381436,57.37334692130512,17.72865145464789,240,4.0,18:22:30,18:26:30,False,,no_dispenser,0
2161487,heavy,312.0,63.0,40-ft,STC,3,SUN,14878525,14878494,640,640,56673,56673,Ladner Exchange @ Bay 4,Ladner Exchange @ Bay 4,56673,Ladner Exchange,67890,68190,in_service_layover,54.388829572832584,58.32897519554169,22.222421312079348,300,5.0,18:51:30,18:56:30,False,,no_dispenser,0
2161533,heavy,312.0,64.0,40-ft,STC,3,SUN,14878523,14878491,640,640,56673,56673,Ladner Exchange @ Bay 4,Ladner Exchange @ Bay 4,56673,Ladner Exchange,69690,69990,in_service_layover,61.02711701758763,64.77846943971602,21.15762766080411,300,5.0,19:21:30,19:26:30,False,,no_dispenser,0
2161529,heavy,312.0,67.0,40-ft,STC,3,SUN,14878524,14878493,640,640,56673,56673,Ladner Exchange @ Bay 4,Ladner Exchange @ Bay 4,56673,Ladner Exchange,71490,71790,in_service_layover,53.85143942451867,57.78287399597007,22.173290982985918,300,5.0,19:51:30,19:56:30,False,,no_dispenser,0
2161487,heavy,312.0,63.0,40-ft,STC,3,SUN,14878522,14878490,640,640,56673,56673,Ladner Exchange @ Bay 4,Ladner Exchange @ Bay 4,56673,Ladner Exchange,73290,73590,in_service_layover,45.980799828051424,49.80327997588462,21.558788033779194,300,5.0,20:21:30,20:26:30,False,,no_dispenser,0
2161531,heavy,312.0,61.0,40-ft,STC,3,SUN,14878545,14878512,640,640,56673,56673,Ladner Exchange @ Bay 4,Ladner Exchange @ Bay 4,56673,Ladner Exchange,75150,75390,in_service_layover,46.40171190016579,49.457721265250555,17.23589281907806,240,4.0,20:52:30,20:56:30,False,,no_dispenser,0
2161532,heavy,312.0,62.0,40-ft,STC,3,SUN,14878521,14878504,640,640,56673,56673,Ladner Exchange @ Bay 4,Ladner Exchange @ Bay 4,56673,Ladner Exchange,76950,77190,in_service_layover,51.02748638479113,54.12933471290072,17.494424570538115,240,4.0,21:22:30,21:26:30,False,,no_dispenser,0
2161530,heavy,312.0,60.0,40-ft,STC,3,SUN,14878546,14878513,640,640,56673,56673,Ladner Exchange @ Bay 4,Ladner Exchange @ Bay 4,56673,Ladner Exchange,78810,78990,in_service_layover,59.053741089689346,61.415226714036706,13.318778921319108,180,3.0,21:53:30,21:56:30,False,,no_dispenser,0
2161533,heavy,312.0,64.0,40-ft,STC,3,SUN,14878520,14878489,640,640,56673,56673,Ladner Exchange @ Bay 4,Ladner Exchange @ Bay 4,56673,Ladner Exchange,80610,80790,in_service_layover,60.14232344338215,62.467063746808314,13.111535311323564,180,3.0,22:23:30,22:26:30,False,,no_dispenser,0
2161529,heavy,312.0,67.0,40-ft,STC,3,SUN,14878547,14878514,640,640,56673,56673,Ladner Exchange @ Bay 4,Ladner Exchange @ Bay 4,56673,Ladner Exchange,82290,82590,in_service_layover,53.83168715321369,57.76280154192946,22.171485152356922,300,5.0,22:51:30,22:56:30,False,,no_dispenser,0
2161487,heavy,312.0,63.0,40-ft,STC,3,SUN,14878518,14878488,640,640,56673,56673,Ladner Exchange @ Bay 4,Ladner Exchange @ Bay 4,56673,Ladner Exchange,84210,84450,in_service_layover,49.439986555856116,52.521672436186684,17.38070836506438,240,4.0,23:23:30,23:27:30,False,,no_dispenser,0
2161561,heavy,320.0,40.0,40-ft,STC,3,SUN,14874714,14874689,501,501,57027,57027,Langley Centre @ Bay 3,Langley Centre @ Bay 3,57027,Langley Centre,27450,28350,in_service_layover,66.35826121785652,75.34940722311046,50.7100634696323,900,15.0,07:37:30,07:52:30,False,,no_dispenser,0
2161700,heavy,320.0,44.0,40-ft,STC,3,SUN,14863594,14876944,320,595,57136,57097,Langley Centre @ Bay 2,Langley Centre @ Bay 4,57136,Langley Centre,28830,29430,in_service_layover,65.37975049959527,71.9462920396206,37.03529428574291,600,10.0,08:00:30,08:10:30,False,,no_dispenser,0
2161702,heavy,320.0,48.0,40-ft,STC,3,SUN,14874713,14874669,501,501,57027,57027,Langley Centre @ Bay 3,Langley Centre @ Bay 3,57027,Langley Centre,29430,30210,in_service_layover,66.35826121785652,74.378906736589,45.23644072565122,780,13.0,08:10:30,08:23:30,False,,no_dispenser,0
2162416,heavy,502.0,54.0,40-ft,STC,3,SUN,14875122,14863681,502,320,57143,57136,Langley Centre @ Bay 5,Langley Centre @ Bay 2,57143,Langley Centre,31290,31950,in_service_layover,66.9652334395357,73.85079608239565,38.834573305730146,660,11.0,08:41:30,08:52:30,False,,no_dispenser,0
2162436,heavy,503.0,51.0,40-ft,STC,3,SUN,14875655,14875709,503,503,55299,55299,Langley Centre @ Bay 1,Langley Centre @ Bay 1,55299,Langley Centre,31350,31590,in_service_layover,68.9744816700201,71.61062854587861,14.867868379842037,240,4.0,08:42:30,08:46:30,False,,no_dispenser,0
2162000,heavy,502.0,58.0,40-ft,STC,3,SUN,14867811,14867853,342,342,57143,57136,Langley Centre @ Bay 5,Langley Centre @ Bay 2,57143,Langley Centre,31410,32310,in_service_layover,69.81628448141865,78.05731432232884,46.47940830273353,900,15.0,08:43:30,08:58:30,False,,no_dispenser,0
2161689,heavy,320.0,49.0,40-ft,STC,3,SUN,14863650,14876946,320,595,57136,57097,Langley Centre @ Bay 2,Langley Centre @ Bay 4,57136,Langley Centre,32010,33030,in_service_layover,66.55099549977959,76.39499037619937,55.5201311030076,1020,17.0,08:53:30,09:10:30,False,,no_dispenser,0
2162420,heavy,502.0,56.0,40-ft,STC,3,SUN,14875096,14875207,502,502,57143,57027,Langley Centre @ Bay 5,Langley Centre @ Bay 3,57143,Langley Centre,32370,33210,in_service_layover,66.9652334395357,75.35942992761726,47.34326819277993,840,14.0,08:59:30,09:13:30,False,,no_dispenser,0
2161999,heavy,502.0,52.0,40-ft,STC,3,SUN,14867812,14867854,342,342,57143,57136,Langley Centre @ Bay 5,Langley Centre @ Bay 2,57143,Langley Centre,33210,34110,in_service_layover,67.43276800743487,76.19398395840085,49.413257963448075,900,15.0,09:13:30,09:28:30,False,,no_dispenser,0
2161584,heavy,320.0,55.0,40-ft,STC,3,SUN,14874711,14874670,501,501,57027,57027,Langley Centre @ Bay 3,Langley Centre @ Bay 3,57027,Langley Centre,33270,33630,in_service_layover,65.92964429321543,70.02895660611472,23.120121444751987,360,6.0,09:14:30,09:20:30,False,,no_dispenser,0
2162419,heavy,502.0,57.0,40-ft,STC,3,SUN,14875139,14875173,502,502,57143,57027,Langley Centre @ Bay 5,Langley Centre @ Bay 3,57143,Langley Centre,33330,34110,in_service_layover,66.9652334395357,74.87428155459142,44.607031368914306,780,13.0,09:15:30,09:28:30,False,,no_dispenser,0
2162418,heavy,502.0,50.0,40-ft,STC,3,SUN,14875097,14875163,502,502,57143,57027,Langley Centre @ Bay 5,Langley Centre @ Bay 3,57143,Langley Centre,34230,35010,in_service_layover,62.91631306445484,71.55263487462132,48.70885500933895,780,13.0,09:30:30,09:43:30,False,,no_dispenser,0
2161700,heavy,320.0,44.0,40-ft,STC,3,SUN,14876991,14863667,595,320,57097,57136,Langley Centre @ Bay 4,Langley Centre @ Bay 2,57097,Langley Centre,34230,35430,in_service_layover,60.94271063421131,73.56548650078042,71.1924558874498,1200,20.0,09:30:30,09:50:30,False,,no_dispenser,0
2162406,heavy,503.0,54.0,40-ft,STC,3,SUN,14875653,14875707,503,503,55299,55299,Langley Centre @ Bay 1,Langley Centre @ Bay 1,55299,Langley Centre,35070,35250,in_service_layover,65.60384857290053,67.73491777244305,12.019230285419894,180,3.0,09:44:30,09:47:30,False,,no_dispenser,0
2161997,heavy,502.0,60.0,40-ft,STC,3,SUN,14867813,14867855,342,342,57143,57136,Langley Centre @ Bay 5,Langley Centre @ Bay 2,57143,Langley Centre,35070,35910,in_service_layover,66.7813290892145,75.2121507082613,47.54983393142402,840,14.0,09:44:30,09:58:30,False,,no_dispenser,0
2161764,heavy,502.0,53.0,40-ft,STC,3,SUN,14875084,14875208,502,502,57143,57027,Langley Centre @ Bay 5,Langley Centre @ Bay 3,57143,Langley Centre,35190,35910,in_service_layover,62.91631306445484,70.98993377492987,45.535220807079156,720,12.0,09:46:30,09:58:30,False,,no_dispenser,0
2162120,heavy,502.0,59.0,40-ft,STC,3,SUN,14869552,14869582,364,364,57097,57097,Langley Centre @ Bay 4,Langley Centre @ Bay 4,57097,Langley Centre,35430,36150,in_service_layover,64.53248670674945,72.34452734057865,44.05990917479676,720,12.0,09:50:30,10:02:30,False,,no_dispenser,0
2161685,heavy,320.0,46.0,40-ft,STC,3,SUN,14863622,14876948,320,595,57136,57097,Langley Centre @ Bay 2,Langley Centre @ Bay 4,57136,Langley Centre,35970,36630,in_service_layover,53.390578223419695,61.94945283999711,48.27205283749663,660,11.0,09:59:30,10:10:30,False,,no_dispenser,0
2161586,heavy,320.0,62.0,40-ft,STC,3,SUN,14876992,14863712,595,320,57097,57136,Langley Centre @ Bay 4,Langley Centre @ Bay 2,57097,Langley Centre,36150,37110,in_service_layover,64.57360781836314,74.42538561802681,55.56402679010307,960,16.0,10:02:30,10:18:30,False,,no_dispenser,0
2161975,heavy,502.0,55.0,40-ft,STC,3,SUN,14875098,14875209,502,502,57143,57027,Langley Centre @ Bay 5,Langley Centre @ Bay 3,57143,Langley Centre,36210,36810,in_service_layover,61.661164866391694,68.71780801872688,39.79946737917044,600,10.0,10:03:30,10:13:30,False,,no_dispenser,0
2161761,heavy,321.0,68.0,40-ft,STC,3,SUN,14875652,14874673,503,501,55299,57027,Langley Centre @ Bay 1,Langley Centre @ Bay 3,55299,Langley Centre,36870,37050,in_service_layover,65.02518544840719,67.17677461690337,12.134962910318563,180,3.0,10:14:30,10:17:30,False,,no_dispenser,0
2161998,heavy,502.0,62.0,40-ft,STC,3,SUN,14867814,14867856,342,342,57143,57136,Langley Centre @ Bay 5,Langley Centre @ Bay 2,57143,Langley Centre,36930,37710,in_service_layover,66.88665085207232,74.81019827169622,44.68880744667882,780,13.0,10:15:30,10:28:30,False,,no_dispenser,0
2162417,heavy,502.0,51.0,40-ft,STC,3,SUN,14875140,14875188,502,502,57143,57027,Langley Centre @ Bay 5,Langley Centre @ Bay 3,57143,Langley Centre,37110,37710,in_service_layover,57.566192323305145,65.12194068783286,42.61442077593631,600,10.0,10:18:30,10:28:30,False,,no_dispenser,0
2162122,heavy,502.0,61.0,40-ft,STC,3,SUN,14869553,14869583,364,364,57097,57097,Langley Centre @ Bay 4,Langley Centre @ Bay 4,57097,Langley Centre,37470,37950,in_service_layover,64.53248670674945,70.01193294218675,30.9040767678664,480,8.0,10:24:30,10:32:30,False,,no_dispenser,0
2161701,heavy,320.0,72.0,40-ft,STC,3,SUN,14863620,14874680,320,501,57136,57027,Langley Centre @ Bay 2,Langley Centre @ Bay 3,57136,Langley Centre,37770,38850,in_service_layover,65.37975049959527,75.94395495792074,59.582113144955656,1080,18.0,10:29:30,10:47:30,False,,no_dispenser,0
2161689,heavy,320.0,49.0,40-ft,STC,3,SUN,14876993,14863668,595,320,57097,57136,Langley Centre @ Bay 4,Langley Centre @ Bay 2,57097,Langley Centre,37950,38910,in_service_layover,65.39140897079007,75.05995790006538,54.5306159611128,960,16.0,10:32:30,10:48:30,False,,no_dispenser,0
2161698,heavy,320.0,56.0,40-ft,STC,3,SUN,14875099,14875175,502,502,57143,57027,Langley Centre @ Bay 5,Langley Centre @ Bay 3,57143,Langley Centre,38070,38610,in_service_layover,60.69557261259736,67.2252035500493,36.827118487228915,540,9.0,10:34:30,10:43:30,False,,no_dispenser,0
2162435,heavy,503.0,50.0,40-ft,STC,3,SUN,14875651,14875705,503,503,55299,55299,Langley Centre @ Bay 1,Langley Centre @ Bay 1,55299,Langley Centre,38730,38970,in_service_layover,45.90710298664039,48.96046144267669,17.220941692044732,240,4.0,10:45:30,10:49:30,False,,no_dispenser,0
2162000,heavy,502.0,58.0,40-ft,STC,3,SUN,14867815,14867857,342,342,57143,57136,Langley Centre @ Bay 5,Langley Centre @ Bay 2,57143,Langley Centre,38730,39510,in_service_layover,69.9531290867109,77.29959799452507,41.43408464007183,780,13.0,10:45:30,10:58:30,False,,no_dispenser,0
2161707,heavy,320.0,43.0,40-ft,STC,3,SUN,14874727,14874679,501,501,57027,57027,Langley Centre @ Bay 3,Langley Centre @ Bay 3,57027,Langley Centre,39090,40530,in_service_layover,61.38183874576172,75.5667989451028,80.00317552428373,1440,24.0,10:51:30,11:15:30,False,,no_dispenser,0
2161699,heavy,320.0,54.0,40-ft,STC,3,SUN,14863632,14876949,320,595,57136,57097,Langley Centre @ Bay 2,Langley Centre @ Bay 4,57136,Langley Centre,39630,40230,in_service_layover,57.67522062490224,65.22023805371332,42.553898298494516,600,10.0,11:00:30,11:10:30,False,,no_dispenser,0
2161694,heavy,320.0,71.0,40-ft,STC,3,SUN,14876994,14863666,595,320,57097,57136,Langley Centre @ Bay 4,Langley Centre @ Bay 2,57097,Langley Centre,39810,40710,in_service_layover,64.12947416768245,73.5884857572101,53.34882536493603,900,15.0,11:03:30,11:18:30,False,,no_dispenser,0
2162420,heavy,502.0,56.0,40-ft,STC,3,SUN,14875100,14875168,502,502,57143,57027,Langley Centre @ Bay 5,Langley Centre @ Bay 3,57143,Langley Centre,39930,40410,in_service_layover,64.61626335635088,70.08692620503251,30.854538466564406,480,8.0,11:05:30,11:13:30,False,,no_dispenser,0
2161999,heavy,502.0,52.0,40-ft,STC,3,SUN,14867816,14867858,342,342,57143,57136,Langley Centre @ Bay 5,Langley Centre @ Bay 2,57143,Langley Centre,40530,41310,in_service_layover,67.9475427515007,75.6740619535956,43.5775682998152,780,13.0,11:15:30,11:28:30,False,,no_dispenser,0
2164471,heavy,503.0,52.0,40-ft,STC,3,SUN,14875650,14875704,503,503,55299,55299,Langley Centre @ Bay 1,Langley Centre @ Bay 1,55299,Langley Centre,40590,40830,in_service_layover,52.042966472252274,55.1579834810618,17.56869592968576,240,4.0,11:16:30,11:20:30,False,,no_dispenser,0
2162419,heavy,502.0,57.0,40-ft,STC,3,SUN,14875142,14875193,502,502,57143,57027,Langley Centre @ Bay 5,Langley Centre @ Bay 3,57143,Langley Centre,40830,41310,in_service_layover,63.542374800798186,69.12431778950614,31.482158456312902,480,8.0,11:20:30,11:28:30,False,,no_dispenser,0
2162121,heavy,502.0,63.0,40-ft,STC,3,SUN,14869560,14869585,364,364,57097,57097,Langley Centre @ Bay 4,Langley Centre @ Bay 4,57097,Langley Centre,41130,41550,in_service_layover,64.53248670674945,69.38445795745638,27.3651178539871,420,7.0,11:25:30,11:32:30,False,,no_dispenser,0
2161587,heavy,320.0,74.0,40-ft,STC,3,SUN,14874718,14874671,501,501,57027,57027,Langley Centre @ Bay 3,Langley Centre @ Bay 3,57027,Langley Centre,41130,42270,in_service_layover,66.45752824242834,77.15478949034245,60.33255343823549,1140,19.0,11:25:30,11:44:30,False,,no_dispenser,0
2161687,heavy,320.0,61.0,40-ft,STC,3,SUN,14863652,14876950,320,595,57136,57097,Langley Centre @ Bay 2,Langley Centre @ Bay 4,57136,Langley Centre,41550,42030,in_service_layover,66.63051301008791,71.88479419398928,29.63414587720365,480,8.0,11:32:30,11:40:30,False,,no_dispenser,0
2161685,heavy,320.0,46.0,40-ft,STC,3,SUN,14876995,14863683,595,320,57097,57136,Langley Centre @ Bay 4,Langley Centre @ Bay 2,57097,Langley Centre,41610,42450,in_service_layover,50.94587143458781,61.79458748576005,61.18675852861139,840,14.0,11:33:30,11:47:30,False,,no_dispenser,0
2162418,heavy,502.0,50.0,40-ft,STC,3,SUN,14875120,14875176,502,502,57143,57027,Langley Centre @ Bay 5,Langley Centre @ Bay 3,57143,Langley Centre,41730,42210,in_service_layover,60.42722874550724,66.31590526096913,33.21213554720504,480,8.0,11:35:30,11:43:30,False,,no_dispenser,0
2161997,heavy,502.0,60.0,40-ft,STC,3,SUN,14867817,14867859,342,342,57143,57136,Langley Centre @ Bay 5,Langley Centre @ Bay 2,57143,Langley Centre,42330,43110,in_service_layover,67.13281175371975,75.01088885213612,44.432354835068224,780,13.0,11:45:30,11:58:30,False,,no_dispenser,0
2162437,heavy,503.0,56.0,40-ft,STC,3,SUN,14875649,14875703,503,503,55299,55299,Langley Centre @ Bay 1,Langley Centre @ Bay 1,55299,Langley Centre,42390,42630,in_service_layover,48.87599008895211,51.95168864179235,17.346939838018955,240,4.0,11:46:30,11:50:30,False,,no_dispenser,0
2161764,heavy,502.0,53.0,40-ft,STC,3,SUN,14875086,14875169,502,502,57143,57027,Langley Centre @ Bay 5,Langley Centre @ Bay 3,57143,Langley Centre,42630,43110,in_service_layover,59.897784211991414,65.838033532085,33.50300616532786,480,8.0,11:50:30,11:58:30,False,,no_dispenser,0
2162123,heavy,502.0,64.0,40-ft,STC,3,SUN,14869555,14869586,364,364,57097,57097,Langley Centre @ Bay 4,Langley Centre @ Bay 4,57097,Langley Centre,42930,43350,in_service_layover,64.53248670674945,69.38445795745638,27.3651178539871,420,7.0,11:55:30,12:02:30,False,,no_dispenser,0
2161703,heavy,320.0,51.0,40-ft,STC,3,SUN,14874721,14874678,501,501,57027,57027,Langley Centre @ Bay 3,Langley Centre @ Bay 3,57027,Langley Centre,43050,43950,in_service_layover,63.91433257266568,73.41785790992574,53.59988290214682,900,15.0,11:57:30,12:12:30,False,,no_dispenser,0
2162405,heavy,320.0,76.0,40-ft,STC,3,SUN,14876996,14863659,595,320,57097,57136,Langley Centre @ Bay 4,Langley Centre @ Bay 2,57097,Langley Centre,43470,44130,in_service_layover,68.61305113268632,75.2397666326718,37.374675419918105,660,11.0,12:04:30,12:15:30,False,,no_dispenser,0
2161686,heavy,320.0,45.0,40-ft,STC,3,SUN,14863625,14876951,320,595,57136,57097,Langley Centre @ Bay 2,Langley Centre @ Bay 4,57136,Langley Centre,43530,43830,in_service_layover,54.85662761915655,58.80435479417566,22.265181267107778,300,5.0,12:05:30,12:10:30,False,,no_dispenser,0
2161975,heavy,502.0,55.0,40-ft,STC,3,SUN,14875101,14875170,502,502,57143,57027,Langley Centre @ Bay 5,Langley Centre @ Bay 3,57143,Langley Centre,43530,44010,in_service_layover,57.759944847999,63.89436697343055,34.59814078743392,480,8.0,12:05:30,12:13:30,False,,no_dispenser,0
2161998,heavy,502.0,62.0,40-ft,STC,3,SUN,14867818,14867860,342,342,57143,57136,Langley Centre @ Bay 5,Langley Centre @ Bay 2,57143,Langley Centre,44130,44910,in_service_layover,66.79858491771859,74.73836385584815,44.780353211050794,780,13.0,12:15:30,12:28:30,False,,no_dispenser,0
2161695,heavy,503.0,53.0,40-ft,STC,3,SUN,14875648,14875702,503,503,55299,55299,Langley Centre @ Bay 1,Langley Centre @ Bay 1,55299,Langley Centre,44190,44490,in_service_layover,46.245526335430064,50.07017153261335,21.570998912113737,300,5.0,12:16:30,12:21:30,False,,no_dispenser,0
2162417,heavy,502.0,51.0,40-ft,STC,3,SUN,14875085,14875194,502,502,57143,57027,Langley Centre @ Bay 5,Langley Centre @ Bay 3,57143,Langley Centre,44430,44910,in_service_layover,55.095799522087354,61.36653493247167,35.366947714567516,480,8.0,12:20:30,12:28:30,False,,no_dispenser,0
2162120,heavy,502.0,59.0,40-ft,STC,3,SUN,14869556,14869600,364,364,57097,57097,Langley Centre @ Bay 4,Langley Centre @ Bay 4,57097,Langley Centre,44850,45150,in_service_layover,63.55144684140315,67.15360719356607,20.316184386198927,300,5.0,12:27:30,12:32:30,False,,no_dispenser,0
2161699,heavy,320.0,54.0,40-ft,STC,3,SUN,14876997,14863716,595,320,57097,57136,Langley Centre @ Bay 4,Langley Centre @ Bay 2,57097,Langley Centre,45270,45930,in_service_layover,54.21665664830402,62.734938517473296,48.043109742114666,660,11.0,12:34:30,12:45:30,False,,no_dispenser,0
2161692,heavy,320.0,47.0,40-ft,STC,3,SUN,14863644,14876952,320,595,57136,57097,Langley Centre @ Bay 2,Langley Centre @ Bay 4,57136,Langley Centre,45330,45630,in_service_layover,64.44530979263287,67.99439700189258,20.01685186022479,300,5.0,12:35:30,12:40:30,False,,no_dispenser,0
2161698,heavy,320.0,56.0,40-ft,STC,3,SUN,14875102,14875195,502,502,57143,57027,Langley Centre @ Bay 5,Langley Centre @ Bay 3,57143,Langley Centre,45390,45810,in_service_layover,57.088662886101105,62.53689740378893,30.72804267975937,420,7.0,12:36:30,12:43:30,False,,no_dispenser,0
2164508,heavy,503.0,57.0,40-ft,STC,3,SUN,14875647,14875701,503,503,55299,55299,Langley Centre @ Bay 1,Langley Centre @ Bay 1,55299,Langley Centre,45990,46290,in_service_layover,47.312380986836345,51.146994813539536,21.627221982605988,300,5.0,12:46:30,12:51:30,False,,no_dispenser,0
2162000,heavy,502.0,58.0,40-ft,STC,3,SUN,14867819,14867861,342,342,57143,57136,Langley Centre @ Bay 5,Langley Centre @ Bay 2,57143,Langley Centre,45990,46710,in_service_layover,68.86214503957166,75.94172954914524,39.92885663399494,720,12.0,12:46:30,12:58:30,False,,no_dispenser,0
2162421,heavy,502.0,65.0,40-ft,STC,3,SUN,14875141,14875171,502,502,57143,57027,Langley Centre @ Bay 5,Langley Centre @ Bay 3,57143,Langley Centre,46290,46710,in_service_layover,60.33510138003534,65.54496296797568,29.383619355983512,420,7.0,12:51:30,12:58:30,False,,no_dispenser,0
2162122,heavy,502.0,61.0,40-ft,STC,3,SUN,14869557,14869587,364,364,57097,57097,Langley Centre @ Bay 4,Langley Centre @ Bay 4,57097,Langley Centre,46650,46950,in_service_layover,60.971698830161635,64.72632655887548,21.1761003899461,300,5.0,12:57:30,13:02:30,False,,no_dispenser,0
2161701,heavy,320.0,72.0,40-ft,STC,3,SUN,14874729,14874677,501,501,57027,57027,Langley Centre @ Bay 3,Langley Centre @ Bay 3,57027,Langley Centre,47010,47370,in_service_layover,60.3280253305146,64.83667601629371,25.428789867794137,360,6.0,13:03:30,13:09:30,False,,no_dispenser,0
2161702,heavy,320.0,48.0,40-ft,STC,3,SUN,14863618,14876953,320,595,57136,57097,Langley Centre @ Bay 2,Langley Centre @ Bay 4,57136,Langley Centre,47130,47430,in_service_layover,62.63767754953032,66.29384317899071,20.620774150156535,300,5.0,13:05:30,13:10:30,False,,no_dispenser,0
2161687,heavy,320.0,61.0,40-ft,STC,3,SUN,14876998,14863689,595,320,57097,57136,Langley Centre @ Bay 4,Langley Centre @ Bay 2,57097,Langley Centre,47130,47730,in_service_layover,60.88121278857997,68.03633192939861,40.354871954217174,600,10.0,13:05:30,13:15:30,False,,no_dispenser,0
2162420,heavy,502.0,56.0,40-ft,STC,3,SUN,14875103,14875154,502,502,57143,57027,Langley Centre @ Bay 5,Langley Centre @ Bay 3,57143,Langley Centre,47250,47610,in_service_layover,59.743313690749254,64.29589223533306,25.676542991452664,360,6.0,13:07:30,13:13:30,False,,no_dispenser,0
2164471,heavy,503.0,52.0,40-ft,STC,3,SUN,14875646,14875700,503,503,55299,55299,Langley Centre @ Bay 1,Langley Centre @ Bay 1,55299,Langley Centre,47730,48090,in_service_layover,54.983686872192074,59.72226460077632,26.725578389215116,360,6.0,13:15:30,13:21:30,False,,no_dispenser,0
2161999,heavy,502.0,52.0,40-ft,STC,3,SUN,14867820,14867862,342,342,57143,57136,Langley Centre @ Bay 5,Langley Centre @ Bay 2,57143,Langley Centre,47850,48510,in_service_layover,66.99754752985737,73.8780983447185,38.80630659581681,660,11.0,13:17:30,13:28:30,False,,no_dispenser,0
2162419,heavy,502.0,57.0,40-ft,STC,3,SUN,14875083,14875192,502,502,57143,57027,Langley Centre @ Bay 5,Langley Centre @ Bay 3,57143,Langley Centre,48150,48510,in_service_layover,58.14242921861401,62.79933169129568,26.26492994592462,360,6.0,13:22:30,13:28:30,False,,no_dispenser,0
2162126,heavy,502.0,66.0,40-ft,STC,3,SUN,14869558,14869588,364,364,57097,57097,Langley Centre @ Bay 4,Langley Centre @ Bay 4,57097,Langley Centre,48450,48750,in_service_layover,64.53248670674945,68.07631660753782,19.98720064044636,300,5.0,13:27:30,13:32:30,False,,no_dispenser,0
2162416,heavy,502.0,54.0,40-ft,STC,3,SUN,14863636,14876954,320,595,57136,57097,Langley Centre @ Bay 2,Langley Centre @ Bay 4,57136,Langley Centre,48930,49230,in_service_layover,60.99962609553984,64.75260327665451,21.16679130148674,300,5.0,13:35:30,13:40:30,False,,no_dispenser,0
2161686,heavy,320.0,45.0,40-ft,STC,3,SUN,14876999,14863710,595,320,57097,57136,Langley Centre @ Bay 4,Langley Centre @ Bay 2,57097,Langley Centre,48930,49590,in_service_layover,47.800773388766366,56.35483358286471,48.244899494714616,660,11.0,13:35:30,13:46:30,False,,no_dispenser,0
2162418,heavy,502.0,50.0,40-ft,STC,3,SUN,14875104,14875189,502,502,57143,57027,Langley Centre @ Bay 5,Langley Centre @ Bay 3,57143,Langley Centre,49110,49410,in_service_layover,55.49303656625211,59.447665576595185,22.304107618334967,300,5.0,13:38:30,13:43:30,False,,no_dispenser,0
2162437,heavy,503.0,56.0,40-ft,STC,3,SUN,14875645,14875699,503,503,55299,55299,Langley Centre @ Bay 1,Langley Centre @ Bay 1,55299,Langley Centre,49530,49950,in_service_layover,48.690069053868385,54.10369366802548,30.53284282384601,420,7.0,13:45:30,13:52:30,False,,no_dispenser,0
2161707,heavy,320.0,43.0,40-ft,STC,3,SUN,14874740,14874703,501,501,57027,57027,Langley Centre @ Bay 3,Langley Centre @ Bay 3,57027,Langley Centre,49590,49950,in_service_layover,67.07447266523204,71.08215477064371,22.60332707452187,360,6.0,13:46:30,13:52:30,False,,no_dispenser,0
2161997,heavy,502.0,60.0,40-ft,STC,3,SUN,14867821,14867863,342,342,57143,57136,Langley Centre @ Bay 5,Langley Centre @ Bay 2,57143,Langley Centre,49650,50310,in_service_layover,65.32635185398196,72.46272581451048,40.24914913738087,660,11.0,13:47:30,13:58:30,False,,no_dispenser,0
2161764,heavy,502.0,53.0,40-ft,STC,3,SUN,14875136,14875155,502,502,57143,57027,Langley Centre @ Bay 5,Langley Centre @ Bay 3,57143,Langley Centre,50010,50310,in_service_layover,54.269114507556026,58.20731955864651,22.211476488150367,300,5.0,13:53:30,13:58:30,False,,no_dispenser,0
2162121,heavy,502.0,63.0,40-ft,STC,3,SUN,14869559,14869589,364,364,57097,57097,Langley Centre @ Bay 4,Langley Centre @ Bay 4,57097,Langley Centre,50250,50430,in_service_layover,60.43128891201437,62.74578221300678,13.053742217597119,180,3.0,13:57:30,14:00:30,False,,no_dispenser,0
2161692,heavy,320.0,47.0,40-ft,STC,3,SUN,14877000,14876939,595,595,57097,57097,Langley Centre @ Bay 4,Langley Centre @ Bay 4,57097,Langley Centre,50730,51030,in_service_layover,56.99081559648328,60.935287003839235,22.246818737487615,300,5.0,14:05:30,14:10:30,False,,no_dispenser,0
2161587,heavy,320.0,74.0,40-ft,STC,3,SUN,14874719,14874676,501,501,57027,57027,Langley Centre @ Bay 3,Langley Centre @ Bay 3,57027,Langley Centre,50790,51150,in_service_layover,63.294708234634136,67.5926541830264,24.2404151489323,360,6.0,14:06:30,14:12:30,False,,no_dispenser,0
2161975,heavy,502.0,55.0,40-ft,STC,3,SUN,14875105,14875156,502,502,57143,57027,Langley Centre @ Bay 5,Langley Centre @ Bay 3,57143,Langley Centre,50910,51210,in_service_layover,52.33196495129147,56.23876896324605,22.03437462742386,300,5.0,14:08:30,14:13:30,False,,no_dispenser,0
2161695,heavy,503.0,53.0,40-ft,STC,3,SUN,14875644,14875698,503,503,55299,55299,Langley Centre @ Bay 1,Langley Centre @ Bay 1,55299,Langley Centre,51390,51810,in_service_layover,45.9718684821941,51.34175166698919,30.28614116224429,420,7.0,14:16:30,14:23:30,False,,no_dispenser,0
2161998,heavy,502.0,62.0,40-ft,STC,3,SUN,14867822,14867864,342,342,57143,57136,Langley Centre @ Bay 5,Langley Centre @ Bay 2,57143,Langley Centre,51450,52110,in_service_layover,65.08757330154984,72.25993853202407,40.45213989987468,660,11.0,14:17:30,14:28:30,False,,no_dispenser,0
2162417,heavy,502.0,51.0,40-ft,STC,3,SUN,14875124,14875199,502,502,57143,57027,Langley Centre @ Bay 5,Langley Centre @ Bay 3,57143,Langley Centre,51810,52110,in_service_layover,49.771354923985044,53.6366516525091,21.80027354887568,300,5.0,14:23:30,14:28:30,False,,no_dispenser,0
2161703,heavy,320.0,51.0,40-ft,STC,3,SUN,14874706,14874686,501,501,57027,57027,Langley Centre @ Bay 3,Langley Centre @ Bay 3,57027,Langley Centre,52530,52890,in_service_layover,59.30424949331019,63.889652779558105,25.861674534438237,360,6.0,14:35:30,14:41:30,False,,no_dispenser,0
2161702,heavy,320.0,48.0,40-ft,STC,3,SUN,14876971,14863715,595,320,57097,57136,Langley Centre @ Bay 4,Langley Centre @ Bay 2,57097,Langley Centre,52530,53250,in_service_layover,55.290261773581406,64.43856213042638,51.59641401260569,720,12.0,14:35:30,14:47:30,False,,no_dispenser,0
2161689,heavy,320.0,49.0,40-ft,STC,3,SUN,14863623,14876955,320,595,57136,57097,Langley Centre @ Bay 2,Langley Centre @ Bay 4,57136,Langley Centre,52590,52830,in_service_layover,67.68060879526682,70.38789692177946,15.269105033531332,240,4.0,14:36:30,14:40:30,False,,no_dispenser,0
2161698,heavy,320.0,56.0,40-ft,STC,3,SUN,14875114,14875190,502,502,57143,57027,Langley Centre @ Bay 5,Langley Centre @ Bay 3,57143,Langley Centre,52710,53010,in_service_layover,50.95689458083088,54.841408812227336,21.90866026507598,300,5.0,14:38:30,14:43:30,False,,no_dispenser,0
2162123,heavy,502.0,64.0,40-ft,STC,3,SUN,14869566,14869590,364,364,57097,57097,Langley Centre @ Bay 4,Langley Centre @ Bay 4,57097,Langley Centre,52890,54030,in_service_layover,66.73768389298417,77.36106016406931,59.91584216892028,1140,19.0,14:41:30,15:00:30,False,,no_dispenser,0
2164508,heavy,503.0,57.0,40-ft,STC,3,SUN,14875643,14875697,503,503,55299,55299,Langley Centre @ Bay 1,Langley Centre @ Bay 1,55299,Langley Centre,53190,53610,in_service_layover,46.28812713872042,51.662434681535984,30.311094541479804,420,7.0,14:46:30,14:53:30,False,,no_dispenser,0
2162000,heavy,502.0,58.0,40-ft,STC,3,SUN,14867823,14867865,342,342,57143,57136,Langley Centre @ Bay 5,Langley Centre @ Bay 2,57143,Langley Centre,53370,53670,in_service_layover,66.14054828093172,69.58404676757952,19.421331464693594,300,5.0,14:49:30,14:54:30,False,,no_dispenser,0
2162421,heavy,502.0,65.0,40-ft,STC,3,SUN,14875123,14875157,502,502,57143,57027,Langley Centre @ Bay 5,Langley Centre @ Bay 3,57143,Langley Centre,53610,53910,in_service_layover,53.981021614979866,57.91455670335874,22.1851378984569,300,5.0,14:53:30,14:58:30,False,,no_dispenser,0
2162120,heavy,502.0,59.0,40-ft,STC,3,SUN,14869562,14869591,364,364,57097,57097,Langley Centre @ Bay 4,Langley Centre @ Bay 4,57097,Langley Centre,54150,55230,in_service_layover,59.81512777026852,71.76491322898484,67.3967899871601,1080,18.0,15:02:30,15:20:30,False,,no_dispenser,0
2162416,heavy,502.0,54.0,40-ft,STC,3,SUN,14876972,14874675,595,501,57097,57027,Langley Centre @ Bay 4,Langley Centre @ Bay 3,57097,Langley Centre,54270,54690,in_service_layover,53.749021871245205,59.26648216361834,31.118476048984462,420,7.0,15:04:30,15:11:30,False,,no_dispenser,0
2161705,heavy,503.0,59.0,40-ft,STC,3,SUN,14874710,14876956,501,595,57027,57097,Langley Centre @ Bay 3,Langley Centre @ Bay 4,57027,Langley Centre,54330,54630,in_service_layover,64.92010622753531,68.44033386568503,19.854083879164364,300,5.0,15:05:30,15:10:30,False,,no_dispenser,0
2162420,heavy,502.0,56.0,40-ft,STC,3,SUN,14875115,14875159,502,502,57143,57027,Langley Centre @ Bay 5,Langley Centre @ Bay 3,57143,Langley Centre,54510,54810,in_service_layover,52.73725799535901,56.65063177509282,22.0714281176987,300,5.0,15:08:30,15:13:30,False,,no_dispenser,0
2164471,heavy,503.0,52.0,40-ft,STC,3,SUN,14875642,14875696,503,503,55299,55299,Langley Centre @ Bay 1,Langley Centre @ Bay 1,55299,Langley Centre,55230,55410,in_service_layover,56.4703929287544,58.844707757039636,13.391135631528755,180,3.0,15:20:30,15:23:30,False,,no_dispenser,0
2162122,heavy,502.0,61.0,40-ft,STC,3,SUN,14869563,14869602,364,364,57097,57097,Langley Centre @ Bay 4,Langley Centre @ Bay 4,57097,Langley Centre,55350,56430,in_service_layover,51.82557574644532,65.35851285692331,76.32576530309586,1080,18.0,15:22:30,15:40:30,False,,no_dispenser,0
2162419,heavy,502.0,57.0,40-ft,STC,3,SUN,14875125,14875200,502,502,57143,57027,Langley Centre @ Bay 5,Langley Centre @ Bay 3,57143,Langley Centre,55410,55710,in_service_layover,50.430026803760384,54.30600055069412,21.86049193270628,300,5.0,15:23:30,15:28:30,False,,no_dispenser,0
2161999,heavy,502.0,52.0,40-ft,STC,3,SUN,14867824,14867866,342,342,57143,57136,Langley Centre @ Bay 5,Langley Centre @ Bay 2,57143,Langley Centre,55770,56070,in_service_layover,68.92202300992686,72.17694373477224,18.357752888127948,300,5.0,15:29:30,15:34:30,False,,no_dispenser,0
2161701,heavy,320.0,72.0,40-ft,STC,3,SUN,14874705,14874685,501,501,57027,57027,Langley Centre @ Bay 3,Langley Centre @ Bay 3,57027,Langley Centre,55950,56430,in_service_layover,51.261577685402436,57.524773599573166,35.32442495592295,480,8.0,15:32:30,15:40:30,False,,no_dispenser,0
2161692,heavy,320.0,47.0,40-ft,STC,3,SUN,14876973,14863660,595,320,57097,57136,Langley Centre @ Bay 4,Langley Centre @ Bay 2,57097,Langley Centre,56070,56730,in_service_layover,49.931705598429936,58.53812094415564,48.54018254989296,660,11.0,15:34:30,15:45:30,False,,no_dispenser,0
2162418,heavy,502.0,50.0,40-ft,STC,3,SUN,14875116,14875191,502,502,57143,57027,Langley Centre @ Bay 5,Langley Centre @ Bay 3,57143,Langley Centre,56250,56610,in_service_layover,47.04576254551507,51.652870509148364,25.9840889148918,360,6.0,15:37:30,15:43:30,False,,no_dispenser,0
2161997,heavy,502.0,60.0,40-ft,STC,3,SUN,14867825,14867878,342,342,57143,57136,Langley Centre @ Bay 5,Langley Centre @ Bay 2,57143,Langley Centre,56970,57270,in_service_layover,61.069577503520215,64.8184204406644,21.143474165493274,300,5.0,15:49:30,15:54:30,False,,no_dispenser,0
2162437,heavy,503.0,56.0,40-ft,STC,3,SUN,14875641,14875695,503,503,55299,55299,Langley Centre @ Bay 1,Langley Centre @ Bay 1,55299,Langley Centre,57030,57270,in_service_layover,50.11008009955962,53.20003156175181,17.427326246763926,240,4.0,15:50:30,15:54:30,False,,no_dispenser,0
2161764,heavy,502.0,53.0,40-ft,STC,3,SUN,14875121,14875160,502,502,57143,57027,Langley Centre @ Bay 5,Langley Centre @ Bay 3,57143,Langley Centre,57150,57510,in_service_layover,45.79335298180897,50.38592543782059,25.902108651905507,360,6.0,15:52:30,15:58:30,False,,no_dispenser,0
2162404,heavy,320.0,80.0,40-ft,STC,3,SUN,14874731,14874674,501,501,57027,57027,Langley Centre @ Bay 3,Langley Centre @ Bay 3,57027,Langley Centre,57570,58230,in_service_layover,67.52898637131953,74.32674427665063,38.33935458606743,660,11.0,15:59:30,16:10:30,False,,no_dispenser,0
2162126,heavy,502.0,66.0,40-ft,STC,3,SUN,14869538,14869593,364,364,57097,57097,Langley Centre @ Bay 4,Langley Centre @ Bay 4,57097,Langley Centre,57690,58830,in_service_layover,59.961904150866395,72.3707912678826,69.98612333997141,1140,19.0,16:01:30,16:20:30,False,,no_dispenser,0
2161689,heavy,320.0,49.0,40-ft,STC,3,SUN,14876974,14863662,595,320,57097,57136,Langley Centre @ Bay 4,Langley Centre @ Bay 2,57097,Langley Centre,57930,58590,in_service_layover,59.38431551637016,67.38529606930419,45.12553031854793,660,11.0,16:05:30,16:16:30,False,,no_dispenser,0
2161700,heavy,320.0,44.0,40-ft,STC,3,SUN,14863593,14876958,320,595,57136,57097,Langley Centre @ Bay 2,Langley Centre @ Bay 4,57136,Langley Centre,58050,58230,in_service_layover,66.99595572053428,69.0772220898067,11.738342322696326,180,3.0,16:07:30,16:10:30,False,,no_dispenser,0
2161975,heavy,502.0,55.0,40-ft,STC,3,SUN,14875082,14875161,502,502,57143,57027,Langley Centre @ Bay 5,Langley Centre @ Bay 3,57143,Langley Centre,58050,58230,in_service_layover,43.809055979058115,46.091643472786274,12.873793464626829,180,3.0,16:07:30,16:10:30,False,,no_dispenser,0
2161696,heavy,320.0,53.0,40-ft,STC,3,SUN,14874704,14874684,501,501,57027,57027,Langley Centre @ Bay 3,Langley Centre @ Bay 3,57027,Langley Centre,58710,59490,in_service_layover,62.10271908442196,70.88030921129159,49.50560831554469,780,13.0,16:18:30,16:31:30,False,,no_dispenser,0
2161695,heavy,503.0,53.0,40-ft,STC,3,SUN,14875640,14875694,503,503,55299,55299,Langley Centre @ Bay 1,Langley Centre @ Bay 1,55299,Langley Centre,58830,59130,in_service_layover,46.487088806395676,50.3138168090977,21.582745935239416,300,5.0,16:20:30,16:25:30,False,,no_dispenser,0
2162121,heavy,502.0,63.0,40-ft,STC,3,SUN,14869539,14869603,364,364,57097,57097,Langley Centre @ Bay 4,Langley Centre @ Bay 4,57097,Langley Centre,58890,60030,in_service_layover,45.89118650738534,60.53759146829088,82.60572397950716,1140,19.0,16:21:30,16:40:30,False,,no_dispenser,0
2162417,heavy,502.0,51.0,40-ft,STC,3,SUN,14875126,14875212,502,502,57143,57027,Langley Centre @ Bay 5,Langley Centre @ Bay 3,57143,Langley Centre,58950,59670,in_service_layover,41.1966281783285,50.37906985942836,51.78897108140319,720,12.0,16:22:30,16:34:30,False,,no_dispenser,0
2161998,heavy,502.0,62.0,40-ft,STC,3,SUN,14867826,14867868,342,342,57143,57136,Langley Centre @ Bay 5,Langley Centre @ Bay 2,57143,Langley Centre,59250,59670,in_service_layover,66.66333275171881,71.3180148591134,26.2524070857055,420,7.0,16:27:30,16:34:30,False,,no_dispenser,0
2161705,heavy,503.0,59.0,40-ft,STC,3,SUN,14876975,14863708,595,320,57097,57136,Langley Centre @ Bay 4,Langley Centre @ Bay 2,57097,Langley Centre,59730,60390,in_service_layover,57.43675246027573,65.68916243466637,46.543592255563226,660,11.0,16:35:30,16:46:30,False,,no_dispenser,0
2161693,heavy,320.0,82.0,40-ft,STC,3,SUN,14863643,14876959,320,595,57136,57097,Langley Centre @ Bay 2,Langley Centre @ Bay 4,57136,Langley Centre,59790,60030,in_service_layover,61.92507317656546,64.91206735261437,16.846647152915864,240,4.0,16:36:30,16:40:30,False,,no_dispenser,0
2161698,heavy,320.0,56.0,40-ft,STC,3,SUN,14875133,14875177,502,502,57143,57027,Langley Centre @ Bay 5,Langley Centre @ Bay 3,57143,Langley Centre,59850,60390,in_service_layover,42.40485314564726,49.27715810083524,38.759799947260205,540,9.0,16:37:30,16:46:30,False,,no_dispenser,0
2161587,heavy,320.0,74.0,40-ft,STC,3,SUN,14874737,14874695,501,501,57027,57027,Langley Centre @ Bay 3,Langley Centre @ Bay 3,57027,Langley Centre,59910,60690,in_service_layover,57.4415550157901,67.01083338693111,53.97073001323531,780,13.0,16:38:30,16:51:30,False,,no_dispenser,0
2164577,heavy,502.0,68.0,40-ft,STC,3,SUN,14869568,14869594,364,364,57097,57097,Langley Centre @ Bay 4,Langley Centre @ Bay 4,57097,Langley Centre,60030,61230,in_service_layover,68.6222094243951,79.14007279615141,59.32074941670567,1200,20.0,16:40:30,17:00:30,False,,no_dispenser,0
2162000,heavy,502.0,58.0,40-ft,STC,3,SUN,14867827,14867879,342,342,57143,57136,Langley Centre @ Bay 5,Langley Centre @ Bay 2,57143,Langley Centre,60450,60870,in_service_layover,61.07604491442661,66.22459911772465,29.037845706600933,420,7.0,16:47:30,16:54:30,False,,no_dispenser,0
2164508,heavy,503.0,57.0,40-ft,STC,3,SUN,14875639,14875693,503,503,55299,55299,Langley Centre @ Bay 1,Langley Centre @ Bay 1,55299,Langley Centre,60630,60930,in_service_layover,46.8148398366079,50.64455690893431,21.599604287920954,300,5.0,16:50:30,16:55:30,False,,no_dispenser,0
2162421,heavy,502.0,65.0,40-ft,STC,3,SUN,14875137,14875162,502,502,57143,57027,Langley Centre @ Bay 5,Langley Centre @ Bay 3,57143,Langley Centre,60750,61110,in_service_layover,43.187171390015635,47.758295384360146,25.781139328103052,360,6.0,16:52:30,16:58:30,False,,no_dispenser,0
2161703,heavy,320.0,51.0,40-ft,STC,3,SUN,14874726,14874672,501,501,57027,57027,Langley Centre @ Bay 3,Langley Centre @ Bay 3,57027,Langley Centre,61110,61890,in_service_layover,44.79664015698299,54.853791768967106,56.72233509159045,780,13.0,16:58:30,17:11:30,False,,no_dispenser,0
2164576,heavy,502.0,67.0,40-ft,STC,3,SUN,14869540,14869595,364,364,57097,57097,Langley Centre @ Bay 4,Langley Centre @ Bay 4,57097,Langley Centre,61170,62430,in_service_layover,64.53248670674945,76.56488156141741,67.86270698032729,1260,21.0,16:59:30,17:20:30,False,,no_dispenser,0
2161685,heavy,320.0,46.0,40-ft,STC,3,SUN,14876976,14863690,595,320,57097,57136,Langley Centre @ Bay 4,Langley Centre @ Bay 2,57097,Langley Centre,61470,62250,in_service_layover,47.42761279446818,57.557782089832145,57.13415482585276,780,13.0,17:04:30,17:17:30,False,,no_dispenser,0
2161690,heavy,320.0,69.0,40-ft,STC,3,SUN,14863649,14876960,320,595,57136,57097,Langley Centre @ Bay 2,Langley Centre @ Bay 4,57136,Langley Centre,61590,61890,in_service_layover,62.88536148675,66.52688858564186,20.538212837749995,300,5.0,17:06:30,17:11:30,False,,no_dispenser,0
2162420,heavy,502.0,56.0,40-ft,STC,3,SUN,14875117,14875213,502,502,57143,57027,Langley Centre @ Bay 5,Langley Centre @ Bay 3,57143,Langley Centre,61650,62010,in_service_layover,44.2235876147566,48.80181773170492,25.8212178595885,360,6.0,17:07:30,17:13:30,False,,no_dispenser,0
2161996,heavy,502.0,69.0,40-ft,STC,3,SUN,14867842,14867869,342,342,57143,57136,Langley Centre @ Bay 5,Langley Centre @ Bay 2,57143,Langley Centre,61650,62070,in_service_layover,66.7813290892145,71.42475917485346,26.18894568300385,420,7.0,17:07:30,17:14:30,False,,no_dispenser,0
2164471,heavy,503.0,52.0,40-ft,STC,3,SUN,14875638,14875692,503,503,55299,55299,Langley Centre @ Bay 1,Langley Centre @ Bay 1,55299,Langley Centre,62430,62730,in_service_layover,54.14216329228616,58.078310474346274,22.19987010681905,300,5.0,17:20:30,17:25:30,False,,no_dispenser,0
2161707,heavy,320.0,43.0,40-ft,STC,3,SUN,14874735,14874696,501,501,57027,57027,Langley Centre @ Bay 3,Langley Centre @ Bay 3,57027,Langley Centre,62430,63090,in_service_layover,61.13466605639755,68.88243612117081,43.697423165321254,660,11.0,17:20:30,17:31:30,False,,no_dispenser,0
2162419,heavy,502.0,57.0,40-ft,STC,3,SUN,14875087,14875214,502,502,57143,57027,Langley Centre @ Bay 5,Langley Centre @ Bay 3,57143,Langley Centre,62550,62910,in_service_layover,41.86772855257125,46.43181359306547,25.741439628387354,360,6.0,17:22:30,17:28:30,False,,no_dispenser,0
2161999,heavy,502.0,52.0,40-ft,STC,3,SUN,14867828,14867870,342,342,57143,57136,Langley Centre @ Bay 5,Langley Centre @ Bay 2,57143,Langley Centre,62850,63270,in_service_layover,63.33505939665621,68.2929906058531,27.962732019870487,420,7.0,17:27:30,17:34:30,False,,no_dispenser,0
2161700,heavy,320.0,44.0,40-ft,STC,3,SUN,14876977,14863685,595,320,57097,57136,Langley Centre @ Bay 4,Langley Centre @ Bay 2,57097,Langley Centre,63270,64050,in_service_layover,58.07364068439739,67.54774617009525,53.43395493933599,780,13.0,17:34:30,17:47:30,False,,no_dispenser,0
2161694,heavy,320.0,71.0,40-ft,STC,3,SUN,14863592,14876961,320,595,57136,57097,Langley Centre @ Bay 2,Langley Centre @ Bay 4,57136,Langley Centre,63390,63750,in_service_layover,62.11206407632947,66.4941871914834,24.71517436946823,360,6.0,17:36:30,17:42:30,False,,no_dispenser,0
2162418,heavy,502.0,50.0,40-ft,STC,3,SUN,14875118,14875215,502,502,57143,57027,Langley Centre @ Bay 5,Langley Centre @ Bay 3,57143,Langley Centre,63450,63870,in_service_layover,39.97040771650062,45.287136862994096,29.986352386223246,420,7.0,17:37:30,17:44:30,False,,no_dispenser,0
2162416,heavy,502.0,54.0,40-ft,STC,3,SUN,14874734,14874683,501,501,57027,57027,Langley Centre @ Bay 3,Langley Centre @ Bay 3,57027,Langley Centre,63450,64170,in_service_layover,49.545956293341014,58.92428764636832,52.893788831074005,720,12.0,17:37:30,17:49:30,False,,no_dispenser,0
2162120,heavy,502.0,59.0,40-ft,STC,3,SUN,14869569,14869604,364,364,57097,57097,Langley Centre @ Bay 4,Langley Centre @ Bay 4,57097,Langley Centre,63510,64230,in_service_layover,57.874271248807354,66.7368684727797,49.985048343204085,720,12.0,17:38:30,17:50:30,False,,no_dispenser,0
2161997,heavy,502.0,60.0,40-ft,STC,3,SUN,14867829,14867880,342,342,57143,57136,Langley Centre @ Bay 5,Langley Centre @ Bay 2,57143,Langley Centre,63990,64470,in_service_layover,56.84085097109312,63.03554450484054,34.938071530335435,480,8.0,17:46:30,17:54:30,False,,no_dispenser,0
2162437,heavy,503.0,56.0,40-ft,STC,3,SUN,14875637,14875691,503,503,55299,55299,Langley Centre @ Bay 1,Langley Centre @ Bay 1,55299,Langley Centre,64290,64530,in_service_layover,48.3888261214626,51.45980102675198,17.32029846583214,240,4.0,17:51:30,17:55:30,False,,no_dispenser,0
2161764,heavy,502.0,53.0,40-ft,STC,3,SUN,14875138,14875216,502,502,57143,57027,Langley Centre @ Bay 5,Langley Centre @ Bay 3,57143,Langley Centre,64410,64830,in_service_layover,40.2253396231182,45.54362111663243,29.99510762342021,420,7.0,17:53:30,18:00:30,False,,no_dispenser,0
2161701,heavy,320.0,72.0,40-ft,STC,3,SUN,14874736,14874697,501,501,57027,57027,Langley Centre @ Bay 3,Langley Centre @ Bay 3,57027,Langley Centre,64650,65490,in_service_layover,38.43176097699805,49.116737368297834,60.26326684693075,840,14.0,17:57:30,18:11:30,False,,no_dispenser,0
2161693,heavy,320.0,82.0,40-ft,STC,3,SUN,14876978,14876962,595,595,57097,57097,Langley Centre @ Bay 4,Langley Centre @ Bay 4,57097,Langley Centre,65070,65610,in_service_layover,53.90848594720508,60.963398505770996,39.789706830311786,540,9.0,18:04:30,18:13:30,False,,no_dispenser,0
2161692,heavy,320.0,47.0,40-ft,STC,3,SUN,14863624,14863707,320,320,57136,57136,Langley Centre @ Bay 2,Langley Centre @ Bay 2,57136,Langley Centre,65130,65850,in_service_layover,40.74814586363851,49.92187859167424,51.73985258612154,720,12.0,18:05:30,18:17:30,False,,no_dispenser,0
2161995,heavy,502.0,71.0,40-ft,STC,3,SUN,14867843,14867871,342,342,57143,57136,Langley Centre @ Bay 5,Langley Centre @ Bay 2,57143,Langley Centre,65190,65670,in_service_layover,66.65532688014922,71.90687985601967,29.618758783909357,480,8.0,18:06:30,18:14:30,False,,no_dispenser,0
2161975,heavy,502.0,55.0,40-ft,STC,3,SUN,14875143,14875217,502,502,57143,57027,Langley Centre @ Bay 5,Langley Centre @ Bay 3,57143,Langley Centre,65370,65730,in_service_layover,38.958329497759024,43.507229317065125,25.655794980886412,360,6.0,18:09:30,18:15:30,False,,no_dispenser,0
2161695,heavy,503.0,53.0,40-ft,STC,3,SUN,14875636,14875690,503,503,55299,55299,Langley Centre @ Bay 1,Langley Centre @ Bay 1,55299,Langley Centre,66090,66330,in_service_layover,44.657732469893254,47.70614495379778,17.19304640922155,240,4.0,18:21:30,18:25:30,False,,no_dispenser,0
2162417,heavy,502.0,51.0,40-ft,STC,3,SUN,14875144,14875218,502,502,57143,57027,Langley Centre @ Bay 5,Langley Centre @ Bay 3,57143,Langley Centre,66330,66630,in_service_layover,35.65168454608524,39.425540414107786,21.284547095647127,300,5.0,18:25:30,18:30:30,False,,no_dispenser,0
2161998,heavy,502.0,62.0,40-ft,STC,3,SUN,14867830,14867872,342,342,57143,57136,Langley Centre @ Bay 5,Langley Centre @ Bay 2,57143,Langley Centre,66390,66870,in_service_layover,62.58856695327224,68.26696491911358,32.026164527345145,480,8.0,18:26:30,18:34:30,False,,no_dispenser,0
2162404,heavy,320.0,80.0,40-ft,STC,3,SUN,14874723,14874700,501,501,57027,57027,Langley Centre @ Bay 3,Langley Centre @ Bay 3,57027,Langley Centre,66450,66750,in_service_layover,55.23373165407553,59.186356166567535,22.29280225045494,300,5.0,18:27:30,18:32:30,False,,no_dispenser,0
2161558,heavy,502.0,72.0,40-ft,STC,3,SUN,14863654,14876963,320,595,57136,57097,Langley Centre @ Bay 2,Langley Centre @ Bay 4,57136,Langley Centre,66810,67470,in_service_layover,68.02775516574752,74.74717708692408,37.89753963543575,660,11.0,18:33:30,18:44:30,False,,no_dispenser,0
2161690,heavy,320.0,69.0,40-ft,STC,3,SUN,14876979,14863699,595,320,57097,57136,Langley Centre @ Bay 4,Langley Centre @ Bay 2,57097,Langley Centre,66810,67710,in_service_layover,55.52330718023255,66.64532005778564,62.7281526293994,900,15.0,18:33:30,18:48:30,False,,no_dispenser,0
2161698,heavy,320.0,56.0,40-ft,STC,3,SUN,14875145,14875219,502,502,57143,57027,Langley Centre @ Bay 5,Langley Centre @ Bay 3,57143,Langley Centre,67110,67530,in_service_layover,37.58642883168154,42.88864130755323,29.904478363916326,420,7.0,18:38:30,18:45:30,False,,no_dispenser,0
2162126,heavy,502.0,66.0,40-ft,STC,3,SUN,14869570,14869597,364,364,57097,57097,Langley Centre @ Bay 4,Langley Centre @ Bay 4,57097,Langley Centre,67110,67830,in_service_layover,61.783535566993386,70.0366621591306,46.54763397965388,720,12.0,18:38:30,18:50:30,False,,no_dispenser,0
2161696,heavy,320.0,53.0,40-ft,STC,3,SUN,14874733,14874691,501,501,57027,57027,Langley Centre @ Bay 3,Langley Centre @ Bay 3,57027,Langley Centre,67530,67950,in_service_layover,51.78729658871648,57.26783626720563,30.91024378667879,420,7.0,18:45:30,18:52:30,False,,no_dispenser,0
2162000,heavy,502.0,58.0,40-ft,STC,3,SUN,14867831,14867873,342,342,57143,57136,Langley Centre @ Bay 5,Langley Centre @ Bay 2,57143,Langley Centre,67590,68670,in_service_layover,58.80592773902249,71.02563514999585,68.9191497978897,1080,18.0,18:46:30,19:04:30,False,,no_dispenser,0
2164508,heavy,503.0,57.0,40-ft,STC,3,SUN,14875635,14875689,503,503,55299,55299,Langley Centre @ Bay 1,Langley Centre @ Bay 1,55299,Langley Centre,67830,68130,in_service_layover,44.99421351064976,48.80970485112603,21.519371160286198,300,5.0,18:50:30,18:55:30,False,,no_dispenser,0
2162421,heavy,502.0,65.0,40-ft,STC,3,SUN,14875146,14875220,502,502,57143,57027,Langley Centre @ Bay 5,Langley Centre @ Bay 3,57143,Langley Centre,68130,68430,in_service_layover,37.58399500427481,41.36625540337029,21.33194865089851,300,5.0,18:55:30,19:00:30,False,,no_dispenser,0
2161699,heavy,320.0,54.0,40-ft,STC,3,SUN,14863617,14876964,320,595,57136,57097,Langley Centre @ Bay 2,Langley Centre @ Bay 4,57136,Langley Centre,68550,69330,in_service_layover,62.644257869685994,71.32799995819998,48.9763053792189,780,13.0,19:02:30,19:15:30,False,,no_dispenser,0
2161587,heavy,320.0,74.0,40-ft,STC,3,SUN,14874724,14874698,501,501,57027,57027,Langley Centre @ Bay 3,Langley Centre @ Bay 3,57027,Langley Centre,68610,69270,in_service_layover,47.917820764356,56.4752259107777,48.26376502581843,660,11.0,19:03:30,19:14:30,False,,no_dispenser,0
2161694,heavy,320.0,71.0,40-ft,STC,3,SUN,14876980,14863691,595,320,57097,57136,Langley Centre @ Bay 4,Langley Centre @ Bay 2,57097,Langley Centre,68610,69630,in_service_layover,55.4906057860741,67.85992564266621,69.7629639911795,1020,17.0,19:03:30,19:20:30,False,,no_dispenser,0
2162420,heavy,502.0,56.0,40-ft,STC,3,SUN,14875147,14875221,502,502,57143,57027,Langley Centre @ Bay 5,Langley Centre @ Bay 3,57143,Langley Centre,68970,69330,in_service_layover,37.87069681409696,42.41391987935122,25.623778088034015,360,6.0,19:09:30,19:15:30,False,,no_dispenser,0
2164577,heavy,502.0,68.0,40-ft,STC,3,SUN,14869545,14869598,364,364,57097,57097,Langley Centre @ Bay 4,Langley Centre @ Bay 4,57097,Langley Centre,69390,69630,in_service_layover,68.7236162452838,71.37387878016712,14.94748069674199,240,4.0,19:16:30,19:20:30,False,,no_dispenser,0
2164471,heavy,503.0,52.0,40-ft,STC,3,SUN,14875634,14875688,503,503,55299,55299,Langley Centre @ Bay 1,Langley Centre @ Bay 1,55299,Langley Centre,69630,69930,in_service_layover,52.60191594806795,56.51309584405644,22.05905461337511,300,5.0,19:20:30,19:25:30,False,,no_dispenser,0
2161703,heavy,320.0,51.0,40-ft,STC,3,SUN,14874738,14874701,501,501,57027,57027,Langley Centre @ Bay 3,Langley Centre @ Bay 3,57027,Langley Centre,69810,70530,in_service_layover,35.76077914639199,44.86137062070267,51.32733591511226,720,12.0,19:23:30,19:35:30,False,,no_dispenser,0
2162419,heavy,502.0,57.0,40-ft,STC,3,SUN,14875148,14875222,502,502,57143,57027,Langley Centre @ Bay 5,Langley Centre @ Bay 3,57143,Langley Centre,69870,70230,in_service_layover,35.49038440778665,40.021183749204596,25.553708285597196,360,6.0,19:24:30,19:30:30,False,,no_dispenser,0
2161999,heavy,502.0,52.0,40-ft,STC,3,SUN,14867832,14867874,342,342,57143,57136,Langley Centre @ Bay 5,Langley Centre @ Bay 2,57143,Langley Centre,69870,70470,in_service_layover,61.94157150261401,68.96244461584067,39.59772435859833,600,10.0,19:24:30,19:34:30,False,,no_dispenser,0
2161686,heavy,320.0,45.0,40-ft,STC,3,SUN,14863653,14874690,320,501,57136,57027,Langley Centre @ Bay 2,Langley Centre @ Bay 3,57136,Langley Centre,70350,71730,in_service_layover,55.33568856988418,71.05040848899165,88.63102034376612,1380,23.0,19:32:30,19:55:30,False,,no_dispenser,0
2161693,heavy,320.0,82.0,40-ft,STC,3,SUN,14876981,14863687,595,320,57097,57136,Langley Centre @ Bay 4,Langley Centre @ Bay 2,57097,Langley Centre,70410,71490,in_service_layover,49.9598171003617,63.67988517087212,77.38118391767881,1080,18.0,19:33:30,19:51:30,False,,no_dispenser,0
2162418,heavy,502.0,50.0,40-ft,STC,3,SUN,14875149,14875223,502,502,57143,57027,Langley Centre @ Bay 5,Langley Centre @ Bay 3,57143,Langley Centre,70770,71130,in_service_layover,33.582524003930494,38.10336552186572,25.497546161154673,360,6.0,19:39:30,19:45:30,False,,no_dispenser,0
2161707,heavy,320.0,43.0,40-ft,STC,3,SUN,14874730,14876965,501,595,57027,57097,Langley Centre @ Bay 3,Langley Centre @ Bay 4,57027,Langley Centre,71010,71190,in_service_layover,52.161716431953096,54.49412527971275,13.154785901364392,180,3.0,19:43:30,19:46:30,False,,no_dispenser,0
2161997,heavy,502.0,60.0,40-ft,STC,3,SUN,14867833,14867875,342,342,57143,57136,Langley Centre @ Bay 5,Langley Centre @ Bay 2,57143,Langley Centre,71070,72270,in_service_layover,58.0879731944451,71.5342986425456,75.8372755272868,1200,20.0,19:44:30,20:04:30,False,,no_dispenser,0
2162437,heavy,503.0,56.0,40-ft,STC,3,SUN,14875633,14875687,503,503,55299,55299,Langley Centre @ Bay 1,Langley Centre @ Bay 1,55299,Langley Centre,71370,71730,in_service_layover,45.824427121236916,50.41732707695641,25.90395575025798,360,6.0,19:49:30,19:55:30,False,,no_dispenser,0
2162416,heavy,502.0,54.0,40-ft,STC,3,SUN,14875150,14875224,502,502,57143,57027,Langley Centre @ Bay 5,Langley Centre @ Bay 3,57143,Langley Centre,71610,72030,in_service_layover,41.86458303469614,47.19290099153352,30.05171327656285,420,7.0,19:53:30,20:00:30,False,,no_dispenser,0
2161558,heavy,502.0,72.0,40-ft,STC,3,SUN,14876982,14876966,595,595,57097,57097,Langley Centre @ Bay 4,Langley Centre @ Bay 4,57097,Langley Centre,72150,73050,in_service_layover,63.743595681514776,73.28236764590528,53.79867387916249,900,15.0,20:02:30,20:17:30,False,,no_dispenser,0
2162120,heavy,502.0,59.0,40-ft,STC,3,SUN,14869546,14869599,364,364,57097,57097,Langley Centre @ Bay 4,Langley Centre @ Bay 4,57097,Langley Centre,72150,73110,in_service_layover,58.14040767253121,69.41101870729254,63.566246236053814,960,16.0,20:02:30,20:18:30,False,,no_dispenser,0
2161975,heavy,502.0,55.0,40-ft,STC,3,SUN,14875151,14875178,502,502,57143,57027,Langley Centre @ Bay 5,Langley Centre @ Bay 3,57143,Langley Centre,72510,72930,in_service_layover,31.79642313095583,37.063378748559614,29.705629683285366,420,7.0,20:08:30,20:15:30,False,,no_dispenser,0
2161688,heavy,320.0,85.0,40-ft,STC,3,SUN,14874739,14874699,501,501,57027,57027,Langley Centre @ Bay 3,Langley Centre @ Bay 3,57027,Langley Centre,72570,72990,in_service_layover,64.82759832198784,69.65291298755311,27.21477471378813,420,7.0,20:09:30,20:16:30,False,,no_dispenser,0
2161695,heavy,503.0,53.0,40-ft,STC,3,SUN,14875632,14875686,503,503,55299,55299,Langley Centre @ Bay 1,Langley Centre @ Bay 1,55299,Langley Centre,73110,73530,in_service_layover,42.01149825077254,47.34079395295792,30.05722776032553,420,7.0,20:18:30,20:25:30,False,,no_dispenser,0
2162417,heavy,502.0,51.0,40-ft,STC,3,SUN,14875152,14875196,502,502,57143,57027,Langley Centre @ Bay 5,Langley Centre @ Bay 3,57143,Langley Centre,73290,73830,in_service_layover,27.700531673302542,34.44930736568816,38.063094905054925,540,9.0,20:21:30,20:30:30,False,,no_dispenser,0
2161998,heavy,502.0,62.0,40-ft,STC,3,SUN,14867834,14867876,342,342,57143,57136,Langley Centre @ Bay 5,Langley Centre @ Bay 2,57143,Langley Centre,73470,74070,in_service_layover,62.51408856546766,69.4613281004917,39.1824309775356,600,10.0,20:24:30,20:34:30,False,,no_dispenser,0
2161699,heavy,320.0,54.0,40-ft,STC,3,SUN,14876983,14876940,595,595,57097,57097,Langley Centre @ Bay 4,Langley Centre @ Bay 4,57097,Langley Centre,73890,74910,in_service_layover,60.32441855279068,71.63179548866695,63.773605918342184,1020,17.0,20:31:30,20:48:30,False,,no_dispenser,0
2161687,heavy,320.0,61.0,40-ft,STC,3,SUN,14863626,14874702,320,501,57136,57027,Langley Centre @ Bay 2,Langley Centre @ Bay 3,57136,Langley Centre,73950,74190,in_service_layover,62.88142077055463,65.82319756627308,16.59162112785208,240,4.0,20:32:30,20:36:30,False,,no_dispenser,0
2161698,heavy,320.0,56.0,40-ft,STC,3,SUN,14875153,14875202,502,502,57143,57027,Langley Centre @ Bay 5,Langley Centre @ Bay 3,57143,Langley Centre,74190,74730,in_service_layover,31.175682696247343,37.9516655210775,38.21654313204209,540,9.0,20:36:30,20:45:30,False,,no_dispenser,0
2162000,heavy,502.0,58.0,40-ft,STC,3,SUN,14867835,14867848,342,342,57143,57136,Langley Centre @ Bay 5,Langley Centre @ Bay 2,57143,Langley Centre,74670,75870,in_service_layover,59.15007420456192,72.29034910614959,74.11115044495449,1200,20.0,20:44:30,21:04:30,False,,no_dispenser,0
2162126,heavy,502.0,66.0,40-ft,STC,3,SUN,14869565,14874692,364,501,57097,57027,Langley Centre @ Bay 4,Langley Centre @ Bay 3,57097,Langley Centre,75090,75330,in_service_layover,59.046351866036304,62.169386614058695,17.61391597884625,240,4.0,20:51:30,20:55:30,False,,no_dispenser,0
2162421,heavy,502.0,65.0,40-ft,STC,3,SUN,14875127,14875179,502,502,57143,57027,Langley Centre @ Bay 5,Langley Centre @ Bay 3,57143,Langley Centre,75090,75630,in_service_layover,31.158592621247312,37.934441647019256,38.21578850535377,540,9.0,20:51:30,21:00:30,False,,no_dispenser,0
2161707,heavy,320.0,43.0,40-ft,STC,3,SUN,14876984,14863713,595,320,57097,57136,Langley Centre @ Bay 4,Langley Centre @ Bay 2,57097,Langley Centre,75690,76350,in_service_layover,43.49054387430345,51.9381099133801,47.64427246039233,660,11.0,21:01:30,21:12:30,False,,no_dispenser,0
2161696,heavy,320.0,53.0,40-ft,STC,3,SUN,14863638,14874693,320,501,57136,57027,Langley Centre @ Bay 2,Langley Centre @ Bay 3,57136,Langley Centre,75870,76770,in_service_layover,37.51199829419245,48.95628456848507,64.54577458701036,900,15.0,21:04:30,21:19:30,False,,no_dispenser,0
2162420,heavy,502.0,56.0,40-ft,STC,3,SUN,14875119,14875197,502,502,57143,57027,Langley Centre @ Bay 5,Langley Centre @ Bay 3,57143,Langley Centre,75990,76530,in_service_layover,32.211725242538996,38.99581929666221,38.26229046525498,540,9.0,21:06:30,21:15:30,False,,no_dispenser,0
2162438,heavy,503.0,60.0,40-ft,STC,3,SUN,14874722,14869605,501,364,57027,57097,Langley Centre @ Bay 3,Langley Centre @ Bay 4,57027,Langley Centre,76410,76710,in_service_layover,42.217049467685456,46.01946120945744,21.445602223594022,300,5.0,21:13:30,21:18:30,False,,no_dispenser,0
2162419,heavy,502.0,57.0,40-ft,STC,3,SUN,14875129,14875167,502,502,57143,57027,Langley Centre @ Bay 5,Langley Centre @ Bay 3,57143,Langley Centre,76830,77430,in_service_layover,29.05187170613163,36.56729023744488,42.386960516606734,600,10.0,21:20:30,21:30:30,False,,no_dispenser,0
2161558,heavy,502.0,72.0,40-ft,STC,3,SUN,14876985,14874681,595,501,57097,57027,Langley Centre @ Bay 4,Langley Centre @ Bay 3,57097,Langley Centre,77490,78570,in_service_layover,62.27878624049599,73.62059530784907,63.967803139871364,1080,18.0,21:31:30,21:49:30,False,,no_dispenser,0
2162418,heavy,502.0,50.0,40-ft,STC,3,SUN,14875135,14875205,502,502,57143,57027,Langley Centre @ Bay 5,Langley Centre @ Bay 3,57143,Langley Centre,77610,78330,in_service_layover,26.37375617046247,35.3763944820798,50.77488007752174,720,12.0,21:33:30,21:45:30,False,,no_dispenser,0
2161997,heavy,502.0,60.0,40-ft,STC,3,SUN,14867837,14876968,342,595,57143,57097,Langley Centre @ Bay 5,Langley Centre @ Bay 4,57143,Langley Centre,78210,78450,in_service_layover,59.62867484294206,62.72600452287334,17.468939394812367,240,4.0,21:43:30,21:47:30,False,,no_dispenser,0
2161705,heavy,503.0,59.0,40-ft,STC,3,SUN,14875629,14875683,503,503,55299,55299,Langley Centre @ Bay 1,Langley Centre @ Bay 1,55299,Langley Centre,78270,78930,in_service_layover,42.74352410941263,51.17593834412298,47.55881628376636,660,11.0,21:44:30,21:55:30,False,,no_dispenser,0
2161690,heavy,320.0,69.0,40-ft,STC,3,SUN,14875128,14875166,502,502,57143,57027,Langley Centre @ Bay 5,Langley Centre @ Bay 3,57143,Langley Centre,78450,79230,in_service_layover,54.91735084494012,64.78767496305558,55.66862802617129,780,13.0,21:47:30,22:00:30,False,,no_dispenser,0
2161975,heavy,502.0,55.0,40-ft,STC,3,SUN,14875113,14867881,502,342,57143,57136,Langley Centre @ Bay 5,Langley Centre @ Bay 2,57143,Langley Centre,79110,79350,in_service_layover,22.3359934352165,25.30533428382104,16.74708238612959,240,4.0,21:58:30,22:02:30,False,,no_dispenser,0
2161699,heavy,320.0,54.0,40-ft,STC,3,SUN,14876986,14863663,595,320,57097,57136,Langley Centre @ Bay 4,Langley Centre @ Bay 2,57097,Langley Centre,79290,79950,in_service_layover,60.62821408325766,68.44692526062867,44.09753104037259,660,11.0,22:01:30,22:12:30,False,,no_dispenser,0
2161706,heavy,321.0,66.0,40-ft,STC,3,SUN,14875130,14875211,502,502,57143,57027,Langley Centre @ Bay 5,Langley Centre @ Bay 3,57143,Langley Centre,79950,80130,in_service_layover,24.821008303286643,27.05383412638987,12.593137642302196,180,3.0,22:12:30,22:15:30,False,,no_dispenser,0
2161998,heavy,502.0,62.0,40-ft,STC,3,SUN,14867838,14869606,342,364,57143,57097,Langley Centre @ Bay 5,Langley Centre @ Bay 4,57143,Langley Centre,79950,80310,in_service_layover,58.38778301525546,63.031444056631926,26.19024827336324,360,6.0,22:12:30,22:18:30,False,,no_dispenser,0
2161693,heavy,320.0,82.0,40-ft,STC,3,SUN,14863619,14874694,320,501,57136,57027,Langley Centre @ Bay 2,Langley Centre @ Bay 3,57136,Langley Centre,80070,80430,in_service_layover,59.343107775667434,63.92573528245943,25.846019138306815,360,6.0,22:14:30,22:20:30,False,,no_dispenser,0
2161561,heavy,320.0,40.0,40-ft,STC,3,SUN,14874732,14875165,501,502,57027,57027,Langley Centre @ Bay 3,Langley Centre @ Bay 3,57027,Langley Centre,80490,81030,in_service_layover,64.91272645464352,70.95629498902305,34.08572653390053,540,9.0,22:21:30,22:30:30,False,,no_dispenser,0
2161698,heavy,320.0,56.0,40-ft,STC,3,SUN,14875112,14876969,502,595,57143,57097,Langley Centre @ Bay 5,Langley Centre @ Bay 4,57143,Langley Centre,80850,82050,in_service_layover,23.22428020773438,38.254165037336364,84.76855043895517,1200,20.0,22:27:30,22:47:30,False,,no_dispenser,0
2162420,heavy,502.0,56.0,40-ft,STC,3,SUN,14875111,14875164,502,502,57143,57027,Langley Centre @ Bay 5,Langley Centre @ Bay 3,57143,Langley Centre,82590,82830,in_service_layover,29.5305259464336,32.52630213610936,16.89617770977128,240,4.0,22:56:30,23:00:30,False,,no_dispenser,0
2161997,heavy,502.0,60.0,40-ft,STC,3,SUN,14877001,14869607,595,364,57097,57097,Langley Centre @ Bay 4,Langley Centre @ Bay 4,57097,Langley Centre,82770,83910,in_service_layover,51.72242311746403,65.90941072276661,80.01461009390647,1140,19.0,22:59:30,23:18:30,False,,no_dispenser,0
2162419,heavy,502.0,57.0,40-ft,STC,3,SUN,14875131,14875158,502,502,57143,57027,Langley Centre @ Bay 5,Langley Centre @ Bay 3,57143,Langley Centre,83550,83730,in_service_layover,27.84084271072847,30.081758222392587,12.638763485785603,180,3.0,23:12:30,23:15:30,False,,no_dispenser,0
2161690,heavy,320.0,69.0,40-ft,STC,3,SUN,14875134,14876970,502,595,57143,57097,Langley Centre @ Bay 5,Langley Centre @ Bay 4,57143,Langley Centre,85410,85650,in_service_layover,59.05835691632434,62.180917602382,17.61124226936522,240,4.0,23:43:30,23:47:30,False,,no_dispenser,0
2161073,heavy,210.0,43.0,40-ft,BTC,3,SUN,14857475,14858113,229,236,58725,54134,Lonsdale Quay @ Bay 4,Lonsdale Quay @ Bay 6,58725,Lonsdale Quay,33930,34350,in_service_layover,67.98229009574342,72.50925053969551,25.53205690388978,420,7.0,09:25:30,09:32:30,False,,no_dispenser,0
2161074,heavy,210.0,45.0,40-ft,BTC,3,SUN,14857708,14858111,230,236,58725,54134,Lonsdale Quay @ Bay 4,Lonsdale Quay @ Bay 6,58725,Lonsdale Quay,35010,35250,in_service_layover,66.32275775629087,69.10027126723712,15.665176201736756,240,4.0,09:43:30,09:47:30,False,,no_dispenser,0
2161109,heavy,210.0,48.0,40-ft,BTC,3,SUN,14857456,14857427,229,229,58725,54421,Lonsdale Quay @ Bay 4,Lonsdale Quay @ Bay 1,58725,Lonsdale Quay,35730,36030,in_service_layover,65.17528417877215,68.67977227092894,19.765312839764363,300,5.0,09:55:30,10:00:30,False,,no_dispenser,0
2161217,heavy,210.0,42.0,40-ft,BTC,3,SUN,14859560,14858121,249,236,58725,54134,Lonsdale Quay @ Bay 4,Lonsdale Quay @ Bay 6,58725,Lonsdale Quay,35730,36150,in_service_layover,56.55415133055393,62.025850067286314,30.860380875170677,420,7.0,09:55:30,10:02:30,False,,no_dispenser,0
2161219,heavy,210.0,51.0,40-ft,BTC,3,SUN,14858169,14859531,236,249,58725,50980,Lonsdale Quay @ Bay 4,Lonsdale Quay @ Bay 5,58725,Lonsdale Quay,35910,36090,in_service_layover,66.66657541921275,68.75987169314516,11.806190984978798,180,3.0,09:58:30,10:01:30,False,,no_dispenser,0
2161188,heavy,210.0,54.0,40-ft,BTC,3,SUN,14858179,14858122,236,236,58725,54134,Lonsdale Quay @ Bay 4,Lonsdale Quay @ Bay 6,58725,Lonsdale Quay,37590,37830,in_service_layover,66.66657541921275,69.42673667804603,15.567309499819714,240,4.0,10:26:30,10:30:30,False,,no_dispenser,0
2161072,heavy,210.0,55.0,40-ft,BTC,3,SUN,14857201,14857180,228,228,58725,54196,Lonsdale Quay @ Bay 4,Lonsdale Quay @ Bay 2,58725,Lonsdale Quay,37650,37830,in_service_layover,68.2005922395445,70.23558624272447,11.477366177935039,180,3.0,10:27:30,10:30:30,False,,no_dispenser,0
2161074,heavy,210.0,45.0,40-ft,BTC,3,SUN,14858172,14857428,236,229,58725,54421,Lonsdale Quay @ Bay 4,Lonsdale Quay @ Bay 1,58725,Lonsdale Quay,38610,39510,in_service_layover,60.97302629399852,71.07370558744974,56.967831215064905,900,15.0,10:43:30,10:58:30,False,,no_dispenser,0
2161112,heavy,210.0,52.0,40-ft,BTC,3,SUN,14859559,14859529,249,249,58725,50980,Lonsdale Quay @ Bay 4,Lonsdale Quay @ Bay 5,58725,Lonsdale Quay,39390,39630,in_service_layover,66.27191794595663,69.05197261429883,15.679508329450016,240,4.0,10:56:30,11:00:30,False,,no_dispenser,0
2161109,heavy,210.0,48.0,40-ft,BTC,3,SUN,14857457,14857157,229,228,58725,54196,Lonsdale Quay @ Bay 4,Lonsdale Quay @ Bay 2,58725,Lonsdale Quay,39450,39630,in_service_layover,62.200723388629996,64.45247078619632,12.699855322274004,180,3.0,10:57:30,11:00:30,False,,no_dispenser,0
2161189,heavy,210.0,57.0,40-ft,BTC,3,SUN,14858143,14858129,236,236,58725,54134,Lonsdale Quay @ Bay 4,Lonsdale Quay @ Bay 6,58725,Lonsdale Quay,39510,39810,in_service_layover,64.49046352343278,68.03683002569316,20.001507072748495,300,5.0,10:58:30,11:03:30,False,,no_dispenser,0
2161204,heavy,210.0,53.0,40-ft,BTC,3,SUN,14858171,14858108,236,236,58725,54134,Lonsdale Quay @ Bay 4,Lonsdale Quay @ Bay 6,58725,Lonsdale Quay,40410,40710,in_service_layover,64.84373548017555,68.3686428789454,19.880477729061965,300,5.0,11:13:30,11:18:30,False,,no_dispenser,0
2161110,heavy,210.0,56.0,40-ft,BTC,3,SUN,14858159,14857409,236,229,58725,54421,Lonsdale Quay @ Bay 4,Lonsdale Quay @ Bay 1,58725,Lonsdale Quay,41130,41370,in_service_layover,60.86798872068412,63.90496324925697,17.12853634115089,240,4.0,11:25:30,11:29:30,False,,no_dispenser,0
2161074,heavy,210.0,45.0,40-ft,BTC,3,SUN,14857458,14857430,229,229,58725,54421,Lonsdale Quay @ Bay 4,Lonsdale Quay @ Bay 1,58725,Lonsdale Quay,42990,43170,in_service_layover,64.5946567051508,66.76151285035822,12.221068658969841,180,3.0,11:56:30,11:59:30,False,,no_dispenser,0
2161073,heavy,210.0,43.0,40-ft,BTC,3,SUN,14858152,14857184,236,228,58725,54196,Lonsdale Quay @ Bay 4,Lonsdale Quay @ Bay 2,58725,Lonsdale Quay,43110,43350,in_service_layover,52.307232087568615,55.42567607594283,17.58802409443058,240,4.0,11:58:30,12:02:30,False,,no_dispenser,0
2161108,heavy,210.0,49.0,40-ft,BTC,3,SUN,14857198,14858102,228,236,58725,54134,Lonsdale Quay @ Bay 4,Lonsdale Quay @ Bay 6,58725,Lonsdale Quay,43170,43410,in_service_layover,59.14421039048343,62.263316401725255,17.591757903403902,240,4.0,11:59:30,12:03:30,False,,no_dispenser,0
2161189,heavy,210.0,57.0,40-ft,BTC,3,SUN,14858170,14858112,236,236,58725,54134,Lonsdale Quay @ Bay 4,Lonsdale Quay @ Bay 6,58725,Lonsdale Quay,44010,44310,in_service_layover,59.909585052454574,63.727798530893295,21.534724018394456,300,5.0,12:13:30,12:18:30,False,,no_dispenser,0
2161104,heavy,210.0,50.0,40-ft,BTC,3,SUN,14857208,14857417,228,229,58725,54421,Lonsdale Quay @ Bay 4,Lonsdale Quay @ Bay 1,58725,Lonsdale Quay,44850,45030,in_service_layover,57.09346525014373,59.47356176120129,13.423744322364598,180,3.0,12:27:30,12:30:30,False,,no_dispenser,0
2161110,heavy,210.0,56.0,40-ft,BTC,3,SUN,14857472,14857183,229,228,58725,54196,Lonsdale Quay @ Bay 4,Lonsdale Quay @ Bay 2,58725,Lonsdale Quay,44910,45150,in_service_layover,57.42591436695803,60.59099887823801,17.85107664361908,240,4.0,12:28:30,12:32:30,False,,no_dispenser,0
2161204,heavy,210.0,53.0,40-ft,BTC,3,SUN,14858181,14858124,236,236,58725,54134,Lonsdale Quay @ Bay 4,Lonsdale Quay @ Bay 6,58725,Lonsdale Quay,44910,45210,in_service_layover,60.241397905706805,64.03918762759174,21.419534031431056,300,5.0,12:28:30,12:33:30,False,,no_dispenser,0
2161205,heavy,210.0,62.0,40-ft,BTC,3,SUN,14858157,14858100,236,236,58725,54134,Lonsdale Quay @ Bay 4,Lonsdale Quay @ Bay 6,58725,Lonsdale Quay,45870,46110,in_service_layover,63.5270880878325,66.43833687800591,16.419443176578,240,4.0,12:44:30,12:48:30,False,,no_dispenser,0
2160075,heavy,210.0,44.0,40-ft,BTC,3,SUN,14857193,14857169,228,228,58725,54196,Lonsdale Quay @ Bay 4,Lonsdale Quay @ Bay 2,58725,Lonsdale Quay,46710,46890,in_service_layover,53.97226904903242,56.322287244527544,13.25410262259254,180,3.0,12:58:30,13:01:30,False,,no_dispenser,0
2161106,heavy,210.0,63.0,40-ft,BTC,3,SUN,14858160,14858133,236,236,58725,54134,Lonsdale Quay @ Bay 4,Lonsdale Quay @ Bay 6,58725,Lonsdale Quay,46770,47010,in_service_layover,65.13537066662678,67.97057772730636,15.990567822232833,240,4.0,12:59:30,13:03:30,False,,no_dispenser,0
2161108,heavy,210.0,49.0,40-ft,BTC,3,SUN,14858149,14857669,236,230,58725,54516,Lonsdale Quay @ Bay 4,Lonsdale Quay @ Bay 8,58725,Lonsdale Quay,47670,47850,in_service_layover,54.136071428486666,56.48768275805175,13.263087898747074,180,3.0,13:14:30,13:17:30,False,,no_dispenser,0
2161105,heavy,210.0,46.0,40-ft,BTC,3,SUN,14857203,14857425,228,229,58725,54421,Lonsdale Quay @ Bay 4,Lonsdale Quay @ Bay 1,58725,Lonsdale Quay,48510,48690,in_service_layover,48.67450444032576,50.97499646007873,12.974774991406719,180,3.0,13:28:30,13:31:30,False,,no_dispenser,0
2161203,heavy,240.0,41.0,40-ft,BTC,3,SUN,14859543,14858125,249,236,58725,54134,Lonsdale Quay @ Bay 4,Lonsdale Quay @ Bay 6,58725,Lonsdale Quay,48630,48930,in_service_layover,35.59609801501028,39.369712110948164,21.283183501089695,300,5.0,13:30:30,13:35:30,False,,no_dispenser,0
2161204,heavy,210.0,53.0,40-ft,BTC,3,SUN,14858148,14857654,236,230,58725,54516,Lonsdale Quay @ Bay 4,Lonsdale Quay @ Bay 8,58725,Lonsdale Quay,49410,49650,in_service_layover,55.911942654353155,59.07712299306807,17.85161711035215,240,4.0,13:43:30,13:47:30,False,,no_dispenser,0
2161207,heavy,210.0,67.0,40-ft,BTC,3,SUN,14857707,14858098,230,236,58725,54134,Lonsdale Quay @ Bay 4,Lonsdale Quay @ Bay 6,58725,Lonsdale Quay,49530,49830,in_service_layover,69.05052926194318,72.2962770486001,18.306017516744987,300,5.0,13:45:30,13:50:30,False,,no_dispenser,0
2161205,heavy,210.0,62.0,40-ft,BTC,3,SUN,14858161,14857432,236,229,58725,54421,Lonsdale Quay @ Bay 4,Lonsdale Quay @ Bay 1,58725,Lonsdale Quay,50310,50490,in_service_layover,58.31109190476732,60.687096310204325,13.40066484666471,180,3.0,13:58:30,14:01:30,False,,no_dispenser,0
2161072,heavy,210.0,55.0,40-ft,BTC,3,SUN,14857207,14858131,228,236,58725,54134,Lonsdale Quay @ Bay 4,Lonsdale Quay @ Bay 6,58725,Lonsdale Quay,50370,50730,in_service_layover,51.571275210237374,56.25466089135644,26.414295241511468,360,6.0,13:59:30,14:05:30,False,,no_dispenser,0
2161106,heavy,210.0,63.0,40-ft,BTC,3,SUN,14858147,14857668,236,230,58725,54516,Lonsdale Quay @ Bay 4,Lonsdale Quay @ Bay 8,58725,Lonsdale Quay,51210,51510,in_service_layover,59.84333275406777,63.6659740262284,21.55969677498598,300,5.0,14:13:30,14:18:30,False,,no_dispenser,0
2161108,heavy,210.0,49.0,40-ft,BTC,3,SUN,14857698,14858097,230,236,58725,54134,Lonsdale Quay @ Bay 4,Lonsdale Quay @ Bay 6,58725,Lonsdale Quay,51270,51630,in_service_layover,50.318017082471364,54.97702450695653,26.27680187409635,360,6.0,14:14:30,14:20:30,False,,no_dispenser,0
2161075,heavy,240.0,42.0,40-ft,BTC,3,SUN,14859542,14857424,249,229,58725,54421,Lonsdale Quay @ Bay 4,Lonsdale Quay @ Bay 1,58725,Lonsdale Quay,52170,52350,in_service_layover,27.78250568469826,30.023268955190392,12.637904845575633,180,3.0,14:29:30,14:32:30,False,,no_dispenser,0
2161109,heavy,210.0,48.0,40-ft,BTC,3,SUN,14857209,14858104,228,236,58725,54134,Lonsdale Quay @ Bay 4,Lonsdale Quay @ Bay 6,58725,Lonsdale Quay,52170,52530,in_service_layover,41.90255063516288,46.46681742488312,25.742464694022118,360,6.0,14:29:30,14:35:30,False,,no_dispenser,0
2161204,heavy,210.0,53.0,40-ft,BTC,3,SUN,14857706,14858142,230,236,58725,54134,Lonsdale Quay @ Bay 4,Lonsdale Quay @ Bay 6,58725,Lonsdale Quay,53010,53370,in_service_layover,52.9074573174877,57.616834284518625,26.560886094054467,360,6.0,14:43:30,14:49:30,False,,no_dispenser,0
2161203,heavy,240.0,41.0,40-ft,BTC,3,SUN,14858146,14857651,236,230,58725,54516,Lonsdale Quay @ Bay 4,Lonsdale Quay @ Bay 8,58725,Lonsdale Quay,53070,53310,in_service_layover,31.24246713770958,34.24420016020219,16.929774246858358,240,4.0,14:44:30,14:48:30,False,,no_dispenser,0
2161107,heavy,210.0,68.0,40-ft,BTC,3,SUN,14857195,14859521,228,249,58725,50980,Lonsdale Quay @ Bay 4,Lonsdale Quay @ Bay 5,58725,Lonsdale Quay,53970,54270,in_service_layover,61.52442222297806,65.24638308450417,20.9918592590073,300,5.0,14:59:30,15:04:30,False,,no_dispenser,0
2161207,heavy,210.0,67.0,40-ft,BTC,3,SUN,14858178,14858103,236,236,58725,54134,Lonsdale Quay @ Bay 4,Lonsdale Quay @ Bay 6,58725,Lonsdale Quay,53970,54330,in_service_layover,64.16903207536151,68.40296298354299,23.87937032214353,360,6.0,14:59:30,15:05:30,False,,no_dispenser,0
2161112,heavy,210.0,52.0,40-ft,BTC,3,SUN,14859555,14857177,249,228,58725,54196,Lonsdale Quay @ Bay 4,Lonsdale Quay @ Bay 2,58725,Lonsdale Quay,54030,54210,in_service_layover,41.33050827292179,43.60662754169458,12.837312675878508,180,3.0,15:00:30,15:03:30,False,,no_dispenser,0
2161205,heavy,210.0,62.0,40-ft,BTC,3,SUN,14857462,14857433,229,229,58725,54421,Lonsdale Quay @ Bay 4,Lonsdale Quay @ Bay 1,58725,Lonsdale Quay,54630,54870,in_service_layover,54.20804742790537,57.35114106780455,17.72704812903129,240,4.0,15:10:30,15:14:30,False,,no_dispenser,0
2161106,heavy,210.0,63.0,40-ft,BTC,3,SUN,14857697,14858141,230,236,58725,54134,Lonsdale Quay @ Bay 4,Lonsdale Quay @ Bay 6,58725,Lonsdale Quay,54810,55110,in_service_layover,57.496308350648015,61.42898856533052,22.180316410809326,300,5.0,15:13:30,15:18:30,False,,no_dispenser,0
2161072,heavy,210.0,55.0,40-ft,BTC,3,SUN,14858185,14857667,236,230,58725,54516,Lonsdale Quay @ Bay 4,Lonsdale Quay @ Bay 8,58725,Lonsdale Quay,54870,55110,in_service_layover,48.12741591811785,51.196027329490946,17.30696836014431,240,4.0,15:14:30,15:18:30,False,,no_dispenser,0
2161108,heavy,210.0,49.0,40-ft,BTC,3,SUN,14858156,14857423,236,229,58725,54421,Lonsdale Quay @ Bay 4,Lonsdale Quay @ Bay 1,58725,Lonsdale Quay,55530,55770,in_service_layover,46.84977953371794,49.90856007128955,17.251522231903834,240,4.0,15:25:30,15:29:30,False,,no_dispenser,0
2161073,heavy,210.0,43.0,40-ft,BTC,3,SUN,14857216,14857178,228,228,58725,54196,Lonsdale Quay @ Bay 4,Lonsdale Quay @ Bay 2,58725,Lonsdale Quay,55770,56010,in_service_layover,32.8757559249094,35.883172103048125,16.96182724470242,240,4.0,15:29:30,15:33:30,False,,no_dispenser,0
2161075,heavy,240.0,42.0,40-ft,BTC,3,SUN,14857454,14858126,229,236,58725,54134,Lonsdale Quay @ Bay 4,Lonsdale Quay @ Bay 6,58725,Lonsdale Quay,55890,56130,in_service_layover,23.54422007289144,26.518497988100087,16.774927441776754,240,4.0,15:31:30,15:35:30,False,,no_dispenser,0
2161109,heavy,210.0,48.0,40-ft,BTC,3,SUN,14858184,14857652,236,230,58725,54516,Lonsdale Quay @ Bay 4,Lonsdale Quay @ Bay 8,58725,Lonsdale Quay,56550,56910,in_service_layover,38.33957245164453,42.88524275089169,25.637580487754036,360,6.0,15:42:30,15:48:30,False,,no_dispenser,0
2161203,heavy,240.0,41.0,40-ft,BTC,3,SUN,14857710,14857445,230,229,58725,54421,Lonsdale Quay @ Bay 4,Lonsdale Quay @ Bay 1,58725,Lonsdale Quay,56610,56790,in_service_layover,28.07453448462181,30.316059857843168,12.642203104968473,180,3.0,15:43:30,15:46:30,False,,no_dispenser,0
2161204,heavy,210.0,53.0,40-ft,BTC,3,SUN,14858182,14859519,236,249,58725,50980,Lonsdale Quay @ Bay 4,Lonsdale Quay @ Bay 5,58725,Lonsdale Quay,57390,57630,in_service_layover,49.48958931128004,52.57182835689589,17.38382821727339,240,4.0,15:56:30,16:00:30,False,,no_dispenser,0
2161110,heavy,210.0,56.0,40-ft,BTC,3,SUN,14857214,14858120,228,236,58725,54134,Lonsdale Quay @ Bay 4,Lonsdale Quay @ Bay 6,58725,Lonsdale Quay,57570,57990,in_service_layover,38.04107872720458,43.346059685139416,29.920092602752476,420,7.0,15:59:30,16:06:30,False,,no_dispenser,0
2161207,heavy,210.0,67.0,40-ft,BTC,3,SUN,14858183,14857666,236,230,58725,54516,Lonsdale Quay @ Bay 4,Lonsdale Quay @ Bay 8,58725,Lonsdale Quay,58410,58710,in_service_layover,60.2757180103044,64.07147935721312,21.408093996565185,300,5.0,16:13:30,16:18:30,False,,no_dispenser,0
2161072,heavy,210.0,55.0,40-ft,BTC,3,SUN,14857696,14858139,230,236,58725,54134,Lonsdale Quay @ Bay 4,Lonsdale Quay @ Bay 6,58725,Lonsdale Quay,58410,58830,in_service_layover,45.02636165391057,50.384060464713166,30.217421292926645,420,7.0,16:13:30,16:20:30,False,,no_dispenser,0
2161106,heavy,210.0,63.0,40-ft,BTC,3,SUN,14858150,14857164,236,228,58725,54196,Lonsdale Quay @ Bay 4,Lonsdale Quay @ Bay 2,58725,Lonsdale Quay,59370,59550,in_service_layover,53.30174359209193,55.64524028921946,13.217321371799187,180,3.0,16:29:30,16:32:30,False,,no_dispenser,0
2160075,heavy,210.0,44.0,40-ft,BTC,3,SUN,14857186,14858101,228,236,58725,54134,Lonsdale Quay @ Bay 4,Lonsdale Quay @ Bay 6,58725,Lonsdale Quay,59370,59730,in_service_layover,33.77236709349412,38.29419947217129,25.503134615739242,360,6.0,16:29:30,16:35:30,False,,no_dispenser,0
2161222,heavy,210.0,60.0,40-ft,BTC,3,SUN,14859540,14859518,249,249,58725,50980,Lonsdale Quay @ Bay 4,Lonsdale Quay @ Bay 5,58725,Lonsdale Quay,59490,59670,in_service_layover,35.8112138328159,38.07292949017335,12.756076307495988,180,3.0,16:31:30,16:34:30,False,,no_dispenser,0
2161109,heavy,210.0,48.0,40-ft,BTC,3,SUN,14857690,14857650,230,230,58725,54516,Lonsdale Quay @ Bay 4,Lonsdale Quay @ Bay 8,58725,Lonsdale Quay,60210,60510,in_service_layover,36.715577075311316,40.49406031456308,21.31064546937992,300,5.0,16:43:30,16:48:30,False,,no_dispenser,0
2161104,heavy,210.0,50.0,40-ft,BTC,3,SUN,14857213,14859517,228,249,58725,50980,Lonsdale Quay @ Bay 4,Lonsdale Quay @ Bay 5,58725,Lonsdale Quay,61170,61350,in_service_layover,33.48202066867906,35.73765786915917,12.721793810707823,180,3.0,16:59:30,17:02:30,False,,no_dispenser,0
2161207,heavy,210.0,67.0,40-ft,BTC,3,SUN,14857695,14858137,230,236,58725,54134,Lonsdale Quay @ Bay 4,Lonsdale Quay @ Bay 6,58725,Lonsdale Quay,62010,62430,in_service_layover,57.90181368163274,63.30530546160453,30.475693639040912,420,7.0,17:13:30,17:20:30,False,,no_dispenser,0
2161110,heavy,210.0,56.0,40-ft,BTC,3,SUN,14858167,14857665,236,230,58725,54516,Lonsdale Quay @ Bay 4,Lonsdale Quay @ Bay 8,58725,Lonsdale Quay,62070,62310,in_service_layover,35.218814711900826,38.23438374572484,17.007809350767445,240,4.0,17:14:30,17:18:30,False,,no_dispenser,0
2161189,heavy,210.0,57.0,40-ft,BTC,3,SUN,14859539,14859515,249,249,58725,50980,Lonsdale Quay @ Bay 4,Lonsdale Quay @ Bay 5,58725,Lonsdale Quay,62970,63150,in_service_layover,27.879089216277663,30.120104539214744,12.639326421365126,180,3.0,17:29:30,17:32:30,False,,no_dispenser,0
2161108,heavy,210.0,49.0,40-ft,BTC,3,SUN,14857452,14858127,229,236,58725,54134,Lonsdale Quay @ Bay 4,Lonsdale Quay @ Bay 6,58725,Lonsdale Quay,63090,63330,in_service_layover,36.95046230669165,39.972056743299625,17.04179262246899,240,4.0,17:31:30,17:35:30,False,,no_dispenser,0
2161109,heavy,210.0,48.0,40-ft,BTC,3,SUN,14857686,14858136,230,236,58725,54134,Lonsdale Quay @ Bay 4,Lonsdale Quay @ Bay 6,58725,Lonsdale Quay,63810,64230,in_service_layover,34.3243946389827,39.60674373593188,29.792448906793368,420,7.0,17:43:30,17:50:30,False,,no_dispenser,0
2160075,heavy,210.0,44.0,40-ft,BTC,3,SUN,14858166,14857659,236,230,58725,54516,Lonsdale Quay @ Bay 4,Lonsdale Quay @ Bay 8,58725,Lonsdale Quay,63870,64110,in_service_layover,30.166954498932704,33.164945191365,16.908667505318164,240,4.0,17:44:30,17:48:30,False,,no_dispenser,0
2161105,heavy,210.0,46.0,40-ft,BTC,3,SUN,14857188,14859516,228,249,58725,50980,Lonsdale Quay @ Bay 4,Lonsdale Quay @ Bay 5,58725,Lonsdale Quay,64770,65010,in_service_layover,24.200412724848956,27.17726068945343,16.789422520369243,240,4.0,17:59:30,18:03:30,False,,no_dispenser,0
2161110,heavy,210.0,56.0,40-ft,BTC,3,SUN,14857694,14858135,230,236,58725,54134,Lonsdale Quay @ Bay 4,Lonsdale Quay @ Bay 6,58725,Lonsdale Quay,65610,65790,in_service_layover,32.06471807014446,34.3166565594743,12.700933079820317,180,3.0,18:13:30,18:16:30,False,,no_dispenser,0
2161207,heavy,210.0,67.0,40-ft,BTC,3,SUN,14858177,14857416,236,229,58725,54421,Lonsdale Quay @ Bay 4,Lonsdale Quay @ Bay 1,58725,Lonsdale Quay,66510,66750,in_service_layover,55.178060488365944,58.333733195472526,17.797994068081152,240,4.0,18:28:30,18:32:30,False,,no_dispenser,0
2161112,heavy,210.0,52.0,40-ft,BTC,3,SUN,14857187,14859514,228,249,58725,50980,Lonsdale Quay @ Bay 4,Lonsdale Quay @ Bay 5,58725,Lonsdale Quay,66570,66750,in_service_layover,21.056707390661145,23.27914929374536,12.534572333394976,180,3.0,18:29:30,18:32:30,False,,no_dispenser,0
2161108,heavy,210.0,49.0,40-ft,BTC,3,SUN,14858164,14857653,236,230,58725,54516,Lonsdale Quay @ Bay 4,Lonsdale Quay @ Bay 8,58725,Lonsdale Quay,67410,67770,in_service_layover,31.844811770061032,36.356583530243725,25.44639272743038,360,6.0,18:43:30,18:49:30,False,,no_dispenser,0
2161107,heavy,210.0,68.0,40-ft,BTC,3,SUN,14859551,14859513,249,249,58725,50980,Lonsdale Quay @ Bay 4,Lonsdale Quay @ Bay 5,58725,Lonsdale Quay,68310,68550,in_service_layover,37.52491874312713,40.548512045683225,17.053066226416348,240,4.0,18:58:30,19:02:30,False,,no_dispenser,0
2161108,heavy,210.0,49.0,40-ft,BTC,3,SUN,14857685,14857656,230,230,58725,54516,Lonsdale Quay @ Bay 4,Lonsdale Quay @ Bay 8,58725,Lonsdale Quay,70950,71370,in_service_layover,30.186917854663342,35.44407277390157,29.650353744503576,420,7.0,19:42:30,19:49:30,False,,no_dispenser,0
2161204,heavy,210.0,53.0,40-ft,BTC,3,SUN,14859550,14858132,249,236,58725,54134,Lonsdale Quay @ Bay 4,Lonsdale Quay @ Bay 6,58725,Lonsdale Quay,71730,72150,in_service_layover,24.85036401551884,30.074926103599925,29.466530176777326,420,7.0,19:55:30,20:02:30,False,,no_dispenser,0
2161205,heavy,210.0,62.0,40-ft,BTC,3,SUN,14857464,14857410,229,229,58725,54421,Lonsdale Quay @ Bay 4,Lonsdale Quay @ Bay 1,58725,Lonsdale Quay,72750,72990,in_service_layover,24.955896656309783,27.93560653970294,16.805563742337398,240,4.0,20:12:30,20:16:30,False,,no_dispenser,0
2161113,heavy,210.0,71.0,40-ft,BTC,3,SUN,14857202,14857414,228,229,58725,54421,Lonsdale Quay @ Bay 4,Lonsdale Quay @ Bay 1,58725,Lonsdale Quay,73770,74010,in_service_layover,51.428875235190596,54.535928748190265,17.523781813318124,240,4.0,20:29:30,20:33:30,False,,no_dispenser,0
2161108,heavy,210.0,49.0,40-ft,BTC,3,SUN,14857681,14857660,230,230,58725,54516,Lonsdale Quay @ Bay 4,Lonsdale Quay @ Bay 8,58725,Lonsdale Quay,74370,74670,in_service_layover,29.274407098321188,33.02052517387701,21.128105946134866,300,5.0,20:39:30,20:44:30,False,,no_dispenser,0
2161107,heavy,210.0,68.0,40-ft,BTC,3,SUN,14859549,14858128,249,236,58725,54134,Lonsdale Quay @ Bay 4,Lonsdale Quay @ Bay 6,58725,Lonsdale Quay,75450,75870,in_service_layover,24.61023994436589,29.833283077131284,29.457963268796817,420,7.0,20:57:30,21:04:30,False,,no_dispenser,0
2161113,heavy,210.0,71.0,40-ft,BTC,3,SUN,14857468,14857158,229,228,58725,54196,Lonsdale Quay @ Bay 4,Lonsdale Quay @ Bay 2,58725,Lonsdale Quay,77190,77490,in_service_layover,48.056879865891325,51.899630158301825,21.67311164919522,300,5.0,21:26:30,21:31:30,False,,no_dispenser,0
2161108,heavy,210.0,49.0,40-ft,BTC,3,SUN,14857688,14857655,230,230,58725,54516,Lonsdale Quay @ Bay 4,Lonsdale Quay @ Bay 8,58725,Lonsdale Quay,77490,77850,in_service_layover,26.850859498296636,31.336565989184557,25.29938460860788,360,6.0,21:31:30,21:37:30,False,,no_dispenser,0
2161106,heavy,210.0,63.0,40-ft,BTC,3,SUN,14859548,14859510,249,249,58725,50980,Lonsdale Quay @ Bay 4,Lonsdale Quay @ Bay 5,58725,Lonsdale Quay,78930,79290,in_service_layover,22.504867880431455,26.966729308878882,25.16489845644348,360,6.0,21:55:30,22:01:30,False,,no_dispenser,0
2161217,heavy,210.0,42.0,40-ft,BTC,3,SUN,14858175,14857166,236,228,58725,54196,Lonsdale Quay @ Bay 4,Lonsdale Quay @ Bay 2,58725,Lonsdale Quay,79170,79350,in_service_layover,67.08026011631537,69.1584044185442,11.720733864570548,180,3.0,21:59:30,22:02:30,False,,no_dispenser,0
2161108,heavy,210.0,49.0,40-ft,BTC,3,SUN,14857689,14857679,230,230,58725,54516,Lonsdale Quay @ Bay 4,Lonsdale Quay @ Bay 8,58725,Lonsdale Quay,80850,81150,in_service_layover,25.16690031360418,28.895072154156175,21.026889180713255,300,5.0,22:27:30,22:32:30,False,,no_dispenser,0
2161113,heavy,210.0,71.0,40-ft,BTC,3,SUN,14857192,14857173,228,228,58725,54196,Lonsdale Quay @ Bay 4,Lonsdale Quay @ Bay 2,58725,Lonsdale Quay,80910,81150,in_service_layover,44.19988106065973,47.24670041489739,17.184061157900402,240,4.0,22:28:30,22:32:30,False,,no_dispenser,0
2161217,heavy,210.0,42.0,40-ft,BTC,3,SUN,14857215,14857179,228,228,58725,54196,Lonsdale Quay @ Bay 4,Lonsdale Quay @ Bay 2,58725,Lonsdale Quay,82590,82890,in_service_layover,61.4586553209021,65.18450311517502,21.013781559699282,300,5.0,22:56:30,23:01:30,False,,no_dispenser,0
2161108,heavy,210.0,49.0,40-ft,BTC,3,SUN,14857687,14857170,230,228,58725,54196,Lonsdale Quay @ Bay 4,Lonsdale Quay @ Bay 2,58725,Lonsdale Quay,84510,85050,in_service_layover,22.725406478575795,29.434382337967417,37.838623846968744,540,9.0,23:28:30,23:37:30,False,,no_dispenser,0
2161113,heavy,210.0,71.0,40-ft,BTC,3,SUN,14857194,14857661,228,230,58725,54516,Lonsdale Quay @ Bay 4,Lonsdale Quay @ Bay 8,58725,Lonsdale Quay,84510,85050,in_service_layover,39.5469513172553,46.38852500350329,38.58647559043865,540,9.0,23:28:30,23:37:30,False,,no_dispenser,0
2161113,heavy,210.0,71.0,40-ft,BTC,3,SUN,14857684,14857680,230,230,58725,54516,Lonsdale Quay @ Bay 4,Lonsdale Quay @ Bay 8,58725,Lonsdale Quay,88110,88350,in_service_layover,40.21885932792291,43.25182640673017,17.10593432447294,240,4.0,24:28:30,24:32:30,False,,no_dispenser,0
2160434,heavy,151.0,58.0,40-ft,PCT,3,SUN,14842708,14842725,101,101,58430,58438,Lougheed Station @ Bay 6,Lougheed Station @ Bay 4,58430,Lougheed Station,37110,37710,in_service_layover,67.73157799351324,73.97057528953978,35.18794474958969,600,10.0,10:18:30,10:28:30,False,,no_dispenser,0
2160554,heavy,151.0,57.0,40-ft,PCT,3,SUN,14844845,14844906,110,110,58430,58437,Lougheed Station @ Bay 6,Lougheed Station @ Bay 3,58430,Lougheed Station,37110,38010,in_service_layover,64.16713585307811,73.61834152510588,53.30479999023669,900,15.0,10:18:30,10:33:30,False,,no_dispenser,0
2160853,heavy,152.0,61.0,40-ft,PCT,3,SUN,14850351,14850333,152,152,58430,58436,Lougheed Station @ Bay 6,Lougheed Station @ Bay 2,58430,Lougheed Station,37770,38610,in_service_layover,66.69863078000708,75.14589525698835,47.64257165017432,840,14.0,10:29:30,10:43:30,False,,no_dispenser,0
2160435,heavy,151.0,63.0,40-ft,PCT,3,SUN,14842707,14842723,101,101,58430,58438,Lougheed Station @ Bay 6,Lougheed Station @ Bay 4,58430,Lougheed Station,38910,39510,in_service_layover,67.73157799351324,73.97057528953978,35.18794474958969,600,10.0,10:48:30,10:58:30,False,,no_dispenser,0
2160555,heavy,151.0,62.0,40-ft,PCT,3,SUN,14844860,14844903,110,110,58430,58437,Lougheed Station @ Bay 6,Lougheed Station @ Bay 3,58430,Lougheed Station,38910,39810,in_service_layover,64.16713585307811,73.61834152510588,53.30479999023669,900,15.0,10:48:30,11:03:30,False,,no_dispenser,0
2160852,heavy,152.0,53.0,40-ft,PCT,3,SUN,14850353,14850334,152,152,58430,58436,Lougheed Station @ Bay 6,Lougheed Station @ Bay 2,58430,Lougheed Station,39570,40410,in_service_layover,69.76119655972059,77.5883007498694,44.14486763243934,840,14.0,10:59:30,11:13:30,False,,no_dispenser,0
2160433,heavy,151.0,59.0,40-ft,PCT,3,SUN,14842706,14842722,101,101,58430,58438,Lougheed Station @ Bay 6,Lougheed Station @ Bay 4,58430,Lougheed Station,40710,41310,in_service_layover,67.59205039857616,73.85086085452612,35.29969097155771,600,10.0,11:18:30,11:28:30,False,,no_dispenser,0
2160553,heavy,151.0,60.0,40-ft,PCT,3,SUN,14844847,14844904,110,110,58430,58437,Lougheed Station @ Bay 6,Lougheed Station @ Bay 3,58430,Lougheed Station,40770,41610,in_service_layover,66.1934396487126,74.74078457564592,48.20702538790391,840,14.0,11:19:30,11:33:30,False,,no_dispenser,0
2160848,heavy,152.0,56.0,40-ft,PCT,3,SUN,14850354,14850335,152,152,58430,58436,Lougheed Station @ Bay 6,Lougheed Station @ Bay 2,58430,Lougheed Station,41490,42210,in_service_layover,65.99681132015506,73.56629579049326,42.69189241270749,720,12.0,11:31:30,11:43:30,False,,no_dispenser,0
2160434,heavy,151.0,58.0,40-ft,PCT,3,SUN,14842705,14842753,101,101,58430,58438,Lougheed Station @ Bay 6,Lougheed Station @ Bay 4,58430,Lougheed Station,42570,43110,in_service_layover,68.05114053896277,73.70455677007031,31.88526754344656,540,9.0,11:49:30,11:58:30,False,,no_dispenser,0
2160556,heavy,151.0,65.0,40-ft,PCT,3,SUN,14844848,14844885,110,110,58430,58437,Lougheed Station @ Bay 6,Lougheed Station @ Bay 3,58430,Lougheed Station,42630,43410,in_service_layover,65.00494371146353,73.27114366228804,46.62136772265029,780,13.0,11:50:30,12:03:30,False,,no_dispenser,0
2160851,heavy,152.0,60.0,40-ft,PCT,3,SUN,14850355,14850336,152,152,58430,58436,Lougheed Station @ Bay 6,Lougheed Station @ Bay 2,58430,Lougheed Station,43290,44010,in_service_layover,65.99681132015506,73.56629579049326,42.69189241270749,720,12.0,12:01:30,12:13:30,False,,no_dispenser,0
2160435,heavy,151.0,63.0,40-ft,PCT,3,SUN,14842704,14842752,101,101,58430,58438,Lougheed Station @ Bay 6,Lougheed Station @ Bay 4,58430,Lougheed Station,44430,44910,in_service_layover,68.62781183997491,73.6576662879016,28.368379086306504,480,8.0,12:20:30,12:28:30,False,,no_dispenser,0
2160554,heavy,151.0,57.0,40-ft,PCT,3,SUN,14844849,14844886,110,110,58430,58437,Lougheed Station @ Bay 6,Lougheed Station @ Bay 3,58430,Lougheed Station,44490,45210,in_service_layover,64.80239673597336,72.57012605602188,43.80999336507358,720,12.0,12:21:30,12:33:30,False,,no_dispenser,0
2160433,heavy,151.0,59.0,40-ft,PCT,3,SUN,14842703,14842751,101,101,58430,58438,Lougheed Station @ Bay 6,Lougheed Station @ Bay 4,58430,Lougheed Station,46170,46710,in_service_layover,68.52021709270751,74.11323598178987,31.54462653442448,540,9.0,12:49:30,12:58:30,False,,no_dispenser,0
2160555,heavy,151.0,62.0,40-ft,PCT,3,SUN,14844851,14844905,110,110,58430,58437,Lougheed Station @ Bay 6,Lougheed Station @ Bay 3,58430,Lougheed Station,46350,47010,in_service_layover,64.80239673597336,72.01756066937322,40.69352458437521,660,11.0,12:52:30,13:03:30,False,,no_dispenser,0
2160849,heavy,152.0,51.0,40-ft,PCT,3,SUN,14850357,14850338,152,152,58430,58436,Lougheed Station @ Bay 6,Lougheed Station @ Bay 2,58430,Lougheed Station,46890,47610,in_service_layover,69.24055614980891,76.25393017775193,39.55542951759861,720,12.0,13:01:30,13:13:30,False,,no_dispenser,0
2160434,heavy,151.0,58.0,40-ft,PCT,3,SUN,14842702,14842750,101,101,58430,58438,Lougheed Station @ Bay 6,Lougheed Station @ Bay 4,58430,Lougheed Station,47970,48510,in_service_layover,67.80807473507369,73.49257371640789,32.060574254724884,540,9.0,13:19:30,13:28:30,False,,no_dispenser,0
2160553,heavy,151.0,60.0,40-ft,PCT,3,SUN,14844850,14844876,110,110,58430,58437,Lougheed Station @ Bay 6,Lougheed Station @ Bay 3,58430,Lougheed Station,48150,48810,in_service_layover,65.81836973475092,72.88014203251555,39.82839575939249,660,11.0,13:22:30,13:33:30,False,,no_dispenser,0
2160853,heavy,152.0,61.0,40-ft,PCT,3,SUN,14850358,14850310,152,152,58430,58436,Lougheed Station @ Bay 6,Lougheed Station @ Bay 2,58430,Lougheed Station,48690,49410,in_service_layover,65.43388240106977,73.09723817826045,43.22132658335545,720,12.0,13:31:30,13:43:30,False,,no_dispenser,0
2160435,heavy,151.0,63.0,40-ft,PCT,3,SUN,14842701,14842749,101,101,58430,58438,Lougheed Station @ Bay 6,Lougheed Station @ Bay 4,58430,Lougheed Station,49770,50310,in_service_layover,66.54943062661233,72.39255802244617,32.955238512502774,540,9.0,13:49:30,13:58:30,False,,no_dispenser,0
2160556,heavy,151.0,65.0,40-ft,PCT,3,SUN,14844864,14844891,110,110,58430,58437,Lougheed Station @ Bay 6,Lougheed Station @ Bay 3,58430,Lougheed Station,49950,50610,in_service_layover,63.85822819596311,71.21366487641703,41.484662877760115,660,11.0,13:52:30,14:03:30,False,,no_dispenser,0
2160852,heavy,152.0,53.0,40-ft,PCT,3,SUN,14850359,14850311,152,152,58430,58436,Lougheed Station @ Bay 6,Lougheed Station @ Bay 2,58430,Lougheed Station,50490,51210,in_service_layover,66.46572570193989,73.95642175499792,42.247525739247294,720,12.0,14:01:30,14:13:30,False,,no_dispenser,0
2160433,heavy,151.0,59.0,40-ft,PCT,3,SUN,14842700,14842724,101,101,58430,58438,Lougheed Station @ Bay 6,Lougheed Station @ Bay 4,58430,Lougheed Station,51570,52110,in_service_layover,66.97910106863307,72.7685152185671,32.652295805628,540,9.0,14:19:30,14:28:30,False,,no_dispenser,0
2160554,heavy,151.0,57.0,40-ft,PCT,3,SUN,14844868,14844893,110,110,58430,58437,Lougheed Station @ Bay 6,Lougheed Station @ Bay 3,58430,Lougheed Station,51810,52410,in_service_layover,63.21117500579961,70.06766876256815,38.67062478817451,600,10.0,14:23:30,14:33:30,False,,no_dispenser,0
2160848,heavy,152.0,56.0,40-ft,PCT,3,SUN,14850360,14850312,152,152,58430,58436,Lougheed Station @ Bay 6,Lougheed Station @ Bay 2,58430,Lougheed Station,52410,53010,in_service_layover,68.62231941234305,74.73370533915552,34.46821662722232,600,10.0,14:33:30,14:43:30,False,,no_dispenser,0
2160434,heavy,151.0,58.0,40-ft,PCT,3,SUN,14842692,14842748,101,101,58430,58438,Lougheed Station @ Bay 6,Lougheed Station @ Bay 4,58430,Lougheed Station,53370,53910,in_service_layover,66.39359748940325,72.25609330637887,33.06447640774246,540,9.0,14:49:30,14:58:30,False,,no_dispenser,0
2160555,heavy,151.0,62.0,40-ft,PCT,3,SUN,14844852,14844894,110,110,58430,58437,Lougheed Station @ Bay 6,Lougheed Station @ Bay 3,58430,Lougheed Station,53610,54210,in_service_layover,62.03476459836447,69.04370738663745,39.53043732585968,600,10.0,14:53:30,15:03:30,False,,no_dispenser,0
2160893,heavy,152.0,63.0,40-ft,PCT,3,SUN,14850985,14850960,156,156,58430,58433,Lougheed Station @ Bay 6,Lougheed Station @ Bay 9,58430,Lougheed Station,53850,54750,in_service_layover,69.63926427847807,77.91940883580746,46.70001530333775,900,15.0,14:57:30,15:12:30,False,,no_dispenser,0
2160851,heavy,152.0,60.0,40-ft,PCT,3,SUN,14850361,14850313,152,152,58430,58436,Lougheed Station @ Bay 6,Lougheed Station @ Bay 2,58430,Lougheed Station,54210,54810,in_service_layover,68.62231941234305,74.73370533915552,34.46821662722232,600,10.0,15:03:30,15:13:30,False,,no_dispenser,0
2160435,heavy,151.0,63.0,40-ft,PCT,3,SUN,14842691,14842747,101,101,58430,58438,Lougheed Station @ Bay 6,Lougheed Station @ Bay 4,58430,Lougheed Station,55170,55710,in_service_layover,65.98901226977307,71.90151522712333,33.34651667945542,540,9.0,15:19:30,15:28:30,False,,no_dispenser,0
2160553,heavy,151.0,60.0,40-ft,PCT,3,SUN,14844853,14844895,110,110,58430,58437,Lougheed Station @ Bay 6,Lougheed Station @ Bay 3,58430,Lougheed Station,55350,56010,in_service_layover,62.84469137377944,70.34826432127647,42.32015142388332,660,11.0,15:22:30,15:33:30,False,,no_dispenser,0
2164984,heavy,152.0,64.0,40-ft,PCT,3,SUN,14905026,14905021,156,156,58430,58433,Lougheed Station @ Bay 6,Lougheed Station @ Bay 9,58430,Lougheed Station,55350,56550,in_service_layover,65.48992376953494,76.85176383277269,64.08077795666088,1200,20.0,15:22:30,15:42:30,False,,no_dispenser,0
2160850,heavy,152.0,59.0,40-ft,PCT,3,SUN,14850362,14850314,152,152,58430,58436,Lougheed Station @ Bay 6,Lougheed Station @ Bay 2,58430,Lougheed Station,56010,56610,in_service_layover,66.19952450572023,72.65344166274019,36.4000927655926,600,10.0,15:33:30,15:43:30,False,,no_dispenser,0
2160433,heavy,151.0,59.0,40-ft,PCT,3,SUN,14842721,14842746,101,101,58430,58438,Lougheed Station @ Bay 6,Lougheed Station @ Bay 4,58430,Lougheed Station,57030,57510,in_service_layover,67.54584506060164,72.69849446340172,29.060942631792443,480,8.0,15:50:30,15:58:30,False,,no_dispenser,0
2160556,heavy,151.0,65.0,40-ft,PCT,3,SUN,14844854,14844896,110,110,58430,58437,Lougheed Station @ Bay 6,Lougheed Station @ Bay 3,58430,Lougheed Station,57210,57810,in_service_layover,61.27853745887008,68.38367776292054,40.072991314844614,600,10.0,15:53:30,16:03:30,False,,no_dispenser,0
2160892,heavy,152.0,62.0,40-ft,PCT,3,SUN,14850986,14850961,156,156,58430,58433,Lougheed Station @ Bay 6,Lougheed Station @ Bay 9,58430,Lougheed Station,57390,58350,in_service_layover,69.50926655585235,78.23173776728612,49.194737632486465,960,16.0,15:56:30,16:12:30,False,,no_dispenser,0
2160434,heavy,151.0,58.0,40-ft,PCT,3,SUN,14842720,14842745,101,101,58430,58438,Lougheed Station @ Bay 6,Lougheed Station @ Bay 4,58430,Lougheed Station,58830,59310,in_service_layover,68.23435149679422,73.30919411812057,28.622112384280626,480,8.0,16:20:30,16:28:30,False,,no_dispenser,0
2160554,heavy,151.0,57.0,40-ft,PCT,3,SUN,14844857,14844897,110,110,58430,58437,Lougheed Station @ Bay 6,Lougheed Station @ Bay 3,58430,Lougheed Station,59070,59610,in_service_layover,60.89167687398199,67.39967644360466,36.705117572671895,540,9.0,16:24:30,16:33:30,False,,no_dispenser,0
2160853,heavy,152.0,61.0,40-ft,PCT,3,SUN,14850364,14850316,152,152,58430,58436,Lougheed Station @ Bay 6,Lougheed Station @ Bay 2,58430,Lougheed Station,59610,60210,in_service_layover,68.2845516683106,74.4445572554422,34.74243151142218,600,10.0,16:33:30,16:43:30,False,,no_dispenser,0
2160435,heavy,151.0,63.0,40-ft,PCT,3,SUN,14842719,14842744,101,101,58430,58438,Lougheed Station @ Bay 6,Lougheed Station @ Bay 4,58430,Lougheed Station,60630,61110,in_service_layover,67.35276723517775,72.52702630906612,29.182821176730386,480,8.0,16:50:30,16:58:30,False,,no_dispenser,0
2160555,heavy,151.0,62.0,40-ft,PCT,3,SUN,14844865,14844898,110,110,58430,58437,Lougheed Station @ Bay 6,Lougheed Station @ Bay 3,58430,Lougheed Station,60870,61410,in_service_layover,59.2368280476827,65.932985123877,37.76632590973588,540,9.0,16:54:30,17:03:30,False,,no_dispenser,0
2160893,heavy,152.0,63.0,40-ft,PCT,3,SUN,14850976,14850962,156,156,58430,58433,Lougheed Station @ Bay 6,Lougheed Station @ Bay 9,58430,Lougheed Station,60990,61950,in_service_layover,66.98445601820376,76.29135265335175,52.49089702223466,960,16.0,16:56:30,17:12:30,False,,no_dispenser,0
2160852,heavy,152.0,53.0,40-ft,PCT,3,SUN,14850365,14850317,152,152,58430,58436,Lougheed Station @ Bay 6,Lougheed Station @ Bay 2,58430,Lougheed Station,61410,62010,in_service_layover,68.90260820859716,74.97343436094485,34.239459499241036,600,10.0,17:03:30,17:13:30,False,,no_dispenser,0
2160433,heavy,151.0,59.0,40-ft,PCT,3,SUN,14842718,14842743,101,101,58430,58438,Lougheed Station @ Bay 6,Lougheed Station @ Bay 4,58430,Lougheed Station,62430,62910,in_service_layover,68.62045253661742,73.6511519619958,28.373144759133993,480,8.0,17:20:30,17:28:30,False,,no_dispenser,0
2164984,heavy,152.0,64.0,40-ft,PCT,3,SUN,14905028,14905023,156,156,58430,58433,Lougheed Station @ Bay 6,Lougheed Station @ Bay 9,58430,Lougheed Station,62550,63750,in_service_layover,65.91681101516899,77.16149187297086,63.42000003800251,1200,20.0,17:22:30,17:42:30,False,,no_dispenser,0
2160553,heavy,151.0,60.0,40-ft,PCT,3,SUN,14844875,14844899,110,110,58430,58437,Lougheed Station @ Bay 6,Lougheed Station @ Bay 3,58430,Lougheed Station,62670,63210,in_service_layover,60.46428350864329,67.0193057687656,36.97032554708983,540,9.0,17:24:30,17:33:30,False,,no_dispenser,0
2160848,heavy,152.0,56.0,40-ft,PCT,3,SUN,14850366,14850318,152,152,58430,58436,Lougheed Station @ Bay 6,Lougheed Station @ Bay 2,58430,Lougheed Station,63210,63810,in_service_layover,68.63351003372594,74.74327988974488,34.45910198794684,600,10.0,17:33:30,17:43:30,False,,no_dispenser,0
2160434,heavy,151.0,58.0,40-ft,PCT,3,SUN,14842717,14842742,101,101,58430,58438,Lougheed Station @ Bay 6,Lougheed Station @ Bay 4,58430,Lougheed Station,64170,64710,in_service_layover,69.15264275640006,74.66337447121352,31.080526871547875,540,9.0,17:49:30,17:58:30,False,,no_dispenser,0
2160556,heavy,151.0,65.0,40-ft,PCT,3,SUN,14844866,14844900,110,110,58430,58437,Lougheed Station @ Bay 6,Lougheed Station @ Bay 3,58430,Lougheed Station,64470,65010,in_service_layover,60.707056693822615,67.23542371316151,36.819989989071416,540,9.0,17:54:30,18:03:30,False,,no_dispenser,0
2160892,heavy,152.0,62.0,40-ft,PCT,3,SUN,14850987,14850963,156,156,58430,58433,Lougheed Station @ Bay 6,Lougheed Station @ Bay 9,58430,Lougheed Station,64590,65550,in_service_layover,67.29678494968242,76.53204617434673,52.08687330710677,960,16.0,17:56:30,18:12:30,False,,no_dispenser,0
2160435,heavy,151.0,63.0,40-ft,PCT,3,SUN,14842716,14842741,101,101,58430,58438,Lougheed Station @ Bay 6,Lougheed Station @ Bay 4,58430,Lougheed Station,65910,66510,in_service_layover,69.01567155404213,75.07008166449316,34.146873022943794,600,10.0,18:18:30,18:28:30,False,,no_dispenser,0
2160554,heavy,151.0,57.0,40-ft,PCT,3,SUN,14844846,14844908,110,110,58430,58437,Lougheed Station @ Bay 6,Lougheed Station @ Bay 3,58430,Lougheed Station,66210,66810,in_service_layover,59.81974088340489,67.10984841792097,41.11620649467068,600,10.0,18:23:30,18:33:30,False,,no_dispenser,0
2160850,heavy,152.0,59.0,40-ft,PCT,3,SUN,14850368,14850320,152,152,58430,58436,Lougheed Station @ Bay 6,Lougheed Station @ Bay 2,58430,Lougheed Station,66690,67410,in_service_layover,69.05549026786468,76.10129040805391,39.73831279066724,720,12.0,18:31:30,18:43:30,False,,no_dispenser,0
2160433,heavy,151.0,59.0,40-ft,PCT,3,SUN,14842715,14842740,101,101,58430,58438,Lougheed Station @ Bay 6,Lougheed Station @ Bay 4,58430,Lougheed Station,67710,68310,in_service_layover,69.97843916722324,75.89178875324384,33.35129166515617,600,10.0,18:48:30,18:58:30,False,,no_dispenser,0
2160555,heavy,151.0,62.0,40-ft,PCT,3,SUN,14844858,14844878,110,110,58430,58437,Lougheed Station @ Bay 6,Lougheed Station @ Bay 3,58430,Lougheed Station,67890,68610,in_service_layover,59.19164595482522,67.85829856360492,48.87992071351755,720,12.0,18:51:30,19:03:30,False,,no_dispenser,0
2160893,heavy,152.0,63.0,40-ft,PCT,3,SUN,14850988,14850964,156,156,58430,58433,Lougheed Station @ Bay 6,Lougheed Station @ Bay 9,58430,Lougheed Station,68130,69150,in_service_layover,65.35639983574805,75.48855262977115,57.14534175829033,1020,17.0,18:55:30,19:12:30,False,,no_dispenser,0
2160849,heavy,152.0,51.0,40-ft,PCT,3,SUN,14850340,14850321,152,152,58430,58436,Lougheed Station @ Bay 6,Lougheed Station @ Bay 2,58430,Lougheed Station,68430,69210,in_service_layover,66.16840507032992,74.22377227416132,45.43227102960907,780,13.0,19:00:30,19:13:30,False,,no_dispenser,0
2160553,heavy,151.0,60.0,40-ft,PCT,3,SUN,14844859,14844879,110,110,58430,58437,Lougheed Station @ Bay 6,Lougheed Station @ Bay 3,58430,Lougheed Station,69690,70410,in_service_layover,59.4784411507362,68.09785880247655,48.613515555815525,720,12.0,19:21:30,19:33:30,False,,no_dispenser,0
2160853,heavy,152.0,61.0,40-ft,PCT,3,SUN,14850352,14850322,152,152,58430,58436,Lougheed Station @ Bay 6,Lougheed Station @ Bay 2,58430,Lougheed Station,70230,71010,in_service_layover,69.96649104200485,77.31039467012535,41.41961646259966,780,13.0,19:30:30,19:43:30,False,,no_dispenser,0
2160435,heavy,151.0,63.0,40-ft,PCT,3,SUN,14842693,14842735,101,101,58430,58438,Lougheed Station @ Bay 6,Lougheed Station @ Bay 4,58430,Lougheed Station,71310,71910,in_service_layover,65.31912299688119,71.89392818082354,37.081901237434806,600,10.0,19:48:30,19:58:30,False,,no_dispenser,0
2160556,heavy,151.0,65.0,40-ft,PCT,3,SUN,14844863,14844902,110,110,58430,58437,Lougheed Station @ Bay 6,Lougheed Station @ Bay 3,58430,Lougheed Station,71490,72210,in_service_layover,61.670566739786615,69.94142276079401,46.647627958481735,720,12.0,19:51:30,20:03:30,False,,no_dispenser,0
2160892,heavy,152.0,62.0,40-ft,PCT,3,SUN,14850973,14850965,156,156,58430,58433,Lougheed Station @ Bay 6,Lougheed Station @ Bay 9,58430,Lougheed Station,71610,72750,in_service_layover,65.59709335674304,76.5231132128534,61.622751988462426,1140,19.0,19:53:30,20:12:30,False,,no_dispenser,0
2160433,heavy,151.0,59.0,40-ft,PCT,3,SUN,14842699,14842737,101,101,58430,58438,Lougheed Station @ Bay 6,Lougheed Station @ Bay 4,58430,Lougheed Station,73050,73410,in_service_layover,66.14083008563188,70.22348220959066,23.02615797912756,360,6.0,20:17:30,20:23:30,False,,no_dispenser,0
2160554,heavy,151.0,57.0,40-ft,PCT,3,SUN,14844862,14844901,110,110,58430,58437,Lougheed Station @ Bay 6,Lougheed Station @ Bay 3,58430,Lougheed Station,73290,74010,in_service_layover,61.56395049828556,69.85150827358706,46.741825852700515,720,12.0,20:21:30,20:33:30,False,,no_dispenser,0
2160434,heavy,151.0,58.0,40-ft,PCT,3,SUN,14842698,14842736,101,101,58430,58438,Lougheed Station @ Bay 6,Lougheed Station @ Bay 4,58430,Lougheed Station,75030,75330,in_service_layover,69.66877202822772,72.86982102540533,18.0539163440817,300,5.0,20:50:30,20:55:30,False,,no_dispenser,0
2160555,heavy,151.0,62.0,40-ft,PCT,3,SUN,14844843,14844889,110,110,58430,58437,Lougheed Station @ Bay 6,Lougheed Station @ Bay 3,58430,Lougheed Station,75030,75810,in_service_layover,62.82022171190545,71.47331310787993,48.80343547329613,780,13.0,20:50:30,21:03:30,False,,no_dispenser,0
2160893,heavy,152.0,63.0,40-ft,PCT,3,SUN,14850970,14850966,156,156,58430,58433,Lougheed Station @ Bay 6,Lougheed Station @ Bay 9,58430,Lougheed Station,75210,76350,in_service_layover,64.55359981216746,75.7594123412668,63.200782664120254,1140,19.0,20:53:30,21:12:30,False,,no_dispenser,0
2160435,heavy,151.0,63.0,40-ft,PCT,3,SUN,14842697,14842734,101,101,58430,58438,Lougheed Station @ Bay 6,Lougheed Station @ Bay 4,58430,Lougheed Station,76290,76650,in_service_layover,66.75639818659161,70.78986213440287,22.748736665655485,360,6.0,21:11:30,21:17:30,False,,no_dispenser,0
2160553,heavy,151.0,60.0,40-ft,PCT,3,SUN,14844867,14844907,110,110,58430,58437,Lougheed Station @ Bay 6,Lougheed Station @ Bay 3,58430,Lougheed Station,76710,77610,in_service_layover,64.2039493192314,73.64752487920609,53.261766158257274,900,15.0,21:18:30,21:33:30,False,,no_dispenser,0
2160850,heavy,152.0,59.0,40-ft,PCT,3,SUN,14850343,14850326,152,152,58430,58436,Lougheed Station @ Bay 6,Lougheed Station @ Bay 2,58430,Lougheed Station,77370,77610,in_service_layover,66.21188397629521,68.99493130567548,15.696386937704744,240,4.0,21:29:30,21:33:30,False,,no_dispenser,0
2160892,heavy,152.0,62.0,40-ft,PCT,3,SUN,14850975,14850969,156,156,58430,58433,Lougheed Station @ Bay 6,Lougheed Station @ Bay 9,58430,Lougheed Station,78630,79950,in_service_layover,65.5881603952497,77.7092007113986,68.36266738307978,1320,22.0,21:50:30,22:12:30,False,,no_dispenser,0
2160554,heavy,151.0,57.0,40-ft,PCT,3,SUN,14844870,14844880,110,110,58430,58437,Lougheed Station @ Bay 6,Lougheed Station @ Bay 3,58430,Lougheed Station,80190,81210,in_service_layover,65.63235556701775,75.698254696721,56.77167109152629,1020,17.0,22:16:30,22:33:30,False,,no_dispenser,0
2160853,heavy,152.0,61.0,40-ft,PCT,3,SUN,14850345,14850325,152,152,58430,58436,Lougheed Station @ Bay 6,Lougheed Station @ Bay 2,58430,Lougheed Station,80790,81210,in_service_layover,68.50174374375246,72.97722678690641,25.241724363388244,420,7.0,22:26:30,22:33:30,False,,no_dispenser,0
2160437,heavy,152.0,52.0,40-ft,PCT,3,SUN,14850971,14850967,156,156,58430,58433,Lougheed Station @ Bay 6,Lougheed Station @ Bay 9,58430,Lougheed Station,82230,83550,in_service_layover,66.30401032185186,78.2186687896326,67.19867375828346,1320,22.0,22:50:30,23:12:30,False,,no_dispenser,0
2160553,heavy,151.0,60.0,40-ft,PCT,3,SUN,14844874,14844881,110,110,58430,58437,Lougheed Station @ Bay 6,Lougheed Station @ Bay 3,58430,Lougheed Station,83670,85110,in_service_layover,69.64441117421363,81.31794910447286,65.8387539266621,1440,24.0,23:14:30,23:38:30,False,,no_dispenser,0
2160848,heavy,152.0,56.0,40-ft,PCT,3,SUN,14850369,14850339,152,152,58430,58436,Lougheed Station @ Bay 6,Lougheed Station @ Bay 2,58430,Lougheed Station,84210,84510,in_service_layover,66.29501629612548,69.72854173858292,19.365083495459885,300,5.0,23:23:30,23:28:30,False,,no_dispenser,0
2160658,heavy,151.0,53.0,40-ft,PCT,3,SUN,14842694,14842731,101,101,58430,58438,Lougheed Station @ Bay 6,Lougheed Station @ Bay 4,58430,Lougheed Station,87510,87750,in_service_layover,61.84354627935116,64.83439515503196,16.86838765883971,240,4.0,24:18:30,24:22:30,False,,no_dispenser,0
2160852,heavy,152.0,53.0,40-ft,PCT,3,SUN,14850344,14850327,152,152,58430,58436,Lougheed Station @ Bay 6,Lougheed Station @ Bay 2,58430,Lougheed Station,87870,88110,in_service_layover,67.90931291629146,70.60432606664301,15.199874167982784,240,4.0,24:24:30,24:28:30,False,,no_dispenser,0
2160893,heavy,152.0,63.0,40-ft,PCT,3,SUN,14850972,14850968,156,156,58430,58433,Lougheed Station @ Bay 6,Lougheed Station @ Bay 9,58430,Lougheed Station,87930,88230,in_service_layover,68.64583458912662,71.92033233415097,18.468167281937326,300,5.0,24:25:30,24:30:30,False,,no_dispenser,0
2160553,heavy,151.0,60.0,40-ft,PCT,3,SUN,14844855,14844888,110,110,58430,58437,Lougheed Station @ Bay 6,Lougheed Station @ Bay 3,58430,Lougheed Station,91110,92010,in_service_layover,67.78075968533085,76.46690058570559,48.98983467811354,900,15.0,25:18:30,25:33:30,False,,no_dispenser,0
2159717,heavy,15.0,1.0,40-ft,VTC,3,SUN,14833329,14833267,015,015,61338,61337,Marine Drive Station @ Bay 2,Marine Drive Station @ Bay 1,61338,Marine Drive Station,24330,25350,in_service_layover,66.77906530065778,76.56764599724836,55.20759512877089,1020,17.0,06:45:30,07:02:30,False,,no_dispenser,0
2159716,heavy,15.0,2.0,40-ft,VTC,3,SUN,14833330,14833268,015,015,61338,61337,Marine Drive Station @ Bay 2,Marine Drive Station @ Bay 1,61338,Marine Drive Station,26190,26550,in_service_layover,66.77906530065778,70.810700506195,22.73842255922989,360,6.0,07:16:30,07:22:30,False,,no_dispenser,0
2159716,heavy,15.0,2.0,40-ft,VTC,3,SUN,14833335,14833274,015,015,61338,61337,Marine Drive Station @ Bay 2,Marine Drive Station @ Bay 1,61338,Marine Drive Station,32550,33630,in_service_layover,57.35154990630572,69.92467091070029,70.91240246478543,1080,18.0,09:02:30,09:20:30,False,,no_dispenser,0
2159724,heavy,15.0,4.0,40-ft,VTC,3,SUN,14833336,14833275,015,015,61338,61337,Marine Drive Station @ Bay 2,Marine Drive Station @ Bay 1,61338,Marine Drive Station,33750,34650,in_service_layover,66.77906530065778,75.68050329039414,50.20411026211303,900,15.0,09:22:30,09:37:30,False,,no_dispenser,0
2159718,heavy,15.0,3.0,40-ft,VTC,3,SUN,14833337,14833276,015,015,61338,61337,Marine Drive Station @ Bay 2,Marine Drive Station @ Bay 1,61338,Marine Drive Station,34950,35670,in_service_layover,48.90639718171228,58.27849249110566,52.8586175449787,720,12.0,09:42:30,09:54:30,False,,no_dispenser,0
2159720,heavy,15.0,5.0,40-ft,VTC,3,SUN,14833339,14833278,015,015,61338,61337,Marine Drive Station @ Bay 2,Marine Drive Station @ Bay 1,61338,Marine Drive Station,37350,37650,in_service_layover,62.36554778160156,66.03779673067947,20.711484072799465,300,5.0,10:22:30,10:27:30,False,,no_dispenser,0
2159717,heavy,15.0,1.0,40-ft,VTC,3,SUN,14833340,14833279,015,015,61338,61337,Marine Drive Station @ Bay 2,Marine Drive Station @ Bay 1,61338,Marine Drive Station,38370,38670,in_service_layover,49.64934479746981,53.512755002048436,21.789633553823478,300,5.0,10:39:30,10:44:30,False,,no_dispenser,0
2159716,heavy,15.0,2.0,40-ft,VTC,3,SUN,14833342,14833281,015,015,61338,61337,Marine Drive Station @ Bay 2,Marine Drive Station @ Bay 1,61338,Marine Drive Station,40530,40710,in_service_layover,56.465520310811016,58.83978774824832,13.390868347146409,180,3.0,11:15:30,11:18:30,False,,no_dispenser,0
2159724,heavy,15.0,4.0,40-ft,VTC,3,SUN,14833343,14833283,015,015,61338,61337,Marine Drive Station @ Bay 2,Marine Drive Station @ Bay 1,61338,Marine Drive Station,41730,42750,in_service_layover,62.22135269050486,73.09302278873115,61.316219353996246,1020,17.0,11:35:30,11:52:30,False,,no_dispenser,0
2159718,heavy,15.0,3.0,40-ft,VTC,3,SUN,14833344,14833284,015,015,61338,61337,Marine Drive Station @ Bay 2,Marine Drive Station @ Bay 1,61338,Marine Drive Station,42750,43770,in_service_layover,44.81934189121638,58.01153192805384,74.40395180776324,1020,17.0,11:52:30,12:09:30,False,,no_dispenser,0
2159723,heavy,15.0,7.0,40-ft,VTC,3,SUN,14833345,14833285,015,015,61338,61337,Marine Drive Station @ Bay 2,Marine Drive Station @ Bay 1,61338,Marine Drive Station,43710,44790,in_service_layover,66.77906530065778,76.98507332302871,57.561885246172096,1080,18.0,12:08:30,12:26:30,False,,no_dispenser,0
2159720,heavy,15.0,5.0,40-ft,VTC,3,SUN,14833346,14833286,015,015,61338,61337,Marine Drive Station @ Bay 2,Marine Drive Station @ Bay 1,61338,Marine Drive Station,44730,45750,in_service_layover,52.5786461307902,65.37158261757223,72.15216178545069,1020,17.0,12:25:30,12:42:30,False,,no_dispenser,0
2159717,heavy,15.0,1.0,40-ft,VTC,3,SUN,14833348,14833288,015,015,61338,61337,Marine Drive Station @ Bay 2,Marine Drive Station @ Bay 1,61338,Marine Drive Station,46590,47610,in_service_layover,40.05360440215915,53.13959427853775,73.8049829027753,1020,17.0,12:56:30,13:13:30,False,,no_dispenser,0
2159722,heavy,15.0,6.0,40-ft,VTC,3,SUN,14833349,14833289,015,015,61338,61337,Marine Drive Station @ Bay 2,Marine Drive Station @ Bay 1,61338,Marine Drive Station,47490,48510,in_service_layover,62.36554778160156,73.20373332650043,61.12736647322964,1020,17.0,13:11:30,13:28:30,False,,no_dispenser,0
2159716,heavy,15.0,2.0,40-ft,VTC,3,SUN,14833350,14833290,015,015,61338,61337,Marine Drive Station @ Bay 2,Marine Drive Station @ Bay 1,61338,Marine Drive Station,48390,49410,in_service_layover,45.38063714835904,58.5702071679749,74.38917491063341,1020,17.0,13:26:30,13:43:30,False,,no_dispenser,0
2159724,heavy,15.0,4.0,40-ft,VTC,3,SUN,14833352,14833292,015,015,61338,61337,Marine Drive Station @ Bay 2,Marine Drive Station @ Bay 1,61338,Marine Drive Station,50250,51270,in_service_layover,59.63387218884186,71.11017754619236,64.72636221545679,1020,17.0,13:57:30,14:14:30,False,,no_dispenser,0
2159718,heavy,15.0,3.0,40-ft,VTC,3,SUN,14833353,14833293,015,015,61338,61337,Marine Drive Station @ Bay 2,Marine Drive Station @ Bay 1,61338,Marine Drive Station,51150,52170,in_service_layover,44.55238132816456,57.74456552258256,74.40391885651752,1020,17.0,14:12:30,14:29:30,False,,no_dispenser,0
2159723,heavy,15.0,7.0,40-ft,VTC,3,SUN,14833355,14833295,015,015,61338,61337,Marine Drive Station @ Bay 2,Marine Drive Station @ Bay 1,61338,Marine Drive Station,52950,53970,in_service_layover,63.52592272313944,74.09280205583259,59.59719943638942,1020,17.0,14:42:30,14:59:30,False,,no_dispenser,0
2159720,heavy,15.0,5.0,40-ft,VTC,3,SUN,14833356,14833296,015,015,61338,61337,Marine Drive Station @ Bay 2,Marine Drive Station @ Bay 1,61338,Marine Drive Station,53850,54870,in_service_layover,51.91243201768295,64.77862193236817,72.56531111882458,1020,17.0,14:57:30,15:14:30,False,,no_dispenser,0
2159725,heavy,15.0,9.0,40-ft,VTC,3,SUN,14833357,14833297,015,015,61338,61337,Marine Drive Station @ Bay 2,Marine Drive Station @ Bay 1,61338,Marine Drive Station,54750,55770,in_service_layover,66.77906530065778,76.56764599724836,55.20759512877089,1020,17.0,15:12:30,15:29:30,False,,no_dispenser,0
2159717,heavy,15.0,1.0,40-ft,VTC,3,SUN,14833358,14833298,015,015,61338,61337,Marine Drive Station @ Bay 2,Marine Drive Station @ Bay 1,61338,Marine Drive Station,55710,56670,in_service_layover,39.68044367864847,51.963903726713546,69.27871467108702,960,16.0,15:28:30,15:44:30,False,,no_dispenser,0
2159722,heavy,15.0,6.0,40-ft,VTC,3,SUN,14833359,14833299,015,015,61338,61337,Marine Drive Station @ Bay 2,Marine Drive Station @ Bay 1,61338,Marine Drive Station,56610,57630,in_service_layover,59.74458272661115,71.19235192685849,64.56541828939498,1020,17.0,15:43:30,16:00:30,False,,no_dispenser,0
2159721,heavy,15.0,8.0,40-ft,VTC,3,SUN,14833361,14833300,015,015,61338,61337,Marine Drive Station @ Bay 2,Marine Drive Station @ Bay 1,61338,Marine Drive Station,58350,58590,in_service_layover,62.36554778160156,65.33171573519013,16.729187258239563,240,4.0,16:12:30,16:16:30,False,,no_dispenser,0
2159724,heavy,15.0,4.0,40-ft,VTC,3,SUN,14833362,14833301,015,015,61338,61337,Marine Drive Station @ Bay 2,Marine Drive Station @ Bay 1,61338,Marine Drive Station,59250,59550,in_service_layover,57.65102694630308,61.57925460048862,22.155203969606475,300,5.0,16:27:30,16:32:30,False,,no_dispenser,0
2159718,heavy,15.0,3.0,40-ft,VTC,3,SUN,14833363,14833302,015,015,61338,61337,Marine Drive Station @ Bay 2,Marine Drive Station @ Bay 1,61338,Marine Drive Station,60150,60450,in_service_layover,44.28541492269328,48.09693680261202,21.496983402741705,300,5.0,16:42:30,16:47:30,False,,no_dispenser,0
2159719,heavy,15.0,10.0,40-ft,VTC,3,SUN,14833364,14833303,015,015,61338,61337,Marine Drive Station @ Bay 2,Marine Drive Station @ Bay 1,61338,Marine Drive Station,61050,61350,in_service_layover,66.77906530065778,70.18095843989033,19.186677305271644,300,5.0,16:57:30,17:02:30,False,,no_dispenser,0
2159723,heavy,15.0,7.0,40-ft,VTC,3,SUN,14833365,14833304,015,015,61338,61337,Marine Drive Station @ Bay 2,Marine Drive Station @ Bay 1,61338,Marine Drive Station,61950,62250,in_service_layover,60.633651455943316,64.40825834388994,21.28878284801891,300,5.0,17:12:30,17:17:30,False,,no_dispenser,0
2159720,heavy,15.0,5.0,40-ft,VTC,3,SUN,14833366,14833305,015,015,61338,61337,Marine Drive Station @ Bay 2,Marine Drive Station @ Bay 1,61338,Marine Drive Station,62850,63150,in_service_layover,51.319471332478884,55.20986290397612,21.941808463244456,300,5.0,17:27:30,17:32:30,False,,no_dispenser,0
2159725,heavy,15.0,9.0,40-ft,VTC,3,SUN,14833367,14833306,015,015,61338,61337,Marine Drive Station @ Bay 2,Marine Drive Station @ Bay 1,61338,Marine Drive Station,63750,64050,in_service_layover,63.108495397359086,66.73683491288159,20.46383486754695,300,5.0,17:42:30,17:47:30,False,,no_dispenser,0
2159717,heavy,15.0,1.0,40-ft,VTC,3,SUN,14833368,14833307,015,015,61338,61337,Marine Drive Station @ Bay 2,Marine Drive Station @ Bay 1,61338,Marine Drive Station,64650,65250,in_service_layover,38.50475312682427,46.10251216329135,42.85136096567436,600,10.0,17:57:30,18:07:30,False,,no_dispenser,0
2159722,heavy,15.0,6.0,40-ft,VTC,3,SUN,14833369,14833308,015,015,61338,61337,Marine Drive Station @ Bay 2,Marine Drive Station @ Bay 1,61338,Marine Drive Station,65550,66450,in_service_layover,57.73320132696921,68.4959829511552,60.70208836040899,900,15.0,18:12:30,18:27:30,False,,no_dispenser,0
2159721,heavy,15.0,8.0,40-ft,VTC,3,SUN,14833370,14833309,015,015,61338,61337,Marine Drive Station @ Bay 2,Marine Drive Station @ Bay 1,61338,Marine Drive Station,66450,67770,in_service_layover,51.87256513530085,67.85076148955025,90.11702743796656,1320,22.0,18:27:30,18:49:30,False,,no_dispenser,0
2159719,heavy,15.0,10.0,40-ft,VTC,3,SUN,14833372,14833310,015,015,61338,61337,Marine Drive Station @ Bay 2,Marine Drive Station @ Bay 1,61338,Marine Drive Station,68790,69030,in_service_layover,56.72180784000106,59.891646410260044,17.877889536260682,240,4.0,19:06:30,19:10:30,False,,no_dispenser,0
2159723,heavy,15.0,7.0,40-ft,VTC,3,SUN,14833373,14833311,015,015,61338,61337,Marine Drive Station @ Bay 2,Marine Drive Station @ Bay 1,61338,Marine Drive Station,69990,70230,in_service_layover,50.949107744000656,54.049939662919165,17.488692022700377,240,4.0,19:26:30,19:30:30,False,,no_dispenser,0
2159725,heavy,15.0,9.0,40-ft,VTC,3,SUN,14833374,14833312,015,015,61338,61337,Marine Drive Station @ Bay 2,Marine Drive Station @ Bay 1,61338,Marine Drive Station,71190,71430,in_service_layover,53.277684312992314,56.40871306363705,17.659002153636322,240,4.0,19:46:30,19:50:30,False,,no_dispenser,0
2159717,heavy,15.0,1.0,40-ft,VTC,3,SUN,14833375,14833313,015,015,61338,61337,Marine Drive Station @ Bay 2,Marine Drive Station @ Bay 1,61338,Marine Drive Station,72330,72750,in_service_layover,32.643361563402074,37.91547441051785,29.734716457732986,420,7.0,20:05:30,20:12:30,False,,no_dispenser,0
2159722,heavy,15.0,6.0,40-ft,VTC,3,SUN,14833376,14833314,015,015,61338,61337,Marine Drive Station @ Bay 2,Marine Drive Station @ Bay 1,61338,Marine Drive Station,73530,74250,in_service_layover,55.03683235126592,64.20676935012798,51.718444673581985,720,12.0,20:25:30,20:37:30,False,,no_dispenser,0
2159721,heavy,15.0,8.0,40-ft,VTC,3,SUN,14833377,14833315,015,015,61338,61337,Marine Drive Station @ Bay 2,Marine Drive Station @ Bay 1,61338,Marine Drive Station,74730,75450,in_service_layover,54.39161088966097,63.61183641094518,52.00207194004298,720,12.0,20:45:30,20:57:30,False,,no_dispenser,0
2159719,heavy,15.0,10.0,40-ft,VTC,3,SUN,14833378,14833316,015,015,61338,61337,Marine Drive Station @ Bay 2,Marine Drive Station @ Bay 1,61338,Marine Drive Station,75810,76650,in_service_layover,46.432495810370774,57.32752442676623,61.44796139647042,840,14.0,21:03:30,21:17:30,False,,no_dispenser,0
2159723,heavy,15.0,7.0,40-ft,VTC,3,SUN,14833379,14833317,015,015,61338,61337,Marine Drive Station @ Bay 2,Marine Drive Station @ Bay 1,61338,Marine Drive Station,77010,78150,in_service_layover,40.59078906302988,55.27999085747732,82.8470981206836,1140,19.0,21:23:30,21:42:30,False,,no_dispenser,0
2159725,heavy,15.0,9.0,40-ft,VTC,3,SUN,14833380,14833318,015,015,61338,61337,Marine Drive Station @ Bay 2,Marine Drive Station @ Bay 1,61338,Marine Drive Station,78210,79470,in_service_layover,42.94956246374777,59.13708477913353,91.29762585877569,1260,21.0,21:43:30,22:04:30,False,,no_dispenser,0
2159717,heavy,15.0,1.0,40-ft,VTC,3,SUN,14833381,14833319,015,015,61338,61337,Marine Drive Station @ Bay 2,Marine Drive Station @ Bay 1,61338,Marine Drive Station,79410,80310,in_service_layover,24.320365173081342,35.56946504388571,63.44492327133659,900,15.0,22:03:30,22:18:30,False,,no_dispenser,0
2159722,heavy,15.0,6.0,40-ft,VTC,3,SUN,14833382,14833320,015,015,61338,61337,Marine Drive Station @ Bay 2,Marine Drive Station @ Bay 1,61338,Marine Drive Station,80550,81690,in_service_layover,51.12924402016742,65.3922116151615,80.44313723576664,1140,19.0,22:22:30,22:41:30,False,,no_dispenser,0
2159719,heavy,15.0,10.0,40-ft,VTC,3,SUN,14833384,14833321,015,015,61338,61337,Marine Drive Station @ Bay 2,Marine Drive Station @ Bay 1,61338,Marine Drive Station,82950,83250,in_service_layover,44.249999096805674,48.061345634692735,21.495994473683027,300,5.0,23:02:30,23:07:30,False,,no_dispenser,0
2159723,heavy,15.0,7.0,40-ft,VTC,3,SUN,14833385,14833322,015,015,61338,61337,Marine Drive Station @ Bay 2,Marine Drive Station @ Bay 1,61338,Marine Drive Station,84150,85050,in_service_layover,42.20246552751677,53.769371426457745,65.2373492700271,900,15.0,23:22:30,23:37:30,False,,no_dispenser,0
2159725,heavy,15.0,9.0,40-ft,VTC,3,SUN,14833386,14833323,015,015,61338,61337,Marine Drive Station @ Bay 2,Marine Drive Station @ Bay 1,61338,Marine Drive Station,85950,86910,in_service_layover,46.05955944917298,58.49077215766586,70.1120396758999,960,16.0,23:52:30,24:08:30,False,,no_dispenser,0
2159722,heavy,15.0,6.0,40-ft,VTC,3,SUN,14833387,14833324,015,015,61338,61337,Marine Drive Station @ Bay 2,Marine Drive Station @ Bay 1,61338,Marine Drive Station,87570,88590,in_service_layover,52.31468628520094,65.13769783937364,72.32178516553404,1020,17.0,24:19:30,24:36:30,False,,no_dispenser,0
2159719,heavy,15.0,10.0,40-ft,VTC,3,SUN,14833388,14833325,015,015,61338,61337,Marine Drive Station @ Bay 2,Marine Drive Station @ Bay 1,61338,Marine Drive Station,89310,90450,in_service_layover,34.98382030473218,49.492788926083804,81.83058302442316,1140,19.0,24:48:30,25:07:30,False,,no_dispenser,0
2159723,heavy,15.0,7.0,40-ft,VTC,3,SUN,14833389,14886011,015,N15,61338,61337,Marine Drive Station @ Bay 2,Marine Drive Station @ Bay 1,61338,Marine Drive Station,90990,92190,in_service_layover,40.691846096497194,56.156981671766204,87.22336464451726,1200,20.0,25:16:30,25:36:30,False,,no_dispenser,0
2159725,heavy,15.0,9.0,40-ft,VTC,3,SUN,14833390,14886282,015,N8,61338,61337,Marine Drive Station @ Bay 2,Marine Drive Station @ Bay 1,61338,Marine Drive Station,92850,93510,in_service_layover,45.41324682770531,53.90430079234908,47.88954436059089,660,11.0,25:47:30,25:58:30,False,,no_dispenser,0
2160398,heavy,100.0,1.0,40-ft,HTC,3,SUN,14842484,14842390,100,100,50738,52123,Marpole Loop @ Bay 1,Marpole Loop @ Bay 5,50738,Marpole Loop,22470,22890,in_service_layover,69.51807731987397,73.89092112220219,24.66283904513108,420,7.0,06:14:30,06:21:30,True,1,,1
2160404,heavy,100.0,2.0,40-ft,HTC,3,SUN,14842486,14842392,100,100,50738,52123,Marpole Loop @ Bay 1,Marpole Loop @ Bay 5,50738,Marpole Loop,24270,24690,in_service_layover,69.51807731987397,73.89092112220219,24.66283904513108,420,7.0,06:44:30,06:51:30,True,1,,1
2160399,heavy,100.0,3.0,40-ft,HTC,3,SUN,14842474,14842388,100,100,50738,52123,Marpole Loop @ Bay 1,Marpole Loop @ Bay 5,50738,Marpole Loop,25410,25710,in_service_layover,68.73725630850733,72.00529463168597,18.431736142727516,300,5.0,07:03:30,07:08:30,True,1,,1
2160405,heavy,100.0,4.0,40-ft,HTC,3,SUN,14842531,14842386,100,100,50738,52123,Marpole Loop @ Bay 1,Marpole Loop @ Bay 5,50738,Marpole Loop,26430,26730,in_service_layover,69.3328995014076,72.55834880581858,18.191534076877986,300,5.0,07:20:30,07:25:30,True,1,,1
2160398,heavy,100.0,1.0,40-ft,HTC,3,SUN,14842530,14842438,100,100,50738,52123,Marpole Loop @ Bay 1,Marpole Loop @ Bay 5,50738,Marpole Loop,28050,28410,in_service_layover,67.32132208368704,71.30882386849906,22.489510066339847,360,6.0,07:47:30,07:53:30,True,1,,1
2160402,heavy,100.0,5.0,40-ft,HTC,3,SUN,14842485,14842387,100,100,50738,52123,Marpole Loop @ Bay 1,Marpole Loop @ Bay 5,50738,Marpole Loop,28950,29250,in_service_layover,69.51807731987397,72.73010831970437,18.115854839043436,300,5.0,08:02:30,08:07:30,True,1,,1
2160404,heavy,100.0,2.0,40-ft,HTC,3,SUN,14842455,14842430,100,100,50738,52123,Marpole Loop @ Bay 1,Marpole Loop @ Bay 5,50738,Marpole Loop,29850,30150,in_service_layover,65.06447451340568,68.57581701321097,19.80397169890182,300,5.0,08:17:30,08:22:30,True,1,,1
2160399,heavy,100.0,3.0,40-ft,HTC,3,SUN,14842483,14842385,100,100,50738,52123,Marpole Loop @ Bay 1,Marpole Loop @ Bay 5,50738,Marpole Loop,30810,31110,in_service_layover,62.638179288661334,66.29431526450877,20.62060690377956,300,5.0,08:33:30,08:38:30,True,1,,1
2160405,heavy,100.0,4.0,40-ft,HTC,3,SUN,14842479,14842384,100,100,50738,52123,Marpole Loop @ Bay 1,Marpole Loop @ Bay 5,50738,Marpole Loop,31950,32250,in_service_layover,63.79530381002314,67.38305181179481,20.234898729992267,300,5.0,08:52:30,08:57:30,True,1,,1
2160401,heavy,100.0,6.0,40-ft,HTC,3,SUN,14842467,14842395,100,100,50738,52123,Marpole Loop @ Bay 1,Marpole Loop @ Bay 5,50738,Marpole Loop,32790,33150,in_service_layover,69.51807731987397,73.31937989416879,21.439346519022763,360,6.0,09:06:30,09:12:30,True,1,,1
2160398,heavy,100.0,1.0,40-ft,HTC,3,SUN,14842460,14842383,100,100,50738,52123,Marpole Loop @ Bay 1,Marpole Loop @ Bay 5,50738,Marpole Loop,33750,34110,in_service_layover,63.34896001912328,67.64298873121425,24.218321936193036,360,6.0,09:22:30,09:28:30,True,1,,1
2160402,heavy,100.0,5.0,40-ft,HTC,3,SUN,14842503,14842394,100,100,50738,52123,Marpole Loop @ Bay 1,Marpole Loop @ Bay 5,50738,Marpole Loop,34590,35070,in_service_layover,64.57245225728889,70.04771049109402,30.88045643866087,480,8.0,09:36:30,09:44:30,True,1,,1
2160404,heavy,100.0,2.0,40-ft,HTC,3,SUN,14842478,14842399,100,100,50738,52123,Marpole Loop @ Bay 1,Marpole Loop @ Bay 5,50738,Marpole Loop,35550,35970,in_service_layover,60.108900864086934,65.33747880677477,29.489179596759413,420,7.0,09:52:30,09:59:30,True,1,,1
2160399,heavy,100.0,3.0,40-ft,HTC,3,SUN,14842495,14842439,100,100,50738,52123,Marpole Loop @ Bay 1,Marpole Loop @ Bay 5,50738,Marpole Loop,36510,36870,in_service_layover,57.26893754467967,61.96491267284219,26.485299722836544,360,6.0,10:08:30,10:14:30,True,1,,1
2160405,heavy,100.0,4.0,40-ft,HTC,3,SUN,14842505,14842382,100,100,50738,52123,Marpole Loop @ Bay 1,Marpole Loop @ Bay 5,50738,Marpole Loop,38070,38490,in_service_layover,62.15010844853111,67.20941946755367,28.53451414728721,420,7.0,10:34:30,10:41:30,True,1,,1
2160401,heavy,100.0,6.0,40-ft,HTC,3,SUN,14842476,14842381,100,100,50738,52123,Marpole Loop @ Bay 1,Marpole Loop @ Bay 5,50738,Marpole Loop,38850,39270,in_service_layover,66.27314007835413,70.96478505085315,26.46087764489448,420,7.0,10:47:30,10:54:30,True,1,,1
2160398,heavy,100.0,1.0,40-ft,HTC,3,SUN,14842504,14842440,100,100,50738,52123,Marpole Loop @ Bay 1,Marpole Loop @ Bay 5,50738,Marpole Loop,39870,40290,in_service_layover,61.90948941906807,66.98896406964494,28.648237029253437,420,7.0,11:04:30,11:11:30,True,1,,1
2160402,heavy,100.0,5.0,40-ft,HTC,3,SUN,14842472,14842412,100,100,50738,52123,Marpole Loop @ Bay 1,Marpole Loop @ Bay 5,50738,Marpole Loop,40710,41190,in_service_layover,62.6089025166642,68.28526757843501,32.014698948387434,480,8.0,11:18:30,11:26:30,True,1,,1
2160404,heavy,100.0,2.0,40-ft,HTC,3,SUN,14842522,14842380,100,100,50738,52123,Marpole Loop @ Bay 1,Marpole Loop @ Bay 5,50738,Marpole Loop,41670,42210,in_service_layover,58.13990101077315,64.94825060848714,38.39909173110692,540,9.0,11:34:30,11:43:30,True,1,,1
2160399,heavy,100.0,3.0,40-ft,HTC,3,SUN,14842475,14842379,100,100,50738,52123,Marpole Loop @ Bay 1,Marpole Loop @ Bay 5,50738,Marpole Loop,42630,43110,in_service_layover,55.37477073286665,61.636728030827626,35.31743916049987,480,8.0,11:50:30,11:58:30,True,1,,1
2160406,heavy,100.0,7.0,40-ft,HTC,3,SUN,14842523,14842441,100,100,50738,52123,Marpole Loop @ Bay 1,Marpole Loop @ Bay 5,50738,Marpole Loop,43590,44010,in_service_layover,69.12766681419065,73.54023899955979,24.88690712548197,420,7.0,12:06:30,12:13:30,True,1,,1
2160405,heavy,100.0,4.0,40-ft,HTC,3,SUN,14842521,14842410,100,100,50738,52123,Marpole Loop @ Bay 1,Marpole Loop @ Bay 5,50738,Marpole Loop,44370,44790,in_service_layover,60.05031805058203,65.28374327098305,29.51651824306174,420,7.0,12:19:30,12:26:30,True,1,,1
2160401,heavy,100.0,6.0,40-ft,HTC,3,SUN,14842471,14842405,100,100,50738,52123,Marpole Loop @ Bay 1,Marpole Loop @ Bay 5,50738,Marpole Loop,45090,45510,in_service_layover,63.20677167660963,68.1758456516088,28.025577218995238,420,7.0,12:31:30,12:38:30,True,1,,1
2160398,heavy,100.0,1.0,40-ft,HTC,3,SUN,14842499,14842404,100,100,50738,52123,Marpole Loop @ Bay 1,Marpole Loop @ Bay 5,50738,Marpole Loop,46590,47010,in_service_layover,64.32473626228162,69.19534438696189,27.47022982319686,420,7.0,12:56:30,13:03:30,True,1,,1
2160402,heavy,100.0,5.0,40-ft,HTC,3,SUN,14842524,14842442,100,100,50738,52123,Marpole Loop @ Bay 1,Marpole Loop @ Bay 5,50738,Marpole Loop,47310,47730,in_service_layover,63.08402066742803,68.06371833512532,28.08549484581272,420,7.0,13:08:30,13:15:30,True,1,,1
2160404,heavy,100.0,2.0,40-ft,HTC,3,SUN,14842519,14842397,100,100,50738,52123,Marpole Loop @ Bay 1,Marpole Loop @ Bay 5,50738,Marpole Loop,48090,48510,in_service_layover,57.291765914258555,62.72984824323393,30.67078433542116,420,7.0,13:21:30,13:28:30,True,1,,1
2160399,heavy,100.0,3.0,40-ft,HTC,3,SUN,14842481,14842396,100,100,50738,52123,Marpole Loop @ Bay 1,Marpole Loop @ Bay 5,50738,Marpole Loop,49530,49950,in_service_layover,60.590340246175664,65.77908277899802,29.264507885118007,420,7.0,13:45:30,13:52:30,True,1,,1
2160406,heavy,100.0,7.0,40-ft,HTC,3,SUN,14842498,14842421,100,100,50738,52123,Marpole Loop @ Bay 1,Marpole Loop @ Bay 5,50738,Marpole Loop,50190,50610,in_service_layover,67.55623848616884,72.12492424734945,25.76738769305865,420,7.0,13:56:30,14:03:30,True,1,,1
2160405,heavy,100.0,4.0,40-ft,HTC,3,SUN,14842525,14842443,100,100,50738,52123,Marpole Loop @ Bay 1,Marpole Loop @ Bay 5,50738,Marpole Loop,50790,51270,in_service_layover,58.481506055443646,64.55883007490677,34.276107469771944,480,8.0,14:06:30,14:14:30,True,1,,1
2160401,heavy,100.0,6.0,40-ft,HTC,3,SUN,14842517,14842374,100,100,50738,52123,Marpole Loop @ Bay 1,Marpole Loop @ Bay 5,50738,Marpole Loop,51510,51990,in_service_layover,61.090826195232715,66.91616455314487,32.85490833862451,480,8.0,14:18:30,14:26:30,True,1,,1
2160400,heavy,100.0,8.0,40-ft,HTC,3,SUN,14842456,14842420,100,100,50738,52123,Marpole Loop @ Bay 1,Marpole Loop @ Bay 5,50738,Marpole Loop,52230,52710,in_service_layover,68.94248899572428,73.9360894663107,28.16390665410745,480,8.0,14:30:30,14:38:30,True,1,,1
2160398,heavy,100.0,1.0,40-ft,HTC,3,SUN,14842516,14842409,100,100,50738,52123,Marpole Loop @ Bay 1,Marpole Loop @ Bay 5,50738,Marpole Loop,53010,53490,in_service_layover,62.645030672772975,68.3177809967222,31.994311827073602,480,8.0,14:43:30,14:51:30,True,1,,1
2160402,heavy,100.0,5.0,40-ft,HTC,3,SUN,14842494,14842419,100,100,50738,52123,Marpole Loop @ Bay 1,Marpole Loop @ Bay 5,50738,Marpole Loop,53730,54150,in_service_layover,61.64216301124527,66.74387310026606,28.773644902077194,420,7.0,14:55:30,15:02:30,True,1,,1
2160404,heavy,100.0,2.0,40-ft,HTC,3,SUN,14842526,14842444,100,100,50738,52123,Marpole Loop @ Bay 1,Marpole Loop @ Bay 5,50738,Marpole Loop,54510,54930,in_service_layover,56.835149427792906,62.29510044840899,30.7941237562747,420,7.0,15:08:30,15:15:30,True,1,,1
2160403,heavy,100.0,9.0,40-ft,HTC,3,SUN,14842515,14842406,100,100,50738,52123,Marpole Loop @ Bay 1,Marpole Loop @ Bay 5,50738,Marpole Loop,55230,55650,in_service_layover,69.12766681419065,73.54023899955979,24.88690712548197,420,7.0,15:20:30,15:27:30,True,1,,1
2160399,heavy,100.0,3.0,40-ft,HTC,3,SUN,14842490,14842418,100,100,50738,52123,Marpole Loop @ Bay 1,Marpole Loop @ Bay 5,50738,Marpole Loop,55950,56370,in_service_layover,59.06089371954989,64.38172665071743,30.00949773178496,420,7.0,15:32:30,15:39:30,True,1,,1
2160406,heavy,100.0,7.0,40-ft,HTC,3,SUN,14842514,14842437,100,100,50738,52123,Marpole Loop @ Bay 1,Marpole Loop @ Bay 5,50738,Marpole Loop,56550,57030,in_service_layover,64.63413188564533,70.10291929975081,30.843961015554953,480,8.0,15:42:30,15:50:30,True,1,,1
2160405,heavy,100.0,4.0,40-ft,HTC,3,SUN,14842496,14842417,100,100,50738,52123,Marpole Loop @ Bay 1,Marpole Loop @ Bay 5,50738,Marpole Loop,57270,57750,in_service_layover,58.52145845824984,64.59537001270921,34.25686116715082,480,8.0,15:54:30,16:02:30,True,1,,1
2160401,heavy,100.0,6.0,40-ft,HTC,3,SUN,14842532,14842445,100,100,50738,52123,Marpole Loop @ Bay 1,Marpole Loop @ Bay 5,50738,Marpole Loop,57990,58470,in_service_layover,60.62195873325614,66.49216133564026,33.10794267744643,480,8.0,16:06:30,16:14:30,True,1,,1
2160400,heavy,100.0,8.0,40-ft,HTC,3,SUN,14842527,14842449,100,100,50738,52123,Marpole Loop @ Bay 1,Marpole Loop @ Bay 5,50738,Marpole Loop,58710,59190,in_service_layover,66.81208905718088,72.0463735549582,29.521364567464104,480,8.0,16:18:30,16:26:30,True,1,,1
2160398,heavy,100.0,1.0,40-ft,HTC,3,SUN,14842473,14842416,100,100,50738,52123,Marpole Loop @ Bay 1,Marpole Loop @ Bay 5,50738,Marpole Loop,59430,59910,in_service_layover,60.661403608917254,66.52785271325018,33.086772948437726,480,8.0,16:30:30,16:38:30,True,1,,1
2160402,heavy,100.0,5.0,40-ft,HTC,3,SUN,14842513,14842436,100,100,50738,52123,Marpole Loop @ Bay 1,Marpole Loop @ Bay 5,50738,Marpole Loop,60150,60630,in_service_layover,60.46850709410686,66.35327536021943,33.19009302087488,480,8.0,16:42:30,16:50:30,True,1,,1
2160404,heavy,100.0,2.0,40-ft,HTC,3,SUN,14842497,14842403,100,100,50738,52123,Marpole Loop @ Bay 1,Marpole Loop @ Bay 5,50738,Marpole Loop,60870,61350,in_service_layover,56.42618751289995,62.643506462388,35.06567887511261,480,8.0,16:54:30,17:02:30,True,1,,1
2160403,heavy,100.0,9.0,40-ft,HTC,3,SUN,14842533,14842446,100,100,50738,52123,Marpole Loop @ Bay 1,Marpole Loop @ Bay 5,50738,Marpole Loop,61530,62070,in_service_layover,65.89467295356945,71.81877773091723,33.41195094424148,540,9.0,17:05:30,17:14:30,True,1,,1
2160399,heavy,100.0,3.0,40-ft,HTC,3,SUN,14842528,14842450,100,100,50738,52123,Marpole Loop @ Bay 1,Marpole Loop @ Bay 5,50738,Marpole Loop,62250,62790,in_service_layover,57.65513872519785,64.50673265064376,38.64298973951492,540,9.0,17:17:30,17:26:30,True,1,,1
2160406,heavy,100.0,7.0,40-ft,HTC,3,SUN,14842501,14842402,100,100,50738,52123,Marpole Loop @ Bay 1,Marpole Loop @ Bay 5,50738,Marpole Loop,62970,63390,in_service_layover,62.89317309879239,67.88931432534271,28.178236517743812,420,7.0,17:29:30,17:36:30,True,1,,1
2160405,heavy,100.0,4.0,40-ft,HTC,3,SUN,14842512,14842433,100,100,50738,52123,Marpole Loop @ Bay 1,Marpole Loop @ Bay 5,50738,Marpole Loop,63690,64230,in_service_layover,58.55458247814117,65.32285726535171,38.17306979986739,540,9.0,17:41:30,17:50:30,True,1,,1
2160401,heavy,100.0,6.0,40-ft,HTC,3,SUN,14842468,14842401,100,100,50738,52123,Marpole Loop @ Bay 1,Marpole Loop @ Bay 5,50738,Marpole Loop,64410,64950,in_service_layover,60.24418936773379,66.82325158418868,37.105910900805554,540,9.0,17:53:30,18:02:30,True,1,,1
2160400,heavy,100.0,8.0,40-ft,HTC,3,SUN,14842534,14842424,100,100,50738,52123,Marpole Loop @ Bay 1,Marpole Loop @ Bay 5,50738,Marpole Loop,65130,65670,in_service_layover,65.1576847375669,71.17167399957543,33.918899437728214,540,9.0,18:05:30,18:14:30,True,1,,1
2160398,heavy,100.0,1.0,40-ft,HTC,3,SUN,14842529,14842451,100,100,50738,52123,Marpole Loop @ Bay 1,Marpole Loop @ Bay 5,50738,Marpole Loop,65850,66390,in_service_layover,60.276005266055954,66.85159989656493,37.08635371607056,540,9.0,18:17:30,18:26:30,True,1,,1
2160402,heavy,100.0,5.0,40-ft,HTC,3,SUN,14842500,14842435,100,100,50738,52123,Marpole Loop @ Bay 1,Marpole Loop @ Bay 5,50738,Marpole Loop,66510,67110,in_service_layover,59.568770087851796,66.89335657536077,41.31066778955062,600,10.0,18:28:30,18:38:30,True,1,,1
2160404,heavy,100.0,2.0,40-ft,HTC,3,SUN,14842511,14842400,100,100,50738,52123,Marpole Loop @ Bay 1,Marpole Loop @ Bay 5,50738,Marpole Loop,67230,67830,in_service_layover,56.75417851811429,64.3836580117674,43.030264344203545,600,10.0,18:40:30,18:50:30,True,1,,1
2160403,heavy,100.0,9.0,40-ft,HTC,3,SUN,14842466,14842434,100,100,50738,52123,Marpole Loop @ Bay 1,Marpole Loop @ Bay 5,50738,Marpole Loop,68130,68730,in_service_layover,66.64251652878967,73.03488321488119,36.05294810955621,600,10.0,18:55:30,19:05:30,True,1,,1
2160406,heavy,100.0,7.0,40-ft,HTC,3,SUN,14842482,14842415,100,100,50738,52123,Marpole Loop @ Bay 1,Marpole Loop @ Bay 5,50738,Marpole Loop,69150,69750,in_service_layover,60.15945348962709,67.40436664481257,40.86131019524606,600,10.0,19:12:30,19:22:30,True,1,,1
2160405,heavy,100.0,4.0,40-ft,HTC,3,SUN,14842458,14842431,100,100,50738,52123,Marpole Loop @ Bay 1,Marpole Loop @ Bay 5,50738,Marpole Loop,69930,70530,in_service_layover,57.95819579321713,65.47444514337448,42.391646334887525,600,10.0,19:25:30,19:35:30,True,1,,1
2160401,heavy,100.0,6.0,40-ft,HTC,3,SUN,14842510,14842414,100,100,50738,52123,Marpole Loop @ Bay 1,Marpole Loop @ Bay 5,50738,Marpole Loop,70830,71490,in_service_layover,61.1923164313727,68.93197141608732,43.65165411379047,660,11.0,19:40:30,19:51:30,True,1,,1
2160400,heavy,100.0,8.0,40-ft,HTC,3,SUN,14842462,14842432,100,100,50738,52123,Marpole Loop @ Bay 1,Marpole Loop @ Bay 5,50738,Marpole Loop,71730,72390,in_service_layover,67.15588187511135,74.0118389657556,38.66759799123366,660,11.0,19:55:30,20:06:30,True,1,,1
2160402,heavy,100.0,5.0,40-ft,HTC,3,SUN,14842509,14842413,100,100,50738,52123,Marpole Loop @ Bay 1,Marpole Loop @ Bay 5,50738,Marpole Loop,72750,73290,in_service_layover,59.07604781454921,65.78989370253427,37.866090808235754,540,9.0,20:12:30,20:21:30,True,1,,1
2160404,heavy,100.0,2.0,40-ft,HTC,3,SUN,14842461,14842408,100,100,50738,52123,Marpole Loop @ Bay 1,Marpole Loop @ Bay 5,50738,Marpole Loop,73650,74190,in_service_layover,59.33938420958523,66.02403582641479,37.70143511891871,540,9.0,20:27:30,20:36:30,True,1,,1
2160403,heavy,100.0,9.0,40-ft,HTC,3,SUN,14842470,14842378,100,100,50738,52123,Marpole Loop @ Bay 1,Marpole Loop @ Bay 5,50738,Marpole Loop,74550,75150,in_service_layover,67.12911408797657,73.45331554771984,35.66849623295201,600,10.0,20:42:30,20:52:30,True,1,,1
2160406,heavy,100.0,7.0,40-ft,HTC,3,SUN,14842502,14842372,100,100,50738,52123,Marpole Loop @ Bay 1,Marpole Loop @ Bay 5,50738,Marpole Loop,75390,76050,in_service_layover,61.056378892308224,68.81515673448253,43.75950702986307,660,11.0,20:56:30,21:07:30,True,1,,1
2160405,heavy,100.0,4.0,40-ft,HTC,3,SUN,14842469,14842425,100,100,50738,52123,Marpole Loop @ Bay 1,Marpole Loop @ Bay 5,50738,Marpole Loop,76290,76830,in_service_layover,60.67773948466032,67.20933310532301,36.83818802053759,540,9.0,21:11:30,21:20:30,True,1,,1
2160401,heavy,100.0,6.0,40-ft,HTC,3,SUN,14842454,14842426,100,100,50738,52123,Marpole Loop @ Bay 1,Marpole Loop @ Bay 5,50738,Marpole Loop,77190,77790,in_service_layover,63.08911373154993,69.9615836077156,38.76073010157438,600,10.0,21:26:30,21:36:30,True,1,,1
2160400,heavy,100.0,8.0,40-ft,HTC,3,SUN,14842518,14842370,100,100,50738,52123,Marpole Loop @ Bay 1,Marpole Loop @ Bay 5,50738,Marpole Loop,78030,78750,in_service_layover,67.954266166137,75.19126332300307,40.81666396472457,720,12.0,21:40:30,21:52:30,True,1,,1
2160402,heavy,100.0,5.0,40-ft,HTC,3,SUN,14842453,14842447,100,100,50738,52123,Marpole Loop @ Bay 1,Marpole Loop @ Bay 5,50738,Marpole Loop,78870,79650,in_service_layover,60.29528807551212,69.38087790199438,51.242726621359964,780,13.0,21:54:30,22:07:30,True,1,,1
2160404,heavy,100.0,2.0,40-ft,HTC,3,SUN,14842487,14842371,100,100,50738,52123,Marpole Loop @ Bay 1,Marpole Loop @ Bay 5,50738,Marpole Loop,79830,80550,in_service_layover,59.94741123314362,68.48608762765342,48.158134865035265,720,12.0,22:10:30,22:22:30,True,1,,1
2160403,heavy,100.0,9.0,40-ft,HTC,3,SUN,14842452,14842373,100,100,50738,52123,Marpole Loop @ Bay 1,Marpole Loop @ Bay 5,50738,Marpole Loop,80910,81450,in_service_layover,69.455148213795,74.92617241834726,30.85657651367484,540,9.0,22:28:30,22:37:30,True,1,,1
2160405,heavy,100.0,4.0,40-ft,HTC,3,SUN,14842493,14842369,100,100,50738,52123,Marpole Loop @ Bay 1,Marpole Loop @ Bay 5,50738,Marpole Loop,82050,82530,in_service_layover,58.44892020284813,64.52900772145273,34.29169360492995,480,8.0,22:47:30,22:55:30,True,1,,1
2160401,heavy,100.0,6.0,40-ft,HTC,3,SUN,14842457,14842411,100,100,50738,52123,Marpole Loop @ Bay 1,Marpole Loop @ Bay 5,50738,Marpole Loop,83070,83550,in_service_layover,61.88662598274829,67.63457801074436,32.418449437897834,480,8.0,23:04:30,23:12:30,True,1,,1
2160402,heavy,100.0,5.0,40-ft,HTC,3,SUN,14842477,14842429,100,100,50738,52123,Marpole Loop @ Bay 1,Marpole Loop @ Bay 5,50738,Marpole Loop,84870,85350,in_service_layover,62.418742549647675,68.1140796123919,32.1217010338774,480,8.0,23:34:30,23:42:30,True,1,,1
2160403,heavy,100.0,9.0,40-ft,HTC,3,SUN,14842491,14842428,100,100,50738,52123,Marpole Loop @ Bay 1,Marpole Loop @ Bay 5,50738,Marpole Loop,86730,87270,in_service_layover,68.05020887553451,73.70374457780899,31.885941360828042,540,9.0,24:05:30,24:14:30,True,1,,1
2160401,heavy,100.0,6.0,40-ft,HTC,3,SUN,14842508,14842427,100,100,50738,52123,Marpole Loop @ Bay 1,Marpole Loop @ Bay 5,50738,Marpole Loop,88590,89070,in_service_layover,60.21177084751046,66.12082324963713,33.327055547994405,480,8.0,24:36:30,24:44:30,True,1,,1
2160402,heavy,100.0,5.0,40-ft,HTC,3,SUN,14842507,14842407,100,100,50738,52123,Marpole Loop @ Bay 1,Marpole Loop @ Bay 5,50738,Marpole Loop,90390,90870,in_service_layover,60.86797998137799,66.71470925175724,32.97555308493895,480,8.0,25:06:30,25:14:30,True,1,,1
2160403,heavy,100.0,9.0,40-ft,HTC,3,SUN,14842506,14842423,100,100,50738,52123,Marpole Loop @ Bay 1,Marpole Loop @ Bay 5,50738,Marpole Loop,92070,92850,in_service_layover,66.21873992724089,74.26491006348166,45.380399568397934,780,13.0,25:34:30,25:47:30,True,1,,1
2160617,heavy,106.0,1.0,40-ft,HTC,3,SUN,14845950,14845842,119,119,52692,52804,Metrotown Station @ Bay 1,Metrotown Station @ Bay 6,52692,Metrotown Station,27750,28350,in_service_layover,68.49207513588661,74.62224298840387,34.5741466881974,600,10.0,07:42:30,07:52:30,False,,no_dispenser,0
2160529,heavy,106.0,3.0,40-ft,HTC,3,SUN,14845948,14845841,119,119,52692,52804,Metrotown Station @ Bay 1,Metrotown Station @ Bay 6,52692,Metrotown Station,29010,29430,in_service_layover,68.49207513588661,72.96852250428276,25.2471631577543,420,7.0,08:03:30,08:10:30,False,,no_dispenser,0
2160723,heavy,130.0,34.0,40-ft,BTC,3,SUN,14847443,14847377,130,130,52692,52736,Metrotown Station @ Bay 1,Metrotown Station @ Bay 4,52692,Metrotown Station,30690,31110,in_service_layover,68.20837777043923,72.71301468574862,25.406152202344913,420,7.0,08:31:30,08:38:30,False,,no_dispenser,0
2160626,heavy,106.0,4.0,40-ft,HTC,3,SUN,14845949,14845838,119,119,52692,52804,Metrotown Station @ Bay 1,Metrotown Station @ Bay 6,52692,Metrotown Station,31530,32130,in_service_layover,61.78428388386897,68.82524535937885,39.71102272187568,600,10.0,08:45:30,08:55:30,False,,no_dispenser,0
2160617,heavy,106.0,1.0,40-ft,HTC,3,SUN,14845490,14845461,116,116,60212,60212,Metrotown Station @ Bay 12,Metrotown Station @ Bay 12,60212,Metrotown Station,31890,32490,in_service_layover,65.79660828414171,72.30608640371867,36.713456594414026,600,10.0,08:51:30,09:01:30,False,,no_dispenser,0
2160529,heavy,106.0,3.0,40-ft,HTC,3,SUN,14845946,14845837,119,119,52692,52804,Metrotown Station @ Bay 1,Metrotown Station @ Bay 6,52692,Metrotown Station,32370,33030,in_service_layover,67.16711264600127,74.0213223709459,38.65774284868769,660,11.0,08:59:30,09:10:30,False,,no_dispenser,0
2160585,heavy,123.0,8.0,40-ft,HTC,3,SUN,14845945,14845836,119,119,52692,52804,Metrotown Station @ Bay 1,Metrotown Station @ Bay 6,52692,Metrotown Station,33330,33930,in_service_layover,68.49152353125855,74.62177079690036,34.57459457821989,600,10.0,09:15:30,09:25:30,False,,no_dispenser,0
2162395,heavy,430.0,31.0,40-ft,RTC,3,SUN,14874368,14874414,430,430,52692,51999,Metrotown Station @ Bay 1,Metrotown Station @ Bay 3,52692,Metrotown Station,33510,33690,in_service_layover,69.92930727899837,71.89165449270817,11.067638285323312,180,3.0,09:18:30,09:21:30,False,,no_dispenser,0
2160725,heavy,130.0,32.0,40-ft,BTC,3,SUN,14847446,14847381,130,130,52692,52736,Metrotown Station @ Bay 1,Metrotown Station @ Bay 4,52692,Metrotown Station,33810,34710,in_service_layover,62.852919429490704,72.57439502734476,54.82912237189686,900,15.0,09:23:30,09:38:30,False,,no_dispenser,0
2160724,heavy,130.0,33.0,40-ft,BTC,3,SUN,14847447,14847382,130,130,52692,52736,Metrotown Station @ Bay 1,Metrotown Station @ Bay 4,52692,Metrotown Station,34710,35490,in_service_layover,65.05551017372392,73.31261716306932,46.57008341990809,780,13.0,09:38:30,09:51:30,False,,no_dispenser,0
2160626,heavy,106.0,4.0,40-ft,HTC,3,SUN,14845943,14845904,119,119,52692,52804,Metrotown Station @ Bay 1,Metrotown Station @ Bay 6,52692,Metrotown Station,35190,35730,in_service_layover,67.70543997571912,73.40302035879185,32.13435336053021,540,9.0,09:46:30,09:55:30,False,,no_dispenser,0
2160589,heavy,106.0,8.0,40-ft,HTC,3,SUN,14845471,14845455,116,116,60212,60212,Metrotown Station @ Bay 12,Metrotown Station @ Bay 12,60212,Metrotown Station,35550,36090,in_service_layover,65.46729868527787,71.44368957564967,33.70684462169697,540,9.0,09:52:30,10:01:30,False,,no_dispenser,0
2160723,heavy,130.0,34.0,40-ft,BTC,3,SUN,14847448,14847383,130,130,52692,52736,Metrotown Station @ Bay 1,Metrotown Station @ Bay 4,52692,Metrotown Station,35610,36390,in_service_layover,67.51314137401762,75.32067221790203,44.034473959508034,780,13.0,09:53:30,10:06:30,False,,no_dispenser,0
2160774,heavy,106.0,11.0,40-ft,HTC,3,SUN,14848750,14848688,144,144,52692,60214,Metrotown Station @ Bay 1,Metrotown Station @ Bay 14,52692,Metrotown Station,35670,36210,in_service_layover,67.51604912101232,73.23770022411696,32.2701122215102,540,9.0,09:54:30,10:03:30,False,,no_dispenser,0
2160529,heavy,106.0,3.0,40-ft,HTC,3,SUN,14845942,14845903,119,119,52692,52804,Metrotown Station @ Bay 1,Metrotown Station @ Bay 6,52692,Metrotown Station,36150,36630,in_service_layover,68.21991251266442,73.2963992608055,28.631385259515753,480,8.0,10:02:30,10:10:30,False,,no_dispenser,0
2162389,heavy,430.0,34.0,40-ft,RTC,3,SUN,14874357,14874413,430,430,52692,51999,Metrotown Station @ Bay 1,Metrotown Station @ Bay 3,52692,Metrotown Station,36150,37170,in_service_layover,69.92930727899837,78.95607973824343,50.9109966701422,1020,17.0,10:02:30,10:19:30,False,,no_dispenser,0
2160722,heavy,130.0,31.0,40-ft,BTC,3,SUN,14847449,14847384,130,130,52692,52736,Metrotown Station @ Bay 1,Metrotown Station @ Bay 4,52692,Metrotown Station,36510,37350,in_service_layover,58.59496477896703,68.59685594280526,56.4106661640476,840,14.0,10:08:30,10:22:30,False,,no_dispenser,0
2160585,heavy,123.0,8.0,40-ft,HTC,3,SUN,14845941,14845902,119,119,52692,52804,Metrotown Station @ Bay 1,Metrotown Station @ Bay 6,52692,Metrotown Station,37050,37530,in_service_layover,68.82036093861889,73.82806043739876,28.24342517311851,480,8.0,10:17:30,10:25:30,False,,no_dispenser,0
2160617,heavy,106.0,1.0,40-ft,HTC,3,SUN,14845472,14845458,116,116,60212,60212,Metrotown Station @ Bay 12,Metrotown Station @ Bay 12,60212,Metrotown Station,37290,37890,in_service_layover,65.84012030148061,72.34361826965505,36.6797285405039,600,10.0,10:21:30,10:31:30,False,,no_dispenser,0
2160553,heavy,151.0,60.0,40-ft,PCT,3,SUN,14844884,14844847,110,110,52692,60213,Metrotown Station @ Bay 1,Metrotown Station @ Bay 13,52692,Metrotown Station,37470,38010,in_service_layover,66.18128757522496,72.0700751244488,33.21276177762252,540,9.0,10:24:30,10:33:30,False,,no_dispenser,0
2162394,heavy,430.0,33.0,40-ft,RTC,3,SUN,14874367,14874418,430,430,52692,51999,Metrotown Station @ Bay 1,Metrotown Station @ Bay 3,52692,Metrotown Station,37470,38370,in_service_layover,65.25208262823696,74.47696487167201,52.02833585297367,900,15.0,10:24:30,10:39:30,False,,no_dispenser,0
2162390,heavy,430.0,35.0,40-ft,RTC,3,SUN,14874380,14874399,430,430,52692,51999,Metrotown Station @ Bay 1,Metrotown Station @ Bay 3,52692,Metrotown Station,38730,39630,in_service_layover,65.25208262823696,74.47696487167201,52.02833585297367,900,15.0,10:45:30,11:00:30,False,,no_dispenser,0
2160626,heavy,106.0,4.0,40-ft,HTC,3,SUN,14845939,14845852,119,119,52692,52804,Metrotown Station @ Bay 1,Metrotown Station @ Bay 6,52692,Metrotown Station,38970,39330,in_service_layover,67.60161050051036,71.56601591679174,22.359246547826956,360,6.0,10:49:30,10:55:30,False,,no_dispenser,0
2160527,heavy,106.0,14.0,40-ft,HTC,3,SUN,14845473,14845456,116,116,60212,60212,Metrotown Station @ Bay 12,Metrotown Station @ Bay 12,60212,Metrotown Station,39090,39690,in_service_layover,67.4460516166527,73.72554127779006,35.416321688814776,600,10.0,10:51:30,11:01:30,False,,no_dispenser,0
2160725,heavy,130.0,32.0,40-ft,BTC,3,SUN,14847452,14847387,130,130,52692,52736,Metrotown Station @ Bay 1,Metrotown Station @ Bay 4,52692,Metrotown Station,39210,40050,in_service_layover,62.35580250575765,71.64287606010713,52.379094846531075,840,14.0,10:53:30,11:07:30,False,,no_dispenser,0
2160556,heavy,151.0,65.0,40-ft,PCT,3,SUN,14844882,14844848,110,110,52692,60213,Metrotown Station @ Bay 1,Metrotown Station @ Bay 13,52692,Metrotown Station,39390,39810,in_service_layover,66.18128757522496,70.88157918719973,26.509644691537744,420,7.0,10:56:30,11:03:30,False,,no_dispenser,0
2160776,heavy,106.0,7.0,40-ft,HTC,3,SUN,14848729,14848707,144,144,52692,60214,Metrotown Station @ Bay 1,Metrotown Station @ Bay 14,52692,Metrotown Station,39390,39810,in_service_layover,65.54142310786739,70.30137328245716,26.84611898468637,420,7.0,10:56:30,11:03:30,False,,no_dispenser,0
2160529,heavy,106.0,3.0,40-ft,HTC,3,SUN,14845938,14845851,119,119,52692,52804,Metrotown Station @ Bay 1,Metrotown Station @ Bay 6,52692,Metrotown Station,39870,40230,in_service_layover,67.49498940252401,71.46820336171591,22.40892672984228,360,6.0,11:04:30,11:10:30,False,,no_dispenser,0
2160724,heavy,130.0,33.0,40-ft,BTC,3,SUN,14847453,14847388,130,130,52692,52736,Metrotown Station @ Bay 1,Metrotown Station @ Bay 4,52692,Metrotown Station,40110,41010,in_service_layover,65.7102301712139,74.8386709263033,51.484405858704235,900,15.0,11:08:30,11:23:30,False,,no_dispenser,0
2162395,heavy,430.0,31.0,40-ft,RTC,3,SUN,14874356,14874403,430,430,52692,51999,Metrotown Station @ Bay 1,Metrotown Station @ Bay 3,52692,Metrotown Station,40170,40650,in_service_layover,57.57433434494158,63.722050777428365,34.67312067922546,480,8.0,11:09:30,11:17:30,False,,no_dispenser,0
2160585,heavy,123.0,8.0,40-ft,HTC,3,SUN,14845937,14845850,119,119,52692,52804,Metrotown Station @ Bay 1,Metrotown Station @ Bay 6,52692,Metrotown Station,40770,41130,in_service_layover,68.02665057911727,71.95566299701849,22.159630036962938,360,6.0,11:19:30,11:25:30,False,,no_dispenser,0
2160589,heavy,106.0,8.0,40-ft,HTC,3,SUN,14845474,14845459,116,116,60212,60212,Metrotown Station @ Bay 12,Metrotown Station @ Bay 12,60212,Metrotown Station,40950,41490,in_service_layover,65.07239021637022,71.09669582089863,33.97708360954016,540,9.0,11:22:30,11:31:30,False,,no_dispenser,0
2160723,heavy,130.0,34.0,40-ft,BTC,3,SUN,14847454,14847389,130,130,52692,52736,Metrotown Station @ Bay 1,Metrotown Station @ Bay 4,52692,Metrotown Station,41010,41850,in_service_layover,65.10207969631492,73.8634824598043,49.41431158608009,840,14.0,11:23:30,11:37:30,False,,no_dispenser,0
2160522,heavy,106.0,10.0,40-ft,HTC,3,SUN,14848754,14848719,144,144,52692,60214,Metrotown Station @ Bay 1,Metrotown Station @ Bay 14,52692,Metrotown Station,41190,41610,in_service_layover,68.44017249414706,72.92179233374426,25.276335895328202,420,7.0,11:26:30,11:33:30,False,,no_dispenser,0
2160554,heavy,151.0,57.0,40-ft,PCT,3,SUN,14844906,14844849,110,110,52692,60213,Metrotown Station @ Bay 1,Metrotown Station @ Bay 13,52692,Metrotown Station,41190,41610,in_service_layover,65.95778758170007,70.67903221170958,26.627819713253587,420,7.0,11:26:30,11:33:30,False,,no_dispenser,0
2162393,heavy,430.0,32.0,40-ft,RTC,3,SUN,14874370,14874419,430,430,52692,51999,Metrotown Station @ Bay 1,Metrotown Station @ Bay 3,52692,Metrotown Station,41610,41850,in_service_layover,55.611987131231764,58.77328697123604,17.829731097624062,240,4.0,11:33:30,11:37:30,False,,no_dispenser,0
2160626,heavy,106.0,4.0,40-ft,HTC,3,SUN,14845935,14845848,119,119,52692,52804,Metrotown Station @ Bay 1,Metrotown Station @ Bay 6,52692,Metrotown Station,42570,42930,in_service_layover,68.39247726021388,72.29067119617419,21.98581379881614,360,6.0,11:49:30,11:55:30,False,,no_dispenser,0
2162392,heavy,430.0,36.0,40-ft,RTC,3,SUN,14874366,14874398,430,430,52692,51999,Metrotown Station @ Bay 1,Metrotown Station @ Bay 3,52692,Metrotown Station,42750,42990,in_service_layover,69.92930727899837,72.51031128765888,14.556862608845279,240,4.0,11:52:30,11:56:30,False,,no_dispenser,0
2160617,heavy,106.0,1.0,40-ft,HTC,3,SUN,14845463,14845460,116,116,60212,60212,Metrotown Station @ Bay 12,Metrotown Station @ Bay 12,60212,Metrotown Station,42750,43290,in_service_layover,65.87349018808591,71.80019782897557,33.42663109461773,540,9.0,11:52:30,12:01:30,False,,no_dispenser,0
2160722,heavy,130.0,31.0,40-ft,BTC,3,SUN,14847456,14847391,130,130,52692,52736,Metrotown Station @ Bay 1,Metrotown Station @ Bay 4,52692,Metrotown Station,42810,43650,in_service_layover,65.62240907974984,74.2821203210314,48.840771400827975,840,14.0,11:53:30,12:07:30,False,,no_dispenser,0
2160555,heavy,151.0,62.0,40-ft,PCT,3,SUN,14844903,14844851,110,110,52692,60213,Metrotown Station @ Bay 1,Metrotown Station @ Bay 13,52692,Metrotown Station,42990,43410,in_service_layover,65.95778758170007,70.67903221170958,26.627819713253587,420,7.0,11:56:30,12:03:30,False,,no_dispenser,0
2160774,heavy,106.0,11.0,40-ft,HTC,3,SUN,14848722,14848697,144,144,52692,60214,Metrotown Station @ Bay 1,Metrotown Station @ Bay 14,52692,Metrotown Station,42990,43470,in_service_layover,65.45912218016194,70.84045644744266,30.35072526746319,480,8.0,11:56:30,12:04:30,False,,no_dispenser,0
2160529,heavy,106.0,3.0,40-ft,HTC,3,SUN,14845934,14845847,119,119,52692,52804,Metrotown Station @ Bay 1,Metrotown Station @ Bay 6,52692,Metrotown Station,43470,43650,in_service_layover,67.66816653986896,69.72405272910738,11.595198107304725,180,3.0,12:04:30,12:07:30,False,,no_dispenser,0
2160727,heavy,130.0,36.0,40-ft,BTC,3,SUN,14847457,14847392,130,130,52692,52736,Metrotown Station @ Bay 1,Metrotown Station @ Bay 4,52692,Metrotown Station,43710,44550,in_service_layover,66.51309849859854,74.99718964378683,47.850274058861885,840,14.0,12:08:30,12:22:30,False,,no_dispenser,0
2162389,heavy,430.0,34.0,40-ft,RTC,3,SUN,14874355,14874412,430,430,52692,51999,Metrotown Station @ Bay 1,Metrotown Station @ Bay 3,52692,Metrotown Station,43950,44310,in_service_layover,64.63875959047684,68.83752118746244,23.681015406998824,360,6.0,12:12:30,12:18:30,False,,no_dispenser,0
2160585,heavy,123.0,8.0,40-ft,HTC,3,SUN,14845933,14845905,119,119,52692,52804,Metrotown Station @ Bay 1,Metrotown Station @ Bay 6,52692,Metrotown Station,44370,45090,in_service_layover,68.13489974522989,75.34073963349023,40.64093696978824,720,12.0,12:19:30,12:31:30,False,,no_dispenser,0
2160726,heavy,130.0,35.0,40-ft,BTC,3,SUN,14847458,14847393,130,130,52692,52736,Metrotown Station @ Bay 1,Metrotown Station @ Bay 4,52692,Metrotown Station,44550,45450,in_service_layover,64.10544636751067,73.56943468273514,53.376894097866,900,15.0,12:22:30,12:37:30,False,,no_dispenser,0
2160527,heavy,106.0,14.0,40-ft,HTC,3,SUN,14845482,14845435,116,116,60212,60212,Metrotown Station @ Bay 12,Metrotown Station @ Bay 12,60212,Metrotown Station,44610,45090,in_service_layover,67.09977032522688,72.30220638710966,29.34173938901887,480,8.0,12:23:30,12:31:30,False,,no_dispenser,0
2160553,heavy,151.0,60.0,40-ft,PCT,3,SUN,14844904,14844850,110,110,52692,60213,Metrotown Station @ Bay 1,Metrotown Station @ Bay 13,52692,Metrotown Station,44790,45210,in_service_layover,67.0802306322401,71.69500521048712,26.02732862131319,420,7.0,12:26:30,12:33:30,False,,no_dispenser,0
2160775,heavy,106.0,15.0,40-ft,HTC,3,SUN,14848731,14848701,144,144,52692,60214,Metrotown Station @ Bay 1,Metrotown Station @ Bay 14,52692,Metrotown Station,44790,45330,in_service_layover,68.52073340478888,74.1136855329471,31.544250002812362,540,9.0,12:26:30,12:35:30,False,,no_dispenser,0
2162394,heavy,430.0,33.0,40-ft,RTC,3,SUN,14874371,14874420,430,430,52692,51999,Metrotown Station @ Bay 1,Metrotown Station @ Bay 3,52692,Metrotown Station,45210,45510,in_service_layover,60.159644723905416,63.96226619412377,21.44678509203152,300,5.0,12:33:30,12:38:30,False,,no_dispenser,0
2160629,heavy,106.0,16.0,40-ft,HTC,3,SUN,14845932,14845899,119,119,52692,52804,Metrotown Station @ Bay 1,Metrotown Station @ Bay 6,52692,Metrotown Station,45390,45810,in_service_layover,68.49207513588661,72.96852250428276,25.2471631577543,420,7.0,12:36:30,12:43:30,False,,no_dispenser,0
2160725,heavy,130.0,32.0,40-ft,BTC,3,SUN,14847459,14847394,130,130,52692,52736,Metrotown Station @ Bay 1,Metrotown Station @ Bay 4,52692,Metrotown Station,45510,46350,in_service_layover,69.20549507334198,77.14684143877953,44.78919350106776,840,14.0,12:38:30,12:52:30,False,,no_dispenser,0
2160626,heavy,106.0,4.0,40-ft,HTC,3,SUN,14845931,14845898,119,119,52692,52804,Metrotown Station @ Bay 1,Metrotown Station @ Bay 6,52692,Metrotown Station,46290,46530,in_service_layover,66.4892613378927,69.2584078432549,15.617986290242811,240,4.0,12:51:30,12:55:30,False,,no_dispenser,0
2162390,heavy,430.0,35.0,40-ft,RTC,3,SUN,14874345,14874397,430,430,52692,51999,Metrotown Station @ Bay 1,Metrotown Station @ Bay 3,52692,Metrotown Station,46410,46770,in_service_layover,60.159644723905416,64.68023729667809,25.49614211043786,360,6.0,12:53:30,12:59:30,False,,no_dispenser,0
2160589,heavy,106.0,8.0,40-ft,HTC,3,SUN,14845483,14845436,116,116,60212,60212,Metrotown Station @ Bay 12,Metrotown Station @ Bay 12,60212,Metrotown Station,46410,46890,in_service_layover,64.7629698507586,70.21820999545324,30.7675544160777,480,8.0,12:53:30,13:01:30,False,,no_dispenser,0
2160724,heavy,130.0,33.0,40-ft,BTC,3,SUN,14847460,14847395,130,130,52692,52736,Metrotown Station @ Bay 1,Metrotown Station @ Bay 4,52692,Metrotown Station,46410,47250,in_service_layover,64.6200784047162,73.47508462928374,49.94223510656093,840,14.0,12:53:30,13:07:30,False,,no_dispenser,0
2160556,heavy,151.0,65.0,40-ft,PCT,3,SUN,14844885,14844864,110,110,52692,60213,Metrotown Station @ Bay 1,Metrotown Station @ Bay 13,52692,Metrotown Station,46650,47010,in_service_layover,65.61058971888224,69.73486367169932,23.26090509388831,360,6.0,12:57:30,13:03:30,False,,no_dispenser,0
2160776,heavy,106.0,7.0,40-ft,HTC,3,SUN,14848728,14848698,144,144,52692,60214,Metrotown Station @ Bay 1,Metrotown Station @ Bay 14,52692,Metrotown Station,46650,47130,in_service_layover,62.945510463579254,68.58807443634647,31.82406080640709,480,8.0,12:57:30,13:05:30,False,,no_dispenser,0
2162395,heavy,430.0,31.0,40-ft,RTC,3,SUN,14874372,14874411,430,430,52692,51999,Metrotown Station @ Bay 1,Metrotown Station @ Bay 3,52692,Metrotown Station,47610,47970,in_service_layover,49.40473062966176,54.04667104020701,26.180543915475198,360,6.0,13:13:30,13:19:30,False,,no_dispenser,0
2160617,heavy,106.0,1.0,40-ft,HTC,3,SUN,14845484,14845906,116,119,52692,52804,Metrotown Station @ Bay 1,Metrotown Station @ Bay 6,52692,Metrotown Station,48210,48690,in_service_layover,64.81633158336113,70.26594886696701,30.735841479537157,480,8.0,13:23:30,13:31:30,False,,no_dispenser,0
2160554,heavy,151.0,57.0,40-ft,PCT,3,SUN,14844886,14844868,110,110,52692,60213,Metrotown Station @ Bay 1,Metrotown Station @ Bay 13,52692,Metrotown Station,48450,48810,in_service_layover,64.90957211261606,69.08781048153581,23.565264400707406,360,6.0,13:27:30,13:33:30,False,,no_dispenser,0
2160522,heavy,106.0,10.0,40-ft,HTC,3,SUN,14848730,14848704,144,144,52692,60214,Metrotown Station @ Bay 1,Metrotown Station @ Bay 14,52692,Metrotown Station,48450,48930,in_service_layover,64.60182399704087,70.07400236349463,30.863085986799206,480,8.0,13:27:30,13:35:30,False,,no_dispenser,0
2160585,heavy,123.0,8.0,40-ft,HTC,3,SUN,14845915,14845895,119,119,52692,52804,Metrotown Station @ Bay 1,Metrotown Station @ Bay 6,52692,Metrotown Station,48990,49410,in_service_layover,69.53932977520874,73.91000050638277,24.650582923821617,420,7.0,13:36:30,13:43:30,False,,no_dispenser,0
2160722,heavy,130.0,31.0,40-ft,BTC,3,SUN,14847463,14847398,130,130,52692,52736,Metrotown Station @ Bay 1,Metrotown Station @ Bay 4,52692,Metrotown Station,49170,49950,in_service_layover,64.0635277994443,72.49788401551126,47.56976905861768,780,13.0,13:39:30,13:52:30,False,,no_dispenser,0
2160629,heavy,106.0,16.0,40-ft,HTC,3,SUN,14845928,14845894,119,119,52692,52804,Metrotown Station @ Bay 1,Metrotown Station @ Bay 6,52692,Metrotown Station,49710,50130,in_service_layover,67.16711264600127,71.77351669094934,25.980118813507033,420,7.0,13:48:30,13:55:30,False,,no_dispenser,0
2160527,heavy,106.0,14.0,40-ft,HTC,3,SUN,14845475,14845438,116,116,60212,60212,Metrotown Station @ Bay 12,Metrotown Station @ Bay 12,60212,Metrotown Station,50070,50490,in_service_layover,64.63700886847056,69.47956389904924,27.31201037246376,420,7.0,13:54:30,14:01:30,False,,no_dispenser,0
2160727,heavy,130.0,36.0,40-ft,BTC,3,SUN,14847464,14847399,130,130,52692,52736,Metrotown Station @ Bay 1,Metrotown Station @ Bay 4,52692,Metrotown Station,50070,50790,in_service_layover,64.77859712219971,72.55024097781495,43.83207134566999,720,12.0,13:54:30,14:06:30,False,,no_dispenser,0
2160774,heavy,106.0,11.0,40-ft,HTC,3,SUN,14848735,14848708,144,144,52692,60214,Metrotown Station @ Bay 1,Metrotown Station @ Bay 14,52692,Metrotown Station,50250,50730,in_service_layover,60.827636172895716,66.67822521530901,32.997322199211055,480,8.0,13:57:30,14:05:30,False,,no_dispenser,0
2160555,heavy,151.0,62.0,40-ft,PCT,3,SUN,14844905,14844852,110,110,52692,60213,Metrotown Station @ Bay 1,Metrotown Station @ Bay 13,52692,Metrotown Station,50310,50610,in_service_layover,64.35700672596742,67.91140007410067,20.04677848347154,300,5.0,13:58:30,14:03:30,False,,no_dispenser,0
2162392,heavy,430.0,36.0,40-ft,RTC,3,SUN,14874365,14874396,430,430,52692,51999,Metrotown Station @ Bay 1,Metrotown Station @ Bay 3,52692,Metrotown Station,50310,50910,in_service_layover,58.19299113989228,65.68437330379213,42.25139540439517,600,10.0,13:58:30,14:08:30,False,,no_dispenser,0
2160726,heavy,130.0,35.0,40-ft,BTC,3,SUN,14847465,14847400,130,130,52692,52736,Metrotown Station @ Bay 1,Metrotown Station @ Bay 4,52692,Metrotown Station,50970,51750,in_service_layover,68.27011631068093,75.93617838372339,43.236590091959386,780,13.0,14:09:30,14:22:30,False,,no_dispenser,0
2160529,heavy,106.0,3.0,40-ft,HTC,3,SUN,14845978,14845892,119,119,52692,52804,Metrotown Station @ Bay 1,Metrotown Station @ Bay 6,52692,Metrotown Station,51150,51570,in_service_layover,68.15390007388955,72.66392760762648,25.436555290276317,420,7.0,14:12:30,14:19:30,False,,no_dispenser,0
2162389,heavy,430.0,34.0,40-ft,RTC,3,SUN,14874353,14874422,430,430,52692,51999,Metrotown Station @ Bay 1,Metrotown Station @ Bay 3,52692,Metrotown Station,51510,51810,in_service_layover,54.52020103969585,58.46247618335958,22.23443181026346,300,5.0,14:18:30,14:23:30,False,,no_dispenser,0
2160589,heavy,106.0,8.0,40-ft,HTC,3,SUN,14845476,14845439,116,116,60212,60212,Metrotown Station @ Bay 12,Metrotown Station @ Bay 12,60212,Metrotown Station,51870,52290,in_service_layover,62.717038066559425,67.72827578432376,28.263380728190782,420,7.0,14:24:30,14:31:30,False,,no_dispenser,0
2160725,heavy,130.0,32.0,40-ft,BTC,3,SUN,14847466,14847401,130,130,52692,52736,Metrotown Station @ Bay 1,Metrotown Station @ Bay 4,52692,Metrotown Station,51870,52650,in_service_layover,66.92824891719243,74.84412336251978,44.645531871646256,780,13.0,14:24:30,14:37:30,False,,no_dispenser,0
2160775,heavy,106.0,15.0,40-ft,HTC,3,SUN,14848744,14848716,144,144,52692,60214,Metrotown Station @ Bay 1,Metrotown Station @ Bay 14,52692,Metrotown Station,52050,52530,in_service_layover,63.176193645769665,68.79543185061226,31.692503475312208,480,8.0,14:27:30,14:35:30,False,,no_dispenser,0
2160553,heavy,151.0,60.0,40-ft,PCT,3,SUN,14844876,14844853,110,110,52692,60213,Metrotown Station @ Bay 1,Metrotown Station @ Bay 13,52692,Metrotown Station,52110,52410,in_service_layover,65.21958808910973,68.72132684951563,19.749806608689312,300,5.0,14:28:30,14:33:30,False,,no_dispenser,0
2160724,heavy,130.0,33.0,40-ft,BTC,3,SUN,14847467,14847402,130,130,52692,52736,Metrotown Station @ Bay 1,Metrotown Station @ Bay 4,52692,Metrotown Station,52770,53550,in_service_layover,67.63253710838144,75.4178483107221,43.909155181201356,780,13.0,14:39:30,14:52:30,False,,no_dispenser,0
2162394,heavy,430.0,33.0,40-ft,RTC,3,SUN,14874373,14874430,430,430,52692,51999,Metrotown Station @ Bay 1,Metrotown Station @ Bay 3,52692,Metrotown Station,52830,53670,in_service_layover,49.64494604635718,60.53581184188853,61.42448308679684,840,14.0,14:40:30,14:54:30,False,,no_dispenser,0
2160585,heavy,123.0,8.0,40-ft,HTC,3,SUN,14845925,14845890,119,119,52692,52804,Metrotown Station @ Bay 1,Metrotown Station @ Bay 6,52692,Metrotown Station,53310,53730,in_service_layover,68.1085906481013,72.62309601678757,25.46181027939059,420,7.0,14:48:30,14:55:30,False,,no_dispenser,0
2160618,heavy,106.0,19.0,40-ft,HTC,3,SUN,14845477,14845440,116,116,60212,60212,Metrotown Station @ Bay 12,Metrotown Station @ Bay 12,60212,Metrotown Station,53670,54090,in_service_layover,68.41623777092335,72.9002400361413,25.28977277582925,420,7.0,14:54:30,15:01:30,False,,no_dispenser,0
2160723,heavy,130.0,34.0,40-ft,BTC,3,SUN,14847468,14847403,130,130,52692,52736,Metrotown Station @ Bay 1,Metrotown Station @ Bay 4,52692,Metrotown Station,53670,54450,in_service_layover,64.55998888860903,72.90593863237203,47.07115655482329,780,13.0,14:54:30,15:07:30,False,,no_dispenser,0
2160776,heavy,106.0,7.0,40-ft,HTC,3,SUN,14848743,14848712,144,144,52692,60214,Metrotown Station @ Bay 1,Metrotown Station @ Bay 14,52692,Metrotown Station,53850,54330,in_service_layover,58.05155770911463,64.16394086344367,34.473840990415795,480,8.0,14:57:30,15:05:30,False,,no_dispenser,0
2160556,heavy,151.0,65.0,40-ft,PCT,3,SUN,14844891,14844854,110,110,52692,60213,Metrotown Station @ Bay 1,Metrotown Station @ Bay 13,52692,Metrotown Station,53910,54210,in_service_layover,63.55311093301121,67.1551729346063,20.31562968899624,300,5.0,14:58:30,15:03:30,False,,no_dispenser,0
2162390,heavy,430.0,35.0,40-ft,RTC,3,SUN,14874364,14874395,430,430,52692,51999,Metrotown Station @ Bay 1,Metrotown Station @ Bay 3,52692,Metrotown Station,54090,54630,in_service_layover,50.36291714891149,57.39781816053796,39.67684170557328,540,9.0,15:01:30,15:10:30,False,,no_dispenser,0
2160728,heavy,130.0,37.0,40-ft,BTC,3,SUN,14847469,14847404,130,130,52692,52736,Metrotown Station @ Bay 1,Metrotown Station @ Bay 4,52692,Metrotown Station,54570,55350,in_service_layover,67.23846631654506,75.09698201191507,44.322028521886864,780,13.0,15:09:30,15:22:30,False,,no_dispenser,0
2160527,heavy,106.0,14.0,40-ft,HTC,3,SUN,14845478,14845441,116,116,60212,60212,Metrotown Station @ Bay 12,Metrotown Station @ Bay 12,60212,Metrotown Station,55470,55890,in_service_layover,62.0339618405797,67.10302345606387,28.589507511330737,420,7.0,15:24:30,15:31:30,False,,no_dispenser,0
2160529,heavy,106.0,3.0,40-ft,HTC,3,SUN,14845923,14845908,119,119,52692,52804,Metrotown Station @ Bay 1,Metrotown Station @ Bay 6,52692,Metrotown Station,55470,55890,in_service_layover,66.86251774934499,71.49818599350371,26.145168897055214,420,7.0,15:24:30,15:31:30,False,,no_dispenser,0
2160722,heavy,130.0,31.0,40-ft,BTC,3,SUN,14847470,14847405,130,130,52692,52736,Metrotown Station @ Bay 1,Metrotown Station @ Bay 4,52692,Metrotown Station,55470,56250,in_service_layover,67.3227076850762,75.16560675933849,44.2339507788393,780,13.0,15:24:30,15:37:30,False,,no_dispenser,0
2160522,heavy,106.0,10.0,40-ft,HTC,3,SUN,14848733,14848703,144,144,52692,60214,Metrotown Station @ Bay 1,Metrotown Station @ Bay 14,52692,Metrotown Station,55590,56130,in_service_layover,59.42795596617307,66.10250979151292,37.644483574916705,540,9.0,15:26:30,15:35:30,False,,no_dispenser,0
2160554,heavy,151.0,57.0,40-ft,PCT,3,SUN,14844893,14844857,110,110,52692,60213,Metrotown Station @ Bay 1,Metrotown Station @ Bay 13,52692,Metrotown Station,55650,56010,in_service_layover,62.40711481916234,66.7683123497182,24.59715407233506,360,6.0,15:27:30,15:33:30,False,,no_dispenser,0
2162395,heavy,430.0,31.0,40-ft,RTC,3,SUN,14874352,14874409,430,430,52692,51999,Metrotown Station @ Bay 1,Metrotown Station @ Bay 3,52692,Metrotown Station,55710,56250,in_service_layover,39.729350892440415,46.57245863788223,38.59512768429181,540,9.0,15:28:30,15:37:30,False,,no_dispenser,0
2160727,heavy,130.0,36.0,40-ft,BTC,3,SUN,14847471,14847406,130,130,52692,52736,Metrotown Station @ Bay 1,Metrotown Station @ Bay 4,52692,Metrotown Station,56370,57030,in_service_layover,66.8011261755614,73.71210157791003,38.97790126924633,660,11.0,15:39:30,15:50:30,False,,no_dispenser,0
2162393,heavy,430.0,32.0,40-ft,RTC,3,SUN,14874374,14874431,430,430,52692,51999,Metrotown Station @ Bay 1,Metrotown Station @ Bay 3,52692,Metrotown Station,56610,57090,in_service_layover,30.13864667570284,36.15050671213073,33.90689060545327,480,8.0,15:43:30,15:51:30,False,,no_dispenser,0
2160589,heavy,106.0,8.0,40-ft,HTC,3,SUN,14845479,14845442,116,116,60212,60212,Metrotown Station @ Bay 12,Metrotown Station @ Bay 12,60212,Metrotown Station,57270,57690,in_service_layover,59.01276143705558,64.33746728285684,30.03134097031915,420,7.0,15:54:30,16:01:30,False,,no_dispenser,0
2160726,heavy,130.0,35.0,40-ft,BTC,3,SUN,14847472,14847407,130,130,52692,52736,Metrotown Station @ Bay 1,Metrotown Station @ Bay 4,52692,Metrotown Station,57270,57930,in_service_layover,65.71758586213627,72.79468706332266,39.91485077469116,660,11.0,15:54:30,16:05:30,False,,no_dispenser,0
2160774,heavy,106.0,11.0,40-ft,HTC,3,SUN,14848741,14848699,144,144,52692,60214,Metrotown Station @ Bay 1,Metrotown Station @ Bay 14,52692,Metrotown Station,57390,57930,in_service_layover,56.24661267160774,63.20184102992662,39.22748794091842,540,9.0,15:56:30,16:05:30,False,,no_dispenser,0
2160555,heavy,151.0,62.0,40-ft,PCT,3,SUN,14844894,14844865,110,110,52692,60213,Metrotown Station @ Bay 1,Metrotown Station @ Bay 13,52692,Metrotown Station,57510,57810,in_service_layover,61.383153443231656,65.1134635234189,21.038948852256112,300,5.0,15:58:30,16:03:30,False,,no_dispenser,0
2162391,heavy,430.0,37.0,40-ft,RTC,3,SUN,14874363,14874394,430,430,52692,51999,Metrotown Station @ Bay 1,Metrotown Station @ Bay 3,52692,Metrotown Station,57510,58050,in_service_layover,69.92930727899837,75.33763715840497,30.502980519853224,540,9.0,15:58:30,16:07:30,False,,no_dispenser,0
2160585,heavy,123.0,8.0,40-ft,HTC,3,SUN,14845920,14845885,119,119,52692,52804,Metrotown Station @ Bay 1,Metrotown Station @ Bay 6,52692,Metrotown Station,57570,58050,in_service_layover,66.82168615850608,72.0549113984889,29.51539035350305,480,8.0,15:59:30,16:07:30,False,,no_dispenser,0
2160725,heavy,130.0,32.0,40-ft,BTC,3,SUN,14847473,14847408,130,130,52692,52736,Metrotown Station @ Bay 1,Metrotown Station @ Bay 4,52692,Metrotown Station,58170,58890,in_service_layover,64.62553084093268,72.42231669948464,43.97387224223314,720,12.0,16:09:30,16:21:30,False,,no_dispenser,0
2160629,heavy,106.0,16.0,40-ft,HTC,3,SUN,14845980,14845884,119,119,52692,52804,Metrotown Station @ Bay 1,Metrotown Station @ Bay 6,52692,Metrotown Station,58290,58770,in_service_layover,66.68305754511951,71.93156023038905,29.60155514492027,480,8.0,16:11:30,16:19:30,False,,no_dispenser,0
2162392,heavy,430.0,36.0,40-ft,RTC,3,SUN,14874384,14874424,430,430,52692,51999,Metrotown Station @ Bay 1,Metrotown Station @ Bay 3,52692,Metrotown Station,58290,58950,in_service_layover,51.367053156025534,59.9777245467749,48.56418664382642,660,11.0,16:11:30,16:22:30,False,,no_dispenser,0
2160618,heavy,106.0,19.0,40-ft,HTC,3,SUN,14845480,14845443,116,116,60212,60212,Metrotown Station @ Bay 12,Metrotown Station @ Bay 12,60212,Metrotown Station,59070,59490,in_service_layover,63.933087156136324,68.8385403853695,27.6667562128751,420,7.0,16:24:30,16:31:30,False,,no_dispenser,0
2162389,heavy,430.0,34.0,40-ft,RTC,3,SUN,14874351,14874408,430,430,52692,51999,Metrotown Station @ Bay 1,Metrotown Station @ Bay 3,52692,Metrotown Station,59070,59790,in_service_layover,44.14515603559298,53.39362350319436,52.16135651727177,720,12.0,16:24:30,16:36:30,False,,no_dispenser,0
2160724,heavy,130.0,33.0,40-ft,BTC,3,SUN,14847474,14847409,130,130,52692,52736,Metrotown Station @ Bay 1,Metrotown Station @ Bay 4,52692,Metrotown Station,59070,59850,in_service_layover,65.19925578913501,73.4304760292049,46.42408215399422,780,13.0,16:24:30,16:37:30,False,,no_dispenser,0
2160775,heavy,106.0,15.0,40-ft,HTC,3,SUN,14848740,14848691,144,144,52692,60214,Metrotown Station @ Bay 1,Metrotown Station @ Bay 14,52692,Metrotown Station,59130,59730,in_service_layover,58.24389915052033,65.72976902668525,42.22030610157009,600,10.0,16:25:30,16:35:30,False,,no_dispenser,0
2160553,heavy,151.0,60.0,40-ft,PCT,3,SUN,14844895,14844875,110,110,52692,60213,Metrotown Station @ Bay 1,Metrotown Station @ Bay 13,52692,Metrotown Station,59310,59610,in_service_layover,62.687710377870665,66.3409189843795,20.604096540709804,300,5.0,16:28:30,16:33:30,False,,no_dispenser,0
2162396,heavy,430.0,39.0,40-ft,RTC,3,SUN,14874375,14874432,430,430,52692,51999,Metrotown Station @ Bay 1,Metrotown Station @ Bay 3,52692,Metrotown Station,59970,60690,in_service_layover,69.92930727899837,76.82126777492411,38.87065719702122,720,12.0,16:39:30,16:51:30,False,,no_dispenser,0
2160723,heavy,130.0,34.0,40-ft,BTC,3,SUN,14847475,14847410,130,130,52692,52736,Metrotown Station @ Bay 1,Metrotown Station @ Bay 4,52692,Metrotown Station,59970,60750,in_service_layover,68.22877419053617,75.90259770307412,43.280364610714,780,13.0,16:39:30,16:52:30,False,,no_dispenser,0
2160627,heavy,106.0,20.0,40-ft,HTC,3,SUN,14845918,14845882,119,119,52692,52804,Metrotown Station @ Bay 1,Metrotown Station @ Bay 6,52692,Metrotown Station,60450,60930,in_service_layover,68.49207513588661,73.53749291565593,28.45615627789897,480,8.0,16:47:30,16:55:30,False,,no_dispenser,0
2162394,heavy,430.0,33.0,40-ft,RTC,3,SUN,14874362,14874390,430,430,52692,51999,Metrotown Station @ Bay 1,Metrotown Station @ Bay 3,52692,Metrotown Station,60810,61590,in_service_layover,46.21849169412193,56.318651851675504,56.96490328860216,780,13.0,16:53:30,17:06:30,False,,no_dispenser,0
2160527,heavy,106.0,14.0,40-ft,HTC,3,SUN,14845481,14845444,116,116,60212,60212,Metrotown Station @ Bay 12,Metrotown Station @ Bay 12,60212,Metrotown Station,60870,61290,in_service_layover,58.417071866633044,63.786556698927356,30.283894454139897,420,7.0,16:54:30,17:01:30,False,,no_dispenser,0
2160728,heavy,130.0,37.0,40-ft,BTC,3,SUN,14847476,14847411,130,130,52692,52736,Metrotown Station @ Bay 1,Metrotown Station @ Bay 4,52692,Metrotown Station,60870,61530,in_service_layover,64.87838949032798,72.0821682502209,40.62931220579617,660,11.0,16:54:30,17:05:30,False,,no_dispenser,0
2160556,heavy,151.0,65.0,40-ft,PCT,3,SUN,14844896,14844866,110,110,52692,60213,Metrotown Station @ Bay 1,Metrotown Station @ Bay 13,52692,Metrotown Station,60930,61410,in_service_layover,60.72312381951475,66.58369216955882,33.053605494248586,480,8.0,16:55:30,17:03:30,False,,no_dispenser,0
2160776,heavy,106.0,7.0,40-ft,HTC,3,SUN,14848739,14848709,144,144,52692,60214,Metrotown Station @ Bay 1,Metrotown Station @ Bay 14,52692,Metrotown Station,60930,61530,in_service_layover,53.77856514835173,61.5851657195703,44.02922722167273,600,10.0,16:55:30,17:05:30,False,,no_dispenser,0
2162390,heavy,430.0,35.0,40-ft,RTC,3,SUN,14874385,14874425,430,430,52692,51999,Metrotown Station @ Bay 1,Metrotown Station @ Bay 3,52692,Metrotown Station,61710,62550,in_service_layover,43.080498012771365,53.88087526730877,60.91412771559101,840,14.0,17:08:30,17:22:30,False,,no_dispenser,0
2160722,heavy,130.0,31.0,40-ft,BTC,3,SUN,14847477,14847412,130,130,52692,52736,Metrotown Station @ Bay 1,Metrotown Station @ Bay 4,52692,Metrotown Station,61770,62310,in_service_layover,64.94701423775138,70.98645168631997,34.06242720992685,540,9.0,17:09:30,17:18:30,False,,no_dispenser,0
2160589,heavy,106.0,8.0,40-ft,HTC,3,SUN,14845485,14845445,116,116,60212,60212,Metrotown Station @ Bay 12,Metrotown Station @ Bay 12,60212,Metrotown Station,62550,63090,in_service_layover,55.78214388579939,62.76436152576409,39.37970748940086,540,9.0,17:22:30,17:31:30,False,,no_dispenser,0
2162388,heavy,430.0,38.0,40-ft,RTC,3,SUN,14874350,14874407,430,430,52692,51999,Metrotown Station @ Bay 1,Metrotown Station @ Bay 3,52692,Metrotown Station,62610,63570,in_service_layover,65.25208262823696,74.95196426568562,54.707332435210446,960,16.0,17:23:30,17:39:30,False,,no_dispenser,0
2160554,heavy,151.0,57.0,40-ft,PCT,3,SUN,14844897,14844846,110,110,52692,60213,Metrotown Station @ Bay 1,Metrotown Station @ Bay 13,52692,Metrotown Station,62730,63210,in_service_layover,59.73912250019886,65.69637635914111,33.59891176443426,480,8.0,17:25:30,17:33:30,False,,no_dispenser,0
2160522,heavy,106.0,10.0,40-ft,HTC,3,SUN,14848738,14848694,144,144,52692,60214,Metrotown Station @ Bay 1,Metrotown Station @ Bay 14,52692,Metrotown Station,62730,63330,in_service_layover,55.69070177201404,63.400278347462645,43.48201188553014,600,10.0,17:25:30,17:35:30,False,,no_dispenser,0
2160618,heavy,106.0,19.0,40-ft,HTC,3,SUN,14845486,14845446,116,116,60212,60212,Metrotown Station @ Bay 12,Metrotown Station @ Bay 12,60212,Metrotown Station,64350,64890,in_service_layover,60.07053125791004,66.6684776731606,37.21241778201312,540,9.0,17:52:30,18:01:30,False,,no_dispenser,0
2162393,heavy,430.0,32.0,40-ft,RTC,3,SUN,14874361,14874393,430,430,52692,51999,Metrotown Station @ Bay 1,Metrotown Station @ Bay 3,52692,Metrotown Station,64410,64830,in_service_layover,21.833186564364134,27.038126589575707,29.35586174219327,420,7.0,17:53:30,18:00:30,False,,no_dispenser,0
2160725,heavy,130.0,32.0,40-ft,BTC,3,SUN,14847480,14847415,130,130,52692,52736,Metrotown Station @ Bay 1,Metrotown Station @ Bay 4,52692,Metrotown Station,64470,64710,in_service_layover,69.35779714180434,71.972076564914,14.744535946338601,240,4.0,17:54:30,17:58:30,False,,no_dispenser,0
2160555,heavy,151.0,62.0,40-ft,PCT,3,SUN,14844898,14844858,110,110,52692,60213,Metrotown Station @ Bay 1,Metrotown Station @ Bay 13,52692,Metrotown Station,64470,65010,in_service_layover,58.272431180471195,65.06828143056143,38.32859541050891,540,9.0,17:54:30,18:03:30,False,,no_dispenser,0
2160774,heavy,106.0,11.0,40-ft,HTC,3,SUN,14848726,14848718,144,144,52692,60214,Metrotown Station @ Bay 1,Metrotown Station @ Bay 14,52692,Metrotown Station,64590,65130,in_service_layover,54.37193361226158,61.4142636362741,39.71874133543065,540,9.0,17:56:30,18:05:30,False,,no_dispenser,0
2160627,heavy,106.0,20.0,40-ft,HTC,3,SUN,14845911,14845857,119,119,52692,52804,Metrotown Station @ Bay 1,Metrotown Station @ Bay 6,52692,Metrotown Station,64710,65430,in_service_layover,67.73608305737444,75.01060735109591,41.028317016589085,720,12.0,17:58:30,18:10:30,False,,no_dispenser,0
2162391,heavy,430.0,37.0,40-ft,RTC,3,SUN,14874386,14874426,430,430,52692,51999,Metrotown Station @ Bay 1,Metrotown Station @ Bay 3,52692,Metrotown Station,65370,66030,in_service_layover,61.02031701063837,68.7841596231868,43.78807233477312,660,11.0,18:09:30,18:20:30,False,,no_dispenser,0
2160629,heavy,106.0,16.0,40-ft,HTC,3,SUN,14845976,14845877,119,119,52692,52804,Metrotown Station @ Bay 1,Metrotown Station @ Bay 6,52692,Metrotown Station,66090,66330,in_service_layover,66.8156448187938,69.56819224843947,15.524367503201574,240,4.0,18:21:30,18:25:30,False,,no_dispenser,0
2160527,heavy,106.0,14.0,40-ft,HTC,3,SUN,14845487,14845457,116,116,60212,60212,Metrotown Station @ Bay 12,Metrotown Station @ Bay 12,60212,Metrotown Station,66150,66510,in_service_layover,56.00519303018602,60.73538840543561,26.67830191640769,360,6.0,18:22:30,18:28:30,False,,no_dispenser,0
2160723,heavy,130.0,34.0,40-ft,BTC,3,SUN,14847482,14847417,130,130,52692,52736,Metrotown Station @ Bay 1,Metrotown Station @ Bay 4,52692,Metrotown Station,66270,66450,in_service_layover,65.68400518148701,67.81223194810093,12.003198963702573,180,3.0,18:24:30,18:27:30,False,,no_dispenser,0
2160553,heavy,151.0,60.0,40-ft,PCT,3,SUN,14844899,14844859,110,110,52692,60213,Metrotown Station @ Bay 1,Metrotown Station @ Bay 13,52692,Metrotown Station,66330,66810,in_service_layover,59.35875182535979,65.35507662647242,33.819271878275174,480,8.0,18:25:30,18:33:30,False,,no_dispenser,0
2160775,heavy,106.0,15.0,40-ft,HTC,3,SUN,14848742,14848689,144,144,52692,60214,Metrotown Station @ Bay 1,Metrotown Station @ Bay 14,52692,Metrotown Station,66330,66870,in_service_layover,56.82363643785616,63.740373471129274,39.01039686766035,540,9.0,18:25:30,18:34:30,False,,no_dispenser,0
2160626,heavy,106.0,4.0,40-ft,HTC,3,SUN,14845975,14845876,119,119,52692,52804,Metrotown Station @ Bay 1,Metrotown Station @ Bay 6,52692,Metrotown Station,66810,67230,in_service_layover,66.9466382606217,71.57424731661234,26.09971507578723,420,7.0,18:33:30,18:40:30,False,,no_dispenser,0
2162389,heavy,430.0,34.0,40-ft,RTC,3,SUN,14874349,14874406,430,430,52692,51999,Metrotown Station @ Bay 1,Metrotown Station @ Bay 3,52692,Metrotown Station,67050,67230,in_service_layover,39.07630335542777,41.346539862910234,12.804133902201102,180,3.0,18:37:30,18:40:30,False,,no_dispenser,0
2160529,heavy,106.0,3.0,40-ft,HTC,3,SUN,14845974,14845875,119,119,52692,52804,Metrotown Station @ Bay 1,Metrotown Station @ Bay 6,52692,Metrotown Station,67710,68130,in_service_layover,67.08540339169596,71.69968033219551,26.024521944417472,420,7.0,18:48:30,18:55:30,False,,no_dispenser,0
2162396,heavy,430.0,39.0,40-ft,RTC,3,SUN,14874360,14874427,430,430,52692,51999,Metrotown Station @ Bay 1,Metrotown Station @ Bay 3,52692,Metrotown Station,67770,68490,in_service_layover,62.503947627157515,70.64327913213548,45.9058296880757,720,12.0,18:49:30,19:01:30,False,,no_dispenser,0
2160589,heavy,106.0,8.0,40-ft,HTC,3,SUN,14845488,14845447,116,116,60212,60212,Metrotown Station @ Bay 12,Metrotown Station @ Bay 12,60212,Metrotown Station,67950,68310,in_service_layover,55.01922162019623,59.75779720964787,26.725566324507326,360,6.0,18:52:30,18:58:30,False,,no_dispenser,0
2160556,heavy,151.0,65.0,40-ft,PCT,3,SUN,14844900,14844863,110,110,52692,60213,Metrotown Station @ Bay 1,Metrotown Station @ Bay 13,52692,Metrotown Station,67950,68610,in_service_layover,59.574869769755715,67.54720221552283,44.96395499412654,660,11.0,18:52:30,19:03:30,False,,no_dispenser,0
2160776,heavy,106.0,7.0,40-ft,HTC,3,SUN,14848745,14848710,144,144,52692,60214,Metrotown Station @ Bay 1,Metrotown Station @ Bay 14,52692,Metrotown Station,68130,68610,in_service_layover,52.74866804357512,59.042358674664186,35.49641515934235,480,8.0,18:55:30,19:03:30,False,,no_dispenser,0
2160627,heavy,106.0,20.0,40-ft,HTC,3,SUN,14845973,14845874,119,119,52692,52804,Metrotown Station @ Bay 1,Metrotown Station @ Bay 6,52692,Metrotown Station,68610,69030,in_service_layover,69.20919749281443,73.61350414978475,24.8402895453126,420,7.0,19:03:30,19:10:30,False,,no_dispenser,0
2162390,heavy,430.0,35.0,40-ft,RTC,3,SUN,14874348,14874405,430,430,52692,51999,Metrotown Station @ Bay 1,Metrotown Station @ Bay 3,52692,Metrotown Station,68910,69690,in_service_layover,39.56355511954218,49.492890260785636,56.00145019661312,780,13.0,19:08:30,19:21:30,False,,no_dispenser,0
2160629,heavy,106.0,16.0,40-ft,HTC,3,SUN,14845972,14845873,119,119,52692,52804,Metrotown Station @ Bay 1,Metrotown Station @ Bay 6,52692,Metrotown Station,69510,69930,in_service_layover,65.84335705683742,70.57528165610204,26.68805473985236,420,7.0,19:18:30,19:25:30,False,,no_dispenser,0
2160618,heavy,106.0,19.0,40-ft,HTC,3,SUN,14845489,14845448,116,116,60212,60212,Metrotown Station @ Bay 12,Metrotown Station @ Bay 12,60212,Metrotown Station,69690,70110,in_service_layover,58.720923838721895,64.06829984349977,30.159200666947243,420,7.0,19:21:30,19:28:30,False,,no_dispenser,0
2160554,heavy,151.0,57.0,40-ft,PCT,3,SUN,14844908,14844862,110,110,52692,60213,Metrotown Station @ Bay 1,Metrotown Station @ Bay 13,52692,Metrotown Station,69750,70410,in_service_layover,59.44929447451517,67.44058597402176,45.0708840572172,660,11.0,19:22:30,19:33:30,False,,no_dispenser,0
2160522,heavy,106.0,10.0,40-ft,HTC,3,SUN,14848737,14848715,144,144,52692,60214,Metrotown Station @ Bay 1,Metrotown Station @ Bay 14,52692,Metrotown Station,69810,70410,in_service_layover,54.568205840462724,62.342062196889984,43.844549850249734,600,10.0,19:23:30,19:33:30,False,,no_dispenser,0
2162388,heavy,430.0,38.0,40-ft,RTC,3,SUN,14874381,14874433,430,430,52692,51999,Metrotown Station @ Bay 1,Metrotown Station @ Bay 3,52692,Metrotown Station,70050,70890,in_service_layover,60.634644117919024,70.24170364244404,54.18381571832106,840,14.0,19:27:30,19:41:30,False,,no_dispenser,0
2160626,heavy,106.0,4.0,40-ft,HTC,3,SUN,14845971,14845872,119,119,52692,52804,Metrotown Station @ Bay 1,Metrotown Station @ Bay 6,52692,Metrotown Station,70350,70830,in_service_layover,67.76975134441217,72.89722554681231,28.918954501536803,480,8.0,19:32:30,19:40:30,False,,no_dispenser,0
2160529,heavy,106.0,3.0,40-ft,HTC,3,SUN,14845970,14845871,119,119,52692,52804,Metrotown Station @ Bay 1,Metrotown Station @ Bay 6,52692,Metrotown Station,71250,71730,in_service_layover,67.88987418552456,73.00379139490217,28.842493060889694,480,8.0,19:47:30,19:55:30,False,,no_dispenser,0
2160527,heavy,106.0,14.0,40-ft,HTC,3,SUN,14845464,14845449,116,116,60212,60212,Metrotown Station @ Bay 12,Metrotown Station @ Bay 12,60212,Metrotown Station,71490,71910,in_service_layover,55.31656807409403,60.8244777415195,31.064610524279658,420,7.0,19:51:30,19:58:30,False,,no_dispenser,0
2160555,heavy,151.0,62.0,40-ft,PCT,3,SUN,14844878,14844843,110,110,52692,60213,Metrotown Station @ Bay 1,Metrotown Station @ Bay 13,52692,Metrotown Station,71490,72210,in_service_layover,60.197744620199124,68.69685718764164,47.93499488037588,720,12.0,19:51:30,20:03:30,False,,no_dispenser,0
2160774,heavy,106.0,11.0,40-ft,HTC,3,SUN,14848753,14848702,144,144,52692,60214,Metrotown Station @ Bay 1,Metrotown Station @ Bay 14,52692,Metrotown Station,71610,72210,in_service_layover,52.57454664942999,60.41125164074187,44.199016150999,600,10.0,19:53:30,20:03:30,False,,no_dispenser,0
2160627,heavy,106.0,20.0,40-ft,HTC,3,SUN,14845969,14845870,119,119,52692,52804,Metrotown Station @ Bay 1,Metrotown Station @ Bay 6,52692,Metrotown Station,72150,72630,in_service_layover,67.81209429150326,72.93479361773952,28.892024199972468,480,8.0,20:02:30,20:10:30,False,,no_dispenser,0
2160629,heavy,106.0,16.0,40-ft,HTC,3,SUN,14845968,14845869,119,119,52692,52804,Metrotown Station @ Bay 1,Metrotown Station @ Bay 6,52692,Metrotown Station,73050,73530,in_service_layover,66.81169345218463,72.04602158649439,29.521610677507056,480,8.0,20:17:30,20:25:30,False,,no_dispenser,0
2160553,heavy,151.0,60.0,40-ft,PCT,3,SUN,14844879,14844867,110,110,52692,60213,Metrotown Station @ Bay 1,Metrotown Station @ Bay 13,52692,Metrotown Station,73170,74010,in_service_layover,60.43730485907074,70.08058479496762,54.38809883845835,840,14.0,20:19:30,20:33:30,False,,no_dispenser,0
2160589,heavy,106.0,8.0,40-ft,HTC,3,SUN,14845465,14845450,116,116,60212,60212,Metrotown Station @ Bay 12,Metrotown Station @ Bay 12,60212,Metrotown Station,73290,73710,in_service_layover,54.36509840531255,59.88364604156179,31.124608668445717,420,7.0,20:21:30,20:28:30,False,,no_dispenser,0
2162389,heavy,430.0,34.0,40-ft,RTC,3,SUN,14874382,14874415,430,430,52692,51999,Metrotown Station @ Bay 1,Metrotown Station @ Bay 3,52692,Metrotown Station,73410,73890,in_service_layover,27.029219715143636,33.019440764607864,33.78484671897823,480,8.0,20:23:30,20:31:30,False,,no_dispenser,0
2160775,heavy,106.0,15.0,40-ft,HTC,3,SUN,14848752,14848700,144,144,52692,60214,Metrotown Station @ Bay 1,Metrotown Station @ Bay 14,52692,Metrotown Station,73410,74010,in_service_layover,55.65708211970891,63.36888853092323,43.49458815924879,600,10.0,20:23:30,20:33:30,False,,no_dispenser,0
2160626,heavy,106.0,4.0,40-ft,HTC,3,SUN,14845967,14845868,119,119,52692,52804,Metrotown Station @ Bay 1,Metrotown Station @ Bay 6,52692,Metrotown Station,73950,74430,in_service_layover,67.09581568853082,72.29869077865082,29.344215508276818,480,8.0,20:32:30,20:40:30,False,,no_dispenser,0
2162396,heavy,430.0,39.0,40-ft,RTC,3,SUN,14874369,14874391,430,430,52692,51999,Metrotown Station @ Bay 1,Metrotown Station @ Bay 3,52692,Metrotown Station,74610,75330,in_service_layover,56.32595898436888,65.37479853012084,51.03545503804111,720,12.0,20:43:30,20:55:30,False,,no_dispenser,0
2160529,heavy,106.0,3.0,40-ft,HTC,3,SUN,14845966,14845867,119,119,52692,52804,Metrotown Station @ Bay 1,Metrotown Station @ Bay 6,52692,Metrotown Station,74850,75330,in_service_layover,67.20238153662066,72.39340877957136,29.277393650241834,480,8.0,20:47:30,20:55:30,False,,no_dispenser,0
2160618,heavy,106.0,19.0,40-ft,HTC,3,SUN,14845466,14845451,116,116,60212,60212,Metrotown Station @ Bay 12,Metrotown Station @ Bay 12,60212,Metrotown Station,74910,75510,in_service_layover,59.13602049824666,66.51711902480223,41.629395689773446,600,10.0,20:48:30,20:58:30,False,,no_dispenser,0
2160556,heavy,151.0,65.0,40-ft,PCT,3,SUN,14844902,14844869,110,110,52692,60213,Metrotown Station @ Bay 1,Metrotown Station @ Bay 13,52692,Metrotown Station,74970,75810,in_service_layover,62.28086881738821,71.58202536394623,52.45852292258718,840,14.0,20:49:30,21:03:30,False,,no_dispenser,0
2160527,heavy,106.0,14.0,40-ft,HTC,3,SUN,14845467,14845452,116,116,60212,60212,Metrotown Station @ Bay 12,Metrotown Station @ Bay 12,60212,Metrotown Station,76710,77310,in_service_layover,56.866147071957805,64.48610564448867,42.97656634907406,600,10.0,21:18:30,21:28:30,False,,no_dispenser,0
2160554,heavy,151.0,57.0,40-ft,PCT,3,SUN,14844901,14844870,110,110,52692,60213,Metrotown Station @ Bay 1,Metrotown Station @ Bay 13,52692,Metrotown Station,76770,77610,in_service_layover,62.190954330181256,71.50899104275396,52.553727058910056,840,14.0,21:19:30,21:33:30,False,,no_dispenser,0
2160522,heavy,106.0,10.0,40-ft,HTC,3,SUN,14848736,14845866,144,119,52692,52804,Metrotown Station @ Bay 1,Metrotown Station @ Bay 6,52692,Metrotown Station,76830,77190,in_service_layover,55.79125979875196,60.52463742674759,26.69624982189532,360,6.0,21:20:30,21:26:30,False,,no_dispenser,0
2162388,heavy,430.0,38.0,40-ft,RTC,3,SUN,14874346,14874434,430,430,52692,51999,Metrotown Station @ Bay 1,Metrotown Station @ Bay 3,52692,Metrotown Station,77010,77910,in_service_layover,55.92438349467744,66.98840248443267,62.40106710221943,900,15.0,21:23:30,21:38:30,False,,no_dispenser,0
2160626,heavy,106.0,4.0,40-ft,HTC,3,SUN,14845963,14848690,119,144,52692,60214,Metrotown Station @ Bay 1,Metrotown Station @ Bay 14,52692,Metrotown Station,77430,77610,in_service_layover,69.68483038211765,71.65789812066303,11.128102045395963,180,3.0,21:30:30,21:33:30,False,,no_dispenser,0
2160555,heavy,151.0,62.0,40-ft,PCT,3,SUN,14844889,14844871,110,110,52692,60213,Metrotown Station @ Bay 1,Metrotown Station @ Bay 13,52692,Metrotown Station,78450,79410,in_service_layover,63.81275916447413,73.83352754884093,56.51713368782879,960,16.0,21:47:30,22:03:30,False,,no_dispenser,0
2160589,heavy,106.0,8.0,40-ft,HTC,3,SUN,14845468,14845453,116,116,60212,60212,Metrotown Station @ Bay 12,Metrotown Station @ Bay 12,60212,Metrotown Station,78510,79110,in_service_layover,55.97803772264767,63.66781478674508,43.37034264150941,600,10.0,21:48:30,21:58:30,False,,no_dispenser,0
2160774,heavy,106.0,11.0,40-ft,HTC,3,SUN,14848734,14848706,144,144,52692,60214,Metrotown Station @ Bay 1,Metrotown Station @ Bay 14,52692,Metrotown Station,78510,79410,in_service_layover,54.65721788329145,65.89356831387511,63.37301642849184,900,15.0,21:48:30,22:03:30,False,,no_dispenser,0
2160553,heavy,151.0,60.0,40-ft,PCT,3,SUN,14844907,14844874,110,110,52692,60213,Metrotown Station @ Bay 1,Metrotown Station @ Bay 13,52692,Metrotown Station,80250,81210,in_service_layover,65.98697093580029,75.52104664994984,53.772187027803454,960,16.0,22:17:30,22:33:30,False,,no_dispenser,0
2160775,heavy,106.0,15.0,40-ft,HTC,3,SUN,14848727,14848705,144,144,52692,60214,Metrotown Station @ Bay 1,Metrotown Station @ Bay 14,52692,Metrotown Station,80310,81210,in_service_layover,58.19096835965893,68.86720831871416,60.21399336907149,900,15.0,22:18:30,22:33:30,False,,no_dispenser,0
2160522,heavy,106.0,10.0,40-ft,HTC,3,SUN,14845961,14845864,119,119,52692,52804,Metrotown Station @ Bay 1,Metrotown Station @ Bay 6,52692,Metrotown Station,80370,80850,in_service_layover,60.83346839587767,66.68350003859878,32.99417846494708,480,8.0,22:19:30,22:27:30,False,,no_dispenser,0
2160722,heavy,130.0,31.0,40-ft,BTC,3,SUN,14847430,14847361,130,130,52692,52736,Metrotown Station @ Bay 1,Metrotown Station @ Bay 4,52692,Metrotown Station,80610,80790,in_service_layover,50.94139956391312,53.26193966846472,13.087846189670984,180,3.0,22:23:30,22:26:30,False,,no_dispenser,0
2160527,heavy,106.0,14.0,40-ft,HTC,3,SUN,14845470,14845462,116,116,60212,60212,Metrotown Station @ Bay 12,Metrotown Station @ Bay 12,60212,Metrotown Station,82050,82710,in_service_layover,61.47479218632162,69.17456460271019,43.42671642843152,660,11.0,22:47:30,22:58:30,False,,no_dispenser,0
2160627,heavy,106.0,20.0,40-ft,HTC,3,SUN,14848725,14848720,144,144,52692,60214,Metrotown Station @ Bay 1,Metrotown Station @ Bay 14,52692,Metrotown Station,82050,83010,in_service_layover,62.75568742709849,73.00887304434663,57.82796688127945,960,16.0,22:47:30,23:03:30,False,,no_dispenser,0
2160726,heavy,130.0,35.0,40-ft,BTC,3,SUN,14847431,14847362,130,130,52692,52736,Metrotown Station @ Bay 1,Metrotown Station @ Bay 4,52692,Metrotown Station,82410,82590,in_service_layover,55.05606831385167,57.41662748890721,13.313553747313222,180,3.0,22:53:30,22:56:30,False,,no_dispenser,0
2160554,heavy,151.0,57.0,40-ft,PCT,3,SUN,14844880,14844872,110,110,52692,60213,Metrotown Station @ Bay 1,Metrotown Station @ Bay 13,52692,Metrotown Station,83610,84810,in_service_layover,68.03770075331519,78.71030833388299,60.19350675440245,1200,20.0,23:13:30,23:33:30,False,,no_dispenser,0
2160626,heavy,106.0,4.0,40-ft,HTC,3,SUN,14848724,14848695,144,144,52692,60214,Metrotown Station @ Bay 1,Metrotown Station @ Bay 14,52692,Metrotown Station,83850,84810,in_service_layover,66.35833533217593,75.8081187778012,53.29677863332654,960,16.0,23:17:30,23:33:30,False,,no_dispenser,0
2160522,heavy,106.0,10.0,40-ft,HTC,3,SUN,14845959,14845862,119,119,52692,52804,Metrotown Station @ Bay 1,Metrotown Station @ Bay 6,52692,Metrotown Station,83910,84570,in_service_layover,66.39229697616663,73.36629253420593,39.333334947341655,660,11.0,23:18:30,23:29:30,False,,no_dispenser,0
2160722,heavy,130.0,31.0,40-ft,BTC,3,SUN,14847432,14847363,130,130,52692,52736,Metrotown Station @ Bay 1,Metrotown Station @ Bay 4,52692,Metrotown Station,84150,84390,in_service_layover,51.321511185726784,54.427172408613146,17.515929297079026,240,4.0,23:22:30,23:26:30,False,,no_dispenser,0
2160726,heavy,130.0,35.0,40-ft,BTC,3,SUN,14847433,14847364,130,130,52692,52736,Metrotown Station @ Bay 1,Metrotown Station @ Bay 4,52692,Metrotown Station,85950,86190,in_service_layover,55.542176548968214,58.702571089815315,17.824625210377633,240,4.0,23:52:30,23:56:30,False,,no_dispenser,0
2160522,heavy,106.0,10.0,40-ft,HTC,3,SUN,14845957,14848692,119,144,52692,60214,Metrotown Station @ Bay 1,Metrotown Station @ Bay 14,52692,Metrotown Station,87270,87510,in_service_layover,67.56488267592444,70.27833299439693,15.303859796184838,240,4.0,24:14:30,24:18:30,False,,no_dispenser,0
2160722,heavy,130.0,31.0,40-ft,BTC,3,SUN,14847434,14847365,130,130,52692,52736,Metrotown Station @ Bay 1,Metrotown Station @ Bay 4,52692,Metrotown Station,87750,87990,in_service_layover,54.1002008546381,57.241895947086185,17.719160321407173,240,4.0,24:22:30,24:26:30,False,,no_dispenser,0
2160627,heavy,106.0,20.0,40-ft,HTC,3,SUN,14848747,14845860,144,119,52692,52804,Metrotown Station @ Bay 1,Metrotown Station @ Bay 6,52692,Metrotown Station,88410,88650,in_service_layover,62.15368497570658,65.12987008323819,16.78568400647822,240,4.0,24:33:30,24:37:30,False,,no_dispenser,0
2160527,heavy,106.0,14.0,40-ft,HTC,3,SUN,14845956,14845859,119,119,52692,52804,Metrotown Station @ Bay 1,Metrotown Station @ Bay 6,52692,Metrotown Station,89130,90270,in_service_layover,67.60170781490842,77.99901829379317,58.64083110091002,1140,19.0,24:45:30,25:04:30,False,,no_dispenser,0
2160726,heavy,130.0,35.0,40-ft,BTC,3,SUN,14847435,14847366,130,130,52692,52736,Metrotown Station @ Bay 1,Metrotown Station @ Bay 4,52692,Metrotown Station,89550,89790,in_service_layover,58.27005800791364,61.418648966173976,17.758053004588305,240,4.0,24:52:30,24:56:30,False,,no_dispenser,0
2160722,heavy,130.0,31.0,40-ft,BTC,3,SUN,14847436,14847367,130,130,52692,52736,Metrotown Station @ Bay 1,Metrotown Station @ Bay 4,52692,Metrotown Station,91350,91530,in_service_layover,59.03837394509062,61.400252287043166,13.320993848612375,180,3.0,25:22:30,25:25:30,False,,no_dispenser,0
2161771,heavy,321.0,60.0,40-ft,STC,3,SUN,14864174,14864265,321,321,61649,61651,New Westminster Station @ Bay 2,New Westminster Station @ Bay 4,61649,New Westminster Station,25590,26190,in_service_layover,67.85406409637753,74.07562928777104,35.0896276794594,600,10.0,07:06:30,07:16:30,False,,no_dispenser,0
2160638,heavy,123.0,1.0,40-ft,HTC,3,SUN,14846340,14846382,123,123,61678,61651,New Westminster Station @ Unloading Only,New Westminster Station @ Bay 4,61678,New Westminster Station,27270,27810,in_service_layover,64.27156836848833,70.39185865459066,34.518437213617176,540,9.0,07:34:30,07:43:30,False,,no_dispenser,0
2160586,heavy,123.0,2.0,40-ft,HTC,3,SUN,14845183,14845213,112,112,61657,61657,New Westminster Station @ Bay 10,New Westminster Station @ Bay 10,61657,New Westminster Station,28110,28410,in_service_layover,63.9029825646503,67.48436657383174,20.199005811783252,300,5.0,07:48:30,07:53:30,False,,no_dispenser,0
2160642,heavy,123.0,5.0,40-ft,HTC,3,SUN,14846341,14846383,123,123,61678,61651,New Westminster Station @ Unloading Only,New Westminster Station @ Bay 4,61678,New Westminster Station,29130,29610,in_service_layover,69.9487287860429,74.8247621671651,27.500828269529222,480,8.0,08:05:30,08:13:30,False,,no_dispenser,0
2164123,heavy,106.0,2.0,40-ft,HTC,3,SUN,14844432,14844524,106,106,61650,61654,New Westminster Station @ Bay 3,New Westminster Station @ Bay 7,61650,New Westminster Station,29250,29730,in_service_layover,69.508659916486,74.43641661707538,27.79254779132407,480,8.0,08:07:30,08:15:30,False,,no_dispenser,0
2160639,heavy,123.0,4.0,40-ft,HTC,3,SUN,14846342,14846384,123,123,61678,61651,New Westminster Station @ Unloading Only,New Westminster Station @ Bay 4,61678,New Westminster Station,30990,31410,in_service_layover,66.59279352798512,71.25418528232824,26.29024949449513,420,7.0,08:36:30,08:43:30,False,,no_dispenser,0
2160638,heavy,123.0,1.0,40-ft,HTC,3,SUN,14846343,14846376,123,123,61678,61651,New Westminster Station @ Unloading Only,New Westminster Station @ Bay 4,61678,New Westminster Station,32790,33210,in_service_layover,67.24314348597107,71.8422068569558,25.938717412353753,420,7.0,09:06:30,09:13:30,False,,no_dispenser,0
2160521,heavy,106.0,5.0,40-ft,HTC,3,SUN,14844385,14844461,106,106,61650,61654,New Westminster Station @ Bay 3,New Westminster Station @ Bay 7,61650,New Westminster Station,32790,33270,in_service_layover,62.727388032424535,68.39188694126055,31.947773845835115,480,8.0,09:06:30,09:14:30,False,,no_dispenser,0
2160520,heavy,106.0,6.0,40-ft,HTC,3,SUN,14844429,14844491,106,106,61650,61654,New Westminster Station @ Bay 3,New Westminster Station @ Bay 7,61650,New Westminster Station,35670,35970,in_service_layover,67.52464437173337,70.87668568244389,18.905512992407296,300,5.0,09:54:30,09:59:30,False,,no_dispenser,0
2160639,heavy,123.0,4.0,40-ft,HTC,3,SUN,14846345,14846377,123,123,61678,61651,New Westminster Station @ Unloading Only,New Westminster Station @ Bay 4,61678,New Westminster Station,36450,36810,in_service_layover,67.96239483515929,71.89678640032743,22.18996842754831,360,6.0,10:07:30,10:13:30,False,,no_dispenser,0
2160521,heavy,106.0,5.0,40-ft,HTC,3,SUN,14844396,14844502,106,106,61650,61654,New Westminster Station @ Bay 3,New Westminster Station @ Bay 7,61650,New Westminster Station,36570,36870,in_service_layover,62.05005807035761,65.74095298345705,20.816647309880807,300,5.0,10:09:30,10:14:30,False,,no_dispenser,0
2160587,heavy,123.0,3.0,40-ft,HTC,3,SUN,14845190,14845212,112,112,61657,61657,New Westminster Station @ Bay 10,New Westminster Station @ Bay 10,61657,New Westminster Station,37170,37350,in_service_layover,55.82776674556407,58.195831422477305,13.355884777790664,180,3.0,10:19:30,10:22:30,False,,no_dispenser,0
2160643,heavy,123.0,7.0,40-ft,HTC,3,SUN,14846329,14846408,123,123,61678,61651,New Westminster Station @ Unloading Only,New Westminster Station @ Bay 4,61678,New Westminster Station,37350,37710,in_service_layover,62.41009805587614,66.77108400936011,24.595960777649566,360,6.0,10:22:30,10:28:30,False,,no_dispenser,0
2160628,heavy,106.0,12.0,40-ft,HTC,3,SUN,14844428,14844485,106,106,61650,61654,New Westminster Station @ Bay 3,New Westminster Station @ Bay 7,61650,New Westminster Station,37650,37830,in_service_layover,68.90479239967419,70.91108169322273,11.315471615613717,180,3.0,10:27:30,10:30:30,False,,no_dispenser,0
2160638,heavy,123.0,1.0,40-ft,HTC,3,SUN,14846373,14846419,123,123,61678,61651,New Westminster Station @ Unloading Only,New Westminster Station @ Bay 4,61678,New Westminster Station,38250,38610,in_service_layover,66.8115212495387,70.84053514966021,22.723638396685317,360,6.0,10:37:30,10:43:30,False,,no_dispenser,0
2160630,heavy,106.0,9.0,40-ft,HTC,3,SUN,14844449,14844460,106,106,61650,61654,New Westminster Station @ Bay 3,New Westminster Station @ Bay 7,61650,New Westminster Station,38550,38730,in_service_layover,69.47707094725821,71.45913354985866,11.178833078666571,180,3.0,10:42:30,10:45:30,False,,no_dispenser,0
2160586,heavy,123.0,2.0,40-ft,HTC,3,SUN,14845196,14845214,112,112,61657,61657,New Westminster Station @ Bay 10,New Westminster Station @ Bay 10,61657,New Westminster Station,38910,39150,in_service_layover,51.387713652935155,54.494233385173864,17.520771289826314,240,4.0,10:48:30,10:52:30,False,,no_dispenser,0
2160640,heavy,123.0,6.0,40-ft,HTC,3,SUN,14846326,14846431,123,123,61678,61651,New Westminster Station @ Unloading Only,New Westminster Station @ Bay 4,61678,New Westminster Station,39150,39510,in_service_layover,59.64794595079046,64.20792481259842,25.7182807805969,360,6.0,10:52:30,10:58:30,False,,no_dispenser,0
2160642,heavy,123.0,5.0,40-ft,HTC,3,SUN,14846321,14846427,123,123,61678,61651,New Westminster Station @ Unloading Only,New Westminster Station @ Bay 4,61678,New Westminster Station,40110,40410,in_service_layover,65.40781255893542,68.89781805954136,19.683631023417547,300,5.0,11:08:30,11:13:30,False,,no_dispenser,0
2164123,heavy,106.0,2.0,40-ft,HTC,3,SUN,14845179,14845232,112,112,61657,61657,New Westminster Station @ Bay 10,New Westminster Station @ Bay 10,61657,New Westminster Station,40710,40950,in_service_layover,53.39468590078482,56.52723192052234,17.667559551319528,240,4.0,11:18:30,11:22:30,False,,no_dispenser,0
2160641,heavy,123.0,11.0,40-ft,HTC,3,SUN,14846310,14846401,123,123,61678,61651,New Westminster Station @ Unloading Only,New Westminster Station @ Bay 4,61678,New Westminster Station,41010,41310,in_service_layover,69.28349831889807,72.51251299862284,18.211642793647684,300,5.0,11:23:30,11:28:30,False,,no_dispenser,0
2160521,heavy,106.0,5.0,40-ft,HTC,3,SUN,14844418,14844527,106,106,61650,61654,New Westminster Station @ Bay 3,New Westminster Station @ Bay 7,61650,New Westminster Station,41310,41790,in_service_layover,69.85970519924535,74.74624039453232,27.560058501418496,480,8.0,11:28:30,11:36:30,False,,no_dispenser,0
2160639,heavy,123.0,4.0,40-ft,HTC,3,SUN,14846317,14846428,123,123,61678,61651,New Westminster Station @ Unloading Only,New Westminster Station @ Bay 4,61678,New Westminster Station,41970,42210,in_service_layover,66.8593237087313,69.60962970612222,15.511725825284827,240,4.0,11:39:30,11:43:30,False,,no_dispenser,0
2160584,heavy,106.0,13.0,40-ft,HTC,3,SUN,14845182,14845241,112,112,61657,61657,New Westminster Station @ Bay 10,New Westminster Station @ Bay 10,61657,New Westminster Station,42630,42930,in_service_layover,59.17323043303876,63.03656986005811,21.789234368389145,300,5.0,11:50:30,11:55:30,False,,no_dispenser,0
2160643,heavy,123.0,7.0,40-ft,HTC,3,SUN,14846311,14846404,123,123,61678,61651,New Westminster Station @ Unloading Only,New Westminster Station @ Bay 4,61678,New Westminster Station,42870,43110,in_service_layover,62.33807026735002,65.30553739418924,16.736514595373308,240,4.0,11:54:30,11:58:30,False,,no_dispenser,0
2160520,heavy,106.0,6.0,40-ft,HTC,3,SUN,14844389,14844495,106,106,61650,61654,New Westminster Station @ Bay 3,New Westminster Station @ Bay 7,61650,New Westminster Station,43470,43950,in_service_layover,61.96988495683819,67.70965017418301,32.37227582582477,480,8.0,12:04:30,12:12:30,False,,no_dispenser,0
2160638,heavy,123.0,1.0,40-ft,HTC,3,SUN,14846320,14846429,123,123,61678,61651,New Westminster Station @ Unloading Only,New Westminster Station @ Bay 4,61678,New Westminster Station,43770,44010,in_service_layover,65.93292389475765,68.72975999496227,15.774155605154021,240,4.0,12:09:30,12:13:30,False,,no_dispenser,0
2160640,heavy,123.0,6.0,40-ft,HTC,3,SUN,14846368,14846392,123,123,61678,61651,New Westminster Station @ Unloading Only,New Westminster Station @ Bay 4,61678,New Westminster Station,44670,44910,in_service_layover,58.65929806551164,61.796319073126504,17.692798482947808,240,4.0,12:24:30,12:28:30,False,,no_dispenser,0
2160642,heavy,123.0,5.0,40-ft,HTC,3,SUN,14846318,14846430,123,123,61678,61651,New Westminster Station @ Unloading Only,New Westminster Station @ Bay 4,61678,New Westminster Station,45570,45810,in_service_layover,62.95268017196483,65.89108772884592,16.572618620809408,240,4.0,12:39:30,12:43:30,False,,no_dispenser,0
2160521,heavy,106.0,5.0,40-ft,HTC,3,SUN,14844417,14844476,106,106,61650,61654,New Westminster Station @ Bay 3,New Westminster Station @ Bay 7,61650,New Westminster Station,45570,46110,in_service_layover,68.40441152362938,74.0123914116515,31.629006568444822,540,9.0,12:39:30,12:48:30,False,,no_dispenser,0
2160628,heavy,106.0,12.0,40-ft,HTC,3,SUN,14844400,14844482,106,106,61650,61654,New Westminster Station @ Bay 3,New Westminster Station @ Bay 7,61650,New Westminster Station,46290,46830,in_service_layover,67.82808925972986,73.51003506777951,32.04617435739999,540,9.0,12:51:30,13:00:30,False,,no_dispenser,0
2160630,heavy,106.0,9.0,40-ft,HTC,3,SUN,14845195,14845225,112,112,61657,61657,New Westminster Station @ Bay 10,New Westminster Station @ Bay 10,61657,New Westminster Station,46410,46770,in_service_layover,64.9967142386629,69.1683102782457,23.527801663247033,360,6.0,12:53:30,12:59:30,False,,no_dispenser,0
2160641,heavy,123.0,11.0,40-ft,HTC,3,SUN,14846363,14846432,123,123,61678,61651,New Westminster Station @ Unloading Only,New Westminster Station @ Bay 4,61678,New Westminster Station,46470,46710,in_service_layover,66.23572321869077,69.01758328650325,15.689690782462435,240,4.0,12:54:30,12:58:30,False,,no_dispenser,0
2160639,heavy,123.0,4.0,40-ft,HTC,3,SUN,14846315,14846417,123,123,61678,61651,New Westminster Station @ Unloading Only,New Westminster Station @ Bay 4,61678,New Westminster Station,47370,47610,in_service_layover,63.601726479787246,66.50944626797698,16.39953960539009,240,4.0,13:09:30,13:13:30,False,,no_dispenser,0
2160520,heavy,106.0,6.0,40-ft,HTC,3,SUN,14844434,14844478,106,106,61650,61654,New Westminster Station @ Bay 3,New Westminster Station @ Bay 7,61650,New Westminster Station,47730,48270,in_service_layover,63.56390737957316,69.76770220179385,34.98940279732466,540,9.0,13:15:30,13:24:30,False,,no_dispenser,0
2160643,heavy,123.0,7.0,40-ft,HTC,3,SUN,14846364,14846425,123,123,61678,61651,New Westminster Station @ Unloading Only,New Westminster Station @ Bay 4,61678,New Westminster Station,48270,48510,in_service_layover,59.66361651741112,62.75922521766256,17.459233069418076,240,4.0,13:24:30,13:28:30,False,,no_dispenser,0
2160638,heavy,123.0,1.0,40-ft,HTC,3,SUN,14846362,14846418,123,123,61678,61651,New Westminster Station @ Unloading Only,New Westminster Station @ Bay 4,61678,New Westminster Station,49170,49410,in_service_layover,62.799258865727104,65.74492038507806,16.613530969139447,240,4.0,13:39:30,13:43:30,False,,no_dispenser,0
2160521,heavy,106.0,5.0,40-ft,HTC,3,SUN,14844402,14844513,106,106,61650,61654,New Westminster Station @ Bay 3,New Westminster Station @ Bay 7,61650,New Westminster Station,49950,50430,in_service_layover,67.67056254074856,72.80920423782412,28.981939171506156,480,8.0,13:52:30,14:00:30,False,,no_dispenser,0
2160640,heavy,123.0,6.0,40-ft,HTC,3,SUN,14846365,14846375,123,123,61678,61651,New Westminster Station @ Unloading Only,New Westminster Station @ Bay 4,61678,New Westminster Station,50070,50310,in_service_layover,55.62683282172461,58.788325179691846,17.83081689893521,240,4.0,13:54:30,13:58:30,False,,no_dispenser,0
2160642,heavy,123.0,5.0,40-ft,HTC,3,SUN,14846366,14846435,123,123,61678,61651,New Westminster Station @ Unloading Only,New Westminster Station @ Bay 4,61678,New Westminster Station,50970,51210,in_service_layover,59.498528124442686,62.602088407431744,17.504079996058294,240,4.0,14:09:30,14:13:30,False,,no_dispenser,0
2160524,heavy,123.0,10.0,40-ft,HTC,3,SUN,14844407,14844496,106,106,61650,61654,New Westminster Station @ Bay 3,New Westminster Station @ Bay 7,61650,New Westminster Station,51390,51870,in_service_layover,67.41976666959782,72.58653702805714,29.140584821710434,480,8.0,14:16:30,14:24:30,False,,no_dispenser,0
2160641,heavy,123.0,11.0,40-ft,HTC,3,SUN,14846332,14846411,123,123,61678,61651,New Westminster Station @ Unloading Only,New Westminster Station @ Bay 4,61678,New Westminster Station,51870,52110,in_service_layover,62.402554835339416,65.36697304643447,16.719318710576147,240,4.0,14:24:30,14:28:30,False,,no_dispenser,0
2160519,heavy,106.0,17.0,40-ft,HTC,3,SUN,14844395,14844530,106,106,61650,61654,New Westminster Station @ Bay 3,New Westminster Station @ Bay 7,61650,New Westminster Station,52170,52590,in_service_layover,68.14515290783096,72.65604559029516,25.441434729098148,420,7.0,14:29:30,14:36:30,False,,no_dispenser,0
2160639,heavy,123.0,4.0,40-ft,HTC,3,SUN,14846334,14846436,123,123,61678,61651,New Westminster Station @ Unloading Only,New Westminster Station @ Bay 4,61678,New Westminster Station,52770,53010,in_service_layover,60.07303144803253,63.14759260888205,17.34052494719134,240,4.0,14:39:30,14:43:30,False,,no_dispenser,0
2160643,heavy,123.0,7.0,40-ft,HTC,3,SUN,14846313,14846406,123,123,61678,61651,New Westminster Station @ Unloading Only,New Westminster Station @ Bay 4,61678,New Westminster Station,53670,53910,in_service_layover,56.56058213088077,59.73035746064451,17.87753285986753,240,4.0,14:54:30,14:58:30,False,,no_dispenser,0
2160638,heavy,123.0,1.0,40-ft,HTC,3,SUN,14846335,14846410,123,123,61678,61651,New Westminster Station @ Unloading Only,New Westminster Station @ Bay 4,61678,New Westminster Station,54570,54810,in_service_layover,59.36272725895624,62.472490972432205,17.53906734400448,240,4.0,15:09:30,15:13:30,False,,no_dispenser,0
2160640,heavy,123.0,6.0,40-ft,HTC,3,SUN,14846324,14846388,123,123,61678,61651,New Westminster Station @ Unloading Only,New Westminster Station @ Bay 4,61678,New Westminster Station,55470,55710,in_service_layover,52.61316755029871,55.735578890148574,17.610399956753213,240,4.0,15:24:30,15:28:30,False,,no_dispenser,0
2160520,heavy,106.0,6.0,40-ft,HTC,3,SUN,14844410,14844531,106,106,61650,61654,New Westminster Station @ Bay 3,New Westminster Station @ Bay 7,61650,New Westminster Station,55710,56190,in_service_layover,67.45573272170759,72.6184788746591,29.117888302646634,480,8.0,15:28:30,15:36:30,False,,no_dispenser,0
2160642,heavy,123.0,5.0,40-ft,HTC,3,SUN,14846336,14846413,123,123,61678,61651,New Westminster Station @ Unloading Only,New Westminster Station @ Bay 4,61678,New Westminster Station,56370,56610,in_service_layover,56.40924920491551,59.57857367299828,17.87498999998678,240,4.0,15:39:30,15:43:30,False,,no_dispenser,0
2160519,heavy,106.0,17.0,40-ft,HTC,3,SUN,14844392,14844501,106,106,61650,61654,New Westminster Station @ Bay 3,New Westminster Station @ Bay 7,61650,New Westminster Station,56430,56910,in_service_layover,68.32828986428797,73.39242627957235,28.561729382203907,480,8.0,15:40:30,15:48:30,False,,no_dispenser,0
2160526,heavy,106.0,18.0,40-ft,HTC,3,SUN,14844406,14844515,106,106,61650,61654,New Westminster Station @ Bay 3,New Westminster Station @ Bay 7,61650,New Westminster Station,57150,57630,in_service_layover,66.94050295768739,72.16059582940662,29.441323796496476,480,8.0,15:52:30,16:00:30,False,,no_dispenser,0
2160528,heavy,123.0,12.0,40-ft,HTC,3,SUN,14845186,14845211,112,112,61657,61657,New Westminster Station @ Bay 10,New Westminster Station @ Bay 10,61657,New Westminster Station,57210,57870,in_service_layover,67.5081319251187,74.309151550614,38.357750687793555,660,11.0,15:53:30,16:04:30,False,,no_dispenser,0
2160641,heavy,123.0,11.0,40-ft,HTC,3,SUN,14846359,14846426,123,123,61678,61651,New Westminster Station @ Unloading Only,New Westminster Station @ Bay 4,61678,New Westminster Station,57270,57510,in_service_layover,59.012466071576384,62.13682362597304,17.62137660679707,240,4.0,15:54:30,15:58:30,False,,no_dispenser,0
2160639,heavy,123.0,4.0,40-ft,HTC,3,SUN,14846372,14846414,123,123,61678,61651,New Westminster Station @ Unloading Only,New Westminster Station @ Bay 4,61678,New Westminster Station,58170,58410,in_service_layover,56.932857237674874,60.10213058431111,17.874701675028405,240,4.0,16:09:30,16:13:30,False,,no_dispenser,0
2160628,heavy,106.0,12.0,40-ft,HTC,3,SUN,14844399,14844493,106,106,61650,61654,New Westminster Station @ Bay 3,New Westminster Station @ Bay 7,61650,New Westminster Station,58590,59070,in_service_layover,67.12022263797857,72.32038641868402,29.328923723178832,480,8.0,16:16:30,16:24:30,False,,no_dispenser,0
2160643,heavy,123.0,7.0,40-ft,HTC,3,SUN,14846360,14846378,123,123,61678,61651,New Westminster Station @ Unloading Only,New Westminster Station @ Bay 4,61678,New Westminster Station,59070,59310,in_service_layover,53.57174999970936,56.70659217533506,17.68050987052891,240,4.0,16:24:30,16:28:30,False,,no_dispenser,0
2160524,heavy,123.0,10.0,40-ft,HTC,3,SUN,14844443,14844532,106,106,61650,61654,New Westminster Station @ Bay 3,New Westminster Station @ Bay 7,61650,New Westminster Station,59310,59790,in_service_layover,67.71335983346883,72.84718589500467,28.954778987062184,480,8.0,16:28:30,16:36:30,False,,no_dispenser,0
2160638,heavy,123.0,1.0,40-ft,HTC,3,SUN,14846371,14846415,123,123,61678,61651,New Westminster Station @ Unloading Only,New Westminster Station @ Bay 4,61678,New Westminster Station,59970,60210,in_service_layover,56.28413205352685,59.45279848341397,17.871278664563363,240,4.0,16:39:30,16:43:30,False,,no_dispenser,0
2160520,heavy,106.0,6.0,40-ft,HTC,3,SUN,14844446,14844487,106,106,61650,61654,New Westminster Station @ Bay 3,New Westminster Station @ Bay 7,61650,New Westminster Station,59970,60510,in_service_layover,68.29226791015182,73.91470435588226,31.710541553919768,540,9.0,16:39:30,16:48:30,False,,no_dispenser,0
2160519,heavy,106.0,17.0,40-ft,HTC,3,SUN,14844454,14844488,106,106,61650,61654,New Westminster Station @ Bay 3,New Westminster Station @ Bay 7,61650,New Westminster Station,60690,61230,in_service_layover,69.65938100450745,75.1034686736426,30.704654453922217,540,9.0,16:51:30,17:00:30,False,,no_dispenser,0
2160640,heavy,123.0,6.0,40-ft,HTC,3,SUN,14846330,14846402,123,123,61678,61651,New Westminster Station @ Unloading Only,New Westminster Station @ Bay 4,61678,New Westminster Station,60870,61110,in_service_layover,49.50103953337156,52.58340698112664,17.384552405338695,240,4.0,16:54:30,16:58:30,False,,no_dispenser,0
2160528,heavy,123.0,12.0,40-ft,HTC,3,SUN,14844397,14844484,106,106,61650,61654,New Westminster Station @ Bay 3,New Westminster Station @ Bay 7,61650,New Westminster Station,61410,61950,in_service_layover,68.60434366242333,74.1864733280701,31.48321131424774,540,9.0,17:03:30,17:12:30,False,,no_dispenser,0
2160642,heavy,123.0,5.0,40-ft,HTC,3,SUN,14846328,14846416,123,123,61678,61651,New Westminster Station @ Unloading Only,New Westminster Station @ Bay 4,61678,New Westminster Station,61770,62010,in_service_layover,53.41798558979932,56.55083375841087,17.669263670969144,240,4.0,17:09:30,17:13:30,False,,no_dispenser,0
2160521,heavy,106.0,5.0,40-ft,HTC,3,SUN,14844412,14844479,106,106,61650,61654,New Westminster Station @ Bay 3,New Westminster Station @ Bay 7,61650,New Westminster Station,62130,62670,in_service_layover,66.0363885799208,71.94305687595902,33.31360918965555,540,9.0,17:15:30,17:24:30,False,,no_dispenser,0
2160641,heavy,123.0,11.0,40-ft,HTC,3,SUN,14846331,14846403,123,123,61678,61651,New Westminster Station @ Unloading Only,New Westminster Station @ Bay 4,61678,New Westminster Station,62670,62910,in_service_layover,55.95877722917425,59.12452241204704,17.854802831402537,240,4.0,17:24:30,17:28:30,False,,no_dispenser,0
2160523,heavy,106.0,21.0,40-ft,HTC,3,SUN,14844388,14844510,106,106,61650,61654,New Westminster Station @ Bay 3,New Westminster Station @ Bay 7,61650,New Westminster Station,62850,63390,in_service_layover,68.14515290783096,73.78650756533588,31.817240268327737,540,9.0,17:27:30,17:36:30,False,,no_dispenser,0
2160639,heavy,123.0,4.0,40-ft,HTC,3,SUN,14846355,14846424,123,123,61678,61651,New Westminster Station @ Unloading Only,New Westminster Station @ Bay 4,61678,New Westminster Station,63570,63810,in_service_layover,53.94676740409692,57.08647278139074,17.707938327937143,240,4.0,17:39:30,17:43:30,False,,no_dispenser,0
2160524,heavy,123.0,10.0,40-ft,HTC,3,SUN,14844444,14844522,106,106,61650,61654,New Westminster Station @ Bay 3,New Westminster Station @ Bay 7,61650,New Westminster Station,63570,64110,in_service_layover,69.14526494594598,74.65696246923528,31.085974031351725,540,9.0,17:39:30,17:48:30,False,,no_dispenser,0
2160643,heavy,123.0,7.0,40-ft,HTC,3,SUN,14846312,14846421,123,123,61678,61651,New Westminster Station @ Unloading Only,New Westminster Station @ Bay 4,61678,New Westminster Station,64470,64710,in_service_layover,50.490940875644405,53.58583131597443,17.455182083461352,240,4.0,17:54:30,17:58:30,False,,no_dispenser,0
2160519,heavy,106.0,17.0,40-ft,HTC,3,SUN,14845180,14845221,112,112,61657,61657,New Westminster Station @ Bay 10,New Westminster Station @ Bay 10,61657,New Westminster Station,64590,65250,in_service_layover,69.82731511274038,76.25900779900535,36.274746750534405,660,11.0,17:56:30,18:07:30,False,,no_dispenser,0
2160638,heavy,123.0,1.0,40-ft,HTC,3,SUN,14846356,14846387,123,123,61678,61651,New Westminster Station @ Unloading Only,New Westminster Station @ Bay 4,61678,New Westminster Station,65310,65610,in_service_layover,53.29028073719132,57.212618971271546,22.121987640212467,300,5.0,18:08:30,18:13:30,False,,no_dispenser,0
2160528,heavy,123.0,12.0,40-ft,HTC,3,SUN,14844420,14844517,106,106,61650,61654,New Westminster Station @ Bay 3,New Westminster Station @ Bay 7,61650,New Westminster Station,65730,65910,in_service_layover,67.84464445716716,69.89368307253547,11.556577790677352,180,3.0,18:15:30,18:18:30,False,,no_dispenser,0
2160640,heavy,123.0,6.0,40-ft,HTC,3,SUN,14846370,14846390,123,123,61678,61651,New Westminster Station @ Unloading Only,New Westminster Station @ Bay 4,61678,New Westminster Station,66210,66510,in_service_layover,47.0774724191618,50.90972032455965,21.613878186443856,300,5.0,18:23:30,18:28:30,False,,no_dispenser,0
2160642,heavy,123.0,5.0,40-ft,HTC,3,SUN,14846346,14846422,123,123,61678,61651,New Westminster Station @ Unloading Only,New Westminster Station @ Bay 4,61678,New Westminster Station,67050,67410,in_service_layover,51.12288902652917,55.79755274270314,26.365103359221166,360,6.0,18:37:30,18:43:30,False,,no_dispenser,0
2160630,heavy,106.0,9.0,40-ft,HTC,3,SUN,14844415,14844509,106,106,61650,61654,New Westminster Station @ Bay 3,New Westminster Station @ Bay 7,61650,New Westminster Station,67290,67710,in_service_layover,45.02720288449335,50.38491181191499,30.21747835065804,420,7.0,18:41:30,18:48:30,False,,no_dispenser,0
2160524,heavy,123.0,10.0,40-ft,HTC,3,SUN,14845204,14845231,112,112,61657,61657,New Westminster Station @ Bay 10,New Westminster Station @ Bay 10,61657,New Westminster Station,67890,68130,in_service_layover,69.3808089083331,71.99376404805956,14.737066988057279,240,4.0,18:51:30,18:55:30,False,,no_dispenser,0
2160641,heavy,123.0,11.0,40-ft,HTC,3,SUN,14846354,14846394,123,123,61678,61651,New Westminster Station @ Unloading Only,New Westminster Station @ Bay 4,61678,New Westminster Station,67950,68310,in_service_layover,53.748475730980246,58.4742121073489,26.653153162719207,360,6.0,18:52:30,18:58:30,False,,no_dispenser,0
2160639,heavy,123.0,4.0,40-ft,HTC,3,SUN,14846347,14846423,123,123,61678,61651,New Westminster Station @ Unloading Only,New Westminster Station @ Bay 4,61678,New Westminster Station,68850,69210,in_service_layover,51.67068378142786,56.35600314851822,26.425201230389632,360,6.0,19:07:30,19:13:30,False,,no_dispenser,0
2160526,heavy,106.0,18.0,40-ft,HTC,3,SUN,14844414,14844521,106,106,61650,61654,New Westminster Station @ Bay 3,New Westminster Station @ Bay 7,61650,New Westminster Station,69030,69510,in_service_layover,69.88114744882601,74.76515446744847,27.545799585030693,480,8.0,19:10:30,19:18:30,False,,no_dispenser,0
2160643,heavy,123.0,7.0,40-ft,HTC,3,SUN,14846319,14846395,123,123,61678,61651,New Westminster Station @ Unloading Only,New Westminster Station @ Bay 4,61678,New Westminster Station,69750,70110,in_service_layover,48.09656610237343,52.71798724225325,26.064815228922214,360,6.0,19:22:30,19:28:30,False,,no_dispenser,0
2160638,heavy,123.0,1.0,40-ft,HTC,3,SUN,14846352,14846405,123,123,61678,61651,New Westminster Station @ Unloading Only,New Westminster Station @ Bay 4,61678,New Westminster Station,70530,71010,in_service_layover,51.799692718795306,58.07683154159764,35.403062960605155,480,8.0,19:35:30,19:43:30,False,,no_dispenser,0
2160640,heavy,123.0,6.0,40-ft,HTC,3,SUN,14846348,14846396,123,123,61678,61651,New Westminster Station @ Unloading Only,New Westminster Station @ Bay 4,61678,New Westminster Station,71430,71910,in_service_layover,46.937760562180785,53.103244485223385,34.773329325960276,480,8.0,19:50:30,19:58:30,False,,no_dispenser,0
2160630,heavy,106.0,9.0,40-ft,HTC,3,SUN,14844424,14844519,106,106,61650,61654,New Westminster Station @ Bay 3,New Westminster Station @ Bay 7,61650,New Westminster Station,71730,72210,in_service_layover,53.35362996629524,59.65010688560029,35.5121298248805,480,8.0,19:55:30,20:03:30,False,,no_dispenser,0
2160642,heavy,123.0,5.0,40-ft,HTC,3,SUN,14846314,14846420,123,123,61678,61651,New Westminster Station @ Unloading Only,New Westminster Station @ Bay 4,61678,New Westminster Station,72330,72810,in_service_layover,51.93911934757934,58.219619810033684,35.42202260824246,480,8.0,20:05:30,20:13:30,False,,no_dispenser,0
2160641,heavy,123.0,11.0,40-ft,HTC,3,SUN,14846349,14846397,123,123,61678,61651,New Westminster Station @ Unloading Only,New Westminster Station @ Bay 4,61678,New Westminster Station,73230,73710,in_service_layover,54.65028852443522,60.93237879398785,35.43098912027688,480,8.0,20:20:30,20:28:30,False,,no_dispenser,0
2160526,heavy,106.0,18.0,40-ft,HTC,3,SUN,14844411,14844468,106,106,61650,61654,New Westminster Station @ Bay 3,New Westminster Station @ Bay 7,61650,New Westminster Station,73470,74010,in_service_layover,68.42332559654552,74.02886488564212,31.615241590504752,540,9.0,20:24:30,20:33:30,False,,no_dispenser,0
2160639,heavy,123.0,4.0,40-ft,HTC,3,SUN,14846316,14846391,123,123,61678,61651,New Westminster Station @ Unloading Only,New Westminster Station @ Bay 4,61678,New Westminster Station,74130,74610,in_service_layover,52.51359698971972,58.804572578859215,35.48110232274672,480,8.0,20:35:30,20:43:30,False,,no_dispenser,0
2160643,heavy,123.0,7.0,40-ft,HTC,3,SUN,14846350,14846398,123,123,61678,61651,New Westminster Station @ Unloading Only,New Westminster Station @ Bay 4,61678,New Westminster Station,75030,75510,in_service_layover,48.78253174248508,54.9847435572519,34.98047463528491,480,8.0,20:50:30,20:58:30,False,,no_dispenser,0
2160640,heavy,123.0,6.0,40-ft,HTC,3,SUN,14846351,14846393,123,123,61678,61651,New Westminster Station @ Unloading Only,New Westminster Station @ Bay 4,61678,New Westminster Station,76770,77310,in_service_layover,49.966599716738244,56.989937035471826,39.61162247765742,540,9.0,21:19:30,21:28:30,False,,no_dispenser,0
2160526,heavy,106.0,18.0,40-ft,HTC,3,SUN,14844439,14844492,106,106,61650,61654,New Westminster Station @ Bay 3,New Westminster Station @ Bay 7,61650,New Westminster Station,77730,77970,in_service_layover,67.68703601473918,70.3939809673088,15.267169532492744,240,4.0,21:35:30,21:39:30,False,,no_dispenser,0
2160641,heavy,123.0,11.0,40-ft,HTC,3,SUN,14846353,14846399,123,123,61678,61651,New Westminster Station @ Unloading Only,New Westminster Station @ Bay 4,61678,New Westminster Station,78510,79110,in_service_layover,57.762289806187205,65.29859531109837,42.50476304769899,600,10.0,21:48:30,21:58:30,False,,no_dispenser,0
2160630,heavy,106.0,9.0,40-ft,HTC,3,SUN,14844413,14844467,106,106,61650,61654,New Westminster Station @ Bay 3,New Westminster Station @ Bay 7,61650,New Westminster Station,79530,79770,in_service_layover,62.06856784417567,65.04877740237067,16.808381908219815,240,4.0,22:05:30,22:09:30,False,,no_dispenser,0
2160643,heavy,123.0,7.0,40-ft,HTC,3,SUN,14846358,14846400,123,123,61678,61651,New Westminster Station @ Unloading Only,New Westminster Station @ Bay 4,61678,New Westminster Station,80310,80910,in_service_layover,52.69145672647644,60.52628995140942,44.18845938862205,600,10.0,22:18:30,22:28:30,False,,no_dispenser,0
2160521,heavy,106.0,5.0,40-ft,HTC,3,SUN,14845172,14845217,112,112,61657,61657,New Westminster Station @ Bay 10,New Westminster Station @ Bay 10,61657,New Westminster Station,80430,80910,in_service_layover,56.34930629487908,62.57050911164666,35.08758388656912,480,8.0,22:20:30,22:28:30,False,,no_dispenser,0
2160526,heavy,106.0,18.0,40-ft,HTC,3,SUN,14844387,14844458,106,106,61650,61654,New Westminster Station @ Bay 3,New Westminster Station @ Bay 7,61650,New Westminster Station,81330,81570,in_service_layover,69.32571735484908,71.9418408830767,14.754936699203768,240,4.0,22:35:30,22:39:30,False,,no_dispenser,0
2160640,heavy,123.0,6.0,40-ft,HTC,3,SUN,14846322,14846409,123,123,61678,61651,New Westminster Station @ Unloading Only,New Westminster Station @ Bay 4,61678,New Westminster Station,82110,82710,in_service_layover,54.70581359664506,62.4729061695068,43.80640211094021,600,10.0,22:48:30,22:58:30,False,,no_dispenser,0
2160630,heavy,106.0,9.0,40-ft,HTC,3,SUN,14844390,14844518,106,106,61650,61654,New Westminster Station @ Bay 3,New Westminster Station @ Bay 7,61650,New Westminster Station,83130,83370,in_service_layover,64.53048889006327,67.39429556192789,16.15186962931648,240,4.0,23:05:30,23:09:30,False,,no_dispenser,0
2160641,heavy,123.0,11.0,40-ft,HTC,3,SUN,14846323,14846389,123,123,61678,61651,New Westminster Station @ Unloading Only,New Westminster Station @ Bay 4,61678,New Westminster Station,83910,84510,in_service_layover,62.3350602325213,69.30541227368963,39.31278551218935,600,10.0,23:18:30,23:28:30,False,,no_dispenser,0
2160643,heavy,123.0,7.0,40-ft,HTC,3,SUN,14846361,14846433,123,123,61678,61651,New Westminster Station @ Unloading Only,New Westminster Station @ Bay 4,61678,New Westminster Station,85650,86310,in_service_layover,58.09717748225803,66.27276358127524,46.110305598457046,660,11.0,23:47:30,23:58:30,False,,no_dispenser,0
2160527,heavy,106.0,14.0,40-ft,HTC,3,SUN,14845189,14845226,112,112,61657,61657,New Westminster Station @ Bay 10,New Westminster Station @ Bay 10,61657,New Westminster Station,85890,86550,in_service_layover,67.44946084918034,74.25965197950815,38.40947797504879,660,11.0,23:51:30,24:02:30,False,,no_dispenser,0
2160630,heavy,106.0,9.0,40-ft,HTC,3,SUN,14844423,14844457,106,106,61650,61654,New Westminster Station @ Bay 3,New Westminster Station @ Bay 7,61650,New Westminster Station,86730,86970,in_service_layover,68.46713850240633,71.13167202229221,15.027969052156436,240,4.0,24:05:30,24:09:30,False,,no_dispenser,0
2160640,heavy,123.0,6.0,40-ft,HTC,3,SUN,14846333,14846434,123,123,61678,61651,New Westminster Station @ Unloading Only,New Westminster Station @ Bay 4,61678,New Westminster Station,87450,88110,in_service_layover,61.84671260928639,69.49367565272675,43.12887156500358,660,11.0,24:17:30,24:28:30,False,,no_dispenser,0
2160641,heavy,123.0,11.0,40-ft,HTC,3,SUN,14846325,14846412,123,123,61678,61651,New Westminster Station @ Unloading Only,New Westminster Station @ Bay 4,61678,New Westminster Station,89130,89910,in_service_layover,67.4141831678828,75.24010526542618,44.13820063014464,780,13.0,24:45:30,24:58:30,False,,no_dispenser,0
2161460,heavy,301.0,41.0,40-ft,RTC,3,SUN,14861953,14861985,301,301,55456,61705,Newton Exchange @ Bay 5,Newton Exchange @ Bay 10,55456,Newton Exchange,24390,25110,in_service_layover,66.28462629280686,73.80581501149439,42.41950437339767,720,12.0,06:46:30,06:58:30,False,,no_dispenser,0
2161458,heavy,620.0,41.0,40-ft,RTC,3,SUN,14861955,14861990,301,301,55456,61705,Newton Exchange @ Bay 5,Newton Exchange @ Bay 10,55456,Newton Exchange,25590,26310,in_service_layover,66.28462629280686,73.80581501149439,42.41950437339767,720,12.0,07:06:30,07:18:30,False,,no_dispenser,0
2161456,heavy,301.0,43.0,40-ft,RTC,3,SUN,14861952,14861964,301,301,55456,61705,Newton Exchange @ Bay 5,Newton Exchange @ Bay 10,55456,Newton Exchange,26790,27450,in_service_layover,66.28462629280686,73.27515189747281,39.42656441031602,660,11.0,07:26:30,07:37:30,False,,no_dispenser,0
2161461,heavy,301.0,45.0,40-ft,RTC,3,SUN,14861945,14861983,301,301,55456,61705,Newton Exchange @ Bay 5,Newton Exchange @ Bay 10,55456,Newton Exchange,27930,28770,in_service_layover,66.28462629280686,74.81395390566252,48.105407736505924,840,14.0,07:45:30,07:59:30,False,,no_dispenser,0
2161999,heavy,502.0,52.0,40-ft,STC,3,SUN,14867850,14867812,342,342,55538,61707,Newton Exchange @ Bay 1,Newton Exchange @ Layover,55538,Newton Exchange,29550,30390,in_service_layover,65.88288909891277,74.49144253658648,48.55224138847967,840,14.0,08:12:30,08:26:30,False,,no_dispenser,0
2161457,heavy,301.0,46.0,40-ft,RTC,3,SUN,14861930,14861963,301,301,55456,61705,Newton Exchange @ Bay 5,Newton Exchange @ Bay 10,55456,Newton Exchange,30330,30570,in_service_layover,66.28462629280686,69.06404650247701,15.675929982539628,240,4.0,08:25:30,08:29:30,False,,no_dispenser,0
2161614,heavy,319.0,40.0,40-ft,STC,3,SUN,14863225,14863154,319,319,55456,61707,Newton Exchange @ Bay 5,Newton Exchange @ Layover,55456,Newton Exchange,30810,31410,in_service_layover,68.73238226456483,74.82786492516205,34.37852220576832,600,10.0,08:33:30,08:43:30,False,,no_dispenser,0
2161460,heavy,301.0,41.0,40-ft,RTC,3,SUN,14861946,14861982,301,301,55456,61705,Newton Exchange @ Bay 5,Newton Exchange @ Bay 10,55456,Newton Exchange,31590,32190,in_service_layover,56.66126053005359,64.29848205331405,43.07392939118898,600,10.0,08:46:30,08:56:30,False,,no_dispenser,0
2161620,heavy,319.0,41.0,40-ft,STC,3,SUN,14863226,14863155,319,319,55456,55538,Newton Exchange @ Bay 5,Newton Exchange @ Bay 1,55456,Newton Exchange,31710,32430,in_service_layover,68.73238226456483,75.83458970124678,40.05644994288622,720,12.0,08:48:30,09:00:30,False,,no_dispenser,0
2161827,heavy,801.0,50.0,40-ft,STC,3,SUN,14865270,14865226,323,323,55538,61707,Newton Exchange @ Bay 1,Newton Exchange @ Layover,55538,Newton Exchange,32010,32190,in_service_layover,65.761028883496,67.88652431315926,11.987794223300796,180,3.0,08:53:30,08:56:30,False,,no_dispenser,0
2161617,heavy,319.0,43.0,40-ft,STC,3,SUN,14863227,14863156,319,319,55456,55538,Newton Exchange @ Bay 5,Newton Exchange @ Bay 1,55456,Newton Exchange,32670,33330,in_service_layover,68.73238226456483,75.34009288141854,37.267487879054954,660,11.0,09:04:30,09:15:30,False,,no_dispenser,0
2161829,heavy,801.0,52.0,40-ft,STC,3,SUN,14865310,14865207,323,323,55538,60677,Newton Exchange @ Bay 1,Newton Exchange @ Bay 11,55538,Newton Exchange,32910,33210,in_service_layover,65.761028883496,69.22878052280595,19.558119245708212,300,5.0,09:08:30,09:13:30,False,,no_dispenser,0
2161707,heavy,320.0,43.0,40-ft,STC,3,SUN,14865875,14865854,325,325,55538,61703,Newton Exchange @ Bay 1,Newton Exchange @ Bay 12,55538,Newton Exchange,33150,33510,in_service_layover,66.4299867636945,70.4896494774572,22.89649770562164,360,6.0,09:12:30,09:18:30,False,,no_dispenser,0
2161456,heavy,301.0,43.0,40-ft,RTC,3,SUN,14861929,14861976,301,301,55456,61705,Newton Exchange @ Bay 5,Newton Exchange @ Bay 10,55456,Newton Exchange,33450,33990,in_service_layover,56.13059741603201,63.09290435328665,39.267411126116144,540,9.0,09:17:30,09:26:30,False,,no_dispenser,0
2161619,heavy,319.0,44.0,40-ft,STC,3,SUN,14863228,14863157,319,319,55456,55538,Newton Exchange @ Bay 5,Newton Exchange @ Bay 1,55456,Newton Exchange,33570,34230,in_service_layover,68.73238226456483,75.34009288141854,37.267487879054954,660,11.0,09:19:30,09:30:30,False,,no_dispenser,0
2161834,heavy,801.0,51.0,40-ft,STC,3,SUN,14865269,14865176,323,323,55538,60677,Newton Exchange @ Bay 1,Newton Exchange @ Bay 11,55538,Newton Exchange,33810,34110,in_service_layover,65.63804463679345,69.11357958887018,19.602017129712692,300,5.0,09:23:30,09:28:30,False,,no_dispenser,0
2161616,heavy,319.0,45.0,40-ft,STC,3,SUN,14863229,14863158,319,319,55456,55538,Newton Exchange @ Bay 5,Newton Exchange @ Bay 1,55456,Newton Exchange,34530,35130,in_service_layover,68.73238226456483,74.82786492516205,34.37852220576832,600,10.0,09:35:30,09:45:30,False,,no_dispenser,0
2161831,heavy,801.0,53.0,40-ft,STC,3,SUN,14865297,14865208,323,323,55538,60677,Newton Exchange @ Bay 1,Newton Exchange @ Bay 11,55538,Newton Exchange,34770,35010,in_service_layover,65.63804463679345,68.44924824742624,15.85518836396892,240,4.0,09:39:30,09:43:30,False,,no_dispenser,0
2161687,heavy,320.0,61.0,40-ft,STC,3,SUN,14865894,14865844,325,325,55538,61703,Newton Exchange @ Bay 1,Newton Exchange @ Bay 12,55538,Newton Exchange,34890,35310,in_service_layover,67.60316929981484,72.16728065437745,25.741588039733188,420,7.0,09:41:30,09:48:30,False,,no_dispenser,0
2162000,heavy,502.0,58.0,40-ft,STC,3,SUN,14867853,14867815,342,342,55538,56019,Newton Exchange @ Bay 1,Newton Exchange @ Bay 4,55538,Newton Exchange,35130,35910,in_service_layover,69.46697969663438,76.90648185300466,41.958792161928386,780,13.0,09:45:30,09:58:30,False,,no_dispenser,0
2161461,heavy,301.0,45.0,40-ft,RTC,3,SUN,14861949,14861958,301,301,55456,61705,Newton Exchange @ Bay 5,Newton Exchange @ Bay 10,55456,Newton Exchange,35250,35790,in_service_layover,57.66939942422171,64.51977998587043,38.63614636769876,540,9.0,09:47:30,09:56:30,False,,no_dispenser,0
2161615,heavy,319.0,42.0,40-ft,STC,3,SUN,14863230,14863159,319,319,55456,55538,Newton Exchange @ Bay 5,Newton Exchange @ Bay 1,55456,Newton Exchange,35430,36030,in_service_layover,67.86550911341796,74.08544359008977,35.08043044842901,600,10.0,09:50:30,10:00:30,False,,no_dispenser,0
2161836,heavy,801.0,54.0,40-ft,STC,3,SUN,14865282,14865194,323,323,55538,60677,Newton Exchange @ Bay 1,Newton Exchange @ Bay 11,55538,Newton Exchange,35670,35910,in_service_layover,65.63804463679345,68.44924824742624,15.85518836396892,240,4.0,09:54:30,09:58:30,False,,no_dispenser,0
2161556,heavy,320.0,63.0,40-ft,STC,3,SUN,14865616,14865577,324,324,55538,61703,Newton Exchange @ Bay 1,Newton Exchange @ Bay 12,55538,Newton Exchange,36030,36510,in_service_layover,66.06576753636782,71.38172443679835,29.98199691842825,480,8.0,10:00:30,10:08:30,False,,no_dispenser,0
2161614,heavy,319.0,40.0,40-ft,STC,3,SUN,14863231,14863160,319,319,55456,55538,Newton Exchange @ Bay 5,Newton Exchange @ Bay 1,55456,Newton Exchange,36390,36930,in_service_layover,64.4095102375087,70.51338052113371,34.425828399644956,540,9.0,10:06:30,10:15:30,False,,no_dispenser,0
2161827,heavy,801.0,50.0,40-ft,STC,3,SUN,14865298,14865175,323,323,55538,60677,Newton Exchange @ Bay 1,Newton Exchange @ Bay 11,55538,Newton Exchange,36630,36810,in_service_layover,61.6996360542234,63.96915250620129,12.800072789155308,180,3.0,10:10:30,10:13:30,False,,no_dispenser,0
2161703,heavy,320.0,51.0,40-ft,STC,3,SUN,14865874,14865853,325,325,55538,61703,Newton Exchange @ Bay 1,Newton Exchange @ Bay 12,55538,Newton Exchange,36630,37110,in_service_layover,65.94185424296062,71.27123908885818,30.05773053086233,480,8.0,10:10:30,10:18:30,False,,no_dispenser,0
2161999,heavy,502.0,52.0,40-ft,STC,3,SUN,14867854,14867816,342,342,55538,56019,Newton Exchange @ Bay 1,Newton Exchange @ Bay 4,55538,Newton Exchange,36990,37710,in_service_layover,67.60364933270638,74.90089551779445,41.156468483896674,720,12.0,10:16:30,10:28:30,False,,no_dispenser,0
2161457,heavy,301.0,46.0,40-ft,RTC,3,SUN,14861942,14861975,301,301,55456,61705,Newton Exchange @ Bay 5,Newton Exchange @ Bay 10,55456,Newton Exchange,37050,37590,in_service_layover,51.919492021036206,58.98812070812481,39.86706579517977,540,9.0,10:17:30,10:26:30,False,,no_dispenser,0
2161620,heavy,319.0,41.0,40-ft,STC,3,SUN,14863232,14863161,319,319,55456,55538,Newton Exchange @ Bay 5,Newton Exchange @ Bay 1,55456,Newton Exchange,37290,37830,in_service_layover,65.59154319531845,71.55278029397077,33.621377236398985,540,9.0,10:21:30,10:30:30,False,,no_dispenser,0
2161829,heavy,801.0,52.0,40-ft,STC,3,SUN,14865268,14865191,323,323,55538,60677,Newton Exchange @ Bay 1,Newton Exchange @ Bay 11,55538,Newton Exchange,37530,37710,in_service_layover,63.1897945029133,65.4064684567107,12.50204109941734,180,3.0,10:25:30,10:28:30,False,,no_dispenser,0
2161588,heavy,320.0,58.0,40-ft,STC,3,SUN,14865605,14865568,324,324,55538,61703,Newton Exchange @ Bay 1,Newton Exchange @ Bay 12,55538,Newton Exchange,37830,38310,in_service_layover,69.23388122573976,74.19369237179052,27.97333486372628,480,8.0,10:30:30,10:38:30,False,,no_dispenser,0
2161617,heavy,319.0,43.0,40-ft,STC,3,SUN,14863233,14863162,319,319,55456,55538,Newton Exchange @ Bay 5,Newton Exchange @ Bay 1,55456,Newton Exchange,38190,38730,in_service_layover,65.09704637549022,71.11837145292516,33.960273436733075,540,9.0,10:36:30,10:45:30,False,,no_dispenser,0
2161692,heavy,320.0,47.0,40-ft,STC,3,SUN,14865891,14865840,325,325,55538,61703,Newton Exchange @ Bay 1,Newton Exchange @ Bay 12,55538,Newton Exchange,38370,38910,in_service_layover,63.24546794575811,69.48643650775598,35.19906268966804,540,9.0,10:39:30,10:48:30,False,,no_dispenser,0
2161765,heavy,320.0,65.0,40-ft,STC,3,SUN,14867571,14867548,341,341,55538,55688,Newton Exchange @ Bay 1,Newton Exchange @ Bay 7,55538,Newton Exchange,38790,39390,in_service_layover,54.554615185260126,62.32911978707356,43.84820595422775,600,10.0,10:46:30,10:56:30,False,,no_dispenser,0
2161997,heavy,502.0,60.0,40-ft,STC,3,SUN,14867855,14867817,342,342,55538,56019,Newton Exchange @ Bay 1,Newton Exchange @ Bay 4,55538,Newton Exchange,38790,39510,in_service_layover,66.62181608256684,74.08616452001351,42.09892518719926,720,12.0,10:46:30,10:58:30,False,,no_dispenser,0
2161460,heavy,301.0,41.0,40-ft,RTC,3,SUN,14861948,14861959,301,301,55456,61705,Newton Exchange @ Bay 5,Newton Exchange @ Bay 10,55456,Newton Exchange,38850,39390,in_service_layover,47.15392757187325,54.108909639073865,39.22609885901147,540,9.0,10:47:30,10:56:30,False,,no_dispenser,0
2161619,heavy,319.0,44.0,40-ft,STC,3,SUN,14863234,14863163,319,319,55456,55538,Newton Exchange @ Bay 5,Newton Exchange @ Bay 1,55456,Newton Exchange,39090,39630,in_service_layover,65.09704637549022,71.11837145292516,33.960273436733075,540,9.0,10:51:30,11:00:30,False,,no_dispenser,0
2161941,heavy,321.0,73.0,40-ft,STC,3,SUN,14866436,14866510,335,335,55538,55688,Newton Exchange @ Bay 1,Newton Exchange @ Bay 7,55538,Newton Exchange,39090,39630,in_service_layover,65.72537104808707,71.67024267813618,33.529075993476965,540,9.0,10:51:30,11:00:30,False,,no_dispenser,0
2161564,heavy,320.0,67.0,40-ft,STC,3,SUN,14865615,14865576,324,324,55538,61703,Newton Exchange @ Bay 1,Newton Exchange @ Bay 12,55538,Newton Exchange,39630,40110,in_service_layover,66.01415566063724,71.3357099787751,30.013566354297552,480,8.0,11:00:30,11:08:30,False,,no_dispenser,0
2161616,heavy,319.0,45.0,40-ft,STC,3,SUN,14863235,14863164,319,319,55456,55538,Newton Exchange @ Bay 5,Newton Exchange @ Bay 1,55456,Newton Exchange,39990,40530,in_service_layover,64.58481841923373,70.6677514783667,34.30774245351,540,9.0,11:06:30,11:15:30,False,,no_dispenser,0
2161939,heavy,321.0,75.0,40-ft,STC,3,SUN,14866437,14866511,335,335,55538,55688,Newton Exchange @ Bay 1,Newton Exchange @ Bay 7,55538,Newton Exchange,39990,40530,in_service_layover,65.72537104808707,71.67024267813618,33.529075993476965,540,9.0,11:06:30,11:15:30,False,,no_dispenser,0
2161702,heavy,320.0,48.0,40-ft,STC,3,SUN,14865873,14865852,325,325,55538,61703,Newton Exchange @ Bay 1,Newton Exchange @ Bay 12,55538,Newton Exchange,40110,40710,in_service_layover,69.88575621049277,75.81278519501096,33.428443472682545,600,10.0,11:08:30,11:18:30,False,,no_dispenser,0
2161998,heavy,502.0,62.0,40-ft,STC,3,SUN,14867856,14867818,342,342,55538,56019,Newton Exchange @ Bay 1,Newton Exchange @ Bay 4,55538,Newton Exchange,40590,41310,in_service_layover,66.21986364600177,73.75193768401232,42.48089757437958,720,12.0,11:16:30,11:28:30,False,,no_dispenser,0
2161456,heavy,301.0,43.0,40-ft,RTC,3,SUN,14861941,14861974,301,301,55456,61705,Newton Exchange @ Bay 5,Newton Exchange @ Bay 10,55456,Newton Exchange,40650,41190,in_service_layover,45.94834987184585,52.87860586909298,39.086643824473754,540,9.0,11:17:30,11:26:30,False,,no_dispenser,0
2161980,heavy,320.0,60.0,40-ft,STC,3,SUN,14867570,14867547,341,341,55538,55688,Newton Exchange @ Bay 1,Newton Exchange @ Bay 7,55538,Newton Exchange,40650,41190,in_service_layover,46.44256212355386,53.38264681851723,39.1420776795934,540,9.0,11:17:30,11:26:30,False,,no_dispenser,0
2161615,heavy,319.0,42.0,40-ft,STC,3,SUN,14863236,14863165,319,319,55456,55538,Newton Exchange @ Bay 5,Newton Exchange @ Bay 1,55456,Newton Exchange,40890,41430,in_service_layover,68.20740723671302,73.84076340225566,31.772128773660484,540,9.0,11:21:30,11:30:30,False,,no_dispenser,0
2161938,heavy,321.0,71.0,40-ft,STC,3,SUN,14866438,14866512,335,335,55538,55688,Newton Exchange @ Bay 1,Newton Exchange @ Bay 7,55538,Newton Exchange,40950,41430,in_service_layover,61.127097799076324,66.94894332466802,32.83520876433715,480,8.0,11:22:30,11:30:30,False,,no_dispenser,0
2161836,heavy,801.0,54.0,40-ft,STC,3,SUN,14865291,14865190,323,323,55538,60677,Newton Exchange @ Bay 1,Newton Exchange @ Bay 11,55538,Newton Exchange,41190,41670,in_service_layover,69.53592472528246,74.46049046622186,27.774550778898174,480,8.0,11:26:30,11:34:30,False,,no_dispenser,0
2161559,heavy,321.0,72.0,40-ft,STC,3,SUN,14866439,14866513,335,335,55538,55688,Newton Exchange @ Bay 1,Newton Exchange @ Bay 7,55538,Newton Exchange,41850,42330,in_service_layover,61.127097799076324,66.94894332466802,32.83520876433715,480,8.0,11:37:30,11:45:30,False,,no_dispenser,0
2161614,heavy,319.0,40.0,40-ft,STC,3,SUN,14863237,14863166,319,319,55456,55538,Newton Exchange @ Bay 5,Newton Exchange @ Bay 1,55456,Newton Exchange,41850,42330,in_service_layover,64.98551868381139,70.41726250847606,30.635035171108655,480,8.0,11:37:30,11:45:30,False,,no_dispenser,0
2162416,heavy,502.0,54.0,40-ft,STC,3,SUN,14865890,14865839,325,325,55538,61703,Newton Exchange @ Bay 1,Newton Exchange @ Bay 12,55538,Newton Exchange,41910,42510,in_service_layover,67.96965278116186,74.17473374102048,34.996656613602624,600,10.0,11:38:30,11:48:30,False,,no_dispenser,0
2161827,heavy,801.0,50.0,40-ft,STC,3,SUN,14865286,14865210,323,323,55538,60677,Newton Exchange @ Bay 1,Newton Exchange @ Bay 11,55538,Newton Exchange,42150,42390,in_service_layover,66.03866173854611,68.83029384618426,15.744805087079214,240,4.0,11:42:30,11:46:30,False,,no_dispenser,0
2162000,heavy,502.0,58.0,40-ft,STC,3,SUN,14867857,14867819,342,342,55538,56019,Newton Exchange @ Bay 1,Newton Exchange @ Bay 4,55538,Newton Exchange,42390,43110,in_service_layover,68.70926336883059,75.81549780586542,40.07916222487637,720,12.0,11:46:30,11:58:30,False,,no_dispenser,0
2161461,heavy,301.0,45.0,40-ft,RTC,3,SUN,14861924,14861960,301,301,55456,61705,Newton Exchange @ Bay 5,Newton Exchange @ Bay 10,55456,Newton Exchange,42450,42990,in_service_layover,47.375225504429636,54.33502274226376,39.25325642138449,540,9.0,11:47:30,11:56:30,False,,no_dispenser,0
2161981,heavy,320.0,73.0,40-ft,STC,3,SUN,14867569,14867546,341,341,55538,55688,Newton Exchange @ Bay 1,Newton Exchange @ Bay 7,55538,Newton Exchange,42510,42990,in_service_layover,66.3338024595159,71.62058579411573,29.817458007143102,480,8.0,11:48:30,11:56:30,False,,no_dispenser,0
2161588,heavy,320.0,58.0,40-ft,STC,3,SUN,14865614,14865582,324,324,55538,61703,Newton Exchange @ Bay 1,Newton Exchange @ Bay 12,55538,Newton Exchange,42690,43110,in_service_layover,69.71256461983386,74.06547744249006,24.55042831978102,420,7.0,11:51:30,11:58:30,False,,no_dispenser,0
2161560,heavy,321.0,74.0,40-ft,STC,3,SUN,14866440,14866514,335,335,55538,55688,Newton Exchange @ Bay 1,Newton Exchange @ Bay 7,55538,Newton Exchange,42750,43230,in_service_layover,61.796191165480565,67.55301622621089,32.46849334251897,480,8.0,11:52:30,12:00:30,False,,no_dispenser,0
2161620,heavy,319.0,41.0,40-ft,STC,3,SUN,14863238,14863167,319,319,55456,55538,Newton Exchange @ Bay 5,Newton Exchange @ Bay 1,55456,Newton Exchange,42750,43230,in_service_layover,65.92626578700187,71.25733675727432,30.06724027233662,480,8.0,11:52:30,12:00:30,False,,no_dispenser,0
2161829,heavy,801.0,52.0,40-ft,STC,3,SUN,14865279,14865202,323,323,55538,60677,Newton Exchange @ Bay 1,Newton Exchange @ Bay 11,55538,Newton Exchange,42810,43110,in_service_layover,64.89652703922,68.41820104956527,19.86224141834731,300,5.0,11:53:30,11:58:30,False,,no_dispenser,0
2161911,heavy,321.0,76.0,40-ft,STC,3,SUN,14866441,14866515,335,335,55538,55688,Newton Exchange @ Bay 1,Newton Exchange @ Bay 7,55538,Newton Exchange,43650,44130,in_service_layover,62.44755401786922,68.14002200378721,32.105519440577496,480,8.0,12:07:30,12:15:30,False,,no_dispenser,0
2161617,heavy,319.0,43.0,40-ft,STC,3,SUN,14863239,14863168,319,319,55456,55538,Newton Exchange @ Bay 5,Newton Exchange @ Bay 1,55456,Newton Exchange,43710,44130,in_service_layover,65.5334119003069,70.29410280252829,26.850296688528545,420,7.0,12:08:30,12:15:30,False,,no_dispenser,0
2161690,heavy,320.0,69.0,40-ft,STC,3,SUN,14865872,14865861,325,325,55538,61703,Newton Exchange @ Bay 1,Newton Exchange @ Bay 12,55538,Newton Exchange,43890,45090,in_service_layover,68.38691320552996,78.9669176524241,59.67122508048294,1200,20.0,12:11:30,12:31:30,False,,no_dispenser,0
2161765,heavy,320.0,65.0,40-ft,STC,3,SUN,14865606,14865583,324,324,55538,61703,Newton Exchange @ Bay 1,Newton Exchange @ Bay 12,55538,Newton Exchange,43950,44310,in_service_layover,52.293806685286825,56.991246979206366,26.493563257706228,360,6.0,12:12:30,12:18:30,False,,no_dispenser,0
2161834,heavy,801.0,51.0,40-ft,STC,3,SUN,14865300,14865234,323,323,55538,60677,Newton Exchange @ Bay 1,Newton Exchange @ Bay 11,55538,Newton Exchange,44190,44550,in_service_layover,63.7419423146836,68.00737871153132,24.05706127822117,360,6.0,12:16:30,12:22:30,False,,no_dispenser,0
2161999,heavy,502.0,52.0,40-ft,STC,3,SUN,14867858,14867820,342,342,55538,56019,Newton Exchange @ Bay 1,Newton Exchange @ Bay 4,55538,Newton Exchange,44250,44910,in_service_layover,67.08372732790113,73.95090029615112,38.73085554092995,660,11.0,12:17:30,12:28:30,False,,no_dispenser,0
2161457,heavy,301.0,46.0,40-ft,RTC,3,SUN,14861940,14861973,301,301,55456,61705,Newton Exchange @ Bay 5,Newton Exchange @ Bay 10,55456,Newton Exchange,44310,44790,in_service_layover,41.84356622668402,47.93855788076254,34.375752929002886,480,8.0,12:18:30,12:26:30,False,,no_dispenser,0
2161979,heavy,320.0,59.0,40-ft,STC,3,SUN,14867568,14867555,341,341,55538,55688,Newton Exchange @ Bay 1,Newton Exchange @ Bay 7,55538,Newton Exchange,44370,44790,in_service_layover,36.165275216291626,41.458833916297706,29.85567106803427,420,7.0,12:19:30,12:26:30,False,,no_dispenser,0
2161619,heavy,319.0,44.0,40-ft,STC,3,SUN,14863240,14863169,319,319,55456,55538,Newton Exchange @ Bay 5,Newton Exchange @ Bay 1,55456,Newton Exchange,44610,45030,in_service_layover,65.5334119003069,70.29410280252829,26.850296688528545,420,7.0,12:23:30,12:30:30,False,,no_dispenser,0
2161767,heavy,321.0,77.0,40-ft,STC,3,SUN,14866442,14866516,335,335,55538,55688,Newton Exchange @ Bay 1,Newton Exchange @ Bay 7,55538,Newton Exchange,44670,45030,in_service_layover,62.44755401786922,66.805883520148,24.58097839285233,360,6.0,12:24:30,12:30:30,False,,no_dispenser,0
2161616,heavy,319.0,45.0,40-ft,STC,3,SUN,14863241,14863170,319,319,55456,55538,Newton Exchange @ Bay 5,Newton Exchange @ Bay 1,55456,Newton Exchange,45510,45930,in_service_layover,65.12540590266627,69.92360304575598,27.061831887025903,420,7.0,12:38:30,12:45:30,False,,no_dispenser,0
2161772,heavy,321.0,78.0,40-ft,STC,3,SUN,14866443,14866517,335,335,55538,55688,Newton Exchange @ Bay 1,Newton Exchange @ Bay 7,55538,Newton Exchange,45570,45930,in_service_layover,62.44755401786922,66.805883520148,24.58097839285233,360,6.0,12:39:30,12:45:30,False,,no_dispenser,0
2161831,heavy,801.0,53.0,40-ft,STC,3,SUN,14865289,14865211,323,323,55538,60677,Newton Exchange @ Bay 1,Newton Exchange @ Bay 11,55538,Newton Exchange,45630,45990,in_service_layover,63.25318813826891,67.55412718641409,24.257296231538874,360,6.0,12:40:30,12:46:30,False,,no_dispenser,0
2161700,heavy,320.0,44.0,40-ft,STC,3,SUN,14865889,14865838,325,325,55538,61703,Newton Exchange @ Bay 1,Newton Exchange @ Bay 12,55538,Newton Exchange,45690,46290,in_service_layover,66.73038806949502,73.11048859566806,35.98376696761591,600,10.0,12:41:30,12:51:30,False,,no_dispenser,0
2161460,heavy,301.0,41.0,40-ft,RTC,3,SUN,14861925,14861961,301,301,55456,61705,Newton Exchange @ Bay 5,Newton Exchange @ Bay 10,55456,Newton Exchange,46110,46590,in_service_layover,36.96435515763306,43.02371636348275,34.17479720099223,480,8.0,12:48:30,12:56:30,False,,no_dispenser,0
2161980,heavy,320.0,60.0,40-ft,STC,3,SUN,14867567,14867554,341,341,55538,55688,Newton Exchange @ Bay 1,Newton Exchange @ Bay 7,55538,Newton Exchange,46170,46590,in_service_layover,45.03969939090044,50.39755944961166,30.218330731131317,420,7.0,12:49:30,12:56:30,False,,no_dispenser,0
2161997,heavy,502.0,60.0,40-ft,STC,3,SUN,14867859,14867821,342,342,55538,56019,Newton Exchange @ Bay 1,Newton Exchange @ Bay 4,55538,Newton Exchange,46170,46710,in_service_layover,66.42055422644165,72.27970462027571,33.045608221224086,540,9.0,12:49:30,12:58:30,False,,no_dispenser,0
2161836,heavy,801.0,54.0,40-ft,STC,3,SUN,14865317,14865201,323,323,55538,60677,Newton Exchange @ Bay 1,Newton Exchange @ Bay 11,55538,Newton Exchange,46350,46710,in_service_layover,65.56991200643529,69.6973503596391,23.278752312069514,360,6.0,12:52:30,12:58:30,False,,no_dispenser,0
2161615,heavy,319.0,42.0,40-ft,STC,3,SUN,14863242,14863171,319,319,55456,55538,Newton Exchange @ Bay 5,Newton Exchange @ Bay 1,55456,Newton Exchange,46410,46830,in_service_layover,67.41369068889033,71.99623678123353,25.845559960815706,420,7.0,12:53:30,13:00:30,False,,no_dispenser,0
2161941,heavy,321.0,73.0,40-ft,STC,3,SUN,14866444,14866518,335,335,55538,55688,Newton Exchange @ Bay 1,Newton Exchange @ Bay 7,55538,Newton Exchange,46470,46830,in_service_layover,59.36930955537246,63.95005003084123,25.835376281643903,360,6.0,12:54:30,13:00:30,False,,no_dispenser,0
2161827,heavy,801.0,50.0,40-ft,STC,3,SUN,14865278,14865193,323,323,55538,60677,Newton Exchange @ Bay 1,Newton Exchange @ Bay 11,55538,Newton Exchange,47070,47430,in_service_layover,62.11381704527634,66.49581583639149,24.714473181889446,360,6.0,13:04:30,13:10:30,False,,no_dispenser,0
2161939,heavy,321.0,75.0,40-ft,STC,3,SUN,14866445,14866519,335,335,55538,55688,Newton Exchange @ Bay 1,Newton Exchange @ Bay 7,55538,Newton Exchange,47370,47730,in_service_layover,59.36930955537246,63.95005003084123,25.835376281643903,360,6.0,13:09:30,13:15:30,False,,no_dispenser,0
2161614,heavy,319.0,40.0,40-ft,STC,3,SUN,14863243,14863172,319,319,55456,55538,Newton Exchange @ Bay 5,Newton Exchange @ Bay 1,55456,Newton Exchange,47490,47730,in_service_layover,64.27377986377775,67.14972407825634,16.220325369659292,240,4.0,13:11:30,13:15:30,False,,no_dispenser,0
2161588,heavy,320.0,58.0,40-ft,STC,3,SUN,14865626,14865586,324,324,55538,61703,Newton Exchange @ Bay 1,Newton Exchange @ Bay 12,55538,Newton Exchange,47550,47910,in_service_layover,68.44283888339619,72.33676471273144,21.961741677450732,360,6.0,13:12:30,13:18:30,False,,no_dispenser,0
2161829,heavy,801.0,52.0,40-ft,STC,3,SUN,14865301,14865188,323,323,55538,60677,Newton Exchange @ Bay 1,Newton Exchange @ Bay 11,55538,Newton Exchange,47850,48150,in_service_layover,61.71633746839561,65.4269558213273,20.927887510534788,300,5.0,13:17:30,13:22:30,False,,no_dispenser,0
2161981,heavy,320.0,73.0,40-ft,STC,3,SUN,14867566,14867541,341,341,55538,55688,Newton Exchange @ Bay 1,Newton Exchange @ Bay 7,55538,Newton Exchange,47970,48390,in_service_layover,63.277638366498934,68.24056179533548,27.990888138638184,420,7.0,13:19:30,13:26:30,False,,no_dispenser,0
2161998,heavy,502.0,62.0,40-ft,STC,3,SUN,14867860,14867822,342,342,55538,56019,Newton Exchange @ Bay 1,Newton Exchange @ Bay 4,55538,Newton Exchange,47970,48510,in_service_layover,66.1480292301537,72.04092606784359,33.23593816457105,540,9.0,13:19:30,13:28:30,False,,no_dispenser,0
2161456,heavy,301.0,43.0,40-ft,RTC,3,SUN,14861939,14861972,301,301,55456,61705,Newton Exchange @ Bay 5,Newton Exchange @ Bay 10,55456,Newton Exchange,48030,48390,in_service_layover,35.73405138765217,40.26612251644468,25.56088116638975,360,6.0,13:20:30,13:26:30,False,,no_dispenser,0
2161620,heavy,319.0,41.0,40-ft,STC,3,SUN,14863244,14863173,319,319,55456,55538,Newton Exchange @ Bay 5,Newton Exchange @ Bay 1,55456,Newton Exchange,48390,48630,in_service_layover,64.41701049581542,67.28618257639152,16.182130534449243,240,4.0,13:26:30,13:30:30,False,,no_dispenser,0
2161938,heavy,321.0,71.0,40-ft,STC,3,SUN,14866446,14866520,335,335,55538,55688,Newton Exchange @ Bay 1,Newton Exchange @ Bay 7,55538,Newton Exchange,48390,48630,in_service_layover,54.87242216820016,58.02413137715683,17.77563993851561,240,4.0,13:26:30,13:30:30,False,,no_dispenser,0
2161828,heavy,801.0,55.0,40-ft,STC,3,SUN,14865266,14865212,323,323,55538,60677,Newton Exchange @ Bay 1,Newton Exchange @ Bay 11,55538,Newton Exchange,48570,48870,in_service_layover,66.20473990735806,69.64410100335829,19.397996581441305,300,5.0,13:29:30,13:34:30,False,,no_dispenser,0
2161765,heavy,320.0,65.0,40-ft,STC,3,SUN,14865627,14865587,324,324,55538,61703,Newton Exchange @ Bay 1,Newton Exchange @ Bay 12,55538,Newton Exchange,48750,49110,in_service_layover,52.083622188940716,56.77697399424099,26.47050418189349,360,6.0,13:32:30,13:38:30,False,,no_dispenser,0
2161559,heavy,321.0,72.0,40-ft,STC,3,SUN,14866447,14866521,335,335,55538,55688,Newton Exchange @ Bay 1,Newton Exchange @ Bay 7,55538,Newton Exchange,49290,49530,in_service_layover,54.87242216820016,58.02413137715683,17.77563993851561,240,4.0,13:41:30,13:45:30,False,,no_dispenser,0
2161617,heavy,319.0,43.0,40-ft,STC,3,SUN,14863245,14863174,319,319,55456,55538,Newton Exchange @ Bay 5,Newton Exchange @ Bay 1,55456,Newton Exchange,49290,49530,in_service_layover,63.51612515223321,66.42789228451532,16.422366626071152,240,4.0,13:41:30,13:45:30,False,,no_dispenser,0
2162000,heavy,502.0,58.0,40-ft,STC,3,SUN,14867861,14867823,342,342,55538,56019,Newton Exchange @ Bay 1,Newton Exchange @ Bay 4,55538,Newton Exchange,49770,50310,in_service_layover,67.35139492345078,73.09390104722547,32.38773453808926,540,9.0,13:49:30,13:58:30,False,,no_dispenser,0
2161461,heavy,301.0,45.0,40-ft,RTC,3,SUN,14861926,14861962,301,301,55456,61705,Newton Exchange @ Bay 5,Newton Exchange @ Bay 10,55456,Newton Exchange,49950,50190,in_service_layover,37.19046826082296,40.21289781685624,17.046502696027687,240,4.0,13:52:30,13:56:30,False,,no_dispenser,0
2161977,heavy,320.0,70.0,40-ft,STC,3,SUN,14867592,14867540,341,341,55538,55688,Newton Exchange @ Bay 1,Newton Exchange @ Bay 7,55538,Newton Exchange,49950,50310,in_service_layover,47.94446249054739,52.56369238658984,26.05245661367951,360,6.0,13:52:30,13:58:30,False,,no_dispenser,0
2161564,heavy,320.0,67.0,40-ft,STC,3,SUN,14865628,14865588,324,324,55538,61703,Newton Exchange @ Bay 1,Newton Exchange @ Bay 12,55538,Newton Exchange,50010,50310,in_service_layover,65.4789511816966,68.96449959822088,19.658493069196936,300,5.0,13:53:30,13:58:30,False,,no_dispenser,0
2161834,heavy,801.0,51.0,40-ft,STC,3,SUN,14865318,14865185,323,323,55538,60677,Newton Exchange @ Bay 1,Newton Exchange @ Bay 11,55538,Newton Exchange,50010,50310,in_service_layover,68.69186649128248,71.96311425244424,18.449837372952288,300,5.0,13:53:30,13:58:30,False,,no_dispenser,0
2161619,heavy,319.0,44.0,40-ft,STC,3,SUN,14863246,14863175,319,319,55456,55538,Newton Exchange @ Bay 5,Newton Exchange @ Bay 1,55456,Newton Exchange,50190,50430,in_service_layover,62.175053268033494,65.1502280544149,16.779985795191067,240,4.0,13:56:30,14:00:30,False,,no_dispenser,0
2161616,heavy,319.0,45.0,40-ft,STC,3,SUN,14863247,14863176,319,319,55456,55538,Newton Exchange @ Bay 5,Newton Exchange @ Bay 1,55456,Newton Exchange,51090,51330,in_service_layover,61.817691800508456,64.80976311017709,16.87528218653108,240,4.0,14:11:30,14:15:30,False,,no_dispenser,0
2161831,heavy,801.0,53.0,40-ft,STC,3,SUN,14865302,14865227,323,323,55538,60677,Newton Exchange @ Bay 1,Newton Exchange @ Bay 11,55538,Newton Exchange,51510,51750,in_service_layover,67.80731788973164,70.5078212836566,15.230839141736851,240,4.0,14:18:30,14:22:30,False,,no_dispenser,0
2161694,heavy,320.0,71.0,40-ft,STC,3,SUN,14865870,14865863,325,325,55538,61703,Newton Exchange @ Bay 1,Newton Exchange @ Bay 12,55538,Newton Exchange,51510,52290,in_service_layover,68.36637896111935,76.01434898531406,43.1345509364582,780,13.0,14:18:30,14:31:30,False,,no_dispenser,0
2161999,heavy,502.0,52.0,40-ft,STC,3,SUN,14867862,14867824,342,342,55538,56019,Newton Exchange @ Bay 1,Newton Exchange @ Bay 4,55538,Newton Exchange,51630,52710,in_service_layover,65.28776371902404,75.87537577622061,59.714132002588656,1080,18.0,14:20:30,14:38:30,False,,no_dispenser,0
2161982,heavy,320.0,66.0,40-ft,STC,3,SUN,14867577,14867539,341,341,55538,55688,Newton Exchange @ Bay 1,Newton Exchange @ Bay 7,55538,Newton Exchange,51690,52230,in_service_layover,28.053222154585367,34.80475907851829,38.07866825098168,540,9.0,14:21:30,14:30:30,False,,no_dispenser,0
2161457,heavy,301.0,46.0,40-ft,RTC,3,SUN,14861938,14861971,301,301,55456,61705,Newton Exchange @ Bay 5,Newton Exchange @ Bay 10,55456,Newton Exchange,51750,51990,in_service_layover,30.79400339932174,33.79417595727994,16.92097322688423,240,4.0,14:22:30,14:26:30,False,,no_dispenser,0
2161615,heavy,319.0,42.0,40-ft,STC,3,SUN,14863248,14863177,319,319,55456,55538,Newton Exchange @ Bay 5,Newton Exchange @ Bay 1,55456,Newton Exchange,51990,52170,in_service_layover,64.46979389438548,66.64107779883989,12.24604122112288,180,3.0,14:26:30,14:29:30,False,,no_dispenser,0
2161836,heavy,801.0,54.0,40-ft,STC,3,SUN,14865265,14865213,323,323,55538,60677,Newton Exchange @ Bay 1,Newton Exchange @ Bay 11,55538,Newton Exchange,52230,52470,in_service_layover,69.02750834732825,71.66065173429544,14.850928702494969,240,4.0,14:30:30,14:34:30,False,,no_dispenser,0
2161588,heavy,320.0,58.0,40-ft,STC,3,SUN,14865630,14865590,324,324,55538,61703,Newton Exchange @ Bay 1,Newton Exchange @ Bay 12,55538,Newton Exchange,52410,52710,in_service_layover,65.56027466051394,69.04071224476438,19.62966797517248,300,5.0,14:33:30,14:38:30,False,,no_dispenser,0
2161614,heavy,319.0,40.0,40-ft,STC,3,SUN,14863249,14863178,319,319,55456,55538,Newton Exchange @ Bay 5,Newton Exchange @ Bay 1,55456,Newton Exchange,52830,53070,in_service_layover,59.85897512876765,62.94459288003546,17.402884117150393,240,4.0,14:40:30,14:44:30,False,,no_dispenser,0
2161827,heavy,801.0,50.0,40-ft,STC,3,SUN,14865290,14865195,323,323,55538,60677,Newton Exchange @ Bay 1,Newton Exchange @ Bay 11,55538,Newton Exchange,52950,53190,in_service_layover,66.39091479760836,69.16501159823773,15.645905955549608,240,4.0,14:42:30,14:46:30,False,,no_dispenser,0
2161997,heavy,502.0,60.0,40-ft,STC,3,SUN,14867863,14867825,342,342,55538,61707,Newton Exchange @ Bay 1,Newton Exchange @ Layover,55538,Newton Exchange,53430,53790,in_service_layover,63.87239118881601,68.1282520326718,24.003055159346616,360,6.0,14:50:30,14:56:30,False,,no_dispenser,0
2161978,heavy,320.0,79.0,40-ft,STC,3,SUN,14867591,14867538,341,341,55538,61707,Newton Exchange @ Bay 1,Newton Exchange @ Layover,55538,Newton Exchange,53430,53910,in_service_layover,64.83190209252237,70.27987773685854,30.726582634056,480,8.0,14:50:30,14:58:30,False,,no_dispenser,0
2161460,heavy,301.0,41.0,40-ft,RTC,3,SUN,14861927,14861981,301,301,55456,61705,Newton Exchange @ Bay 5,Newton Exchange @ Bay 10,55456,Newton Exchange,53550,53790,in_service_layover,25.879161882041945,28.862228279121826,16.8244944795305,240,4.0,14:52:30,14:56:30,False,,no_dispenser,0
2161829,heavy,801.0,52.0,40-ft,STC,3,SUN,14865276,14865214,323,323,55538,61707,Newton Exchange @ Bay 1,Newton Exchange @ Layover,55538,Newton Exchange,53670,54450,in_service_layover,65.50504651043815,73.6810300106543,46.11254694121908,780,13.0,14:54:30,15:07:30,False,,no_dispenser,0
2161620,heavy,319.0,41.0,40-ft,STC,3,SUN,14863250,14863180,319,319,55456,61707,Newton Exchange @ Bay 5,Newton Exchange @ Layover,55456,Newton Exchange,53730,54690,in_service_layover,59.98898168845671,70.83782927126278,61.18750036702619,960,16.0,14:55:30,15:11:30,False,,no_dispenser,0
2161690,heavy,320.0,69.0,40-ft,STC,3,SUN,14865903,14865832,325,325,55538,61707,Newton Exchange @ Bay 1,Newton Exchange @ Layover,55538,Newton Exchange,53910,54570,in_service_layover,69.81441053060742,76.24819532302128,36.286546229214196,660,11.0,14:58:30,15:09:30,False,,no_dispenser,0
2161828,heavy,801.0,55.0,40-ft,STC,3,SUN,14865303,14865260,323,323,55538,61707,Newton Exchange @ Bay 1,Newton Exchange @ Layover,55538,Newton Exchange,54390,55050,in_service_layover,68.45496372464439,75.10680171291851,37.51636625386607,660,11.0,15:06:30,15:17:30,False,,no_dispenser,0
2161617,heavy,319.0,43.0,40-ft,STC,3,SUN,14863251,14863181,319,319,55456,61707,Newton Exchange @ Bay 5,Newton Exchange @ Layover,55456,Newton Exchange,54630,55590,in_service_layover,59.171272497851255,70.21506442345502,62.28698646040522,960,16.0,15:10:30,15:26:30,False,,no_dispenser,0
2161941,heavy,321.0,73.0,40-ft,STC,3,SUN,14866453,14866528,335,335,55538,61707,Newton Exchange @ Bay 1,Newton Exchange @ Layover,55538,Newton Exchange,54750,55770,in_service_layover,59.773836614151335,71.21401595926609,64.52261150644722,1020,17.0,15:12:30,15:29:30,False,,no_dispenser,0
2162405,heavy,320.0,76.0,40-ft,STC,3,SUN,14865869,14865864,325,325,55538,61707,Newton Exchange @ Bay 1,Newton Exchange @ Layover,55538,Newton Exchange,55110,55770,in_service_layover,69.07328318913548,75.62650877389213,36.96019229802749,660,11.0,15:18:30,15:29:30,False,,no_dispenser,0
2161976,heavy,320.0,64.0,40-ft,STC,3,SUN,14867590,14867537,341,341,55538,61707,Newton Exchange @ Bay 1,Newton Exchange @ Layover,55538,Newton Exchange,55170,55710,in_service_layover,29.55512252157888,36.3184178991541,38.14498592952424,540,9.0,15:19:30,15:28:30,False,,no_dispenser,0
2161998,heavy,502.0,62.0,40-ft,STC,3,SUN,14867864,14867826,342,342,55538,61707,Newton Exchange @ Bay 1,Newton Exchange @ Layover,55538,Newton Exchange,55230,56190,in_service_layover,63.669603906329606,73.7220072808704,56.69555503241003,960,16.0,15:20:30,15:36:30,False,,no_dispenser,0
2161456,heavy,301.0,43.0,40-ft,RTC,3,SUN,14861937,14861970,301,301,55456,61705,Newton Exchange @ Bay 5,Newton Exchange @ Bay 10,55456,Newton Exchange,55470,55710,in_service_layover,23.121568035003882,26.094149110870717,16.76535726788896,240,4.0,15:24:30,15:28:30,False,,no_dispenser,0
2161619,heavy,319.0,44.0,40-ft,STC,3,SUN,14863252,14863182,319,319,55456,61707,Newton Exchange @ Bay 5,Newton Exchange @ Layover,55456,Newton Exchange,55530,56490,in_service_layover,58.680266024995994,69.83472791028208,62.91116503301345,960,16.0,15:25:30,15:41:30,False,,no_dispenser,0
2161939,heavy,321.0,75.0,40-ft,STC,3,SUN,14866454,14866529,335,335,55538,61707,Newton Exchange @ Bay 1,Newton Exchange @ Layover,55538,Newton Exchange,55650,56670,in_service_layover,59.773836614151335,71.21401595926609,64.52261150644722,1020,17.0,15:27:30,15:44:30,False,,no_dispenser,0
2161694,heavy,320.0,71.0,40-ft,STC,3,SUN,14865904,14865836,325,325,55538,61707,Newton Exchange @ Bay 1,Newton Exchange @ Layover,55538,Newton Exchange,56310,56970,in_service_layover,68.8927898446641,75.47489791260074,37.123089503162646,660,11.0,15:38:30,15:49:30,False,,no_dispenser,0
2161616,heavy,319.0,45.0,40-ft,STC,3,SUN,14863253,14863183,319,319,55456,61707,Newton Exchange @ Bay 5,Newton Exchange @ Layover,55456,Newton Exchange,56490,57390,in_service_layover,58.35992312237981,69.00317521847175,60.027941821958564,900,15.0,15:41:30,15:56:30,False,,no_dispenser,0
2161938,heavy,321.0,71.0,40-ft,STC,3,SUN,14866455,14866530,335,335,55538,61707,Newton Exchange @ Bay 1,Newton Exchange @ Layover,55538,Newton Exchange,56550,57570,in_service_layover,54.43074893727478,66.97374333354543,70.74248839496641,1020,17.0,15:42:30,15:59:30,False,,no_dispenser,0
2162000,heavy,502.0,58.0,40-ft,STC,3,SUN,14867865,14867827,342,342,55538,61707,Newton Exchange @ Bay 1,Newton Exchange @ Layover,55538,Newton Exchange,56790,57390,in_service_layover,60.99371214188506,68.13471944357819,40.2752811815493,600,10.0,15:46:30,15:56:30,False,,no_dispenser,0
2161461,heavy,301.0,45.0,40-ft,RTC,3,SUN,14861928,14861980,301,301,55456,61705,Newton Exchange @ Bay 5,Newton Exchange @ Bay 10,55456,Newton Exchange,57210,57510,in_service_layover,23.06834333541544,26.78659515809285,20.97094027990059,300,5.0,15:53:30,15:58:30,False,,no_dispenser,0
2161831,heavy,801.0,53.0,40-ft,STC,3,SUN,14865304,14865237,323,323,55538,61707,Newton Exchange @ Bay 1,Newton Exchange @ Layover,55538,Newton Exchange,57390,58050,in_service_layover,69.69096129292231,76.14473470661277,36.399282053214165,660,11.0,15:56:30,16:07:30,False,,no_dispenser,0
2161559,heavy,321.0,72.0,40-ft,STC,3,SUN,14866456,14866559,335,335,55538,61707,Newton Exchange @ Bay 1,Newton Exchange @ Layover,55538,Newton Exchange,57390,58290,in_service_layover,53.70524603626382,65.05008592739392,63.98489698597376,900,15.0,15:56:30,16:11:30,False,,no_dispenser,0
2161615,heavy,319.0,42.0,40-ft,STC,3,SUN,14863254,14863184,319,319,55456,61707,Newton Exchange @ Bay 5,Newton Exchange @ Layover,55456,Newton Exchange,57390,58290,in_service_layover,60.08300408239824,70.36017922931389,57.96326782860427,900,15.0,15:56:30,16:11:30,False,,no_dispenser,0
2161699,heavy,320.0,54.0,40-ft,STC,3,SUN,14865886,14865831,325,325,55538,61707,Newton Exchange @ Bay 1,Newton Exchange @ Layover,55538,Newton Exchange,57510,58170,in_service_layover,66.3450774164582,73.32632609084476,39.374242523540204,660,11.0,15:58:30,16:09:30,False,,no_dispenser,0
2161560,heavy,321.0,74.0,40-ft,STC,3,SUN,14866457,14865595,335,324,55538,61707,Newton Exchange @ Bay 1,Newton Exchange @ Layover,55538,Newton Exchange,58230,58710,in_service_layover,49.62732278837697,55.84834196082175,35.08654813258852,480,8.0,16:10:30,16:18:30,False,,no_dispenser,0
2161614,heavy,319.0,40.0,40-ft,STC,3,SUN,14863255,14863185,319,319,55456,61707,Newton Exchange @ Bay 5,Newton Exchange @ Layover,55456,Newton Exchange,58290,59190,in_service_layover,56.60032400398136,67.55937828042019,61.80906611911496,900,15.0,16:11:30,16:26:30,False,,no_dispenser,0
2161765,heavy,320.0,65.0,40-ft,STC,3,SUN,14865635,14866531,324,335,55538,61707,Newton Exchange @ Bay 1,Newton Exchange @ Layover,55538,Newton Exchange,58590,58950,in_service_layover,43.553906624638316,48.12733040170817,25.794110102673983,360,6.0,16:16:30,16:22:30,False,,no_dispenser,0
2161978,heavy,320.0,79.0,40-ft,STC,3,SUN,14867588,14867535,341,341,55538,61707,Newton Exchange @ Bay 1,Newton Exchange @ Layover,55538,Newton Exchange,58710,59310,in_service_layover,61.73538556250035,68.78258031743782,39.74617841784732,600,10.0,16:18:30,16:28:30,False,,no_dispenser,0
2161687,heavy,320.0,61.0,40-ft,STC,3,SUN,14865867,14865865,325,325,55538,61707,Newton Exchange @ Bay 1,Newton Exchange @ Layover,55538,Newton Exchange,58710,59370,in_service_layover,64.68551395179762,71.9181626073597,40.792138417370154,660,11.0,16:18:30,16:29:30,False,,no_dispenser,0
2161827,heavy,801.0,50.0,40-ft,STC,3,SUN,14865293,14865239,323,323,55538,61707,Newton Exchange @ Bay 1,Newton Exchange @ Layover,55538,Newton Exchange,58830,59250,in_service_layover,68.05487921863931,72.57468629900453,25.491711933259694,420,7.0,16:20:30,16:27:30,False,,no_dispenser,0
2161999,heavy,502.0,52.0,40-ft,STC,3,SUN,14867866,14867828,342,342,55538,61707,Newton Exchange @ Bay 1,Newton Exchange @ Layover,55538,Newton Exchange,59190,59790,in_service_layover,63.58660910907778,70.3937339258078,38.39218396635732,600,10.0,16:26:30,16:36:30,False,,no_dispenser,0
2161911,heavy,321.0,76.0,40-ft,STC,3,SUN,14866458,14865596,335,324,55538,61707,Newton Exchange @ Bay 1,Newton Exchange @ Layover,55538,Newton Exchange,59190,59910,in_service_layover,50.97845241369965,60.35032037184058,52.85733528391489,720,12.0,16:26:30,16:38:30,False,,no_dispenser,0
2161564,heavy,320.0,67.0,40-ft,STC,3,SUN,14865636,14866533,324,335,55538,61707,Newton Exchange @ Bay 1,Newton Exchange @ Layover,55538,Newton Exchange,59790,60270,in_service_layover,53.28453630915756,59.581001989828295,35.51206643898297,480,8.0,16:36:30,16:44:30,False,,no_dispenser,0
2162405,heavy,320.0,76.0,40-ft,STC,3,SUN,14865905,14865842,325,325,55538,61707,Newton Exchange @ Bay 1,Newton Exchange @ Layover,55538,Newton Exchange,59910,60570,in_service_layover,68.3172234424515,74.99090072776056,37.63953988914301,660,11.0,16:38:30,16:49:30,False,,no_dispenser,0
2161620,heavy,319.0,41.0,40-ft,STC,3,SUN,14863257,14863187,319,319,55456,61707,Newton Exchange @ Bay 5,Newton Exchange @ Layover,55456,Newton Exchange,60090,60990,in_service_layover,64.49968203033913,73.88182652516232,52.91529495080283,900,15.0,16:41:30,16:56:30,False,,no_dispenser,0
2161767,heavy,321.0,77.0,40-ft,STC,3,SUN,14866459,14866493,335,335,55538,61707,Newton Exchange @ Bay 1,Newton Exchange @ Layover,55538,Newton Exchange,60150,60990,in_service_layover,50.45156924620391,61.31963747050448,61.29590478505526,840,14.0,16:42:30,16:56:30,False,,no_dispenser,0
2161997,heavy,502.0,60.0,40-ft,STC,3,SUN,14867878,14867829,342,342,55538,61707,Newton Exchange @ Bay 1,Newton Exchange @ Layover,55538,Newton Exchange,60390,60990,in_service_layover,56.228085814969944,63.8995255002447,43.26691982494964,600,10.0,16:46:30,16:56:30,False,,no_dispenser,0
2161976,heavy,320.0,64.0,40-ft,STC,3,SUN,14867587,14867563,341,341,55538,61707,Newton Exchange @ Bay 1,Newton Exchange @ Layover,55538,Newton Exchange,60510,61050,in_service_layover,27.773925724795912,34.52327602290843,38.066335681354616,540,9.0,16:48:30,16:57:30,False,,no_dispenser,0
2161828,heavy,801.0,55.0,40-ft,STC,3,SUN,14865285,14865242,323,323,55538,61707,Newton Exchange @ Bay 1,Newton Exchange @ Layover,55538,Newton Exchange,60870,61050,in_service_layover,65.99436774120092,68.11158874328599,11.941126451759828,180,3.0,16:54:30,16:57:30,False,,no_dispenser,0
2161691,heavy,320.0,81.0,40-ft,STC,3,SUN,14865637,14865597,324,324,55538,61707,Newton Exchange @ Bay 1,Newton Exchange @ Layover,55538,Newton Exchange,60930,61110,in_service_layover,57.28487345543671,59.665949021169595,13.429266190733415,180,3.0,16:55:30,16:58:30,False,,no_dispenser,0
2161617,heavy,319.0,43.0,40-ft,STC,3,SUN,14863258,14863188,319,319,55456,61707,Newton Exchange @ Bay 5,Newton Exchange @ Layover,55456,Newton Exchange,60930,61890,in_service_layover,63.925778428081124,73.92153540838883,56.37606936893553,960,16.0,16:55:30,17:11:30,False,,no_dispenser,0
2161772,heavy,321.0,78.0,40-ft,STC,3,SUN,14866460,14866534,335,335,55538,61707,Newton Exchange @ Bay 1,Newton Exchange @ Layover,55538,Newton Exchange,61050,61710,in_service_layover,50.45156924620391,59.06345572112058,48.57103971853002,660,11.0,16:57:30,17:08:30,False,,no_dispenser,0
2161688,heavy,320.0,85.0,40-ft,STC,3,SUN,14865884,14865859,325,325,55538,61707,Newton Exchange @ Bay 1,Newton Exchange @ Layover,55538,Newton Exchange,61110,61770,in_service_layover,64.27066333935629,71.56509560690702,41.140597988986144,660,11.0,16:58:30,17:09:30,False,,no_dispenser,0
2161835,heavy,801.0,57.0,40-ft,STC,3,SUN,14865323,14865243,323,323,55538,61707,Newton Exchange @ Bay 1,Newton Exchange @ Layover,55538,Newton Exchange,61470,61650,in_service_layover,65.98288439542702,68.10051260835515,11.943423120914588,180,3.0,17:04:30,17:07:30,False,,no_dispenser,0
2161619,heavy,319.0,44.0,40-ft,STC,3,SUN,14863259,14863189,319,319,55456,61707,Newton Exchange @ Bay 5,Newton Exchange @ Layover,55456,Newton Exchange,61830,62790,in_service_layover,63.57481232697363,73.64813624383223,56.813546891082524,960,16.0,17:10:30,17:26:30,False,,no_dispenser,0
2164566,heavy,321.0,83.0,40-ft,STC,3,SUN,14866432,14865598,335,324,55538,61707,Newton Exchange @ Bay 1,Newton Exchange @ Layover,55538,Newton Exchange,61950,62310,in_service_layover,65.55467284254371,69.68329585757577,23.28543380478078,360,6.0,17:12:30,17:18:30,False,,no_dispenser,0
2161588,heavy,320.0,58.0,40-ft,STC,3,SUN,14865638,14866535,324,335,55538,61707,Newton Exchange @ Bay 1,Newton Exchange @ Layover,55538,Newton Exchange,62130,62430,in_service_layover,54.05071779367117,57.985382651523764,22.191509798288678,300,5.0,17:15:30,17:20:30,False,,no_dispenser,0
2161981,heavy,320.0,73.0,40-ft,STC,3,SUN,14867586,14867545,341,341,55538,61707,Newton Exchange @ Bay 1,Newton Exchange @ Layover,55538,Newton Exchange,62310,62730,in_service_layover,41.5082743987502,46.83436801748319,30.03916800965405,420,7.0,17:18:30,17:25:30,False,,no_dispenser,0
2161557,heavy,320.0,84.0,40-ft,STC,3,SUN,14865898,14865866,325,325,55538,61707,Newton Exchange @ Bay 1,Newton Exchange @ Layover,55538,Newton Exchange,62310,62970,in_service_layover,67.22228668458264,74.06791068586021,38.6093193672055,660,11.0,17:18:30,17:29:30,False,,no_dispenser,0
2161910,heavy,321.0,64.0,40-ft,STC,3,SUN,14866461,14866536,335,335,55538,61707,Newton Exchange @ Bay 1,Newton Exchange @ Layover,55538,Newton Exchange,62670,63150,in_service_layover,62.154239010908555,67.87581671819613,32.26969826910198,480,8.0,17:24:30,17:32:30,False,,no_dispenser,0
2161616,heavy,319.0,45.0,40-ft,STC,3,SUN,14863260,14863190,319,319,55456,61707,Newton Exchange @ Bay 5,Newton Exchange @ Layover,55456,Newton Exchange,62730,63690,in_service_layover,62.80623391278303,73.04836665135784,57.76562864556189,960,16.0,17:25:30,17:41:30,False,,no_dispenser,0
2161998,heavy,502.0,62.0,40-ft,STC,3,SUN,14867868,14867830,342,342,55538,61707,Newton Exchange @ Bay 1,Newton Exchange @ Layover,55538,Newton Exchange,62790,63390,in_service_layover,62.72768023341894,69.64724148242382,39.02632544438757,600,10.0,17:26:30,17:36:30,False,,no_dispenser,0
2161560,heavy,321.0,74.0,40-ft,STC,3,SUN,14865639,14865599,324,324,55538,61707,Newton Exchange @ Bay 1,Newton Exchange @ Layover,55538,Newton Exchange,63330,63510,in_service_layover,46.82214823682888,49.11290064748006,12.919843596072667,180,3.0,17:35:30,17:38:30,False,,no_dispenser,0
2161941,heavy,321.0,73.0,40-ft,STC,3,SUN,14866462,14866537,335,335,55538,61707,Newton Exchange @ Bay 1,Newton Exchange @ Layover,55538,Newton Exchange,63330,63870,in_service_layover,61.45456752627281,67.89994966768967,36.35195527759106,540,9.0,17:35:30,17:44:30,False,,no_dispenser,0
2161615,heavy,319.0,42.0,40-ft,STC,3,SUN,14863261,14863191,319,319,55456,61707,Newton Exchange @ Bay 5,Newton Exchange @ Layover,55456,Newton Exchange,63630,64590,in_service_layover,64.05959314417319,74.02569268231791,56.20880139513616,960,16.0,17:40:30,17:56:30,False,,no_dispenser,0
2161831,heavy,801.0,53.0,40-ft,STC,3,SUN,14865327,14865247,323,323,55538,61707,Newton Exchange @ Bay 1,Newton Exchange @ Layover,55538,Newton Exchange,63750,64050,in_service_layover,67.03230073489517,70.41741511424607,19.092045099539007,300,5.0,17:42:30,17:47:30,False,,no_dispenser,0
2162000,heavy,502.0,58.0,40-ft,STC,3,SUN,14867879,14867831,342,342,55538,61707,Newton Exchange @ Bay 1,Newton Exchange @ Layover,55538,Newton Exchange,63930,64590,in_service_layover,57.634264492030184,65.86460226817408,46.41910505745159,660,11.0,17:45:30,17:56:30,False,,no_dispenser,0
2161771,heavy,321.0,60.0,40-ft,STC,3,SUN,14866463,14866538,335,335,55538,61707,Newton Exchange @ Bay 1,Newton Exchange @ Layover,55538,Newton Exchange,63990,64590,in_service_layover,22.19255397171404,29.647189118989274,42.04414223063233,600,10.0,17:46:30,17:56:30,False,,no_dispenser,0
2161978,heavy,320.0,79.0,40-ft,STC,3,SUN,14867585,14867544,341,341,55538,55688,Newton Exchange @ Bay 1,Newton Exchange @ Bay 7,55538,Newton Exchange,64050,64770,in_service_layover,60.23808814307963,68.73102048487621,47.9001384077327,720,12.0,17:47:30,17:59:30,False,,no_dispenser,0
2161827,heavy,801.0,50.0,40-ft,STC,3,SUN,14865328,14865248,323,323,55538,61707,Newton Exchange @ Bay 1,Newton Exchange @ Layover,55538,Newton Exchange,64350,64650,in_service_layover,66.78779350367702,70.1891108466423,19.183429814324143,300,5.0,17:52:30,17:57:30,False,,no_dispenser,0
2161911,heavy,321.0,76.0,40-ft,STC,3,SUN,14865640,14865575,324,324,55538,61703,Newton Exchange @ Bay 1,Newton Exchange @ Bay 12,55538,Newton Exchange,64470,65310,in_service_layover,51.32412664784772,62.155297245789335,61.087802172390695,840,14.0,17:54:30,18:08:30,False,,no_dispenser,0
2161614,heavy,319.0,40.0,40-ft,STC,3,SUN,14863262,14863192,319,319,55456,55538,Newton Exchange @ Bay 5,Newton Exchange @ Bay 1,55456,Newton Exchange,64530,65610,in_service_layover,61.467732158679176,73.00901398725638,65.09282951317545,1080,18.0,17:55:30,18:13:30,False,,no_dispenser,0
2161939,heavy,321.0,75.0,40-ft,STC,3,SUN,14866464,14866539,335,335,55538,55688,Newton Exchange @ Bay 1,Newton Exchange @ Bay 7,55538,Newton Exchange,64650,65490,in_service_layover,65.97711216836657,74.56711895550063,48.44763827943609,840,14.0,17:57:30,18:11:30,False,,no_dispenser,0
2161561,heavy,320.0,40.0,40-ft,STC,3,SUN,14865899,14865830,325,325,55538,61703,Newton Exchange @ Bay 1,Newton Exchange @ Bay 12,55538,Newton Exchange,64770,65490,in_service_layover,67.65890584993683,74.94667628983342,41.103025281016755,720,12.0,17:59:30,18:11:30,False,,no_dispenser,0
2161996,heavy,502.0,69.0,40-ft,STC,3,SUN,14867869,14867844,342,342,55538,56019,Newton Exchange @ Bay 1,Newton Exchange @ Bay 4,55538,Newton Exchange,65130,65910,in_service_layover,62.83442454915901,71.48503873305417,48.789463997168696,780,13.0,18:05:30,18:18:30,False,,no_dispenser,0
2161938,heavy,321.0,71.0,40-ft,STC,3,SUN,14866465,14866540,335,335,55538,55688,Newton Exchange @ Bay 1,Newton Exchange @ Bay 7,55538,Newton Exchange,65310,66270,in_service_layover,60.293177110169815,71.07711791486886,60.82142613850266,960,16.0,18:08:30,18:24:30,False,,no_dispenser,0
2161618,heavy,319.0,46.0,40-ft,STC,3,SUN,14863263,14863193,319,319,55456,55538,Newton Exchange @ Bay 5,Newton Exchange @ Bay 1,55456,Newton Exchange,65430,66510,in_service_layover,68.73238226456483,78.44598966099669,54.784745715875715,1080,18.0,18:10:30,18:28:30,False,,no_dispenser,0
2161829,heavy,801.0,52.0,40-ft,STC,3,SUN,14865330,14865250,323,323,55538,60677,Newton Exchange @ Bay 1,Newton Exchange @ Bay 11,55538,Newton Exchange,65550,65970,in_service_layover,66.76300466200864,71.40818428886317,26.198813095459514,420,7.0,18:12:30,18:19:30,False,,no_dispenser,0
2161828,heavy,801.0,55.0,40-ft,STC,3,SUN,14865331,14865251,323,323,55538,60677,Newton Exchange @ Bay 1,Newton Exchange @ Bay 11,55538,Newton Exchange,66150,66570,in_service_layover,62.60732423937022,67.62792719890263,28.31620069176273,420,7.0,18:22:30,18:29:30,False,,no_dispenser,0
2161999,heavy,502.0,52.0,40-ft,STC,3,SUN,14867870,14867832,342,342,55538,56019,Newton Exchange @ Bay 1,Newton Exchange @ Bay 4,55538,Newton Exchange,66330,67110,in_service_layover,59.702655980158646,68.89492426890776,51.844393148545066,780,13.0,18:25:30,18:38:30,False,,no_dispenser,0
2162405,heavy,320.0,76.0,40-ft,STC,3,SUN,14866467,14866541,335,335,55538,55688,Newton Exchange @ Bay 1,Newton Exchange @ Bay 7,55538,Newton Exchange,66690,67050,in_service_layover,63.56608971825075,67.84436758313143,24.12948715792703,360,6.0,18:31:30,18:37:30,False,,no_dispenser,0
2161835,heavy,801.0,57.0,40-ft,STC,3,SUN,14865332,14865252,323,323,55538,60677,Newton Exchange @ Bay 1,Newton Exchange @ Bay 11,55538,Newton Exchange,66750,67170,in_service_layover,62.596902722343096,67.61839343970163,28.321207645902234,420,7.0,18:32:30,18:39:30,False,,no_dispenser,0
2164566,heavy,321.0,83.0,40-ft,STC,3,SUN,14865613,14865566,324,324,55538,61703,Newton Exchange @ Bay 1,Newton Exchange @ Bay 12,55538,Newton Exchange,66870,67110,in_service_layover,60.65710213358291,63.70404765918182,17.184772764377897,240,4.0,18:34:30,18:38:30,False,,no_dispenser,0
2161617,heavy,319.0,43.0,40-ft,STC,3,SUN,14863265,14863194,319,319,55456,55538,Newton Exchange @ Bay 5,Newton Exchange @ Bay 1,55456,Newton Exchange,67110,67410,in_service_layover,66.73421992877316,70.13906785114403,19.203342282171718,300,5.0,18:38:30,18:43:30,False,,no_dispenser,0
2161557,heavy,320.0,84.0,40-ft,STC,3,SUN,14865882,14865843,325,325,55538,61703,Newton Exchange @ Bay 1,Newton Exchange @ Bay 12,55538,Newton Exchange,67170,67890,in_service_layover,66.75862535441959,74.1998322384103,41.96840682570746,720,12.0,18:39:30,18:51:30,False,,no_dispenser,0
2161834,heavy,801.0,51.0,40-ft,STC,3,SUN,14865333,14865253,323,323,55538,60677,Newton Exchange @ Bay 1,Newton Exchange @ Bay 11,55538,Newton Exchange,67290,67770,in_service_layover,65.31760443963277,70.71405958387537,30.43600701352824,480,8.0,18:41:30,18:49:30,False,,no_dispenser,0
2161997,heavy,502.0,60.0,40-ft,STC,3,SUN,14867880,14867833,342,342,55538,56019,Newton Exchange @ Bay 1,Newton Exchange @ Bay 4,55538,Newton Exchange,67470,68310,in_service_layover,54.44520987914607,65.04132596073885,59.76209470018324,840,14.0,18:44:30,18:58:30,False,,no_dispenser,0
2162181,heavy,320.0,77.0,40-ft,STC,3,SUN,14867583,14867542,341,341,55538,55688,Newton Exchange @ Bay 1,Newton Exchange @ Bay 7,55538,Newton Exchange,67650,68490,in_service_layover,28.053222154585367,38.590778409781265,59.43181727930485,840,14.0,18:47:30,19:01:30,False,,no_dispenser,0
2161619,heavy,319.0,44.0,40-ft,STC,3,SUN,14863266,14863195,319,319,55456,55538,Newton Exchange @ Bay 5,Newton Exchange @ Bay 1,55456,Newton Exchange,68010,68310,in_service_layover,67.07761791344092,70.45971324636447,19.07501767768889,300,5.0,18:53:30,18:58:30,False,,no_dispenser,0
2161560,heavy,321.0,74.0,40-ft,STC,3,SUN,14865622,14865574,324,324,55538,61703,Newton Exchange @ Bay 1,Newton Exchange @ Bay 12,55538,Newton Exchange,68070,68910,in_service_layover,43.13479877591735,53.93674695162227,60.92298771097575,840,14.0,18:54:30,19:08:30,False,,no_dispenser,0
2161761,heavy,321.0,68.0,40-ft,STC,3,SUN,14866469,14866543,335,335,55538,55688,Newton Exchange @ Bay 1,Newton Exchange @ Bay 7,55538,Newton Exchange,68130,68490,in_service_layover,36.75406202291392,41.29145696147569,25.59090745348837,360,6.0,18:55:30,19:01:30,False,,no_dispenser,0
2161832,heavy,801.0,56.0,40-ft,STC,3,SUN,14865335,14865255,323,323,55538,60677,Newton Exchange @ Bay 1,Newton Exchange @ Bay 11,55538,Newton Exchange,68490,68970,in_service_layover,65.5224703790752,70.89702000216485,30.312459874225567,480,8.0,19:01:30,19:09:30,False,,no_dispenser,0
2161995,heavy,502.0,71.0,40-ft,STC,3,SUN,14867871,14867845,342,342,55538,56019,Newton Exchange @ Bay 1,Newton Exchange @ Bay 4,55538,Newton Exchange,68670,69510,in_service_layover,63.316545230325204,72.42183340217998,51.35382528926101,840,14.0,19:04:30,19:18:30,False,,no_dispenser,0
2161616,heavy,319.0,45.0,40-ft,STC,3,SUN,14863267,14863196,319,319,55456,55538,Newton Exchange @ Bay 5,Newton Exchange @ Bay 1,55456,Newton Exchange,68850,69210,in_service_layover,66.52907277805073,70.58081054140354,22.851800985309808,360,6.0,19:07:30,19:13:30,False,,no_dispenser,0
2161770,heavy,321.0,84.0,40-ft,STC,3,SUN,14866470,14866495,335,335,55538,55688,Newton Exchange @ Bay 1,Newton Exchange @ Bay 7,55538,Newton Exchange,68850,69390,in_service_layover,54.1095889080188,61.1594758077216,39.76136211432379,540,9.0,19:07:30,19:16:30,False,,no_dispenser,0
2161831,heavy,801.0,53.0,40-ft,STC,3,SUN,14865336,14865256,323,323,55538,60677,Newton Exchange @ Bay 1,Newton Exchange @ Bay 11,55538,Newton Exchange,68970,69570,in_service_layover,66.04507460358883,72.52033653523769,36.520477294499585,600,10.0,19:09:30,19:19:30,False,,no_dispenser,0
2161978,heavy,320.0,79.0,40-ft,STC,3,SUN,14867582,14867557,341,341,55538,55688,Newton Exchange @ Bay 1,Newton Exchange @ Bay 7,55538,Newton Exchange,69450,70350,in_service_layover,60.38807305725942,70.60497134802493,57.623306359917535,900,15.0,19:17:30,19:32:30,False,,no_dispenser,0
2161827,heavy,801.0,50.0,40-ft,STC,3,SUN,14865337,14865257,323,323,55538,60677,Newton Exchange @ Bay 1,Newton Exchange @ Bay 11,55538,Newton Exchange,69570,70110,in_service_layover,65.83793338142291,71.76900578855334,33.45124837621569,540,9.0,19:19:30,19:28:30,False,,no_dispenser,0
2161772,heavy,321.0,78.0,40-ft,STC,3,SUN,14866471,14866544,335,335,55538,55688,Newton Exchange @ Bay 1,Newton Exchange @ Bay 7,55538,Newton Exchange,69570,70290,in_service_layover,56.63710443331681,65.65234015992424,50.845929498065914,720,12.0,19:19:30,19:31:30,False,,no_dispenser,0
2161615,heavy,319.0,42.0,40-ft,STC,3,SUN,14863268,14863197,319,319,55456,55538,Newton Exchange @ Bay 5,Newton Exchange @ Bay 1,55456,Newton Exchange,69750,70110,in_service_layover,67.42247385433396,71.4016626874608,22.442625018835372,360,6.0,19:22:30,19:28:30,False,,no_dispenser,0
2161998,heavy,502.0,62.0,40-ft,STC,3,SUN,14867872,14867834,342,342,55538,56019,Newton Exchange @ Bay 1,Newton Exchange @ Bay 4,55538,Newton Exchange,69870,70710,in_service_layover,59.67663029341911,69.46744133176142,55.22017425625057,840,14.0,19:24:30,19:38:30,False,,no_dispenser,0
2161830,heavy,801.0,58.0,40-ft,STC,3,SUN,14865338,14865258,323,323,55538,60677,Newton Exchange @ Bay 1,Newton Exchange @ Bay 11,55538,Newton Exchange,70170,70710,in_service_layover,67.08337975647365,72.85968953286061,32.57838713882251,540,9.0,19:29:30,19:38:30,False,,no_dispenser,0
2161910,heavy,321.0,64.0,40-ft,STC,3,SUN,14866472,14866545,335,335,55538,55688,Newton Exchange @ Bay 1,Newton Exchange @ Bay 7,55538,Newton Exchange,70290,71190,in_service_layover,56.325691599171016,67.32848665180893,62.05576409687785,900,15.0,19:31:30,19:46:30,False,,no_dispenser,0
2161911,heavy,321.0,76.0,40-ft,STC,3,SUN,14865612,14865565,324,324,55538,61703,Newton Exchange @ Bay 1,Newton Exchange @ Bay 12,55538,Newton Exchange,70410,70710,in_service_layover,64.67362149165179,68.20890049822324,19.93897359706301,300,5.0,19:33:30,19:38:30,False,,no_dispenser,0
2161614,heavy,319.0,40.0,40-ft,STC,3,SUN,14863269,14863198,319,319,55456,55538,Newton Exchange @ Bay 5,Newton Exchange @ Bay 1,55456,Newton Exchange,70650,71010,in_service_layover,66.6534946291474,70.69524620678223,22.79547889786039,360,6.0,19:37:30,19:43:30,False,,no_dispenser,0
2161829,heavy,801.0,52.0,40-ft,STC,3,SUN,14865339,14865259,323,323,55538,60677,Newton Exchange @ Bay 1,Newton Exchange @ Bay 11,55538,Newton Exchange,70770,71310,in_service_layover,67.14314425311254,72.91193133627965,32.535959149062535,540,9.0,19:39:30,19:48:30,False,,no_dispenser,0
2161828,heavy,801.0,55.0,40-ft,STC,3,SUN,14865340,14865229,323,323,55538,60677,Newton Exchange @ Bay 1,Newton Exchange @ Bay 11,55538,Newton Exchange,71370,72030,in_service_layover,63.70805228100834,71.08559851583877,41.609360764443636,660,11.0,19:49:30,20:00:30,False,,no_dispenser,0
2161618,heavy,319.0,46.0,40-ft,STC,3,SUN,14863270,14863199,319,319,55456,55538,Newton Exchange @ Bay 5,Newton Exchange @ Bay 1,55456,Newton Exchange,71550,71910,in_service_layover,68.20294315506837,72.11714526980188,22.076099927097005,360,6.0,19:52:30,19:58:30,False,,no_dispenser,0
2162000,heavy,502.0,58.0,40-ft,STC,3,SUN,14867873,14867835,342,342,55538,56019,Newton Exchange @ Bay 1,Newton Exchange @ Bay 4,55538,Newton Exchange,71610,71910,in_service_layover,62.435300524301375,66.10342697085568,20.68823315856622,300,5.0,19:53:30,19:58:30,False,,no_dispenser,0
2161557,heavy,320.0,84.0,40-ft,STC,3,SUN,14865901,14865573,325,324,55538,61703,Newton Exchange @ Bay 1,Newton Exchange @ Bay 12,55538,Newton Exchange,71850,72510,in_service_layover,67.07827309776032,73.9462932722908,38.735633784351876,660,11.0,19:57:30,20:08:30,False,,no_dispenser,0
2161835,heavy,801.0,57.0,40-ft,STC,3,SUN,14865341,14865216,323,323,55538,60677,Newton Exchange @ Bay 1,Newton Exchange @ Bay 11,55538,Newton Exchange,71970,72810,in_service_layover,63.699344530070576,72.73156749530982,50.94173752394937,840,14.0,19:59:30,20:13:30,False,,no_dispenser,0
2161939,heavy,321.0,75.0,40-ft,STC,3,SUN,14866475,14866547,335,335,55538,55688,Newton Exchange @ Bay 1,Newton Exchange @ Bay 7,55538,Newton Exchange,72330,72990,in_service_layover,62.77204335517563,70.28613759662139,42.37949152175406,660,11.0,20:05:30,20:16:30,False,,no_dispenser,0
2161617,heavy,319.0,43.0,40-ft,STC,3,SUN,14863271,14863200,319,319,55456,55538,Newton Exchange @ Bay 5,Newton Exchange @ Bay 1,55456,Newton Exchange,72450,72810,in_service_layover,64.01736194401157,68.2625324556905,23.94276168586913,360,6.0,20:07:30,20:13:30,False,,no_dispenser,0
2161692,heavy,320.0,47.0,40-ft,STC,3,SUN,14865623,14867561,324,341,55538,55688,Newton Exchange @ Bay 1,Newton Exchange @ Bay 7,55538,Newton Exchange,72810,73950,in_service_layover,45.485659147993246,60.14665069880778,82.687992346594,1140,19.0,20:13:30,20:32:30,False,,no_dispenser,0
2161768,heavy,321.0,82.0,40-ft,STC,3,SUN,14865896,14865828,325,325,55538,61703,Newton Exchange @ Bay 1,Newton Exchange @ Bay 12,55538,Newton Exchange,73050,73350,in_service_layover,48.77420511990579,52.62571228601347,21.722500416847367,300,5.0,20:17:30,20:22:30,False,,no_dispenser,0
2161938,heavy,321.0,71.0,40-ft,STC,3,SUN,14866476,14866548,335,335,55538,55688,Newton Exchange @ Bay 1,Newton Exchange @ Bay 7,55538,Newton Exchange,73050,73890,in_service_layover,58.80422851613672,68.76709631505994,56.19057438592705,840,14.0,20:17:30,20:31:30,False,,no_dispenser,0
2161833,heavy,801.0,59.0,40-ft,STC,3,SUN,14865343,14865217,323,323,55538,60677,Newton Exchange @ Bay 1,Newton Exchange @ Bay 11,55538,Newton Exchange,73170,73590,in_service_layover,68.25057500018296,72.75103152618514,25.38257480665237,420,7.0,20:19:30,20:26:30,False,,no_dispenser,0
2161619,heavy,319.0,44.0,40-ft,STC,3,SUN,14863272,14863201,319,319,55456,55538,Newton Exchange @ Bay 5,Newton Exchange @ Bay 1,55456,Newton Exchange,73350,73710,in_service_layover,64.93687273745154,69.11303239871131,23.553540489505167,360,6.0,20:22:30,20:28:30,False,,no_dispenser,0
2161999,heavy,502.0,52.0,40-ft,STC,3,SUN,14867874,14867836,342,342,55538,56019,Newton Exchange @ Bay 1,Newton Exchange @ Bay 4,55538,Newton Exchange,73410,73710,in_service_layover,60.37210999014621,64.16217441153236,21.37596333661793,300,5.0,20:23:30,20:28:30,False,,no_dispenser,0
2161832,heavy,801.0,56.0,40-ft,STC,3,SUN,14865344,14865218,323,323,55538,60677,Newton Exchange @ Bay 1,Newton Exchange @ Bay 11,55538,Newton Exchange,73890,74490,in_service_layover,68.97048147029408,75.03145722576184,34.183903260838235,600,10.0,20:31:30,20:41:30,False,,no_dispenser,0
2161561,heavy,320.0,40.0,40-ft,STC,3,SUN,14865608,14865571,324,324,55538,61703,Newton Exchange @ Bay 1,Newton Exchange @ Bay 12,55538,Newton Exchange,74010,74310,in_service_layover,65.7400882024056,69.2091677843599,19.565608842222275,300,5.0,20:33:30,20:38:30,False,,no_dispenser,0
2161616,heavy,319.0,45.0,40-ft,STC,3,SUN,14863273,14863202,319,319,55456,55538,Newton Exchange @ Bay 5,Newton Exchange @ Bay 1,55456,Newton Exchange,74190,74610,in_service_layover,65.04662929218502,69.85202090709711,27.10240870810418,420,7.0,20:36:30,20:43:30,False,,no_dispenser,0
2161940,heavy,321.0,86.0,40-ft,STC,3,SUN,14866430,14866549,335,335,55538,55688,Newton Exchange @ Bay 1,Newton Exchange @ Bay 7,55538,Newton Exchange,74370,74790,in_service_layover,62.44755401786922,67.48174173039943,28.392818698670396,420,7.0,20:39:30,20:46:30,False,,no_dispenser,0
2161827,heavy,801.0,50.0,40-ft,STC,3,SUN,14865345,14865192,323,323,55538,60677,Newton Exchange @ Bay 1,Newton Exchange @ Bay 11,55538,Newton Exchange,74610,75390,in_service_layover,65.60433320778513,73.76233374653573,46.011123038553364,780,13.0,20:43:30,20:56:30,False,,no_dispenser,0
2161978,heavy,320.0,79.0,40-ft,STC,3,SUN,14867579,14867560,341,341,55538,55688,Newton Exchange @ Bay 1,Newton Exchange @ Bay 7,55538,Newton Exchange,74610,75750,in_service_layover,62.26202392040814,74.07395630954318,66.61929867472156,1140,19.0,20:43:30,21:02:30,False,,no_dispenser,0
2161615,heavy,319.0,42.0,40-ft,STC,3,SUN,14863274,14863203,319,319,55456,55538,Newton Exchange @ Bay 5,Newton Exchange @ Bay 1,55456,Newton Exchange,75090,75510,in_service_layover,66.38199075721545,71.06336194075482,26.402933475162,420,7.0,20:51:30,20:58:30,False,,no_dispenser,0
2161997,heavy,502.0,60.0,40-ft,STC,3,SUN,14867875,14867837,342,342,55538,56019,Newton Exchange @ Bay 1,Newton Exchange @ Bay 4,55538,Newton Exchange,75150,75450,in_service_layover,62.943964016851126,66.58202760923582,20.51867866104965,300,5.0,20:52:30,20:57:30,False,,no_dispenser,0
2161761,heavy,321.0,68.0,40-ft,STC,3,SUN,14866478,14866550,335,335,55538,55688,Newton Exchange @ Bay 1,Newton Exchange @ Bay 7,55538,Newton Exchange,75270,75690,in_service_layover,32.13589714605227,37.40491990967535,29.717288386834127,420,7.0,20:54:30,21:01:30,False,,no_dispenser,0
2161911,heavy,321.0,76.0,40-ft,STC,3,SUN,14865611,14865572,324,324,55538,61703,Newton Exchange @ Bay 1,Newton Exchange @ Bay 12,55538,Newton Exchange,75750,76110,in_service_layover,69.8755286870258,73.64540915249509,21.262125825246756,360,6.0,21:02:30,21:08:30,False,,no_dispenser,0
2161829,heavy,801.0,52.0,40-ft,STC,3,SUN,14865347,14865219,323,323,55538,60677,Newton Exchange @ Bay 1,Newton Exchange @ Bay 11,55538,Newton Exchange,75990,76290,in_service_layover,69.06907183290375,72.31349283846842,18.298534471384755,300,5.0,21:06:30,21:11:30,False,,no_dispenser,0
2161614,heavy,319.0,40.0,40-ft,STC,3,SUN,14863275,14863204,319,319,55456,55538,Newton Exchange @ Bay 5,Newton Exchange @ Bay 1,55456,Newton Exchange,75990,76410,in_service_layover,65.75308618428424,70.49341328760707,26.735444862740735,420,7.0,21:06:30,21:13:30,False,,no_dispenser,0
2161588,heavy,320.0,58.0,40-ft,STC,3,SUN,14866479,14866551,335,335,55538,55688,Newton Exchange @ Bay 1,Newton Exchange @ Bay 7,55538,Newton Exchange,76170,76590,in_service_layover,51.606159793404636,57.08258877377437,30.88705944928529,420,7.0,21:09:30,21:16:30,False,,no_dispenser,0
2161828,heavy,801.0,55.0,40-ft,STC,3,SUN,14865348,14865220,323,323,55538,60677,Newton Exchange @ Bay 1,Newton Exchange @ Bay 11,55538,Newton Exchange,76710,77190,in_service_layover,68.02616035409005,73.12465373481946,28.75550266731375,480,8.0,21:18:30,21:26:30,False,,no_dispenser,0
2161768,heavy,321.0,82.0,40-ft,STC,3,SUN,14865895,14865564,325,324,55538,61703,Newton Exchange @ Bay 1,Newton Exchange @ Bay 12,55538,Newton Exchange,76710,78090,in_service_layover,49.35697608335282,66.35280895368604,95.85649738867937,1380,23.0,21:18:30,21:41:30,False,,no_dispenser,0
2161998,heavy,502.0,62.0,40-ft,STC,3,SUN,14867876,14867838,342,342,55538,56019,Newton Exchange @ Bay 1,Newton Exchange @ Bay 4,55538,Newton Exchange,76890,77250,in_service_layover,60.87099347479724,65.34113578154921,25.211602610081115,360,6.0,21:21:30,21:27:30,False,,no_dispenser,0
2161618,heavy,319.0,46.0,40-ft,STC,3,SUN,14863276,14863205,319,319,55456,55538,Newton Exchange @ Bay 5,Newton Exchange @ Bay 1,55456,Newton Exchange,76890,77310,in_service_layover,67.01771310907588,71.63849923416272,26.0612337454898,420,7.0,21:21:30,21:28:30,False,,no_dispenser,0
2161770,heavy,321.0,84.0,40-ft,STC,3,SUN,14866480,14866552,335,335,55538,55688,Newton Exchange @ Bay 1,Newton Exchange @ Bay 7,55538,Newton Exchange,77070,77490,in_service_layover,62.164004175103706,67.22214592973957,28.52791949614624,420,7.0,21:24:30,21:31:30,False,,no_dispenser,0
2161835,heavy,801.0,57.0,40-ft,STC,3,SUN,14865349,14865230,323,323,55538,60677,Newton Exchange @ Bay 1,Newton Exchange @ Bay 11,55538,Newton Exchange,77430,78090,in_service_layover,68.90930878667089,75.48877656046112,37.10819824417689,660,11.0,21:30:30,21:41:30,False,,no_dispenser,0
2161617,heavy,319.0,43.0,40-ft,STC,3,SUN,14863277,14863206,319,319,55456,55538,Newton Exchange @ Bay 5,Newton Exchange @ Bay 1,55456,Newton Exchange,77730,78210,in_service_layover,63.57790251595327,69.15620946077678,31.46165116880462,480,8.0,21:35:30,21:43:30,False,,no_dispenser,0
2161910,heavy,321.0,64.0,40-ft,STC,3,SUN,14866481,14866553,335,335,55538,55688,Newton Exchange @ Bay 1,Newton Exchange @ Bay 7,55538,Newton Exchange,77970,78390,in_service_layover,58.788668298853096,64.13090680874632,30.13022519579772,420,7.0,21:39:30,21:46:30,False,,no_dispenser,0
2161833,heavy,801.0,59.0,40-ft,STC,3,SUN,14865319,14865197,323,323,55538,60677,Newton Exchange @ Bay 1,Newton Exchange @ Bay 11,55538,Newton Exchange,78090,78990,in_service_layover,68.35490926051119,76.91653352629808,48.287560859038024,900,15.0,21:41:30,21:56:30,False,,no_dispenser,0
2161619,heavy,319.0,44.0,40-ft,STC,3,SUN,14863278,14863207,319,319,55456,55538,Newton Exchange @ Bay 5,Newton Exchange @ Bay 1,55456,Newton Exchange,78630,79110,in_service_layover,64.34002407217062,69.83958308732873,31.01751284549175,480,8.0,21:50:30,21:58:30,False,,no_dispenser,0
2161832,heavy,801.0,56.0,40-ft,STC,3,SUN,14865292,14865231,323,323,55538,60677,Newton Exchange @ Bay 1,Newton Exchange @ Bay 11,55538,Newton Exchange,78930,79890,in_service_layover,66.14087876597529,75.64006420154976,53.57540585664009,960,16.0,21:55:30,22:11:30,False,,no_dispenser,0
2161616,heavy,319.0,45.0,40-ft,STC,3,SUN,14863279,14863208,319,319,55456,55538,Newton Exchange @ Bay 5,Newton Exchange @ Bay 1,55456,Newton Exchange,79530,80010,in_service_layover,65.00077616428854,70.43090410292191,30.6259215738923,480,8.0,22:05:30,22:13:30,False,,no_dispenser,0
2161939,heavy,321.0,75.0,40-ft,STC,3,SUN,14866483,14866555,335,335,55538,55688,Newton Exchange @ Bay 1,Newton Exchange @ Bay 7,55538,Newton Exchange,79590,80190,in_service_layover,61.412324892604516,68.50054884853739,39.97758311146134,600,10.0,22:06:30,22:16:30,False,,no_dispenser,0
2161827,heavy,801.0,50.0,40-ft,STC,3,SUN,14865283,14865261,323,323,55538,60677,Newton Exchange @ Bay 1,Newton Exchange @ Bay 11,55538,Newton Exchange,79770,80790,in_service_layover,68.09796466412726,77.56434814055304,53.39040280704137,1020,17.0,22:09:30,22:26:30,False,,no_dispenser,0
2161978,heavy,320.0,79.0,40-ft,STC,3,SUN,14867594,14867846,341,342,55538,56019,Newton Exchange @ Bay 1,Newton Exchange @ Bay 4,55538,Newton Exchange,79830,80850,in_service_layover,65.73100888192639,75.77317728764177,56.63782980823481,1020,17.0,22:10:30,22:27:30,False,,no_dispenser,0
2161615,heavy,319.0,42.0,40-ft,STC,3,SUN,14863280,14863209,319,319,55456,55538,Newton Exchange @ Bay 5,Newton Exchange @ Bay 1,55456,Newton Exchange,80430,80910,in_service_layover,66.66056532960974,71.91154235421374,29.61551041876652,480,8.0,22:20:30,22:28:30,False,,no_dispenser,0
2161938,heavy,321.0,71.0,40-ft,STC,3,SUN,14866484,14866556,335,335,55538,55688,Newton Exchange @ Bay 1,Newton Exchange @ Bay 7,55538,Newton Exchange,80490,81090,in_service_layover,61.333516255914134,68.43171042262493,40.03381510024889,600,10.0,22:21:30,22:31:30,False,,no_dispenser,0
2161584,heavy,320.0,55.0,40-ft,STC,3,SUN,14865602,14865600,324,324,55538,61703,Newton Exchange @ Bay 1,Newton Exchange @ Bay 12,55538,Newton Exchange,80850,81690,in_service_layover,56.62199029900085,66.9490493965073,58.24461330993648,840,14.0,22:27:30,22:41:30,False,,no_dispenser,0
2161614,heavy,319.0,40.0,40-ft,STC,3,SUN,14863281,14863210,319,319,55456,55538,Newton Exchange @ Bay 5,Newton Exchange @ Bay 1,55456,Newton Exchange,81150,81810,in_service_layover,66.16119683907169,73.17063478143996,39.533229994957026,660,11.0,22:32:30,22:43:30,False,,no_dispenser,0
2161940,heavy,321.0,86.0,40-ft,STC,3,SUN,14866485,14866557,335,335,55538,55688,Newton Exchange @ Bay 1,Newton Exchange @ Bay 7,55538,Newton Exchange,81390,81990,in_service_layover,60.23137512768054,67.46739874322833,40.81117319168948,600,10.0,22:36:30,22:46:30,False,,no_dispenser,0
2161828,heavy,801.0,55.0,40-ft,STC,3,SUN,14865306,14865221,323,323,55538,60677,Newton Exchange @ Bay 1,Newton Exchange @ Bay 11,55538,Newton Exchange,81450,81690,in_service_layover,68.69127029438611,71.34334148863199,14.95768153554684,240,4.0,22:37:30,22:41:30,False,,no_dispenser,0
2161618,heavy,319.0,46.0,40-ft,STC,3,SUN,14863282,14863211,319,319,55456,55538,Newton Exchange @ Bay 5,Newton Exchange @ Bay 1,55456,Newton Exchange,82050,82710,in_service_layover,67.1636682470625,74.01841387685467,38.660765352027795,660,11.0,22:47:30,22:58:30,False,,no_dispenser,0
2161761,heavy,321.0,68.0,40-ft,STC,3,SUN,14866486,14866494,335,335,55538,55688,Newton Exchange @ Bay 1,Newton Exchange @ Bay 7,55538,Newton Exchange,82110,83130,in_service_layover,32.01047517847921,44.89353389552612,72.66045116414458,1020,17.0,22:48:30,23:05:30,False,,no_dispenser,0
2161835,heavy,801.0,57.0,40-ft,STC,3,SUN,14865315,14865196,323,323,55538,60677,Newton Exchange @ Bay 1,Newton Exchange @ Bay 11,55538,Newton Exchange,82350,82590,in_service_layover,66.59819810067455,69.3618336114351,15.58690428068951,240,4.0,22:52:30,22:56:30,False,,no_dispenser,0
2161617,heavy,319.0,43.0,40-ft,STC,3,SUN,14863283,14863212,319,319,55456,55538,Newton Exchange @ Bay 5,Newton Exchange @ Bay 1,55456,Newton Exchange,82950,83610,in_service_layover,64.9864477787742,72.17401195053469,40.537861928729114,660,11.0,23:02:30,23:13:30,False,,no_dispenser,0
2161833,heavy,801.0,59.0,40-ft,STC,3,SUN,14865288,14865232,323,323,55538,60677,Newton Exchange @ Bay 1,Newton Exchange @ Bay 11,55538,Newton Exchange,83250,83790,in_service_layover,68.02595506651151,73.68259822811297,31.90346743143226,540,9.0,23:07:30,23:16:30,False,,no_dispenser,0
2161530,heavy,312.0,60.0,40-ft,STC,3,SUN,14863284,14863213,319,319,55456,55538,Newton Exchange @ Bay 5,Newton Exchange @ Bay 1,55456,Newton Exchange,83850,84510,in_service_layover,52.942873951312855,61.51903703619944,48.36955979876035,660,11.0,23:17:30,23:28:30,False,,no_dispenser,0
2161832,heavy,801.0,56.0,40-ft,STC,3,SUN,14865320,14865222,323,323,55538,60677,Newton Exchange @ Bay 1,Newton Exchange @ Bay 11,55538,Newton Exchange,84150,84990,in_service_layover,66.74948574176321,75.18663946853718,47.585547019005276,840,14.0,23:22:30,23:36:30,False,,no_dispenser,0
2161556,heavy,320.0,63.0,40-ft,STC,3,SUN,14865641,14865601,324,324,55538,61703,Newton Exchange @ Bay 1,Newton Exchange @ Bay 12,55538,Newton Exchange,84390,85290,in_service_layover,68.2123581678827,76.80497340204968,48.462349920701854,900,15.0,23:26:30,23:41:30,False,,no_dispenser,0
2161616,heavy,319.0,45.0,40-ft,STC,3,SUN,14863285,14863214,319,319,55456,55538,Newton Exchange @ Bay 5,Newton Exchange @ Bay 1,55456,Newton Exchange,84750,85410,in_service_layover,68.78515609728709,75.38445007946508,37.220018059483834,660,11.0,23:32:30,23:43:30,False,,no_dispenser,0
2161910,heavy,321.0,64.0,40-ft,STC,3,SUN,14866489,14866558,335,335,55538,55688,Newton Exchange @ Bay 1,Newton Exchange @ Bay 7,55538,Newton Exchange,84810,85110,in_service_layover,58.64494001003627,62.53513507654287,21.94070017509722,300,5.0,23:33:30,23:38:30,False,,no_dispenser,0
2161828,heavy,801.0,55.0,40-ft,STC,3,SUN,14865307,14865184,323,323,55538,60677,Newton Exchange @ Bay 1,Newton Exchange @ Bay 11,55538,Newton Exchange,85950,86490,in_service_layover,68.25167661199698,73.87933839662956,31.740012465327766,540,9.0,23:52:30,24:01:30,False,,no_dispenser,0
2161617,heavy,319.0,43.0,40-ft,STC,3,SUN,14863288,14863141,319,319,55456,55538,Newton Exchange @ Bay 5,Newton Exchange @ Bay 1,55456,Newton Exchange,87630,88230,in_service_layover,64.63811557001154,71.30512213642845,37.601917034591395,600,10.0,24:20:30,24:30:30,False,,no_dispenser,0
2162248,heavy,403.0,61.0,40-ft,RTC,3,SUN,14872103,14872133,405,405,56958,56958,Northbound Knight St Bridge Offramp @ SE Marine Dr,Northbound Knight St Bridge Offramp @ SE Marine Dr,56958,Northbound Knight St Bridge Offramp,36150,36390,in_service_layover,66.75065731808169,69.5065306701887,15.543125705883426,240,4.0,10:02:30,10:06:30,False,,no_dispenser,0
2162240,heavy,403.0,56.0,40-ft,RTC,3,SUN,14872795,14872835,407,407,56958,56958,Northbound Knight St Bridge Offramp @ SE Marine Dr,Northbound Knight St Bridge Offramp @ SE Marine Dr,56958,Northbound Knight St Bridge Offramp,37050,37290,in_service_layover,58.42127180473319,61.56566539011047,17.734379821527853,240,4.0,10:17:30,10:21:30,False,,no_dispenser,0
2162251,heavy,403.0,60.0,40-ft,RTC,3,SUN,14872106,14872818,405,407,56958,56958,Northbound Knight St Bridge Offramp @ SE Marine Dr,Northbound Knight St Bridge Offramp @ SE Marine Dr,56958,Northbound Knight St Bridge Offramp,40410,40650,in_service_layover,56.367687315318015,59.53682187551228,17.873918919495623,240,4.0,11:13:30,11:17:30,False,,no_dispenser,0
2162248,heavy,403.0,61.0,40-ft,RTC,3,SUN,14872115,14872827,405,407,56958,56958,Northbound Knight St Bridge Offramp @ SE Marine Dr,Northbound Knight St Bridge Offramp @ SE Marine Dr,56958,Northbound Knight St Bridge Offramp,42630,43650,in_service_layover,53.883875644424876,66.50775740240051,71.19869311498263,1020,17.0,11:50:30,12:07:30,False,,no_dispenser,0
2162292,heavy,403.0,63.0,40-ft,RTC,3,SUN,14872107,14872140,405,405,56958,56958,Northbound Knight St Bridge Offramp @ SE Marine Dr,Northbound Knight St Bridge Offramp @ SE Marine Dr,56958,Northbound Knight St Bridge Offramp,44790,45330,in_service_layover,56.367687315318015,63.31529871130942,39.18452827339149,540,9.0,12:26:30,12:35:30,False,,no_dispenser,0
2162253,heavy,403.0,51.0,40-ft,RTC,3,SUN,14872813,14872122,407,405,56958,56958,Northbound Knight St Bridge Offramp @ SE Marine Dr,Northbound Knight St Bridge Offramp @ SE Marine Dr,56958,Northbound Knight St Bridge Offramp,46590,47070,in_service_layover,36.74307332492219,42.80089459600124,34.16611196888584,480,8.0,12:56:30,13:04:30,False,,no_dispenser,0
2162246,heavy,403.0,65.0,40-ft,RTC,3,SUN,14872114,14872829,405,407,56958,56958,Northbound Knight St Bridge Offramp @ SE Marine Dr,Northbound Knight St Bridge Offramp @ SE Marine Dr,56958,Northbound Knight St Bridge Offramp,46830,47430,in_service_layover,63.872041273454194,70.64139991469457,38.17918273659575,600,10.0,13:00:30,13:10:30,False,,no_dispenser,0
2162252,heavy,403.0,66.0,40-ft,RTC,3,SUN,14872116,14872831,405,407,56958,56958,Northbound Knight St Bridge Offramp @ SE Marine Dr,Northbound Knight St Bridge Offramp @ SE Marine Dr,56958,Northbound Knight St Bridge Offramp,50130,51030,in_service_layover,59.26474762373446,69.72166085474231,58.97699062288433,900,15.0,13:55:30,14:10:30,False,,no_dispenser,0
2162221,heavy,403.0,52.0,40-ft,RTC,3,SUN,14872800,14872132,407,405,56958,56958,Northbound Knight St Bridge Offramp @ SE Marine Dr,Northbound Knight St Bridge Offramp @ SE Marine Dr,56958,Northbound Knight St Bridge Offramp,50250,50670,in_service_layover,33.06296104563128,38.33762894368119,29.74912694500148,420,7.0,13:57:30,14:04:30,False,,no_dispenser,0
2162292,heavy,403.0,63.0,40-ft,RTC,3,SUN,14872109,14872141,405,405,56958,56958,Northbound Knight St Bridge Offramp @ SE Marine Dr,Northbound Knight St Bridge Offramp @ SE Marine Dr,56958,Northbound Knight St Bridge Offramp,51990,52470,in_service_layover,47.69264368554559,53.87243674623652,34.854032862296776,480,8.0,14:26:30,14:34:30,False,,no_dispenser,0
2162253,heavy,403.0,51.0,40-ft,RTC,3,SUN,14872117,14872123,405,405,56958,56958,Northbound Knight St Bridge Offramp @ SE Marine Dr,Northbound Knight St Bridge Offramp @ SE Marine Dr,56958,Northbound Knight St Bridge Offramp,53850,54210,in_service_layover,27.178239570237427,31.665654777843592,25.309021770898767,360,6.0,14:57:30,15:03:30,False,,no_dispenser,0
2162250,heavy,403.0,64.0,40-ft,RTC,3,SUN,14872787,14872822,407,407,56958,56958,Northbound Knight St Bridge Offramp @ SE Marine Dr,Northbound Knight St Bridge Offramp @ SE Marine Dr,56958,Northbound Knight St Bridge Offramp,54030,54570,in_service_layover,52.28772650645166,59.358744700313395,39.880542613380214,540,9.0,15:00:30,15:09:30,False,,no_dispenser,0
2162293,heavy,403.0,67.0,40-ft,RTC,3,SUN,14872110,14872142,405,405,56958,56958,Northbound Knight St Bridge Offramp @ SE Marine Dr,Northbound Knight St Bridge Offramp @ SE Marine Dr,56958,Northbound Knight St Bridge Offramp,55590,55890,in_service_layover,56.367687315318015,60.32088555569257,22.296038075712488,300,5.0,15:26:30,15:31:30,False,,no_dispenser,0
2162221,heavy,403.0,52.0,40-ft,RTC,3,SUN,14872118,14872124,405,405,56958,56958,Northbound Knight St Bridge Offramp @ SE Marine Dr,Northbound Knight St Bridge Offramp @ SE Marine Dr,56958,Northbound Knight St Bridge Offramp,57330,57630,in_service_layover,22.714973917917376,26.431476522347257,20.961074688984525,300,5.0,15:55:30,16:00:30,False,,no_dispenser,0
2162292,heavy,403.0,63.0,40-ft,RTC,3,SUN,14872111,14872143,405,405,56958,56958,Northbound Knight St Bridge Offramp @ SE Marine Dr,Northbound Knight St Bridge Offramp @ SE Marine Dr,56958,Northbound Knight St Bridge Offramp,59370,59550,in_service_layover,38.26610704468828,40.53422919625866,12.792208934856887,180,3.0,16:29:30,16:32:30,False,,no_dispenser,0
2162249,heavy,403.0,69.0,40-ft,RTC,3,SUN,14872814,14872825,407,407,56958,56958,Northbound Knight St Bridge Offramp @ SE Marine Dr,Northbound Knight St Bridge Offramp @ SE Marine Dr,56958,Northbound Knight St Bridge Offramp,61050,62190,in_service_layover,66.03518556915049,76.8443923616295,60.96392630958172,1140,19.0,16:57:30,17:16:30,False,,no_dispenser,0
2162293,heavy,403.0,67.0,40-ft,RTC,3,SUN,14872112,14872144,405,405,56958,56958,Northbound Knight St Bridge Offramp @ SE Marine Dr,Northbound Knight St Bridge Offramp @ SE Marine Dr,56958,Northbound Knight St Bridge Offramp,62610,63150,in_service_layover,44.71455585414434,51.62214085886481,38.95877942662341,540,9.0,17:23:30,17:32:30,False,,no_dispenser,0
2162254,heavy,403.0,59.0,40-ft,RTC,3,SUN,14872807,14872126,407,405,56958,56958,Northbound Knight St Bridge Offramp @ SE Marine Dr,Northbound Knight St Bridge Offramp @ SE Marine Dr,56958,Northbound Knight St Bridge Offramp,64530,64950,in_service_layover,25.786599620236334,31.016983938692455,29.499367556092523,420,7.0,17:55:30,18:02:30,False,,no_dispenser,0
2162241,heavy,403.0,57.0,40-ft,RTC,3,SUN,14872805,14872846,407,407,56958,56958,Northbound Knight St Bridge Offramp @ SE Marine Dr,Northbound Knight St Bridge Offramp @ SE Marine Dr,56958,Northbound Knight St Bridge Offramp,67650,68610,in_service_layover,30.840758750769982,42.938553638871326,68.23156316889163,960,16.0,18:47:30,19:03:30,False,,no_dispenser,0
2162293,heavy,403.0,67.0,40-ft,RTC,3,SUN,14872105,14872836,405,407,56958,56958,Northbound Knight St Bridge Offramp @ SE Marine Dr,Northbound Knight St Bridge Offramp @ SE Marine Dr,56958,Northbound Knight St Bridge Offramp,69450,70290,in_service_layover,36.01581115731658,46.655748163747965,60.009244716273,840,14.0,19:17:30,19:31:30,False,,no_dispenser,0
2162241,heavy,403.0,57.0,40-ft,RTC,3,SUN,14872794,14872840,407,407,56958,56958,Northbound Knight St Bridge Offramp @ SE Marine Dr,Northbound Knight St Bridge Offramp @ SE Marine Dr,56958,Northbound Knight St Bridge Offramp,74850,75450,in_service_layover,26.472422794106244,33.96542020819565,42.26050541546428,600,10.0,20:47:30,20:57:30,False,,no_dispenser,0
2162293,heavy,403.0,67.0,40-ft,RTC,3,SUN,14872790,14872841,407,407,56958,56958,Northbound Knight St Bridge Offramp @ SE Marine Dr,Northbound Knight St Bridge Offramp @ SE Marine Dr,56958,Northbound Knight St Bridge Offramp,76530,77250,in_service_layover,30.18961731898287,39.23205291778101,50.999336777221515,720,12.0,21:15:30,21:27:30,False,,no_dispenser,0
2160725,heavy,130.0,32.0,40-ft,BTC,3,SUN,14847375,14847446,130,130,60253,60687,Phibbs Exchange @ Bay 1,Phibbs Exchange @ Bay 10,60253,Phibbs Exchange,31230,31770,in_service_layover,62.78941203002669,69.08318489621283,35.49687896528985,540,9.0,08:40:30,08:49:30,False,,no_dispenser,0
2160724,heavy,130.0,33.0,40-ft,BTC,3,SUN,14847376,14847447,130,130,60253,60687,Phibbs Exchange @ Bay 1,Phibbs Exchange @ Bay 10,60253,Phibbs Exchange,32190,32610,in_service_layover,66.62770284666213,71.28577564044605,26.271530556941286,420,7.0,08:56:30,09:03:30,False,,no_dispenser,0
2160723,heavy,130.0,34.0,40-ft,BTC,3,SUN,14847377,14847448,130,130,60253,60687,Phibbs Exchange @ Bay 1,Phibbs Exchange @ Bay 10,60253,Phibbs Exchange,33030,33510,in_service_layover,68.72468763088364,73.74340684073974,28.305576343588484,480,8.0,09:10:30,09:18:30,False,,no_dispenser,0
2160722,heavy,130.0,31.0,40-ft,BTC,3,SUN,14847378,14847449,130,130,60253,60687,Phibbs Exchange @ Bay 1,Phibbs Exchange @ Bay 10,60253,Phibbs Exchange,33990,34230,in_service_layover,61.833926535797815,64.82523024568916,16.87095292378723,240,4.0,09:26:30,09:30:30,False,,no_dispenser,0
2161137,heavy,210.0,47.0,40-ft,BTC,3,SUN,14856267,14856262,212,212,60253,60689,Phibbs Exchange @ Bay 1,Phibbs Exchange @ Bay 12,60253,Phibbs Exchange,34530,35190,in_service_layover,65.98057010049732,73.01761682842395,39.68894354550628,660,11.0,09:35:30,09:46:30,False,,no_dispenser,0
2160724,heavy,130.0,33.0,40-ft,BTC,3,SUN,14847382,14847453,130,130,60253,60687,Phibbs Exchange @ Bay 1,Phibbs Exchange @ Bay 10,60253,Phibbs Exchange,37590,37830,in_service_layover,69.32429010820435,71.94049563793602,14.755399187686635,240,4.0,10:26:30,10:30:30,False,,no_dispenser,0
2161137,heavy,210.0,47.0,40-ft,BTC,3,SUN,14856269,14856240,212,212,60253,60689,Phibbs Exchange @ Bay 1,Phibbs Exchange @ Bay 12,60253,Phibbs Exchange,38610,38790,in_service_layover,67.03994429379586,69.11958377242274,11.729166659455643,180,3.0,10:43:30,10:46:30,False,,no_dispenser,0
2160055,heavy,27.0,38.0,40-ft,BTC,3,SUN,14837824,14837886,028,028,60253,60686,Phibbs Exchange @ Bay 1,Phibbs Exchange @ Bay 9,60253,Phibbs Exchange,38610,39990,in_service_layover,66.60454188363325,78.80541696212424,68.81293544268925,1380,23.0,10:43:30,11:06:30,False,,no_dispenser,0
2160722,heavy,130.0,31.0,40-ft,BTC,3,SUN,14847384,14847456,130,130,60253,60687,Phibbs Exchange @ Bay 1,Phibbs Exchange @ Bay 10,60253,Phibbs Exchange,39510,40170,in_service_layover,64.60852888794028,71.85267454647196,40.85698151411873,660,11.0,10:58:30,11:09:30,False,,no_dispenser,0
2160050,heavy,27.0,36.0,40-ft,BTC,3,SUN,14837844,14837889,028,028,60253,60686,Phibbs Exchange @ Bay 1,Phibbs Exchange @ Bay 9,60253,Phibbs Exchange,41550,42630,in_service_layover,63.984373029678274,74.90141497277453,61.57211655906292,1080,18.0,11:32:30,11:50:30,False,,no_dispenser,0
2161137,heavy,210.0,47.0,40-ft,BTC,3,SUN,14856271,14856242,212,212,60253,60689,Phibbs Exchange @ Bay 1,Phibbs Exchange @ Bay 12,60253,Phibbs Exchange,42090,42390,in_service_layover,63.055925413087536,66.68737190167573,20.481358195637483,300,5.0,11:41:30,11:46:30,False,,no_dispenser,0
2160725,heavy,130.0,32.0,40-ft,BTC,3,SUN,14847387,14847459,130,130,60253,60687,Phibbs Exchange @ Bay 1,Phibbs Exchange @ Bay 10,60253,Phibbs Exchange,42210,42990,in_service_layover,67.65454900524216,75.43576054006411,43.88603305639583,780,13.0,11:43:30,11:56:30,False,,no_dispenser,0
2160060,heavy,27.0,31.0,40-ft,BTC,3,SUN,14837846,14837890,028,028,60253,60686,Phibbs Exchange @ Bay 1,Phibbs Exchange @ Bay 9,60253,Phibbs Exchange,43050,43650,in_service_layover,61.58639077649186,68.65253954026535,39.8530790276825,600,10.0,11:57:30,12:07:30,False,,no_dispenser,0
2160723,heavy,130.0,34.0,40-ft,BTC,3,SUN,14847389,14847461,130,130,60253,60687,Phibbs Exchange @ Bay 1,Phibbs Exchange @ Bay 10,60253,Phibbs Exchange,44070,44730,in_service_layover,69.87515540493932,76.29909088917731,36.2309961311023,660,11.0,12:14:30,12:25:30,False,,no_dispenser,0
2160059,heavy,27.0,37.0,40-ft,BTC,3,SUN,14837848,14837892,028,028,60253,60686,Phibbs Exchange @ Bay 1,Phibbs Exchange @ Bay 9,60253,Phibbs Exchange,45330,46050,in_service_layover,64.12400433691464,72.00276616129678,44.43621668951522,720,12.0,12:35:30,12:47:30,False,,no_dispenser,0
2161137,heavy,210.0,47.0,40-ft,BTC,3,SUN,14856273,14856244,212,212,60253,60689,Phibbs Exchange @ Bay 1,Phibbs Exchange @ Bay 12,60253,Phibbs Exchange,45690,45990,in_service_layover,60.62371354234052,64.39890777742677,21.292095485886477,300,5.0,12:41:30,12:46:30,False,,no_dispenser,0
2160053,heavy,27.0,32.0,40-ft,BTC,3,SUN,14837849,14837893,028,028,60253,60686,Phibbs Exchange @ Bay 1,Phibbs Exchange @ Bay 9,60253,Phibbs Exchange,46590,47130,in_service_layover,64.75552032516589,70.81799391987137,34.19235107413897,540,9.0,12:56:30,13:05:30,False,,no_dispenser,0
2161136,heavy,210.0,66.0,40-ft,BTC,3,SUN,14856274,14856245,212,212,60253,60689,Phibbs Exchange @ Bay 1,Phibbs Exchange @ Bay 12,60253,Phibbs Exchange,47490,47790,in_service_layover,69.79148536763338,72.98355014482338,18.00324534335158,300,5.0,13:11:30,13:16:30,False,,no_dispenser,0
2160726,heavy,130.0,35.0,40-ft,BTC,3,SUN,14847393,14847465,130,130,60253,60687,Phibbs Exchange @ Bay 1,Phibbs Exchange @ Bay 10,60253,Phibbs Exchange,47850,48330,in_service_layover,69.58110762787015,74.50038177740306,27.744706203365638,480,8.0,13:17:30,13:25:30,False,,no_dispenser,0
2161188,heavy,210.0,54.0,40-ft,BTC,3,SUN,14857866,14857905,232,232,60256,60688,Phibbs Exchange @ Bay 4,Phibbs Exchange @ Bay 11,60256,Phibbs Exchange,47850,49650,in_service_layover,47.2292906755909,68.50128645570395,119.97405619983755,1800,30.0,13:17:30,13:47:30,False,,no_dispenser,0
2160054,heavy,27.0,34.0,40-ft,BTC,3,SUN,14837851,14837895,028,028,60253,60686,Phibbs Exchange @ Bay 1,Phibbs Exchange @ Bay 9,60253,Phibbs Exchange,48870,49710,in_service_layover,53.52853862649898,64.21047431330885,60.24611727360764,840,14.0,13:34:30,13:48:30,False,,no_dispenser,0
2161137,heavy,210.0,47.0,40-ft,BTC,3,SUN,14856275,14856246,212,212,60253,60689,Phibbs Exchange @ Bay 1,Phibbs Exchange @ Bay 12,60253,Phibbs Exchange,49350,49590,in_service_layover,58.335249418091564,61.482077046930215,17.748107826650028,240,4.0,13:42:30,13:46:30,False,,no_dispenser,0
2160724,heavy,130.0,33.0,40-ft,BTC,3,SUN,14847395,14847467,130,130,60253,60687,Phibbs Exchange @ Bay 1,Phibbs Exchange @ Bay 10,60253,Phibbs Exchange,49710,50130,in_service_layover,69.48675757441876,73.86280257510357,24.68089380386232,420,7.0,13:48:30,13:55:30,False,,no_dispenser,0
2161218,heavy,210.0,69.0,40-ft,BTC,3,SUN,14857865,14857891,232,232,60256,60688,Phibbs Exchange @ Bay 4,Phibbs Exchange @ Bay 11,60256,Phibbs Exchange,49710,51450,in_service_layover,68.3534315199358,82.06971390695243,77.35983266277384,1740,29.0,13:48:30,14:17:30,False,,no_dispenser,0
2160052,heavy,27.0,39.0,40-ft,BTC,3,SUN,14837852,14837896,028,028,60253,60686,Phibbs Exchange @ Bay 1,Phibbs Exchange @ Bay 9,60253,Phibbs Exchange,50190,50730,in_service_layover,67.74720017010432,73.43946097893526,32.104350961806404,540,9.0,13:56:30,14:05:30,False,,no_dispenser,0
2160723,heavy,130.0,34.0,40-ft,BTC,3,SUN,14847396,14847468,130,130,60253,60687,Phibbs Exchange @ Bay 1,Phibbs Exchange @ Bay 10,60253,Phibbs Exchange,50610,51030,in_service_layover,66.08049836759021,70.79025435533116,26.563023770858933,420,7.0,14:03:30,14:10:30,False,,no_dispenser,0
2160059,heavy,27.0,37.0,40-ft,BTC,3,SUN,14837853,14837897,028,028,60253,60686,Phibbs Exchange @ Bay 1,Phibbs Exchange @ Bay 9,60253,Phibbs Exchange,50970,51870,in_service_layover,66.64047664181447,75.57150847544209,50.371019541659734,900,15.0,14:09:30,14:24:30,False,,no_dispenser,0
2161136,heavy,210.0,66.0,40-ft,BTC,3,SUN,14856276,14856247,212,212,60253,60689,Phibbs Exchange @ Bay 1,Phibbs Exchange @ Bay 12,60253,Phibbs Exchange,51150,51390,in_service_layover,66.91989178548818,69.66708200000019,15.494152809847776,240,4.0,14:12:30,14:16:30,False,,no_dispenser,0
2160728,heavy,130.0,37.0,40-ft,BTC,3,SUN,14847397,14847469,130,130,60253,60687,Phibbs Exchange @ Bay 1,Phibbs Exchange @ Bay 10,60253,Phibbs Exchange,51510,51990,in_service_layover,68.41443182949139,73.46873178326719,28.506251739295465,480,8.0,14:18:30,14:26:30,False,,no_dispenser,0
2161217,heavy,210.0,42.0,40-ft,BTC,3,SUN,14857873,14857908,232,232,60256,60688,Phibbs Exchange @ Bay 4,Phibbs Exchange @ Bay 11,60256,Phibbs Exchange,51510,53310,in_service_layover,27.780210213224194,50.72731691802588,129.42168181508146,1800,30.0,14:18:30,14:48:30,False,,no_dispenser,0
2160722,heavy,130.0,31.0,40-ft,BTC,3,SUN,14847398,14847470,130,130,60253,60687,Phibbs Exchange @ Bay 1,Phibbs Exchange @ Bay 10,60253,Phibbs Exchange,52410,52890,in_service_layover,68.5095569606463,73.55297315179834,28.44486731809758,480,8.0,14:33:30,14:41:30,False,,no_dispenser,0
2160058,heavy,27.0,35.0,40-ft,BTC,3,SUN,14837854,14837898,028,028,60253,60686,Phibbs Exchange @ Bay 1,Phibbs Exchange @ Bay 9,60253,Phibbs Exchange,52410,53250,in_service_layover,57.864394424371135,67.99570465891969,57.14058972285392,840,14.0,14:33:30,14:47:30,False,,no_dispenser,0
2161137,heavy,210.0,47.0,40-ft,BTC,3,SUN,14856277,14856248,212,212,60253,60689,Phibbs Exchange @ Bay 1,Phibbs Exchange @ Bay 12,60253,Phibbs Exchange,52890,53190,in_service_layover,55.41841868759501,59.37258524138092,22.301499363352548,300,5.0,14:41:30,14:46:30,False,,no_dispenser,0
2160727,heavy,130.0,36.0,40-ft,BTC,3,SUN,14847399,14847471,130,130,60253,60687,Phibbs Exchange @ Bay 1,Phibbs Exchange @ Bay 10,60253,Phibbs Exchange,53310,53730,in_service_layover,68.56191392294998,73.03139164228352,25.20785433704117,420,7.0,14:48:30,14:55:30,False,,no_dispenser,0
2160051,heavy,27.0,41.0,40-ft,BTC,3,SUN,14837855,14837865,028,028,60253,60686,Phibbs Exchange @ Bay 1,Phibbs Exchange @ Bay 9,60253,Phibbs Exchange,53730,54510,in_service_layover,68.8016974586893,76.36756873093508,42.671513975466155,780,13.0,14:55:30,15:08:30,False,,no_dispenser,0
2161136,heavy,210.0,66.0,40-ft,BTC,3,SUN,14856278,14856249,212,212,60253,60689,Phibbs Exchange @ Bay 1,Phibbs Exchange @ Bay 12,60253,Phibbs Exchange,54630,54990,in_service_layover,63.60342364066498,67.87898152930676,24.114146491939664,360,6.0,15:10:30,15:16:30,False,,no_dispenser,0
2160054,heavy,27.0,34.0,40-ft,BTC,3,SUN,14837856,14837866,028,028,60253,60686,Phibbs Exchange @ Bay 1,Phibbs Exchange @ Bay 9,60253,Phibbs Exchange,54810,55590,in_service_layover,60.14227014305442,69.25356578085345,51.38770739718649,780,13.0,15:13:30,15:26:30,False,,no_dispenser,0
2161188,heavy,210.0,54.0,40-ft,BTC,3,SUN,14857864,14857909,232,232,60256,60688,Phibbs Exchange @ Bay 4,Phibbs Exchange @ Bay 11,60256,Phibbs Exchange,55290,56910,in_service_layover,56.453092604096945,73.629663723325,96.87586111244627,1620,27.0,15:21:30,15:48:30,False,,no_dispenser,0
2160055,heavy,27.0,38.0,40-ft,BTC,3,SUN,14837857,14837867,028,028,60253,60686,Phibbs Exchange @ Bay 1,Phibbs Exchange @ Bay 9,60253,Phibbs Exchange,56250,57030,in_service_layover,61.5028380437874,70.38354386224542,50.08718081610317,780,13.0,15:37:30,15:50:30,False,,no_dispenser,0
2161137,heavy,210.0,47.0,40-ft,BTC,3,SUN,14856279,14856250,212,212,60253,60689,Phibbs Exchange @ Bay 1,Phibbs Exchange @ Bay 12,60253,Phibbs Exchange,56430,56790,in_service_layover,53.308926882045704,58.02611319645581,26.604930813272972,360,6.0,15:40:30,15:46:30,False,,no_dispenser,0
2160723,heavy,130.0,34.0,40-ft,BTC,3,SUN,14847403,14847475,130,130,60253,60687,Phibbs Exchange @ Bay 1,Phibbs Exchange @ Bay 10,60253,Phibbs Exchange,56910,57450,in_service_layover,68.91761157750705,74.4590396572583,31.25365436979712,540,9.0,15:48:30,15:57:30,False,,no_dispenser,0
2160050,heavy,27.0,36.0,40-ft,BTC,3,SUN,14837858,14837868,028,028,60253,60686,Phibbs Exchange @ Bay 1,Phibbs Exchange @ Bay 9,60253,Phibbs Exchange,57450,57990,in_service_layover,66.60343323962506,72.43983472362065,32.91730436973512,540,9.0,15:57:30,16:06:30,False,,no_dispenser,0
2161136,heavy,210.0,66.0,40-ft,BTC,3,SUN,14856280,14856251,212,212,60253,60689,Phibbs Exchange @ Bay 1,Phibbs Exchange @ Bay 12,60253,Phibbs Exchange,58230,58590,in_service_layover,61.81532316997155,66.2184917394771,24.83387073201135,360,6.0,16:10:30,16:16:30,False,,no_dispenser,0
2160058,heavy,27.0,35.0,40-ft,BTC,3,SUN,14837859,14837869,028,028,60253,60686,Phibbs Exchange @ Bay 1,Phibbs Exchange @ Bay 9,60253,Phibbs Exchange,58350,59070,in_service_layover,63.60988862907232,71.57204066620248,44.90653748941412,720,12.0,16:12:30,16:24:30,False,,no_dispenser,0
2161217,heavy,210.0,42.0,40-ft,BTC,3,SUN,14857879,14857890,232,232,60256,60688,Phibbs Exchange @ Bay 4,Phibbs Exchange @ Bay 11,60256,Phibbs Exchange,58830,60570,in_service_layover,38.679123066418875,60.649392664214204,123.91232053156571,1740,29.0,16:20:30,16:49:30,False,,no_dispenser,0
2160727,heavy,130.0,36.0,40-ft,BTC,3,SUN,14847406,14847478,130,130,60253,60687,Phibbs Exchange @ Bay 1,Phibbs Exchange @ Bay 10,60253,Phibbs Exchange,59370,60150,in_service_layover,69.72377452304505,77.11420663125269,41.68203709029103,780,13.0,16:29:30,16:42:30,False,,no_dispenser,0
2160060,heavy,27.0,31.0,40-ft,BTC,3,SUN,14837814,14837870,028,028,60253,60686,Phibbs Exchange @ Bay 1,Phibbs Exchange @ Bay 9,60253,Phibbs Exchange,59730,60630,in_service_layover,50.22734619687043,61.82964732771021,65.43697837793644,900,15.0,16:35:30,16:50:30,False,,no_dispenser,0
2161137,heavy,210.0,47.0,40-ft,BTC,3,SUN,14856281,14856252,212,212,60253,60689,Phibbs Exchange @ Bay 1,Phibbs Exchange @ Bay 12,60253,Phibbs Exchange,60030,60390,in_service_layover,51.96245483712059,56.65344970674027,26.457211064654985,360,6.0,16:40:30,16:46:30,False,,no_dispenser,0
2160726,heavy,130.0,35.0,40-ft,BTC,3,SUN,14847407,14847479,130,130,60253,60687,Phibbs Exchange @ Bay 1,Phibbs Exchange @ Bay 10,60253,Phibbs Exchange,60270,61050,in_service_layover,68.80636000845767,76.3713496476939,42.666541565292334,780,13.0,16:44:30,16:57:30,False,,no_dispenser,0
2164126,heavy,210.0,70.0,40-ft,BTC,3,SUN,14857872,14857907,232,232,60256,60688,Phibbs Exchange @ Bay 4,Phibbs Exchange @ Bay 11,60256,Phibbs Exchange,60630,62430,in_service_layover,64.72430712344712,79.96120909765067,85.93612713450796,1800,30.0,16:50:30,17:20:30,False,,no_dispenser,0
2160059,heavy,27.0,37.0,40-ft,BTC,3,SUN,14837815,14837887,028,028,60253,60686,Phibbs Exchange @ Bay 1,Phibbs Exchange @ Bay 9,60253,Phibbs Exchange,60990,61710,in_service_layover,62.879610594469895,70.95909600694648,45.56829772636797,720,12.0,16:56:30,17:08:30,False,,no_dispenser,0
2160725,heavy,130.0,32.0,40-ft,BTC,3,SUN,14847408,14847480,130,130,60253,60687,Phibbs Exchange @ Bay 1,Phibbs Exchange @ Bay 10,60253,Phibbs Exchange,61230,61950,in_service_layover,68.43398964461967,75.58806260852647,40.34897151643435,720,12.0,17:00:30,17:12:30,False,,no_dispenser,0
2160055,heavy,27.0,38.0,40-ft,BTC,3,SUN,14837816,14837882,028,028,60253,60686,Phibbs Exchange @ Bay 1,Phibbs Exchange @ Bay 9,60253,Phibbs Exchange,62010,62970,in_service_layover,65.14745216884712,74.87083183357758,54.839861309079765,960,16.0,17:13:30,17:29:30,False,,no_dispenser,0
2161135,heavy,210.0,61.0,40-ft,BTC,3,SUN,14856282,14856253,212,212,60253,60689,Phibbs Exchange @ Bay 1,Phibbs Exchange @ Bay 12,60253,Phibbs Exchange,62070,62250,in_service_layover,30.70324043116323,32.951625894816445,12.680894015004128,180,3.0,17:14:30,17:17:30,False,,no_dispenser,0
2160724,heavy,130.0,33.0,40-ft,BTC,3,SUN,14847409,14847481,130,130,60253,60687,Phibbs Exchange @ Bay 1,Phibbs Exchange @ Bay 10,60253,Phibbs Exchange,62190,62910,in_service_layover,69.44214897433991,76.420106852114,39.3556824306458,720,12.0,17:16:30,17:28:30,False,,no_dispenser,0
2161188,heavy,210.0,54.0,40-ft,BTC,3,SUN,14857861,14857894,232,232,60256,60688,Phibbs Exchange @ Bay 4,Phibbs Exchange @ Bay 11,60256,Phibbs Exchange,62430,64230,in_service_layover,61.581469871718,77.92233216120657,92.16246331271554,1800,30.0,17:20:30,17:50:30,False,,no_dispenser,0
2160053,heavy,27.0,32.0,40-ft,BTC,3,SUN,14837845,14837875,028,028,60253,60686,Phibbs Exchange @ Bay 1,Phibbs Exchange @ Bay 9,60253,Phibbs Exchange,63390,64650,in_service_layover,53.63678372469101,68.695575193888,84.93158388627103,1260,21.0,17:36:30,17:57:30,False,,no_dispenser,0
2161218,heavy,210.0,69.0,40-ft,BTC,3,SUN,14857883,14857895,232,232,60256,60688,Phibbs Exchange @ Bay 4,Phibbs Exchange @ Bay 11,60256,Phibbs Exchange,64230,66030,in_service_layover,57.97332620373843,75.73972762237598,100.20250400111576,1800,30.0,17:50:30,18:20:30,False,,no_dispenser,0
2160722,heavy,130.0,31.0,40-ft,BTC,3,SUN,14847412,14847483,130,130,60253,60687,Phibbs Exchange @ Bay 1,Phibbs Exchange @ Bay 10,60253,Phibbs Exchange,64590,64890,in_service_layover,66.99812463145498,70.3855126370628,19.104868351628056,300,5.0,17:56:30,18:01:30,False,,no_dispenser,0
2160727,heavy,130.0,36.0,40-ft,BTC,3,SUN,14847413,14847419,130,130,60253,60687,Phibbs Exchange @ Bay 1,Phibbs Exchange @ Bay 10,60253,Phibbs Exchange,65370,65730,in_service_layover,66.89561410966559,70.91782446759791,22.685266418738365,360,6.0,18:09:30,18:15:30,False,,no_dispenser,0
2160060,heavy,27.0,31.0,40-ft,BTC,3,SUN,14837837,14837877,028,028,60253,60686,Phibbs Exchange @ Bay 1,Phibbs Exchange @ Bay 9,60253,Phibbs Exchange,65670,66270,in_service_layover,57.89168239943419,65.41481286549072,42.430455828558934,600,10.0,18:14:30,18:24:30,False,,no_dispenser,0
2161135,heavy,210.0,61.0,40-ft,BTC,3,SUN,14856089,14856059,211,211,60689,60689,Phibbs Exchange @ Bay 12,Phibbs Exchange @ Bay 12,60689,Phibbs Exchange,65790,66390,in_service_layover,25.545334217069062,33.03030451154489,42.21523246084368,600,10.0,18:16:30,18:26:30,False,,no_dispenser,0
2161217,heavy,210.0,42.0,40-ft,BTC,3,SUN,14857868,14857913,232,232,60256,60688,Phibbs Exchange @ Bay 4,Phibbs Exchange @ Bay 11,60256,Phibbs Exchange,65970,67830,in_service_layover,48.60119881260721,70.04195929254786,120.92588910686527,1860,31.0,18:19:30,18:50:30,False,,no_dispenser,0
2160726,heavy,130.0,35.0,40-ft,BTC,3,SUN,14847414,14847420,130,130,60253,60687,Phibbs Exchange @ Bay 1,Phibbs Exchange @ Bay 10,60253,Phibbs Exchange,66150,66510,in_service_layover,66.1527571261068,70.23446506322162,23.020832765327555,360,6.0,18:22:30,18:28:30,False,,no_dispenser,0
2160725,heavy,130.0,32.0,40-ft,BTC,3,SUN,14847415,14847421,130,130,60253,60687,Phibbs Exchange @ Bay 1,Phibbs Exchange @ Bay 10,60253,Phibbs Exchange,66930,67350,in_service_layover,67.98374951004904,72.5105662157267,25.531246220021956,420,7.0,18:35:30,18:42:30,False,,no_dispenser,0
2161137,heavy,210.0,47.0,40-ft,BTC,3,SUN,14856285,14856256,212,212,60253,60689,Phibbs Exchange @ Bay 1,Phibbs Exchange @ Bay 12,60253,Phibbs Exchange,67590,67770,in_service_layover,44.61211881277695,46.89680204630021,12.885613437071186,180,3.0,18:46:30,18:49:30,False,,no_dispenser,0
2164126,heavy,210.0,70.0,40-ft,BTC,3,SUN,14857858,14857896,232,232,60256,60688,Phibbs Exchange @ Bay 4,Phibbs Exchange @ Bay 11,60256,Phibbs Exchange,67650,69630,in_service_layover,67.88643561876235,82.99055304401355,85.18722227841675,1980,33.0,18:47:30,19:20:30,False,,no_dispenser,0
2160055,heavy,27.0,38.0,40-ft,BTC,3,SUN,14837842,14837873,028,028,60253,60686,Phibbs Exchange @ Bay 1,Phibbs Exchange @ Bay 9,60253,Phibbs Exchange,67770,68190,in_service_layover,65.45115311434495,70.21943868550512,26.89313062134346,420,7.0,18:49:30,18:56:30,False,,no_dispenser,0
2160724,heavy,130.0,33.0,40-ft,BTC,3,SUN,14847416,14847422,130,130,60253,60687,Phibbs Exchange @ Bay 1,Phibbs Exchange @ Bay 10,60253,Phibbs Exchange,67770,68190,in_service_layover,66.20151433052689,70.89990415718128,26.498918622330734,420,7.0,18:49:30,18:56:30,False,,no_dispenser,0
2160723,heavy,130.0,34.0,40-ft,BTC,3,SUN,14847417,14847423,130,130,60253,60687,Phibbs Exchange @ Bay 1,Phibbs Exchange @ Bay 10,60253,Phibbs Exchange,68670,69030,in_service_layover,63.82390489323596,68.08332966450035,24.023155709931245,360,6.0,19:04:30,19:10:30,False,,no_dispenser,0
2161188,heavy,210.0,54.0,40-ft,BTC,3,SUN,14857870,14857901,232,232,60256,60688,Phibbs Exchange @ Bay 4,Phibbs Exchange @ Bay 11,60256,Phibbs Exchange,69390,71370,in_service_layover,65.84755868231827,81.65450906546377,89.15120016094073,1980,33.0,19:16:30,19:49:30,False,,no_dispenser,0
2160053,heavy,27.0,32.0,40-ft,BTC,3,SUN,14837830,14837862,028,028,60253,60686,Phibbs Exchange @ Bay 1,Phibbs Exchange @ Bay 9,60253,Phibbs Exchange,69570,69810,in_service_layover,61.49393711063678,64.50131597065395,16.961616770496846,240,4.0,19:19:30,19:23:30,False,,no_dispenser,0
2160722,heavy,130.0,31.0,40-ft,BTC,3,SUN,14847418,14847424,130,130,60253,60687,Phibbs Exchange @ Bay 1,Phibbs Exchange @ Bay 10,60253,Phibbs Exchange,69570,69990,in_service_layover,60.1669201154757,65.39069741088551,29.46210394611137,420,7.0,19:19:30,19:26:30,False,,no_dispenser,0
2160727,heavy,130.0,36.0,40-ft,BTC,3,SUN,14847350,14847425,130,130,60253,60687,Phibbs Exchange @ Bay 1,Phibbs Exchange @ Bay 10,60253,Phibbs Exchange,70410,70890,in_service_layover,60.69923194601081,66.56207802375805,33.06645187849443,480,8.0,19:33:30,19:41:30,False,,no_dispenser,0
2160060,heavy,27.0,31.0,40-ft,BTC,3,SUN,14837831,14837881,028,028,60253,60686,Phibbs Exchange @ Bay 1,Phibbs Exchange @ Bay 9,60253,Phibbs Exchange,71070,71610,in_service_layover,59.08014310426236,65.79354286288287,37.863574638619696,540,9.0,19:44:30,19:53:30,False,,no_dispenser,0
2160726,heavy,130.0,35.0,40-ft,BTC,3,SUN,14847351,14847426,130,130,60253,60687,Phibbs Exchange @ Bay 1,Phibbs Exchange @ Bay 10,60253,Phibbs Exchange,71130,71970,in_service_layover,60.01587254163452,69.7361853197134,54.82256406836484,840,14.0,19:45:30,19:59:30,False,,no_dispenser,0
2161218,heavy,210.0,69.0,40-ft,BTC,3,SUN,14857880,14857900,232,232,60256,60688,Phibbs Exchange @ Bay 4,Phibbs Exchange @ Bay 11,60256,Phibbs Exchange,71130,73170,in_service_layover,63.66495414348766,80.56660071031956,95.32528663693188,2040,34.0,19:45:30,20:19:30,False,,no_dispenser,0
2160724,heavy,130.0,33.0,40-ft,BTC,3,SUN,14847353,14847427,130,130,60253,60687,Phibbs Exchange @ Bay 1,Phibbs Exchange @ Bay 10,60253,Phibbs Exchange,72750,73110,in_service_layover,60.681311635594184,65.1649065550556,25.287475345762346,360,6.0,20:12:30,20:18:30,False,,no_dispenser,0
2160055,heavy,27.0,38.0,40-ft,BTC,3,SUN,14837843,14837876,028,028,60253,60686,Phibbs Exchange @ Bay 1,Phibbs Exchange @ Bay 9,60253,Phibbs Exchange,72870,73290,in_service_layover,62.96376288978522,67.95383246313948,28.14399239371795,420,7.0,20:14:30,20:21:30,False,,no_dispenser,0
2161217,heavy,210.0,42.0,40-ft,BTC,3,SUN,14857857,14857916,232,232,60256,60688,Phibbs Exchange @ Bay 4,Phibbs Exchange @ Bay 11,60256,Phibbs Exchange,72930,74970,in_service_layover,57.96718581365955,77.15960604487545,108.24525010405767,2040,34.0,20:15:30,20:49:30,False,,no_dispenser,0
2160722,heavy,130.0,31.0,40-ft,BTC,3,SUN,14847355,14847428,130,130,60253,60687,Phibbs Exchange @ Bay 1,Phibbs Exchange @ Bay 10,60253,Phibbs Exchange,74430,74910,in_service_layover,55.17210488929841,61.44056692754876,35.354125895731954,480,8.0,20:40:30,20:48:30,False,,no_dispenser,0
2161137,heavy,210.0,47.0,40-ft,BTC,3,SUN,14856288,14856258,212,212,60253,60689,Phibbs Exchange @ Bay 1,Phibbs Exchange @ Bay 12,60253,Phibbs Exchange,74490,75030,in_service_layover,34.76948532762978,41.57360421432486,38.37523052096026,540,9.0,20:41:30,20:50:30,False,,no_dispenser,0
2160058,heavy,27.0,35.0,40-ft,BTC,3,SUN,14837823,14837864,028,028,60253,60686,Phibbs Exchange @ Bay 1,Phibbs Exchange @ Bay 9,60253,Phibbs Exchange,74790,75150,in_service_layover,60.36519885011069,64.87121311606028,25.413920459955705,360,6.0,20:46:30,20:52:30,False,,no_dispenser,0
2160726,heavy,130.0,35.0,40-ft,BTC,3,SUN,14847357,14847429,130,130,60253,60687,Phibbs Exchange @ Bay 1,Phibbs Exchange @ Bay 10,60253,Phibbs Exchange,76230,76710,in_service_layover,59.517592798126294,65.49789245629285,33.728890072059414,480,8.0,21:10:30,21:18:30,False,,no_dispenser,0
2161188,heavy,210.0,54.0,40-ft,BTC,3,SUN,14857876,14857912,232,232,60256,60688,Phibbs Exchange @ Bay 4,Phibbs Exchange @ Bay 11,60256,Phibbs Exchange,76350,78450,in_service_layover,69.57973558657548,84.6727776184138,85.12475705956814,2100,35.0,21:12:30,21:47:30,False,,no_dispenser,0
2160050,heavy,27.0,36.0,40-ft,BTC,3,SUN,14837827,14837906,028,028,60253,60686,Phibbs Exchange @ Bay 1,Phibbs Exchange @ Bay 9,60253,Phibbs Exchange,76590,77010,in_service_layover,55.0313534372436,60.54402236537108,31.091452754638908,420,7.0,21:16:30,21:23:30,False,,no_dispenser,0
2161137,heavy,210.0,47.0,40-ft,BTC,3,SUN,14856289,14856259,212,212,60253,60689,Phibbs Exchange @ Bay 1,Phibbs Exchange @ Bay 12,60253,Phibbs Exchange,77910,78630,in_service_layover,35.51724937542751,44.61529870727625,51.31299823162689,720,12.0,21:38:30,21:50:30,False,,no_dispenser,0
2160051,heavy,27.0,41.0,40-ft,BTC,3,SUN,14837838,14837904,028,028,60253,60686,Phibbs Exchange @ Bay 1,Phibbs Exchange @ Bay 9,60253,Phibbs Exchange,80370,80610,in_service_layover,43.83534349195077,46.88089440930325,17.17690717386799,240,4.0,22:19:30,22:23:30,False,,no_dispenser,0
2161137,heavy,210.0,47.0,40-ft,BTC,3,SUN,14856290,14856260,212,212,60253,60689,Phibbs Exchange @ Bay 1,Phibbs Exchange @ Bay 12,60253,Phibbs Exchange,81510,82410,in_service_layover,38.5589438683789,50.02726202156303,64.68131438395855,900,15.0,22:38:30,22:53:30,False,,no_dispenser,0
2160052,heavy,27.0,39.0,40-ft,BTC,3,SUN,14837834,14837880,028,028,60253,60686,Phibbs Exchange @ Bay 1,Phibbs Exchange @ Bay 9,60253,Phibbs Exchange,84030,84210,in_service_layover,41.773231922286925,44.050506559645136,12.843828954700314,180,3.0,23:20:30,23:23:30,False,,no_dispenser,0
2160051,heavy,27.0,41.0,40-ft,BTC,3,SUN,14837818,14837902,028,028,60253,60686,Phibbs Exchange @ Bay 1,Phibbs Exchange @ Bay 9,60253,Phibbs Exchange,85470,86010,in_service_layover,49.79464586188194,56.812965935831706,39.58332521707666,540,9.0,23:44:30,23:53:30,False,,no_dispenser,0
2160052,heavy,27.0,39.0,40-ft,BTC,3,SUN,14837822,14837903,028,028,60253,60686,Phibbs Exchange @ Bay 1,Phibbs Exchange @ Bay 9,60253,Phibbs Exchange,88230,88590,in_service_layover,34.6308278404125,39.15714084071554,25.52840532170913,360,6.0,24:30:30,24:36:30,False,,no_dispenser,0
2160051,heavy,27.0,41.0,40-ft,BTC,3,SUN,14837817,14837900,028,028,60253,60686,Phibbs Exchange @ Bay 1,Phibbs Exchange @ Bay 9,60253,Phibbs Exchange,90030,91050,in_service_layover,47.39328721659907,60.54394065359037,74.1696853846309,1020,17.0,25:00:30,25:17:30,False,,no_dispenser,0
2160849,heavy,152.0,51.0,40-ft,PCT,3,SUN,14855152,14855187,188,188,53348,53767,Port Coquitlam Station @ Bay 6,Port Coquitlam Station @ Bay 5,53348,Port Coquitlam Station,30510,31410,in_service_layover,61.83073677181008,71.75948080223436,55.998116331592996,900,15.0,08:28:30,08:43:30,False,,no_dispenser,0
2160848,heavy,152.0,56.0,40-ft,PCT,3,SUN,14855155,14855193,188,188,53348,53767,Port Coquitlam Station @ Bay 6,Port Coquitlam Station @ Bay 5,53348,Port Coquitlam Station,36030,36810,in_service_layover,67.61285673865713,75.40183227798694,43.92982204182016,780,13.0,10:00:30,10:13:30,False,,no_dispenser,0
2160851,heavy,152.0,60.0,40-ft,PCT,3,SUN,14855157,14855194,188,188,53348,53767,Port Coquitlam Station @ Bay 6,Port Coquitlam Station @ Bay 5,53348,Port Coquitlam Station,37830,38610,in_service_layover,67.61285673865713,75.40183227798694,43.92982204182016,780,13.0,10:30:30,10:43:30,False,,no_dispenser,0
2160941,heavy,160.0,51.0,40-ft,PCT,3,SUN,14851704,14851786,160,160,53740,53740,Port Coquitlam Station @ Bay 4,Port Coquitlam Station @ Bay 4,53740,Port Coquitlam Station,39750,40110,in_service_layover,50.749374779865605,55.416772932816926,26.32412558264548,360,6.0,11:02:30,11:08:30,False,,no_dispenser,0
2160945,heavy,160.0,52.0,40-ft,PCT,3,SUN,14851708,14851765,160,160,53740,53740,Port Coquitlam Station @ Bay 4,Port Coquitlam Station @ Bay 4,53740,Port Coquitlam Station,40530,41010,in_service_layover,59.351939565245026,65.34894265531824,33.82309742801294,480,8.0,11:15:30,11:23:30,False,,no_dispenser,0
2160948,heavy,160.0,53.0,40-ft,PCT,3,SUN,14851710,14851767,160,160,53740,53740,Port Coquitlam Station @ Bay 4,Port Coquitlam Station @ Bay 4,53740,Port Coquitlam Station,42510,42930,in_service_layover,63.57038351737023,68.50776953524901,27.846857140836278,420,7.0,11:48:30,11:55:30,False,,no_dispenser,0
2160853,heavy,152.0,61.0,40-ft,PCT,3,SUN,14855159,14855177,188,188,53348,53767,Port Coquitlam Station @ Bay 6,Port Coquitlam Station @ Bay 5,53348,Port Coquitlam Station,43230,44010,in_service_layover,66.92184828435217,74.83890335890165,44.652190620459066,780,13.0,12:00:30,12:13:30,False,,no_dispenser,0
2160943,heavy,160.0,54.0,40-ft,PCT,3,SUN,14851711,14851787,160,160,53740,53740,Port Coquitlam Station @ Bay 4,Port Coquitlam Station @ Bay 4,53740,Port Coquitlam Station,43410,43890,in_service_layover,61.266226933223955,67.07464316263876,32.75946753389945,480,8.0,12:03:30,12:11:30,False,,no_dispenser,0
2160949,heavy,160.0,55.0,40-ft,PCT,3,SUN,14851712,14851788,160,160,53740,53740,Port Coquitlam Station @ Bay 4,Port Coquitlam Station @ Bay 4,53740,Port Coquitlam Station,44250,44610,in_service_layover,60.64586206906721,65.131971142183,25.301655172373103,360,6.0,12:17:30,12:23:30,False,,no_dispenser,0
2160944,heavy,160.0,56.0,40-ft,PCT,3,SUN,14851713,14851789,160,160,53740,53740,Port Coquitlam Station @ Bay 4,Port Coquitlam Station @ Bay 4,53740,Port Coquitlam Station,45150,45510,in_service_layover,60.64586206906721,65.131971142183,25.301655172373103,360,6.0,12:32:30,12:38:30,False,,no_dispenser,0
2160852,heavy,152.0,53.0,40-ft,PCT,3,SUN,14855160,14855178,188,188,53348,53767,Port Coquitlam Station @ Bay 6,Port Coquitlam Station @ Bay 5,53348,Port Coquitlam Station,45150,45810,in_service_layover,69.36425377723322,75.87074665977175,36.69661985751736,660,11.0,12:32:30,12:43:30,False,,no_dispenser,0
2160947,heavy,160.0,57.0,40-ft,PCT,3,SUN,14851714,14851790,160,160,53740,53740,Port Coquitlam Station @ Bay 4,Port Coquitlam Station @ Bay 4,53740,Port Coquitlam Station,46050,46410,in_service_layover,61.266226933223955,65.70833849824353,25.053509226710446,360,6.0,12:47:30,12:53:30,False,,no_dispenser,0
2160942,heavy,160.0,58.0,40-ft,PCT,3,SUN,14851715,14851791,160,160,53740,53740,Port Coquitlam Station @ Bay 4,Port Coquitlam Station @ Bay 4,53740,Port Coquitlam Station,46950,47310,in_service_layover,60.64586206906721,65.131971142183,25.301655172373103,360,6.0,13:02:30,13:08:30,False,,no_dispenser,0
2160946,heavy,160.0,59.0,40-ft,PCT,3,SUN,14851716,14851792,160,160,53740,53740,Port Coquitlam Station @ Bay 4,Port Coquitlam Station @ Bay 4,53740,Port Coquitlam Station,47790,48150,in_service_layover,60.64586206906721,65.131971142183,25.301655172373103,360,6.0,13:16:30,13:22:30,False,,no_dispenser,0
2160941,heavy,160.0,51.0,40-ft,PCT,3,SUN,14851717,14851793,160,160,53740,53740,Port Coquitlam Station @ Bay 4,Port Coquitlam Station @ Bay 4,53740,Port Coquitlam Station,48690,49050,in_service_layover,44.57601028942976,49.15708490242534,25.83726081729506,360,6.0,13:31:30,13:37:30,False,,no_dispenser,0
2160945,heavy,160.0,52.0,40-ft,PCT,3,SUN,14851718,14851794,160,160,53740,53740,Port Coquitlam Station @ Bay 4,Port Coquitlam Station @ Bay 4,53740,Port Coquitlam Station,49830,50010,in_service_layover,53.82194519744725,56.17050135038668,13.245856702578408,180,3.0,13:50:30,13:53:30,False,,no_dispenser,0
2160850,heavy,152.0,59.0,40-ft,PCT,3,SUN,14855163,14855198,188,188,53348,53767,Port Coquitlam Station @ Bay 6,Port Coquitlam Station @ Bay 5,53348,Port Coquitlam Station,50610,51210,in_service_layover,69.64158041663406,75.60454546355211,33.631122864617794,600,10.0,14:03:30,14:13:30,False,,no_dispenser,0
2160940,heavy,160.0,60.0,40-ft,PCT,3,SUN,14851719,14851795,160,160,53740,53740,Port Coquitlam Station @ Bay 4,Port Coquitlam Station @ Bay 4,53740,Port Coquitlam Station,50790,50970,in_service_layover,60.64586206906721,62.95274639285915,13.010827586186565,180,3.0,14:06:30,14:09:30,False,,no_dispenser,0
2160948,heavy,160.0,53.0,40-ft,PCT,3,SUN,14851720,14851796,160,160,53740,53740,Port Coquitlam Station @ Bay 4,Port Coquitlam Station @ Bay 4,53740,Port Coquitlam Station,51810,51990,in_service_layover,55.342175404927374,57.70551724379992,13.32924797124116,180,3.0,14:23:30,14:26:30,False,,no_dispenser,0
2160849,heavy,152.0,51.0,40-ft,PCT,3,SUN,14855164,14855199,188,188,53348,53767,Port Coquitlam Station @ Bay 6,Port Coquitlam Station @ Bay 5,53348,Port Coquitlam Station,52410,53010,in_service_layover,68.02988320511574,74.22636155001044,34.948137865206036,600,10.0,14:33:30,14:43:30,False,,no_dispenser,0
2160943,heavy,160.0,54.0,40-ft,PCT,3,SUN,14851721,14851764,160,160,53740,53740,Port Coquitlam Station @ Bay 4,Port Coquitlam Station @ Bay 4,53740,Port Coquitlam Station,52710,52890,in_service_layover,51.68541227849428,54.01318861494937,13.128658537606725,180,3.0,14:38:30,14:41:30,False,,no_dispenser,0
2160949,heavy,160.0,55.0,40-ft,PCT,3,SUN,14851722,14851797,160,160,53740,53740,Port Coquitlam Station @ Bay 4,Port Coquitlam Station @ Bay 4,53740,Port Coquitlam Station,53490,53730,in_service_layover,52.09648798120353,55.21219905351137,17.572610447816146,240,4.0,14:51:30,14:55:30,False,,no_dispenser,0
2160944,heavy,160.0,56.0,40-ft,PCT,3,SUN,14851723,14851798,160,160,53740,53740,Port Coquitlam Station @ Bay 4,Port Coquitlam Station @ Bay 4,53740,Port Coquitlam Station,54390,54570,in_service_layover,52.09648798120353,54.42826242018618,13.151207835862124,180,3.0,15:06:30,15:09:30,False,,no_dispenser,0
2160947,heavy,160.0,57.0,40-ft,PCT,3,SUN,14851724,14851799,160,160,53740,53740,Port Coquitlam Station @ Bay 4,Port Coquitlam Station @ Bay 4,53740,Port Coquitlam Station,55350,55530,in_service_layover,50.30959134230132,52.62398651045529,13.05318874838838,180,3.0,15:22:30,15:25:30,False,,no_dispenser,0
2160942,heavy,160.0,58.0,40-ft,PCT,3,SUN,14851725,14851800,160,160,53740,53740,Port Coquitlam Station @ Bay 4,Port Coquitlam Station @ Bay 4,53740,Port Coquitlam Station,56250,56430,in_service_layover,49.727618265036945,52.03635319101204,13.021264982499588,180,3.0,15:37:30,15:40:30,False,,no_dispenser,0
2160946,heavy,160.0,59.0,40-ft,PCT,3,SUN,14851726,14851801,160,160,53740,53740,Port Coquitlam Station @ Bay 4,Port Coquitlam Station @ Bay 4,53740,Port Coquitlam Station,57030,57270,in_service_layover,49.727618265036945,52.81260998666806,17.39935330999947,240,4.0,15:50:30,15:54:30,False,,no_dispenser,0
2160941,heavy,160.0,51.0,40-ft,PCT,3,SUN,14851727,14851802,160,160,53740,53740,Port Coquitlam Station @ Bay 4,Port Coquitlam Station @ Bay 4,53740,Port Coquitlam Station,57870,58050,in_service_layover,31.386463154640488,33.63663161333517,12.690950107037992,180,3.0,16:04:30,16:07:30,False,,no_dispenser,0
2160848,heavy,152.0,56.0,40-ft,PCT,3,SUN,14855167,14855202,188,188,53348,53767,Port Coquitlam Station @ Bay 6,Port Coquitlam Station @ Bay 5,53348,Port Coquitlam Station,57870,58410,in_service_layover,66.50965836651933,72.35773482755647,32.98315124024947,540,9.0,16:04:30,16:13:30,False,,no_dispenser,0
2160945,heavy,160.0,52.0,40-ft,PCT,3,SUN,14851728,14851803,160,160,53740,53740,Port Coquitlam Station @ Bay 4,Port Coquitlam Station @ Bay 4,53740,Port Coquitlam Station,58950,59130,in_service_layover,43.002478791688134,45.2829613742706,12.861921765765118,180,3.0,16:22:30,16:25:30,False,,no_dispenser,0
2160851,heavy,152.0,60.0,40-ft,PCT,3,SUN,14855168,14855203,188,188,53348,53767,Port Coquitlam Station @ Bay 6,Port Coquitlam Station @ Bay 5,53348,Port Coquitlam Station,59610,60210,in_service_layover,66.50965836651933,72.9205356954435,36.15734813513228,600,10.0,16:33:30,16:43:30,False,,no_dispenser,0
2160940,heavy,160.0,60.0,40-ft,PCT,3,SUN,14851729,14851804,160,160,53740,53740,Port Coquitlam Station @ Bay 4,Port Coquitlam Station @ Bay 4,53740,Port Coquitlam Station,59730,59910,in_service_layover,50.69695970002505,53.015122394208646,13.074437595195548,180,3.0,16:35:30,16:38:30,False,,no_dispenser,0
2160948,heavy,160.0,53.0,40-ft,PCT,3,SUN,14851730,14851805,160,160,53740,53740,Port Coquitlam Station @ Bay 4,Port Coquitlam Station @ Bay 4,53740,Port Coquitlam Station,60690,60870,in_service_layover,43.77951845358368,46.06202886372014,12.873358713169608,180,3.0,16:51:30,16:54:30,False,,no_dispenser,0
2160943,heavy,160.0,54.0,40-ft,PCT,3,SUN,14851731,14851806,160,160,53740,53740,Port Coquitlam Station @ Bay 4,Port Coquitlam Station @ Bay 4,53740,Port Coquitlam Station,61590,61770,in_service_layover,40.05532859526297,42.32812004872149,12.818543797506038,180,3.0,17:06:30,17:09:30,False,,no_dispenser,0
2160949,heavy,160.0,55.0,40-ft,PCT,3,SUN,14851732,14851807,160,160,53740,53740,Port Coquitlam Station @ Bay 4,Port Coquitlam Station @ Bay 4,53740,Port Coquitlam Station,62490,62670,in_service_layover,42.03341835439804,44.31137199598484,12.847658538549581,180,3.0,17:21:30,17:24:30,False,,no_dispenser,0
2160849,heavy,152.0,51.0,40-ft,PCT,3,SUN,14855170,14855183,188,188,53348,53767,Port Coquitlam Station @ Bay 6,Port Coquitlam Station @ Bay 5,53348,Port Coquitlam Station,63210,63810,in_service_layover,69.60510651346368,75.5734260281618,33.66132206289734,600,10.0,17:33:30,17:43:30,False,,no_dispenser,0
2160944,heavy,160.0,56.0,40-ft,PCT,3,SUN,14851733,14851808,160,160,53740,53740,Port Coquitlam Station @ Bay 4,Port Coquitlam Station @ Bay 4,53740,Port Coquitlam Station,63450,63630,in_service_layover,44.35159782540901,46.63560118162036,12.88177892903198,180,3.0,17:37:30,17:40:30,False,,no_dispenser,0
2160947,heavy,160.0,57.0,40-ft,PCT,3,SUN,14851734,14851809,160,160,53740,53740,Port Coquitlam Station @ Bay 4,Port Coquitlam Station @ Bay 4,53740,Port Coquitlam Station,64230,64530,in_service_layover,41.73581539460361,45.53613402204016,21.4337970587421,300,5.0,17:50:30,17:55:30,False,,no_dispenser,0
2160853,heavy,152.0,61.0,40-ft,PCT,3,SUN,14855171,14855206,188,188,53348,53767,Port Coquitlam Station @ Bay 6,Port Coquitlam Station @ Bay 5,53348,Port Coquitlam Station,65010,65610,in_service_layover,66.22051028280602,72.6715216941037,36.38370435971899,600,10.0,18:03:30,18:13:30,False,,no_dispenser,0
2160942,heavy,160.0,58.0,40-ft,PCT,3,SUN,14851735,14851769,160,160,53740,53740,Port Coquitlam Station @ Bay 4,Port Coquitlam Station @ Bay 4,53740,Port Coquitlam Station,65130,65430,in_service_layover,39.59891415915603,43.389938393573566,21.381376682114933,300,5.0,18:05:30,18:10:30,False,,no_dispenser,0
2160946,heavy,160.0,59.0,40-ft,PCT,3,SUN,14851736,14851810,160,160,53740,53740,Port Coquitlam Station @ Bay 4,Port Coquitlam Station @ Bay 4,53740,Port Coquitlam Station,66030,66450,in_service_layover,41.15278190022163,46.47671083220236,30.026959176371264,420,7.0,18:20:30,18:27:30,False,,no_dispenser,0
2160852,heavy,152.0,53.0,40-ft,PCT,3,SUN,14855172,14855207,188,188,53348,53767,Port Coquitlam Station @ Bay 6,Port Coquitlam Station @ Bay 5,53348,Port Coquitlam Station,66810,67410,in_service_layover,66.74938738830868,73.12683360746502,35.968796676041734,600,10.0,18:33:30,18:43:30,False,,no_dispenser,0
2160941,heavy,160.0,51.0,40-ft,PCT,3,SUN,14851737,14851811,160,160,53740,53740,Port Coquitlam Station @ Bay 4,Port Coquitlam Station @ Bay 4,53740,Port Coquitlam Station,66930,67110,in_service_layover,23.33858402851922,25.56692734112836,12.567856283115532,180,3.0,18:35:30,18:38:30,False,,no_dispenser,0
2160945,heavy,160.0,52.0,40-ft,PCT,3,SUN,14851738,14851768,160,160,53740,53740,Port Coquitlam Station @ Bay 4,Port Coquitlam Station @ Bay 4,53740,Port Coquitlam Station,67830,68190,in_service_layover,32.803638242877945,37.320414470236315,25.474617922301178,360,6.0,18:50:30,18:56:30,False,,no_dispenser,0
2160940,heavy,160.0,60.0,40-ft,PCT,3,SUN,14851739,14851812,160,160,53740,53740,Port Coquitlam Station @ Bay 4,Port Coquitlam Station @ Bay 4,53740,Port Coquitlam Station,68610,69090,in_service_layover,44.477848438853236,50.603622731573296,34.549367010941154,480,8.0,19:03:30,19:11:30,False,,no_dispenser,0
2160848,heavy,152.0,56.0,40-ft,PCT,3,SUN,14855173,14855208,188,188,53348,53767,Port Coquitlam Station @ Bay 6,Port Coquitlam Station @ Bay 5,53348,Port Coquitlam Station,68610,69210,in_service_layover,66.5192329171087,72.9287773194054,36.14983042895341,600,10.0,19:03:30,19:13:30,False,,no_dispenser,0
2160948,heavy,160.0,53.0,40-ft,PCT,3,SUN,14851740,14851813,160,160,53740,53740,Port Coquitlam Station @ Bay 4,Port Coquitlam Station @ Bay 4,53740,Port Coquitlam Station,69510,69990,in_service_layover,38.16921879444619,44.236964834177066,34.22208766408215,480,8.0,19:18:30,19:26:30,False,,no_dispenser,0
2160943,heavy,160.0,54.0,40-ft,PCT,3,SUN,14851741,14851814,160,160,53740,53740,Port Coquitlam Station @ Bay 4,Port Coquitlam Station @ Bay 4,53740,Port Coquitlam Station,70170,71190,in_service_layover,34.389964926217935,47.32126671737496,72.93254210212561,1020,17.0,19:29:30,19:46:30,False,,no_dispenser,0
2160851,heavy,152.0,60.0,40-ft,PCT,3,SUN,14855174,14855209,188,188,53348,53767,Port Coquitlam Station @ Bay 6,Port Coquitlam Station @ Bay 5,53348,Port Coquitlam Station,70290,71010,in_service_layover,68.9996405772683,76.05520879032547,39.7934047216425,720,12.0,19:31:30,19:43:30,False,,no_dispenser,0
2160944,heavy,160.0,56.0,40-ft,PCT,3,SUN,14851742,14851815,160,160,53740,53740,Port Coquitlam Station @ Bay 4,Port Coquitlam Station @ Bay 4,53740,Port Coquitlam Station,71970,72450,in_service_layover,39.524728613568634,45.601907857448424,34.27529093548205,480,8.0,19:59:30,20:07:30,False,,no_dispenser,0
2160850,heavy,152.0,59.0,40-ft,PCT,3,SUN,14855175,14855210,188,188,53348,53767,Port Coquitlam Station @ Bay 6,Port Coquitlam Station @ Bay 5,53348,Port Coquitlam Station,72030,72810,in_service_layover,67.87724343541774,75.61690493412708,43.65169085272072,780,13.0,20:00:30,20:13:30,False,,no_dispenser,0
2160942,heavy,160.0,58.0,40-ft,PCT,3,SUN,14851706,14851816,160,160,53740,53740,Port Coquitlam Station @ Bay 4,Port Coquitlam Station @ Bay 4,53740,Port Coquitlam Station,73710,74070,in_service_layover,36.22821324691045,40.76286358776504,25.57542792241989,360,6.0,20:28:30,20:34:30,False,,no_dispenser,0
2160853,heavy,152.0,61.0,40-ft,PCT,3,SUN,14855139,14855212,188,188,53348,53767,Port Coquitlam Station @ Bay 6,Port Coquitlam Station @ Bay 5,53348,Port Coquitlam Station,75450,76410,in_service_layover,69.08634769748917,77.90676470158434,49.74715190309678,960,16.0,20:57:30,21:13:30,False,,no_dispenser,0
2160940,heavy,160.0,60.0,40-ft,PCT,3,SUN,14851705,14851758,160,160,53740,53740,Port Coquitlam Station @ Bay 4,Port Coquitlam Station @ Bay 4,53740,Port Coquitlam Station,77190,77790,in_service_layover,45.15946199272738,52.857990552443546,43.41970107679916,600,10.0,21:26:30,21:36:30,False,,no_dispenser,0
2160943,heavy,160.0,54.0,40-ft,PCT,3,SUN,14851747,14851759,160,160,53740,53740,Port Coquitlam Station @ Bay 4,Port Coquitlam Station @ Bay 4,53740,Port Coquitlam Station,78930,79890,in_service_layover,39.44824612657095,51.725084820663334,69.24137023468106,960,16.0,21:55:30,22:11:30,False,,no_dispenser,0
2160942,heavy,160.0,58.0,40-ft,PCT,3,SUN,14851749,14851760,160,160,53740,53740,Port Coquitlam Station @ Bay 4,Port Coquitlam Station @ Bay 4,53740,Port Coquitlam Station,81330,81510,in_service_layover,25.99408464797363,28.230174218893172,12.611545179986223,180,3.0,22:35:30,22:38:30,False,,no_dispenser,0
2160850,heavy,152.0,59.0,40-ft,PCT,3,SUN,14855143,14855185,188,188,53348,53767,Port Coquitlam Station @ Bay 6,Port Coquitlam Station @ Bay 5,53348,Port Coquitlam Station,81450,82110,in_service_layover,65.60501618671341,72.69921085150173,40.01125790940614,660,11.0,22:37:30,22:48:30,False,,no_dispenser,0
2160940,heavy,160.0,60.0,40-ft,PCT,3,SUN,14851751,14851762,160,160,53740,53740,Port Coquitlam Station @ Bay 4,Port Coquitlam Station @ Bay 4,53740,Port Coquitlam Station,84630,85110,in_service_layover,41.97326768430973,48.06949085664296,34.38269869195935,480,8.0,23:30:30,23:38:30,False,,no_dispenser,0
2160853,heavy,152.0,61.0,40-ft,PCT,3,SUN,14855145,14855190,188,188,53348,53767,Port Coquitlam Station @ Bay 6,Port Coquitlam Station @ Bay 5,53348,Port Coquitlam Station,84870,85710,in_service_layover,69.7732960840977,77.59790370613379,44.130786988283546,840,14.0,23:34:30,23:48:30,False,,no_dispenser,0
2160943,heavy,160.0,54.0,40-ft,PCT,3,SUN,14851752,14851763,160,160,53740,53740,Port Coquitlam Station @ Bay 4,Port Coquitlam Station @ Bay 4,53740,Port Coquitlam Station,86430,87150,in_service_layover,37.756958282275505,46.881603746906734,51.4630004205201,720,12.0,24:00:30,24:12:30,False,,no_dispenser,0
2160848,heavy,152.0,56.0,40-ft,PCT,3,SUN,14855147,14855205,188,188,53348,53767,Port Coquitlam Station @ Bay 6,Port Coquitlam Station @ Bay 5,53348,Port Coquitlam Station,88110,89310,in_service_layover,66.27160807644299,77.41943304551755,62.873732825580475,1200,20.0,24:28:30,24:48:30,False,,no_dispenser,0
2162308,heavy,401.0,41.0,40-ft,RTC,3,SUN,14872502,14872592,406,406,60482,60483,Richmond-Brighouse Station @ Bay 2,Richmond-Brighouse Station @ Bay 1,60482,Richmond-Brighouse Station,26490,26910,in_service_layover,66.41411624657336,71.092450060647,26.385802711375334,420,7.0,07:21:30,07:28:30,False,,no_dispenser,0
2162309,heavy,401.0,42.0,40-ft,RTC,3,SUN,14873192,14873109,408,408,60482,60483,Richmond-Brighouse Station @ Bay 2,Richmond-Brighouse Station @ Bay 1,60482,Richmond-Brighouse Station,26550,26970,in_service_layover,67.87407965791093,72.41167983388036,25.592064992467613,420,7.0,07:22:30,07:29:30,False,,no_dispenser,0
2162307,heavy,401.0,44.0,40-ft,RTC,3,SUN,14872501,14872591,406,406,60482,60483,Richmond-Brighouse Station @ Bay 2,Richmond-Brighouse Station @ Bay 1,60482,Richmond-Brighouse Station,27690,28110,in_service_layover,66.41411624657336,71.092450060647,26.385802711375334,420,7.0,07:41:30,07:48:30,False,,no_dispenser,0
2162322,heavy,401.0,45.0,40-ft,RTC,3,SUN,14873193,14873110,408,408,60482,60483,Richmond-Brighouse Station @ Bay 2,Richmond-Brighouse Station @ Bay 1,60482,Richmond-Brighouse Station,28410,28770,in_service_layover,69.20452267984368,73.03312980769186,21.593344201063758,360,6.0,07:53:30,07:59:30,False,,no_dispenser,0
2162305,heavy,401.0,47.0,40-ft,RTC,3,SUN,14872500,14872590,406,406,60482,60483,Richmond-Brighouse Station @ Bay 2,Richmond-Brighouse Station @ Bay 1,60482,Richmond-Brighouse Station,28890,29310,in_service_layover,66.41411624657336,71.092450060647,26.385802711375334,420,7.0,08:01:30,08:08:30,False,,no_dispenser,0
2162309,heavy,401.0,42.0,40-ft,RTC,3,SUN,14873161,14873134,408,408,60482,60483,Richmond-Brighouse Station @ Bay 2,Richmond-Brighouse Station @ Bay 1,60482,Richmond-Brighouse Station,30270,30570,in_service_layover,64.3592954397362,67.91355156686724,20.04600455701916,300,5.0,08:24:30,08:29:30,False,,no_dispenser,0
2162308,heavy,401.0,41.0,40-ft,RTC,3,SUN,14872498,14872568,406,406,60482,60483,Richmond-Brighouse Station @ Bay 2,Richmond-Brighouse Station @ Bay 1,60482,Richmond-Brighouse Station,30870,31410,in_service_layover,62.31008396083405,68.65880280668458,35.806774290596934,540,9.0,08:34:30,08:43:30,False,,no_dispenser,0
2162242,heavy,403.0,54.0,40-ft,RTC,3,SUN,14871326,14871902,402,404,60482,60483,Richmond-Brighouse Station @ Bay 2,Richmond-Brighouse Station @ Bay 1,60482,Richmond-Brighouse Station,31290,31650,in_service_layover,68.08824667247373,72.01209328119337,22.130494873178748,360,6.0,08:41:30,08:47:30,False,,no_dispenser,0
2162307,heavy,401.0,44.0,40-ft,RTC,3,SUN,14872497,14872589,406,406,60482,60483,Richmond-Brighouse Station @ Bay 2,Richmond-Brighouse Station @ Bay 1,60482,Richmond-Brighouse Station,31770,32310,in_service_layover,62.31008396083405,68.65880280668458,35.806774290596934,540,9.0,08:49:30,08:58:30,False,,no_dispenser,0
2162322,heavy,401.0,45.0,40-ft,RTC,3,SUN,14873162,14873136,408,408,60482,60483,Richmond-Brighouse Station @ Bay 2,Richmond-Brighouse Station @ Bay 1,60482,Richmond-Brighouse Station,32190,33930,in_service_layover,64.9807454135477,79.79703980122676,83.56390034650991,1740,29.0,08:56:30,09:25:30,False,,no_dispenser,0
2162305,heavy,401.0,47.0,40-ft,RTC,3,SUN,14872495,14872587,406,406,60482,60483,Richmond-Brighouse Station @ Bay 2,Richmond-Brighouse Station @ Bay 1,60482,Richmond-Brighouse Station,33570,34110,in_service_layover,62.31008396083405,68.65880280668458,35.806774290596934,540,9.0,09:19:30,09:28:30,False,,no_dispenser,0
2162309,heavy,401.0,42.0,40-ft,RTC,3,SUN,14873163,14873137,408,408,60482,60483,Richmond-Brighouse Station @ Bay 2,Richmond-Brighouse Station @ Bay 1,60482,Richmond-Brighouse Station,33990,35490,in_service_layover,59.861167172723086,74.94880685591603,85.09428781320821,1500,25.0,09:26:30,09:51:30,False,,no_dispenser,0
2162247,heavy,403.0,55.0,40-ft,RTC,3,SUN,14871304,14871919,402,404,60482,60483,Richmond-Brighouse Station @ Bay 2,Richmond-Brighouse Station @ Bay 1,60482,Richmond-Brighouse Station,34950,35250,in_service_layover,62.17293511924342,65.85656779541105,20.775688293585517,300,5.0,09:42:30,09:47:30,False,,no_dispenser,0
2162242,heavy,403.0,54.0,40-ft,RTC,3,SUN,14871962,14871366,404,402,60482,60483,Richmond-Brighouse Station @ Bay 2,Richmond-Brighouse Station @ Bay 1,60482,Richmond-Brighouse Station,35010,35250,in_service_layover,64.35479471279079,67.22690843795435,16.198721409922427,240,4.0,09:43:30,09:47:30,False,,no_dispenser,0
2162308,heavy,401.0,41.0,40-ft,RTC,3,SUN,14872493,14872585,406,406,60482,60483,Richmond-Brighouse Station @ Bay 2,Richmond-Brighouse Station @ Bay 1,60482,Richmond-Brighouse Station,35370,35910,in_service_layover,59.876436706871615,66.49747389965577,37.342649767302646,540,9.0,09:49:30,09:58:30,False,,no_dispenser,0
2162307,heavy,401.0,44.0,40-ft,RTC,3,SUN,14872492,14872584,406,406,60482,60483,Richmond-Brighouse Station @ Bay 2,Richmond-Brighouse Station @ Bay 1,60482,Richmond-Brighouse Station,36270,36810,in_service_layover,59.876436706871615,66.49747389965577,37.342649767302646,540,9.0,10:04:30,10:13:30,False,,no_dispenser,0
2162305,heavy,401.0,47.0,40-ft,RTC,3,SUN,14872511,14872582,406,406,60482,60483,Richmond-Brighouse Station @ Bay 2,Richmond-Brighouse Station @ Bay 1,60482,Richmond-Brighouse Station,38070,38610,in_service_layover,59.876436706871615,66.49747389965577,37.342649767302646,540,9.0,10:34:30,10:43:30,False,,no_dispenser,0
2162242,heavy,403.0,54.0,40-ft,RTC,3,SUN,14871331,14871905,402,404,60482,60483,Richmond-Brighouse Station @ Bay 2,Richmond-Brighouse Station @ Bay 1,60482,Richmond-Brighouse Station,38610,38850,in_service_layover,58.79463337719657,61.92704525532731,17.666802992657324,240,4.0,10:43:30,10:47:30,False,,no_dispenser,0
2162304,heavy,401.0,48.0,40-ft,RTC,3,SUN,14872512,14872581,406,406,60482,60483,Richmond-Brighouse Station @ Bay 2,Richmond-Brighouse Station @ Bay 1,60482,Richmond-Brighouse Station,38970,39510,in_service_layover,66.41411624657336,72.27406586633518,33.05011585545668,540,9.0,10:49:30,10:58:30,False,,no_dispenser,0
2162309,heavy,401.0,42.0,40-ft,RTC,3,SUN,14873156,14873143,408,408,60482,60483,Richmond-Brighouse Station @ Bay 2,Richmond-Brighouse Station @ Bay 1,60482,Richmond-Brighouse Station,39390,40590,in_service_layover,66.89642246177186,77.87479779520281,61.91803688055052,1200,20.0,10:56:30,11:16:30,False,,no_dispenser,0
2162308,heavy,401.0,41.0,40-ft,RTC,3,SUN,14872513,14872580,406,406,60482,60483,Richmond-Brighouse Station @ Bay 2,Richmond-Brighouse Station @ Bay 1,60482,Richmond-Brighouse Station,39870,40410,in_service_layover,57.715107799842826,64.56156523871076,38.6140199552151,540,9.0,11:04:30,11:13:30,False,,no_dispenser,0
2162243,heavy,403.0,53.0,40-ft,RTC,3,SUN,14871330,14871927,402,404,60482,60483,Richmond-Brighouse Station @ Bay 2,Richmond-Brighouse Station @ Bay 1,60482,Richmond-Brighouse Station,40410,40650,in_service_layover,46.70394014804034,49.76178009975874,17.24621732769174,240,4.0,11:13:30,11:17:30,False,,no_dispenser,0
2162253,heavy,403.0,51.0,40-ft,RTC,3,SUN,14871958,14871363,404,402,60482,60483,Richmond-Brighouse Station @ Bay 2,Richmond-Brighouse Station @ Bay 1,60482,Richmond-Brighouse Station,40530,40710,in_service_layover,46.68106447945298,48.97132116859456,12.917047726758483,180,3.0,11:15:30,11:18:30,False,,no_dispenser,0
2162307,heavy,401.0,44.0,40-ft,RTC,3,SUN,14872514,14872579,406,406,60482,60483,Richmond-Brighouse Station @ Bay 2,Richmond-Brighouse Station @ Bay 1,60482,Richmond-Brighouse Station,40770,41310,in_service_layover,57.715107799842826,64.56156523871076,38.6140199552151,540,9.0,11:19:30,11:28:30,False,,no_dispenser,0
2162306,heavy,401.0,50.0,40-ft,RTC,3,SUN,14872515,14872578,406,406,60482,60483,Richmond-Brighouse Station @ Bay 2,Richmond-Brighouse Station @ Bay 1,60482,Richmond-Brighouse Station,41670,42210,in_service_layover,66.41411624657336,72.27406586633518,33.05011585545668,540,9.0,11:34:30,11:43:30,False,,no_dispenser,0
2162240,heavy,403.0,56.0,40-ft,RTC,3,SUN,14871303,14871915,402,404,60482,60483,Richmond-Brighouse Station @ Bay 2,Richmond-Brighouse Station @ Bay 1,60482,Richmond-Brighouse Station,42210,42450,in_service_layover,49.734144780478054,52.819221137543174,17.39983065384729,240,4.0,11:43:30,11:47:30,False,,no_dispenser,0
2162322,heavy,401.0,45.0,40-ft,RTC,3,SUN,14873167,14873141,408,408,60482,60483,Richmond-Brighouse Station @ Bay 2,Richmond-Brighouse Station @ Bay 1,60482,Richmond-Brighouse Station,42210,42990,in_service_layover,63.69227101293843,72.19234088667791,47.940394087890695,780,13.0,11:43:30,11:56:30,False,,no_dispenser,0
2162242,heavy,403.0,54.0,40-ft,RTC,3,SUN,14871942,14871340,404,402,60482,60483,Richmond-Brighouse Station @ Bay 2,Richmond-Brighouse Station @ Bay 1,60482,Richmond-Brighouse Station,42330,42510,in_service_layover,54.269746686924734,56.62265813562873,13.270420570690533,180,3.0,11:45:30,11:48:30,False,,no_dispenser,0
2162305,heavy,401.0,47.0,40-ft,RTC,3,SUN,14872516,14872577,406,406,60482,60483,Richmond-Brighouse Station @ Bay 2,Richmond-Brighouse Station @ Bay 1,60482,Richmond-Brighouse Station,42570,43110,in_service_layover,57.715107799842826,64.56156523871076,38.6140199552151,540,9.0,11:49:30,11:58:30,False,,no_dispenser,0
2162304,heavy,401.0,48.0,40-ft,RTC,3,SUN,14872517,14872576,406,406,60482,60483,Richmond-Brighouse Station @ Bay 2,Richmond-Brighouse Station @ Bay 1,60482,Richmond-Brighouse Station,43470,44010,in_service_layover,63.491699766522224,69.7039464175763,35.037071111944954,540,9.0,12:04:30,12:13:30,False,,no_dispenser,0
2162245,heavy,403.0,58.0,40-ft,RTC,3,SUN,14871327,14871929,402,404,60482,60483,Richmond-Brighouse Station @ Bay 2,Richmond-Brighouse Station @ Bay 1,60482,Richmond-Brighouse Station,43890,44190,in_service_layover,50.52835706534855,54.40592473794609,21.86948167345014,300,5.0,12:11:30,12:16:30,False,,no_dispenser,0
2162221,heavy,403.0,52.0,40-ft,RTC,3,SUN,14871946,14871341,404,402,60482,60483,Richmond-Brighouse Station @ Bay 2,Richmond-Brighouse Station @ Bay 1,60482,Richmond-Brighouse Station,44130,44310,in_service_layover,43.010704839340676,45.29120888930364,12.862042841791151,180,3.0,12:15:30,12:18:30,False,,no_dispenser,0
2162308,heavy,401.0,41.0,40-ft,RTC,3,SUN,14872518,14872575,406,406,60482,60483,Richmond-Brighouse Station @ Bay 2,Richmond-Brighouse Station @ Bay 1,60482,Richmond-Brighouse Station,44370,44910,in_service_layover,55.779199138897795,62.76157669843096,39.380609435766985,540,9.0,12:19:30,12:28:30,False,,no_dispenser,0
2162309,heavy,401.0,42.0,40-ft,RTC,3,SUN,14873168,14873111,408,408,60482,60483,Richmond-Brighouse Station @ Bay 2,Richmond-Brighouse Station @ Bay 1,60482,Richmond-Brighouse Station,44490,45390,in_service_layover,69.82241340105865,78.06208755603333,46.47176223405722,900,15.0,12:21:30,12:36:30,False,,no_dispenser,0
2162307,heavy,401.0,44.0,40-ft,RTC,3,SUN,14872519,14872574,406,406,60482,60483,Richmond-Brighouse Station @ Bay 2,Richmond-Brighouse Station @ Bay 1,60482,Richmond-Brighouse Station,45270,45810,in_service_layover,55.779199138897795,62.76157669843096,39.380609435766985,540,9.0,12:34:30,12:43:30,False,,no_dispenser,0
2162251,heavy,403.0,60.0,40-ft,RTC,3,SUN,14871306,14871921,402,404,60482,60483,Richmond-Brighouse Station @ Bay 2,Richmond-Brighouse Station @ Bay 1,60482,Richmond-Brighouse Station,45690,45990,in_service_layover,47.705301265879854,51.544088341988214,21.65075910925117,300,5.0,12:41:30,12:46:30,False,,no_dispenser,0
2162324,heavy,401.0,51.0,40-ft,RTC,3,SUN,14873169,14873112,408,408,60482,60483,Richmond-Brighouse Station @ Bay 2,Richmond-Brighouse Station @ Bay 1,60482,Richmond-Brighouse Station,45870,46590,in_service_layover,63.88045904640492,71.79880497757492,44.65947105179879,720,12.0,12:44:30,12:56:30,False,,no_dispenser,0
2162240,heavy,403.0,56.0,40-ft,RTC,3,SUN,14871937,14871342,404,402,60482,60483,Richmond-Brighouse Station @ Bay 2,Richmond-Brighouse Station @ Bay 1,60482,Richmond-Brighouse Station,45930,46110,in_service_layover,45.161922569140614,47.44804061643351,12.893705786731914,180,3.0,12:45:30,12:48:30,False,,no_dispenser,0
2162306,heavy,401.0,50.0,40-ft,RTC,3,SUN,14872520,14872573,406,406,60482,60483,Richmond-Brighouse Station @ Bay 2,Richmond-Brighouse Station @ Bay 1,60482,Richmond-Brighouse Station,46170,46710,in_service_layover,63.491699766522224,69.7039464175763,35.037071111944954,540,9.0,12:49:30,12:58:30,False,,no_dispenser,0
2162305,heavy,401.0,47.0,40-ft,RTC,3,SUN,14872521,14872572,406,406,60482,60483,Richmond-Brighouse Station @ Bay 2,Richmond-Brighouse Station @ Bay 1,60482,Richmond-Brighouse Station,47070,47610,in_service_layover,55.779199138897795,62.76157669843096,39.380609435766985,540,9.0,13:04:30,13:13:30,False,,no_dispenser,0
2162322,heavy,401.0,45.0,40-ft,RTC,3,SUN,14873158,14873145,408,408,60482,60483,Richmond-Brighouse Station @ Bay 2,Richmond-Brighouse Station @ Bay 1,60482,Richmond-Brighouse Station,47070,47790,in_service_layover,64.13995649253374,72.01612136813239,44.42156989837633,720,12.0,13:04:30,13:16:30,False,,no_dispenser,0
2162247,heavy,403.0,55.0,40-ft,RTC,3,SUN,14871310,14871928,402,404,60482,60483,Richmond-Brighouse Station @ Bay 2,Richmond-Brighouse Station @ Bay 1,60482,Richmond-Brighouse Station,47430,47730,in_service_layover,41.818642771369234,45.61932165419784,21.435828899153336,300,5.0,13:10:30,13:15:30,False,,no_dispenser,0
2162250,heavy,403.0,64.0,40-ft,RTC,3,SUN,14871938,14871353,404,402,60482,60483,Richmond-Brighouse Station @ Bay 2,Richmond-Brighouse Station @ Bay 1,60482,Richmond-Brighouse Station,47730,47910,in_service_layover,62.26656164240798,64.51597435012401,12.686687671518428,180,3.0,13:15:30,13:18:30,False,,no_dispenser,0
2162304,heavy,401.0,48.0,40-ft,RTC,3,SUN,14872522,14872571,406,406,60482,60483,Richmond-Brighouse Station @ Bay 2,Richmond-Brighouse Station @ Bay 1,60482,Richmond-Brighouse Station,47970,48510,in_service_layover,60.92158031776334,67.42627278007699,36.68646548744897,540,9.0,13:19:30,13:28:30,False,,no_dispenser,0
2162308,heavy,401.0,41.0,40-ft,RTC,3,SUN,14872523,14872570,406,406,60482,60483,Richmond-Brighouse Station @ Bay 2,Richmond-Brighouse Station @ Bay 1,60482,Richmond-Brighouse Station,48870,49410,in_service_layover,53.979210598617996,61.032432154354495,39.78016957435386,540,9.0,13:34:30,13:43:30,False,,no_dispenser,0
2162248,heavy,403.0,61.0,40-ft,RTC,3,SUN,14871316,14871906,402,404,60482,60483,Richmond-Brighouse Station @ Bay 2,Richmond-Brighouse Station @ Bay 1,60482,Richmond-Brighouse Station,49230,49530,in_service_layover,54.676236792768094,58.62104126349023,22.248697214872834,300,5.0,13:40:30,13:45:30,False,,no_dispenser,0
2162251,heavy,403.0,60.0,40-ft,RTC,3,SUN,14871939,14871354,404,402,60482,60483,Richmond-Brighouse Station @ Bay 2,Richmond-Brighouse Station @ Bay 1,60482,Richmond-Brighouse Station,49530,49710,in_service_layover,43.88678977358567,46.16958012791174,12.874937598399072,180,3.0,13:45:30,13:48:30,False,,no_dispenser,0
2162307,heavy,401.0,44.0,40-ft,RTC,3,SUN,14872524,14872599,406,406,60482,60483,Richmond-Brighouse Station @ Bay 2,Richmond-Brighouse Station @ Bay 1,60482,Richmond-Brighouse Station,49770,50310,in_service_layover,53.979210598617996,61.032432154354495,39.78016957435386,540,9.0,13:49:30,13:58:30,False,,no_dispenser,0
2162306,heavy,401.0,50.0,40-ft,RTC,3,SUN,14872525,14872600,406,406,60482,60483,Richmond-Brighouse Station @ Bay 2,Richmond-Brighouse Station @ Bay 1,60482,Richmond-Brighouse Station,50670,51210,in_service_layover,60.92158031776334,67.42627278007699,36.68646548744897,540,9.0,14:04:30,14:13:30,False,,no_dispenser,0
2162324,heavy,401.0,51.0,40-ft,RTC,3,SUN,14873155,14873146,408,408,60482,60483,Richmond-Brighouse Station @ Bay 2,Richmond-Brighouse Station @ Bay 1,60482,Richmond-Brighouse Station,50790,51330,in_service_layover,63.746420583430755,69.92879696622524,34.868602798960865,540,9.0,14:06:30,14:15:30,False,,no_dispenser,0
2162242,heavy,403.0,54.0,40-ft,RTC,3,SUN,14871324,14871922,402,404,60482,60483,Richmond-Brighouse Station @ Bay 2,Richmond-Brighouse Station @ Bay 1,60482,Richmond-Brighouse Station,51030,51330,in_service_layover,40.242031679989466,44.035853136336065,21.39715301379485,300,5.0,14:10:30,14:15:30,False,,no_dispenser,0
2162305,heavy,401.0,47.0,40-ft,RTC,3,SUN,14872526,14872601,406,406,60482,60483,Richmond-Brighouse Station @ Bay 2,Richmond-Brighouse Station @ Bay 1,60482,Richmond-Brighouse Station,51570,52110,in_service_layover,53.979210598617996,61.032432154354495,39.78016957435386,540,9.0,14:19:30,14:28:30,False,,no_dispenser,0
2162322,heavy,401.0,45.0,40-ft,RTC,3,SUN,14873172,14873115,408,408,60482,60483,Richmond-Brighouse Station @ Bay 2,Richmond-Brighouse Station @ Bay 1,60482,Richmond-Brighouse Station,51990,52530,in_service_layover,63.963736973988226,70.12050340417777,34.724162666269024,540,9.0,14:26:30,14:35:30,False,,no_dispenser,0
2162304,heavy,401.0,48.0,40-ft,RTC,3,SUN,14872527,14872602,406,406,60482,60483,Richmond-Brighouse Station @ Bay 2,Richmond-Brighouse Station @ Bay 1,60482,Richmond-Brighouse Station,52470,53010,in_service_layover,58.643906680264045,65.40317595467397,38.122278707672024,540,9.0,14:34:30,14:43:30,False,,no_dispenser,0
2162246,heavy,403.0,65.0,40-ft,RTC,3,SUN,14871325,14871923,402,404,60482,60483,Richmond-Brighouse Station @ Bay 2,Richmond-Brighouse Station @ Bay 1,60482,Richmond-Brighouse Station,52830,53130,in_service_layover,58.809879305062154,62.6921855381274,21.896207154487968,300,5.0,14:40:30,14:45:30,False,,no_dispenser,0
2162323,heavy,401.0,52.0,40-ft,RTC,3,SUN,14873173,14873116,408,408,60482,60483,Richmond-Brighouse Station @ Bay 2,Richmond-Brighouse Station @ Bay 1,60482,Richmond-Brighouse Station,53190,53730,in_service_layover,63.88045904640492,70.04705319230415,34.77959098287158,540,9.0,14:46:30,14:55:30,False,,no_dispenser,0
2162308,heavy,401.0,41.0,40-ft,RTC,3,SUN,14872528,14872603,406,406,60482,60483,Richmond-Brighouse Station @ Bay 2,Richmond-Brighouse Station @ Bay 1,60482,Richmond-Brighouse Station,53370,53910,in_service_layover,52.250066054541556,59.320942934573736,39.87974560338154,540,9.0,14:49:30,14:58:30,False,,no_dispenser,0
2162307,heavy,401.0,44.0,40-ft,RTC,3,SUN,14872529,14872604,406,406,60482,60483,Richmond-Brighouse Station @ Bay 2,Richmond-Brighouse Station @ Bay 1,60482,Richmond-Brighouse Station,54270,54810,in_service_layover,52.250066054541556,59.320942934573736,39.87974560338154,540,9.0,15:04:30,15:13:30,False,,no_dispenser,0
2162309,heavy,401.0,42.0,40-ft,RTC,3,SUN,14873152,14873147,408,408,60482,60483,Richmond-Brighouse Station @ Bay 2,Richmond-Brighouse Station @ Bay 1,60482,Richmond-Brighouse Station,54450,54930,in_service_layover,61.957318767744994,67.69832079415448,32.379251428949544,480,8.0,15:07:30,15:15:30,False,,no_dispenser,0
2162240,heavy,403.0,56.0,40-ft,RTC,3,SUN,14871329,14871926,402,404,60482,60483,Richmond-Brighouse Station @ Bay 2,Richmond-Brighouse Station @ Bay 1,60482,Richmond-Brighouse Station,54630,54930,in_service_layover,31.067414160794232,34.82133087114329,21.172090246368697,300,5.0,15:10:30,15:15:30,False,,no_dispenser,0
2162306,heavy,401.0,50.0,40-ft,RTC,3,SUN,14872530,14872605,406,406,60482,60483,Richmond-Brighouse Station @ Bay 2,Richmond-Brighouse Station @ Bay 1,60482,Richmond-Brighouse Station,55170,55710,in_service_layover,58.643906680264045,65.40317595467397,38.122278707672024,540,9.0,15:19:30,15:28:30,False,,no_dispenser,0
2162324,heavy,401.0,51.0,40-ft,RTC,3,SUN,14873174,14873117,408,408,60482,60483,Richmond-Brighouse Station @ Bay 2,Richmond-Brighouse Station @ Bay 1,60482,Richmond-Brighouse Station,55530,56130,in_service_layover,61.87641257208107,68.9056150438671,39.64470194087323,600,10.0,15:25:30,15:35:30,False,,no_dispenser,0
2162305,heavy,401.0,47.0,40-ft,RTC,3,SUN,14872531,14872606,406,406,60482,60483,Richmond-Brighouse Station @ Bay 2,Richmond-Brighouse Station @ Bay 1,60482,Richmond-Brighouse Station,56070,56610,in_service_layover,52.250066054541556,59.320942934573736,39.87974560338154,540,9.0,15:34:30,15:43:30,False,,no_dispenser,0
2162252,heavy,403.0,66.0,40-ft,RTC,3,SUN,14871308,14871916,402,404,60482,60483,Richmond-Brighouse Station @ Bay 2,Richmond-Brighouse Station @ Bay 1,60482,Richmond-Brighouse Station,56430,56730,in_service_layover,57.8901402451099,61.810708368419995,22.112004215468914,300,5.0,15:40:30,15:45:30,False,,no_dispenser,0
2162322,heavy,401.0,45.0,40-ft,RTC,3,SUN,14873175,14873118,408,408,60482,60483,Richmond-Brighouse Station @ Bay 2,Richmond-Brighouse Station @ Bay 1,60482,Richmond-Brighouse Station,56730,57330,in_service_layover,62.0681190100336,69.07278567506782,39.506319990792974,600,10.0,15:45:30,15:55:30,False,,no_dispenser,0
2162304,heavy,401.0,48.0,40-ft,RTC,3,SUN,14872532,14872607,406,406,60482,60483,Richmond-Brighouse Station @ Bay 2,Richmond-Brighouse Station @ Bay 1,60482,Richmond-Brighouse Station,56970,57510,in_service_layover,56.62080985486103,63.5517024540255,39.09023425928768,540,9.0,15:49:30,15:58:30,False,,no_dispenser,0
2162323,heavy,401.0,52.0,40-ft,RTC,3,SUN,14873153,14873148,408,408,60482,60483,Richmond-Brighouse Station @ Bay 2,Richmond-Brighouse Station @ Bay 1,60482,Richmond-Brighouse Station,57810,58530,in_service_layover,61.99466879815997,70.21457761391403,46.36028572085286,720,12.0,16:03:30,16:15:30,False,,no_dispenser,0
2162308,heavy,401.0,41.0,40-ft,RTC,3,SUN,14872533,14872608,406,406,60482,60483,Richmond-Brighouse Station @ Bay 2,Richmond-Brighouse Station @ Bay 1,60482,Richmond-Brighouse Station,57870,58410,in_service_layover,50.53857683476078,57.578603219373456,39.70574880921549,540,9.0,16:04:30,16:13:30,False,,no_dispenser,0
2162251,heavy,403.0,60.0,40-ft,RTC,3,SUN,14871312,14871907,402,404,60482,60483,Richmond-Brighouse Station @ Bay 2,Richmond-Brighouse Station @ Bay 1,60482,Richmond-Brighouse Station,58230,58530,in_service_layover,29.788953672272463,33.537309753967996,21.140728300762817,300,5.0,16:10:30,16:15:30,False,,no_dispenser,0
2162254,heavy,403.0,59.0,40-ft,RTC,3,SUN,14871949,14871355,404,402,60482,60483,Richmond-Brighouse Station @ Bay 2,Richmond-Brighouse Station @ Bay 1,60482,Richmond-Brighouse Station,58530,58710,in_service_layover,35.75328298771956,38.014847463908694,12.755223645706707,180,3.0,16:15:30,16:18:30,False,,no_dispenser,0
2162307,heavy,401.0,44.0,40-ft,RTC,3,SUN,14872534,14872609,406,406,60482,60483,Richmond-Brighouse Station @ Bay 2,Richmond-Brighouse Station @ Bay 1,60482,Richmond-Brighouse Station,58770,59310,in_service_layover,50.53857683476078,57.578603219373456,39.70574880921549,540,9.0,16:19:30,16:28:30,False,,no_dispenser,0
2162309,heavy,401.0,42.0,40-ft,RTC,3,SUN,14873176,14873119,408,408,60482,60483,Richmond-Brighouse Station @ Bay 2,Richmond-Brighouse Station @ Bay 1,60482,Richmond-Brighouse Station,59010,59730,in_service_layover,59.64593640001033,68.23701847798466,48.45370291977525,720,12.0,16:23:30,16:35:30,False,,no_dispenser,0
2162306,heavy,401.0,50.0,40-ft,RTC,3,SUN,14872535,14872610,406,406,60482,60483,Richmond-Brighouse Station @ Bay 2,Richmond-Brighouse Station @ Bay 1,60482,Richmond-Brighouse Station,59670,60210,in_service_layover,56.62080985486103,63.5517024540255,39.09023425928768,540,9.0,16:34:30,16:43:30,False,,no_dispenser,0
2162250,heavy,403.0,64.0,40-ft,RTC,3,SUN,14871313,14871909,402,404,60482,60483,Richmond-Brighouse Station @ Bay 2,Richmond-Brighouse Station @ Bay 1,60482,Richmond-Brighouse Station,60090,60330,in_service_layover,47.527224090680974,50.590861537313494,17.27891519900743,240,4.0,16:41:30,16:45:30,False,,no_dispenser,0
2162324,heavy,401.0,51.0,40-ft,RTC,3,SUN,14873177,14873120,408,408,60482,60483,Richmond-Brighouse Station @ Bay 2,Richmond-Brighouse Station @ Bay 1,60482,Richmond-Brighouse Station,60210,61290,in_service_layover,60.85323064972293,72.54456791607183,65.93914218220772,1080,18.0,16:43:30,17:01:30,False,,no_dispenser,0
2162245,heavy,403.0,58.0,40-ft,RTC,3,SUN,14871950,14871343,404,402,60482,60483,Richmond-Brighouse Station @ Bay 2,Richmond-Brighouse Station @ Bay 1,60482,Richmond-Brighouse Station,60330,60510,in_service_layover,28.75060096252827,30.99389065525539,12.652153866980939,180,3.0,16:45:30,16:48:30,False,,no_dispenser,0
2162305,heavy,401.0,47.0,40-ft,RTC,3,SUN,14872536,14872611,406,406,60482,60483,Richmond-Brighouse Station @ Bay 2,Richmond-Brighouse Station @ Bay 1,60482,Richmond-Brighouse Station,60570,61110,in_service_layover,50.53857683476078,57.578603219373456,39.70574880921549,540,9.0,16:49:30,16:58:30,False,,no_dispenser,0
2162304,heavy,401.0,48.0,40-ft,RTC,3,SUN,14872537,14872612,406,406,60482,60483,Richmond-Brighouse Station @ Bay 2,Richmond-Brighouse Station @ Bay 1,60482,Richmond-Brighouse Station,61470,62010,in_service_layover,54.76933635421256,61.79805009987015,39.64194552550879,540,9.0,17:04:30,17:13:30,False,,no_dispenser,0
2162239,heavy,403.0,62.0,40-ft,RTC,3,SUN,14871314,14871904,402,404,60482,60483,Richmond-Brighouse Station @ Bay 2,Richmond-Brighouse Station @ Bay 1,60482,Richmond-Brighouse Station,61950,62130,in_service_layover,29.921687434205392,32.16803329192875,12.66939063755973,180,3.0,17:12:30,17:15:30,False,,no_dispenser,0
2162241,heavy,403.0,57.0,40-ft,RTC,3,SUN,14871945,14871346,404,402,60482,60483,Richmond-Brighouse Station @ Bay 2,Richmond-Brighouse Station @ Bay 1,60482,Richmond-Brighouse Station,62010,62310,in_service_layover,39.27937219897231,43.06900659444234,21.373537990450984,300,5.0,17:13:30,17:18:30,False,,no_dispenser,0
2162308,heavy,401.0,41.0,40-ft,RTC,3,SUN,14872538,14872613,406,406,60482,60483,Richmond-Brighouse Station @ Bay 2,Richmond-Brighouse Station @ Bay 1,60482,Richmond-Brighouse Station,62370,62910,in_service_layover,48.796237119560516,55.788994831477346,39.43915349521092,540,9.0,17:19:30,17:28:30,False,,no_dispenser,0
2162323,heavy,401.0,52.0,40-ft,RTC,3,SUN,14873178,14873121,408,408,60482,60483,Richmond-Brighouse Station @ Bay 2,Richmond-Brighouse Station @ Bay 1,60482,Richmond-Brighouse Station,62610,62910,in_service_layover,62.162193219769854,65.84646075997259,20.779268926743384,300,5.0,17:23:30,17:28:30,False,,no_dispenser,0
2162307,heavy,401.0,44.0,40-ft,RTC,3,SUN,14872539,14872614,406,406,60482,60483,Richmond-Brighouse Station @ Bay 2,Richmond-Brighouse Station @ Bay 1,60482,Richmond-Brighouse Station,63270,63810,in_service_layover,48.796237119560516,55.788994831477346,39.43915349521092,540,9.0,17:34:30,17:43:30,False,,no_dispenser,0
2162244,heavy,403.0,68.0,40-ft,RTC,3,SUN,14871322,14871899,402,404,60482,60483,Richmond-Brighouse Station @ Bay 2,Richmond-Brighouse Station @ Bay 1,60482,Richmond-Brighouse Station,63690,63930,in_service_layover,61.51108926267105,64.5176571462327,16.95704286328771,240,4.0,17:41:30,17:45:30,False,,no_dispenser,0
2162247,heavy,403.0,55.0,40-ft,RTC,3,SUN,14871943,14871368,404,402,60482,60483,Richmond-Brighouse Station @ Bay 2,Richmond-Brighouse Station @ Bay 1,60482,Richmond-Brighouse Station,63810,64110,in_service_layover,21.433853473728334,25.14504061145158,20.93109545675911,300,5.0,17:43:30,17:48:30,False,,no_dispenser,0
2162306,heavy,401.0,50.0,40-ft,RTC,3,SUN,14872540,14872615,406,406,60482,60483,Richmond-Brighouse Station @ Bay 2,Richmond-Brighouse Station @ Bay 1,60482,Richmond-Brighouse Station,64170,64710,in_service_layover,54.76933635421256,61.79805009987015,39.64194552550879,540,9.0,17:49:30,17:58:30,False,,no_dispenser,0
2162305,heavy,401.0,47.0,40-ft,RTC,3,SUN,14872541,14872616,406,406,60482,60483,Richmond-Brighouse Station @ Bay 2,Richmond-Brighouse Station @ Bay 1,60482,Richmond-Brighouse Station,65070,65610,in_service_layover,48.796237119560516,55.788994831477346,39.43915349521092,540,9.0,18:04:30,18:13:30,False,,no_dispenser,0
2162248,heavy,403.0,61.0,40-ft,RTC,3,SUN,14871957,14871347,404,402,60482,60483,Richmond-Brighouse Station @ Bay 2,Richmond-Brighouse Station @ Bay 1,60482,Richmond-Brighouse Station,65610,65850,in_service_layover,33.7798196482511,36.79038158658484,16.979569332202345,240,4.0,18:13:30,18:17:30,False,,no_dispenser,0
2162304,heavy,401.0,48.0,40-ft,RTC,3,SUN,14872542,14872567,406,406,60482,60483,Richmond-Brighouse Station @ Bay 2,Richmond-Brighouse Station @ Bay 1,60482,Richmond-Brighouse Station,65970,66510,in_service_layover,53.01568400005719,60.084838774565206,39.87003292822516,540,9.0,18:19:30,18:28:30,False,,no_dispenser,0
2162324,heavy,401.0,51.0,40-ft,RTC,3,SUN,14873190,14873123,408,408,60482,60483,Richmond-Brighouse Station @ Bay 2,Richmond-Brighouse Station @ Bay 1,60482,Richmond-Brighouse Station,66330,66630,in_service_layover,64.49218352192766,68.03844626226545,20.00092185550517,300,5.0,18:25:30,18:30:30,False,,no_dispenser,0
2162308,heavy,401.0,41.0,40-ft,RTC,3,SUN,14872491,14872566,406,406,60482,60483,Richmond-Brighouse Station @ Bay 2,Richmond-Brighouse Station @ Bay 1,60482,Richmond-Brighouse Station,66870,67410,in_service_layover,47.00662873166439,53.95845348694546,39.2082916197852,540,9.0,18:34:30,18:43:30,False,,no_dispenser,0
2162249,heavy,403.0,69.0,40-ft,RTC,3,SUN,14871302,14871901,402,404,60482,60483,Richmond-Brighouse Station @ Bay 2,Richmond-Brighouse Station @ Bay 1,60482,Richmond-Brighouse Station,67350,67590,in_service_layover,65.01287175199708,67.85387072353386,16.023234199467424,240,4.0,18:42:30,18:46:30,False,,no_dispenser,0
2162244,heavy,403.0,68.0,40-ft,RTC,3,SUN,14871963,14871348,404,402,60482,60483,Richmond-Brighouse Station @ Bay 2,Richmond-Brighouse Station @ Bay 1,60482,Richmond-Brighouse Station,67410,67710,in_service_layover,56.86035857783014,60.80718777756719,22.260116686516938,300,5.0,18:43:30,18:48:30,False,,no_dispenser,0
2162307,heavy,401.0,44.0,40-ft,RTC,3,SUN,14872490,14872565,406,406,60482,60483,Richmond-Brighouse Station @ Bay 2,Richmond-Brighouse Station @ Bay 1,60482,Richmond-Brighouse Station,67770,68310,in_service_layover,47.00662873166439,53.95845348694546,39.2082916197852,540,9.0,18:49:30,18:58:30,False,,no_dispenser,0
2162309,heavy,401.0,42.0,40-ft,RTC,3,SUN,14873180,14873124,408,408,60482,60483,Richmond-Brighouse Station @ Bay 2,Richmond-Brighouse Station @ Bay 1,60482,Richmond-Brighouse Station,68430,68730,in_service_layover,52.13224968969633,56.035816333258225,22.016115869689088,300,5.0,19:00:30,19:05:30,False,,no_dispenser,0
2162306,heavy,401.0,50.0,40-ft,RTC,3,SUN,14872489,14872564,406,406,60482,60483,Richmond-Brighouse Station @ Bay 2,Richmond-Brighouse Station @ Bay 1,60482,Richmond-Brighouse Station,68670,69210,in_service_layover,53.01568400005719,60.084838774565206,39.87003292822516,540,9.0,19:04:30,19:13:30,False,,no_dispenser,0
2162248,heavy,403.0,61.0,40-ft,RTC,3,SUN,14871307,14871903,402,404,60482,60483,Richmond-Brighouse Station @ Bay 2,Richmond-Brighouse Station @ Bay 1,60482,Richmond-Brighouse Station,69210,69390,in_service_layover,28.358106525827072,30.600371932314292,12.646376892587938,180,3.0,19:13:30,19:16:30,False,,no_dispenser,0
2162246,heavy,403.0,65.0,40-ft,RTC,3,SUN,14871930,14871349,404,402,60482,60483,Richmond-Brighouse Station @ Bay 2,Richmond-Brighouse Station @ Bay 1,60482,Richmond-Brighouse Station,69270,69510,in_service_layover,39.444265255214326,42.474537073567795,17.090733055513596,240,4.0,19:14:30,19:18:30,False,,no_dispenser,0
2162305,heavy,401.0,47.0,40-ft,RTC,3,SUN,14872488,14872563,406,406,60482,60483,Richmond-Brighouse Station @ Bay 2,Richmond-Brighouse Station @ Bay 1,60482,Richmond-Brighouse Station,69570,70110,in_service_layover,47.00662873166439,53.95845348694546,39.2082916197852,540,9.0,19:19:30,19:28:30,False,,no_dispenser,0
2162324,heavy,401.0,51.0,40-ft,RTC,3,SUN,14873181,14873125,408,408,60482,60483,Richmond-Brighouse Station @ Bay 2,Richmond-Brighouse Station @ Bay 1,60482,Richmond-Brighouse Station,70410,70890,in_service_layover,60.40950186354146,66.29985573285127,33.221595822907375,480,8.0,19:33:30,19:41:30,False,,no_dispenser,0
2162304,heavy,401.0,48.0,40-ft,RTC,3,SUN,14872487,14872562,406,406,60482,60483,Richmond-Brighouse Station @ Bay 2,Richmond-Brighouse Station @ Bay 1,60482,Richmond-Brighouse Station,70470,71010,in_service_layover,51.30247267475225,58.362077583807704,39.81617168707277,540,9.0,19:34:30,19:43:30,False,,no_dispenser,0
2162244,heavy,403.0,68.0,40-ft,RTC,3,SUN,14871311,14871910,402,404,60482,60483,Richmond-Brighouse Station @ Bay 2,Richmond-Brighouse Station @ Bay 1,60482,Richmond-Brighouse Station,71010,71250,in_service_layover,52.374912716809405,55.49423438324648,17.59297419870512,240,4.0,19:43:30,19:47:30,False,,no_dispenser,0
2162249,heavy,403.0,69.0,40-ft,RTC,3,SUN,14871931,14871351,404,402,60482,60483,Richmond-Brighouse Station @ Bay 2,Richmond-Brighouse Station @ Bay 1,60482,Richmond-Brighouse Station,71070,71310,in_service_layover,60.1965721551313,63.26529214779648,17.307580758631673,240,4.0,19:44:30,19:48:30,False,,no_dispenser,0
2162308,heavy,401.0,41.0,40-ft,RTC,3,SUN,14872468,14872561,406,406,60482,60483,Richmond-Brighouse Station @ Bay 2,Richmond-Brighouse Station @ Bay 1,60482,Richmond-Brighouse Station,71370,71910,in_service_layover,45.176087387132505,52.091841248252294,39.00485177671561,540,9.0,19:49:30,19:58:30,False,,no_dispenser,0
2162307,heavy,401.0,44.0,40-ft,RTC,3,SUN,14872486,14872560,406,406,60482,60483,Richmond-Brighouse Station @ Bay 2,Richmond-Brighouse Station @ Bay 1,60482,Richmond-Brighouse Station,72270,72810,in_service_layover,45.176087387132505,52.091841248252294,39.00485177671561,540,9.0,20:04:30,20:13:30,False,,no_dispenser,0
2162309,heavy,401.0,42.0,40-ft,RTC,3,SUN,14873182,14873126,408,408,60482,60483,Richmond-Brighouse Station @ Bay 2,Richmond-Brighouse Station @ Bay 1,60482,Richmond-Brighouse Station,72510,72990,in_service_layover,48.40687193453423,54.60112164421695,34.93556836261058,480,8.0,20:08:30,20:16:30,False,,no_dispenser,0
2162246,heavy,403.0,65.0,40-ft,RTC,3,SUN,14871315,14871911,402,404,60482,60483,Richmond-Brighouse Station @ Bay 2,Richmond-Brighouse Station @ Bay 1,60482,Richmond-Brighouse Station,72810,73230,in_service_layover,34.04226201281002,39.32289313044659,29.78275950347023,420,7.0,20:13:30,20:20:30,False,,no_dispenser,0
2162248,heavy,403.0,61.0,40-ft,RTC,3,SUN,14871932,14871352,404,402,60482,60483,Richmond-Brighouse Station @ Bay 2,Richmond-Brighouse Station @ Bay 1,60482,Richmond-Brighouse Station,72870,73110,in_service_layover,22.943073363911733,25.91492807113152,16.761260548719605,240,4.0,20:14:30,20:18:30,False,,no_dispenser,0
2162306,heavy,401.0,50.0,40-ft,RTC,3,SUN,14872485,14872559,406,406,60482,60483,Richmond-Brighouse Station @ Bay 2,Richmond-Brighouse Station @ Bay 1,60482,Richmond-Brighouse Station,73170,73710,in_service_layover,51.30247267475225,58.362077583807704,39.81617168707277,540,9.0,20:19:30,20:28:30,False,,no_dispenser,0
2162305,heavy,401.0,47.0,40-ft,RTC,3,SUN,14872484,14872558,406,406,60482,60483,Richmond-Brighouse Station @ Bay 2,Richmond-Brighouse Station @ Bay 1,60482,Richmond-Brighouse Station,74070,74610,in_service_layover,45.176087387132505,52.091841248252294,39.00485177671561,540,9.0,20:34:30,20:43:30,False,,no_dispenser,0
2162249,heavy,403.0,69.0,40-ft,RTC,3,SUN,14871317,14871912,402,404,60482,60483,Richmond-Brighouse Station @ Bay 2,Richmond-Brighouse Station @ Bay 1,60482,Richmond-Brighouse Station,74610,75090,in_service_layover,54.833017087038705,61.11084704539397,35.40696096512369,480,8.0,20:43:30,20:51:30,False,,no_dispenser,0
2162324,heavy,401.0,51.0,40-ft,RTC,3,SUN,14873185,14873127,408,408,60482,60483,Richmond-Brighouse Station @ Bay 2,Richmond-Brighouse Station @ Bay 1,60482,Richmond-Brighouse Station,74610,75090,in_service_layover,58.670911334127275,64.73182481658563,34.18355204106513,480,8.0,20:43:30,20:51:30,False,,no_dispenser,0
2162244,heavy,403.0,68.0,40-ft,RTC,3,SUN,14871951,14871345,404,402,60482,60483,Richmond-Brighouse Station @ Bay 2,Richmond-Brighouse Station @ Bay 1,60482,Richmond-Brighouse Station,74670,74910,in_service_layover,47.836935814843926,50.90306120010032,17.292947172846027,240,4.0,20:44:30,20:48:30,False,,no_dispenser,0
2162304,heavy,401.0,48.0,40-ft,RTC,3,SUN,14872483,14872557,406,406,60482,60483,Richmond-Brighouse Station @ Bay 2,Richmond-Brighouse Station @ Bay 1,60482,Richmond-Brighouse Station,74970,75510,in_service_layover,49.57971148399476,56.59215324244116,39.55017151763769,540,9.0,20:49:30,20:58:30,False,,no_dispenser,0
2162308,heavy,401.0,41.0,40-ft,RTC,3,SUN,14872482,14872556,406,406,60482,60483,Richmond-Brighouse Station @ Bay 2,Richmond-Brighouse Station @ Bay 1,60482,Richmond-Brighouse Station,75870,76410,in_service_layover,43.30947514843935,50.194485753705166,38.83145981369921,540,9.0,21:04:30,21:13:30,False,,no_dispenser,0
2162309,heavy,401.0,42.0,40-ft,RTC,3,SUN,14873184,14873128,408,408,60482,60483,Richmond-Brighouse Station @ Bay 2,Richmond-Brighouse Station @ Bay 1,60482,Richmond-Brighouse Station,76710,77190,in_service_layover,46.97217724549295,53.13829174524359,34.77688577859362,480,8.0,21:18:30,21:26:30,False,,no_dispenser,0
2162307,heavy,401.0,44.0,40-ft,RTC,3,SUN,14872481,14872555,406,406,60482,60483,Richmond-Brighouse Station @ Bay 2,Richmond-Brighouse Station @ Bay 1,60482,Richmond-Brighouse Station,76950,77310,in_service_layover,43.30947514843935,47.88134010978647,25.785318381997797,360,6.0,21:22:30,21:28:30,False,,no_dispenser,0
2162244,heavy,403.0,68.0,40-ft,RTC,3,SUN,14871328,14871896,402,404,60482,60483,Richmond-Brighouse Station @ Bay 2,Richmond-Brighouse Station @ Bay 1,60482,Richmond-Brighouse Station,78090,79350,in_service_layover,42.47078613934254,58.67104554018865,91.36946302077203,1260,21.0,21:41:30,22:02:30,False,,no_dispenser,0
2162305,heavy,401.0,47.0,40-ft,RTC,3,SUN,14872480,14872554,406,406,60482,60483,Richmond-Brighouse Station @ Bay 2,Richmond-Brighouse Station @ Bay 1,60482,Richmond-Brighouse Station,78150,78510,in_service_layover,43.30947514843935,47.88134010978647,25.785318381997797,360,6.0,21:42:30,21:48:30,False,,no_dispenser,0
2162249,heavy,403.0,69.0,40-ft,RTC,3,SUN,14871953,14871364,404,402,60482,60483,Richmond-Brighouse Station @ Bay 2,Richmond-Brighouse Station @ Bay 1,60482,Richmond-Brighouse Station,78210,78510,in_service_layover,53.45354847699142,57.3785332680556,22.136914221601955,300,5.0,21:43:30,21:48:30,False,,no_dispenser,0
2162324,heavy,401.0,51.0,40-ft,RTC,3,SUN,14873183,14873129,408,408,60482,60483,Richmond-Brighouse Station @ Bay 2,Richmond-Brighouse Station @ Bay 1,60482,Richmond-Brighouse Station,78810,79290,in_service_layover,57.10288041786163,63.28181478838485,34.849189849750985,480,8.0,21:53:30,22:01:30,False,,no_dispenser,0
2162304,heavy,401.0,48.0,40-ft,RTC,3,SUN,14872479,14872553,406,406,60482,60483,Richmond-Brighouse Station @ Bay 2,Richmond-Brighouse Station @ Bay 1,60482,Richmond-Brighouse Station,79350,79710,in_service_layover,47.80978714262821,52.42711043298095,26.041703357589483,360,6.0,22:02:30,22:08:30,False,,no_dispenser,0
2162308,heavy,401.0,41.0,40-ft,RTC,3,SUN,14872478,14872552,406,406,60482,60483,Richmond-Brighouse Station @ Bay 2,Richmond-Brighouse Station @ Bay 1,60482,Richmond-Brighouse Station,80550,80910,in_service_layover,41.41211965389221,45.973826704371525,25.728027764703313,360,6.0,22:22:30,22:28:30,False,,no_dispenser,0
2162309,heavy,401.0,42.0,40-ft,RTC,3,SUN,14873186,14873130,408,408,60482,60483,Richmond-Brighouse Station @ Bay 2,Richmond-Brighouse Station @ Bay 1,60482,Richmond-Brighouse Station,80910,81390,in_service_layover,45.5093473465196,51.65048349068576,34.63600785309717,480,8.0,22:28:30,22:36:30,False,,no_dispenser,0
2162249,heavy,403.0,69.0,40-ft,RTC,3,SUN,14871301,14871335,402,402,60482,60483,Richmond-Brighouse Station @ Bay 2,Richmond-Brighouse Station @ Bay 1,60482,Richmond-Brighouse Station,81690,82110,in_service_layover,48.94625820729782,54.36467236768782,30.559855864599626,420,7.0,22:41:30,22:48:30,False,,no_dispenser,0
2162307,heavy,401.0,44.0,40-ft,RTC,3,SUN,14872477,14872551,406,406,60482,60483,Richmond-Brighouse Station @ Bay 2,Richmond-Brighouse Station @ Bay 1,60482,Richmond-Brighouse Station,81750,82110,in_service_layover,39.09897400997352,43.648607904594364,25.65993516566155,360,6.0,22:42:30,22:48:30,False,,no_dispenser,0
2162304,heavy,401.0,48.0,40-ft,RTC,3,SUN,14872476,14872550,406,406,60482,60483,Richmond-Brighouse Station @ Bay 2,Richmond-Brighouse Station @ Bay 1,60482,Richmond-Brighouse Station,82950,83310,in_service_layover,43.644744333168,48.218773904531076,25.79752678248775,360,6.0,23:02:30,23:08:30,False,,no_dispenser,0
2162246,heavy,403.0,65.0,40-ft,RTC,3,SUN,14871955,14871365,404,402,60482,60483,Richmond-Brighouse Station @ Bay 2,Richmond-Brighouse Station @ Bay 1,60482,Richmond-Brighouse Station,83070,83910,in_service_layover,25.267477147145794,35.77122177943913,59.2411197261344,840,14.0,23:04:30,23:18:30,False,,no_dispenser,0
2162308,heavy,401.0,41.0,40-ft,RTC,3,SUN,14872475,14872549,406,406,60482,60483,Richmond-Brighouse Station @ Bay 2,Richmond-Brighouse Station @ Bay 1,60482,Richmond-Brighouse Station,84150,84510,in_service_layover,37.19146060455857,41.73113848680888,25.603783255891756,360,6.0,23:22:30,23:28:30,False,,no_dispenser,0
2162309,heavy,401.0,42.0,40-ft,RTC,3,SUN,14873151,14873131,408,408,60482,60483,Richmond-Brighouse Station @ Bay 2,Richmond-Brighouse Station @ Bay 1,60482,Richmond-Brighouse Station,85110,85410,in_service_layover,44.021539091961756,47.83180772840813,21.48991510955753,300,5.0,23:38:30,23:43:30,False,,no_dispenser,0
2162307,heavy,401.0,44.0,40-ft,RTC,3,SUN,14872474,14872548,406,406,60482,60483,Richmond-Brighouse Station @ Bay 2,Richmond-Brighouse Station @ Bay 1,60482,Richmond-Brighouse Station,85350,85710,in_service_layover,34.86624180478141,39.39378351694293,25.53533525659097,360,6.0,23:42:30,23:48:30,False,,no_dispenser,0
2162304,heavy,401.0,48.0,40-ft,RTC,3,SUN,14872473,14872547,406,406,60482,60483,Richmond-Brighouse Station @ Bay 2,Richmond-Brighouse Station @ Bay 1,60482,Richmond-Brighouse Station,86550,86910,in_service_layover,39.43640780471813,43.98780289012546,25.66986828169732,360,6.0,24:02:30,24:08:30,False,,no_dispenser,0
2162246,heavy,403.0,65.0,40-ft,RTC,3,SUN,14871320,14871367,402,402,60482,60483,Richmond-Brighouse Station @ Bay 2,Richmond-Brighouse Station @ Bay 1,60482,Richmond-Brighouse Station,86790,87210,in_service_layover,27.338946718681356,32.57875959718898,29.552544634783004,420,7.0,24:06:30,24:13:30,False,,no_dispenser,0
2162308,heavy,401.0,41.0,40-ft,RTC,3,SUN,14872472,14872546,406,406,60482,60483,Richmond-Brighouse Station @ Bay 2,Richmond-Brighouse Station @ Bay 1,60482,Richmond-Brighouse Station,87750,88110,in_service_layover,32.948772386995934,37.466306122705284,25.47889026940075,360,6.0,24:22:30,24:28:30,False,,no_dispenser,0
2162309,heavy,401.0,42.0,40-ft,RTC,3,SUN,14873188,14873132,408,408,60482,60483,Richmond-Brighouse Station @ Bay 2,Richmond-Brighouse Station @ Bay 1,60482,Richmond-Brighouse Station,88830,89310,in_service_layover,40.20286332968412,46.2847618187714,34.30190747845225,480,8.0,24:40:30,24:48:30,False,,no_dispenser,0
2162307,heavy,401.0,44.0,40-ft,RTC,3,SUN,14872471,14872545,406,406,60482,60483,Richmond-Brighouse Station @ Bay 2,Richmond-Brighouse Station @ Bay 1,60482,Richmond-Brighouse Station,88950,89310,in_service_layover,30.61141741712998,35.116751639625825,25.410085014876557,360,6.0,24:42:30,24:48:30,False,,no_dispenser,0
2162304,heavy,401.0,48.0,40-ft,RTC,3,SUN,14872470,14872544,406,406,60482,60483,Richmond-Brighouse Station @ Bay 2,Richmond-Brighouse Station @ Bay 1,60482,Richmond-Brighouse Station,90150,90510,in_service_layover,35.205436790312504,39.73474888556144,25.545320217203994,360,6.0,25:02:30,25:08:30,False,,no_dispenser,0
2162246,heavy,403.0,65.0,40-ft,RTC,3,SUN,14871321,14885990,402,N10,60482,60483,Richmond-Brighouse Station @ Bay 2,Richmond-Brighouse Station @ Bay 1,60482,Richmond-Brighouse Station,90270,90810,in_service_layover,24.146484536431203,30.867214738756537,37.904918341114865,540,9.0,25:04:30,25:13:30,False,,no_dispenser,0
2162308,heavy,401.0,41.0,40-ft,RTC,3,SUN,14872469,14872543,406,406,60482,60483,Richmond-Brighouse Station @ Bay 2,Richmond-Brighouse Station @ Bay 1,60482,Richmond-Brighouse Station,91350,92910,in_service_layover,28.683940022892333,48.49578781362047,111.73882153970666,1560,26.0,25:22:30,25:48:30,False,,no_dispenser,0
2162309,heavy,401.0,42.0,40-ft,RTC,3,SUN,14873189,14873133,408,408,60482,60483,Richmond-Brighouse Station @ Bay 2,Richmond-Brighouse Station @ Bay 1,60482,Richmond-Brighouse Station,92430,92910,in_service_layover,39.45845115633135,45.53516916505389,34.27268956919511,480,8.0,25:40:30,25:48:30,False,,no_dispenser,0
2160776,heavy,106.0,7.0,40-ft,HTC,3,SUN,14848714,14848729,144,144,60662,60662,SFU Transit Exchange @ Bay 4,SFU Transit Exchange @ Bay 4,60662,SFU Transit Exchange,35310,36210,in_service_layover,61.324691583987125,71.35509676409008,56.571485215780626,900,15.0,09:48:30,10:03:30,False,,no_dispenser,0
2160791,heavy,130.0,22.0,40-ft,BTC,3,SUN,14849101,14849156,145,145,51861,51861,SFU Transit Exchange @ Bay 1,SFU Transit Exchange @ Bay 1,51861,SFU Transit Exchange,36270,36630,in_service_layover,68.29933259765119,72.20540501862368,22.0302484542849,360,6.0,10:04:30,10:10:30,False,,no_dispenser,0
2160522,heavy,106.0,10.0,40-ft,HTC,3,SUN,14848711,14848754,144,144,60662,60662,SFU Transit Exchange @ Bay 4,SFU Transit Exchange @ Bay 4,60662,SFU Transit Exchange,37110,37950,in_service_layover,65.58724157311735,74.25384615036975,48.879649815703544,840,14.0,10:18:30,10:32:30,False,,no_dispenser,0
2160793,heavy,130.0,23.0,40-ft,BTC,3,SUN,14849102,14849157,145,145,51861,51861,SFU Transit Exchange @ Bay 1,SFU Transit Exchange @ Bay 1,51861,SFU Transit Exchange,37470,37710,in_service_layover,65.49326363461844,68.3114430517066,15.89453191237726,240,4.0,10:24:30,10:28:30,False,,no_dispenser,0
2160791,heavy,130.0,22.0,40-ft,BTC,3,SUN,14849103,14849196,145,145,51861,51861,SFU Transit Exchange @ Bay 1,SFU Transit Exchange @ Bay 1,51861,SFU Transit Exchange,38850,39510,in_service_layover,67.55764800780847,74.35092116969227,38.31406063302467,660,11.0,10:47:30,10:58:30,False,,no_dispenser,0
2160774,heavy,106.0,11.0,40-ft,HTC,3,SUN,14848688,14848722,144,144,60662,60662,SFU Transit Exchange @ Bay 4,SFU Transit Exchange @ Bay 4,60662,SFU Transit Exchange,39030,39690,in_service_layover,63.927589286254424,71.27279583638465,41.4269649427344,660,11.0,10:50:30,11:01:30,False,,no_dispenser,0
2160793,heavy,130.0,23.0,40-ft,BTC,3,SUN,14849104,14849159,145,145,51861,51861,SFU Transit Exchange @ Bay 1,SFU Transit Exchange @ Bay 1,51861,SFU Transit Exchange,40110,40410,in_service_layover,63.663686040891385,67.25921287062594,20.278771319702855,300,5.0,11:08:30,11:13:30,False,,no_dispenser,0
2160775,heavy,106.0,15.0,40-ft,HTC,3,SUN,14848717,14848731,144,144,60662,60662,SFU Transit Exchange @ Bay 4,SFU Transit Exchange @ Bay 4,60662,SFU Transit Exchange,40830,41490,in_service_layover,67.53806984842656,74.33440706101158,38.33134187897946,660,11.0,11:20:30,11:31:30,False,,no_dispenser,0
2160791,heavy,130.0,22.0,40-ft,BTC,3,SUN,14849142,14849161,145,145,51861,51861,SFU Transit Exchange @ Bay 1,SFU Transit Exchange @ Bay 1,51861,SFU Transit Exchange,41850,42210,in_service_layover,69.70316415887706,73.48823588896639,21.347804557703796,360,6.0,11:37:30,11:43:30,False,,no_dispenser,0
2160776,heavy,106.0,7.0,40-ft,HTC,3,SUN,14848707,14848728,144,144,60662,60662,SFU Transit Exchange @ Bay 4,SFU Transit Exchange @ Bay 4,60662,SFU Transit Exchange,42630,43290,in_service_layover,60.99126234459463,68.75918411980196,43.811078812169285,660,11.0,11:50:30,12:01:30,False,,no_dispenser,0
2160793,heavy,130.0,23.0,40-ft,BTC,3,SUN,14849106,14849197,145,145,51861,51861,SFU Transit Exchange @ Bay 1,SFU Transit Exchange @ Bay 1,51861,SFU Transit Exchange,42750,43110,in_service_layover,62.611455859810725,66.95816111798018,24.515417656075726,360,6.0,11:52:30,11:58:30,False,,no_dispenser,0
2160522,heavy,106.0,10.0,40-ft,HTC,3,SUN,14848719,14848730,144,144,60662,60662,SFU Transit Exchange @ Bay 4,SFU Transit Exchange @ Bay 4,60662,SFU Transit Exchange,44490,45090,in_service_layover,63.611681395881725,70.41549765326356,38.37352369163352,600,10.0,12:21:30,12:31:30,False,,no_dispenser,0
2160791,heavy,130.0,22.0,40-ft,BTC,3,SUN,14849108,14849163,145,145,51861,51861,SFU Transit Exchange @ Bay 1,SFU Transit Exchange @ Bay 1,51861,SFU Transit Exchange,44550,44910,in_service_layover,68.84047887815117,72.70048302988212,21.770423415762536,360,6.0,12:22:30,12:28:30,False,,no_dispenser,0
2160793,heavy,130.0,23.0,40-ft,BTC,3,SUN,14849143,14849164,145,145,51861,51861,SFU Transit Exchange @ Bay 1,SFU Transit Exchange @ Bay 1,51861,SFU Transit Exchange,45510,45810,in_service_layover,62.31040410716497,65.98591213865642,20.729865297611695,300,5.0,12:38:30,12:43:30,False,,no_dispenser,0
2160774,heavy,106.0,11.0,40-ft,HTC,3,SUN,14848697,14848735,144,144,60662,60662,SFU Transit Exchange @ Bay 4,SFU Transit Exchange @ Bay 4,60662,SFU Transit Exchange,46470,46890,in_service_layover,61.53034550958011,66.6413098291184,28.82583876219593,420,7.0,12:54:30,13:01:30,False,,no_dispenser,0
2160791,heavy,130.0,22.0,40-ft,BTC,3,SUN,14849110,14849165,145,145,51861,51861,SFU Transit Exchange @ Bay 1,SFU Transit Exchange @ Bay 1,51861,SFU Transit Exchange,47370,47610,in_service_layover,68.05272601906691,70.73997626612561,15.156091393411089,240,4.0,13:09:30,13:13:30,False,,no_dispenser,0
2160793,heavy,130.0,23.0,40-ft,BTC,3,SUN,14849111,14849166,145,145,51861,51861,SFU Transit Exchange @ Bay 1,SFU Transit Exchange @ Bay 1,51861,SFU Transit Exchange,48270,48510,in_service_layover,61.3381551278412,64.35289956624113,17.003158632575662,240,4.0,13:24:30,13:28:30,False,,no_dispenser,0
2160775,heavy,106.0,15.0,40-ft,HTC,3,SUN,14848701,14848744,144,144,60662,60662,SFU Transit Exchange @ Bay 4,SFU Transit Exchange @ Bay 4,60662,SFU Transit Exchange,48330,48690,in_service_layover,64.80357459508457,68.98986730199236,23.610690866959942,360,6.0,13:25:30,13:31:30,False,,no_dispenser,0
2160792,heavy,130.0,21.0,40-ft,BTC,3,SUN,14849144,14849167,145,145,51861,51861,SFU Transit Exchange @ Bay 1,SFU Transit Exchange @ Bay 1,51861,SFU Transit Exchange,49170,49410,in_service_layover,65.49326363461844,68.3114430517066,15.89453191237726,240,4.0,13:39:30,13:43:30,False,,no_dispenser,0
2160791,heavy,130.0,22.0,40-ft,BTC,3,SUN,14849112,14849199,145,145,51861,51861,SFU Transit Exchange @ Bay 1,SFU Transit Exchange @ Bay 1,51861,SFU Transit Exchange,50070,50310,in_service_layover,66.0922192553104,68.88120507041205,15.72987999717327,240,4.0,13:54:30,13:58:30,False,,no_dispenser,0
2160776,heavy,106.0,7.0,40-ft,HTC,3,SUN,14848698,14848743,144,144,60662,60662,SFU Transit Exchange @ Bay 4,SFU Transit Exchange @ Bay 4,60662,SFU Transit Exchange,50130,50490,in_service_layover,59.277963498483935,63.865231365337316,25.872190769053077,360,6.0,13:55:30,14:01:30,False,,no_dispenser,0
2160793,heavy,130.0,23.0,40-ft,BTC,3,SUN,14849113,14849168,145,145,51861,51861,SFU Transit Exchange @ Bay 1,SFU Transit Exchange @ Bay 1,51861,SFU Transit Exchange,50970,51210,in_service_layover,59.705142555425915,62.798680291554966,17.44755283176778,240,4.0,14:09:30,14:13:30,False,,no_dispenser,0
2160792,heavy,130.0,21.0,40-ft,BTC,3,SUN,14849114,14849169,145,145,51861,51861,SFU Transit Exchange @ Bay 1,SFU Transit Exchange @ Bay 1,51861,SFU Transit Exchange,51870,52110,in_service_layover,63.663686040891385,66.56847629900527,16.38301705576231,240,4.0,14:24:30,14:28:30,False,,no_dispenser,0
2160522,heavy,106.0,10.0,40-ft,HTC,3,SUN,14848704,14848733,144,144,60662,60662,SFU Transit Exchange @ Bay 4,SFU Transit Exchange @ Bay 4,60662,SFU Transit Exchange,51930,52290,in_service_layover,60.76389142563209,65.24162962239576,25.25444342974714,360,6.0,14:25:30,14:31:30,False,,no_dispenser,0
2160791,heavy,130.0,22.0,40-ft,BTC,3,SUN,14849145,14849170,145,145,51861,51861,SFU Transit Exchange @ Bay 1,SFU Transit Exchange @ Bay 1,51861,SFU Transit Exchange,52650,53010,in_service_layover,64.23344805959684,68.46258801930088,23.852349372730885,360,6.0,14:37:30,14:43:30,False,,no_dispenser,0
2160793,heavy,130.0,23.0,40-ft,BTC,3,SUN,14849115,14849200,145,145,51861,51861,SFU Transit Exchange @ Bay 1,SFU Transit Exchange @ Bay 1,51861,SFU Transit Exchange,53550,53910,in_service_layover,58.150923280739754,62.807383159181505,26.262433714411543,360,6.0,14:52:30,14:58:30,False,,no_dispenser,0
2160774,heavy,106.0,11.0,40-ft,HTC,3,SUN,14848708,14848741,144,144,60662,60662,SFU Transit Exchange @ Bay 4,SFU Transit Exchange @ Bay 4,60662,SFU Transit Exchange,53730,54090,in_service_layover,57.36811427744648,62.06028632783044,26.463850364165523,360,6.0,14:55:30,15:01:30,False,,no_dispenser,0
2160792,heavy,130.0,21.0,40-ft,BTC,3,SUN,14849116,14849171,145,145,51861,51861,SFU Transit Exchange @ Bay 1,SFU Transit Exchange @ Bay 1,51861,SFU Transit Exchange,54510,54810,in_service_layover,61.920719288190064,65.61925833735141,20.859760237269995,300,5.0,15:08:30,15:13:30,False,,no_dispenser,0
2160791,heavy,130.0,22.0,40-ft,BTC,3,SUN,14849117,14849172,145,145,51861,51861,SFU Transit Exchange @ Bay 1,SFU Transit Exchange @ Bay 1,51861,SFU Transit Exchange,55290,55710,in_service_layover,63.814831008485676,68.73073112170388,27.72567663855068,420,7.0,15:21:30,15:28:30,False,,no_dispenser,0
2160775,heavy,106.0,15.0,40-ft,HTC,3,SUN,14848716,14848740,144,144,60662,60662,SFU Transit Exchange @ Bay 4,SFU Transit Exchange @ Bay 4,60662,SFU Transit Exchange,55530,55890,in_service_layover,59.485320912749714,64.05757280674302,25.787500682122243,360,6.0,15:25:30,15:31:30,False,,no_dispenser,0
2160793,heavy,130.0,23.0,40-ft,BTC,3,SUN,14849146,14849173,145,145,51861,51861,SFU Transit Exchange @ Bay 1,SFU Transit Exchange @ Bay 1,51861,SFU Transit Exchange,56250,56610,in_service_layover,58.15962614836629,62.81563255248387,26.259876119223065,360,6.0,15:37:30,15:43:30,False,,no_dispenser,0
2160792,heavy,130.0,21.0,40-ft,BTC,3,SUN,14849118,14849201,145,145,51861,51861,SFU Transit Exchange @ Bay 1,SFU Transit Exchange @ Bay 1,51861,SFU Transit Exchange,57090,57510,in_service_layover,60.97150132653619,66.12870570850129,29.0866327142831,420,7.0,15:51:30,15:58:30,False,,no_dispenser,0
2160776,heavy,106.0,7.0,40-ft,HTC,3,SUN,14848712,14848739,144,144,60662,60662,SFU Transit Exchange @ Bay 4,SFU Transit Exchange @ Bay 4,60662,SFU Transit Exchange,57330,57690,in_service_layover,54.85382992558113,59.592238804574414,26.724626077522146,360,6.0,15:55:30,16:01:30,False,,no_dispenser,0
2160791,heavy,130.0,22.0,40-ft,BTC,3,SUN,14849119,14849174,145,145,51861,51861,SFU Transit Exchange @ Bay 1,SFU Transit Exchange @ Bay 1,51861,SFU Transit Exchange,58050,58410,in_service_layover,64.08297411088867,68.3232892501172,23.915377385248917,360,6.0,16:07:30,16:13:30,False,,no_dispenser,0
2160793,heavy,130.0,23.0,40-ft,BTC,3,SUN,14849120,14849175,145,145,51861,51861,SFU Transit Exchange @ Bay 1,SFU Transit Exchange @ Bay 1,51861,SFU Transit Exchange,58950,59310,in_service_layover,58.16787554166866,62.823452030138085,26.257451394967575,360,6.0,16:22:30,16:28:30,False,,no_dispenser,0
2160522,heavy,106.0,10.0,40-ft,HTC,3,SUN,14848703,14848738,144,144,60662,60662,SFU Transit Exchange @ Bay 4,SFU Transit Exchange @ Bay 4,60662,SFU Transit Exchange,59130,59490,in_service_layover,56.79239885365037,61.504375428236735,26.575547880667045,360,6.0,16:25:30,16:31:30,False,,no_dispenser,0
2160792,heavy,130.0,21.0,40-ft,BTC,3,SUN,14849147,14849176,145,145,51861,51861,SFU Transit Exchange @ Bay 1,SFU Transit Exchange @ Bay 1,51861,SFU Transit Exchange,59790,60210,in_service_layover,61.480948697686074,66.59600022388227,28.84889060774651,420,7.0,16:36:30,16:43:30,False,,no_dispenser,0
2160791,heavy,130.0,22.0,40-ft,BTC,3,SUN,14849121,14849202,145,145,51861,51861,SFU Transit Exchange @ Bay 1,SFU Transit Exchange @ Bay 1,51861,SFU Transit Exchange,60570,61110,in_service_layover,63.675532239301994,69.86623714079201,34.9155756444037,540,9.0,16:49:30,16:58:30,False,,no_dispenser,0
2160774,heavy,106.0,11.0,40-ft,HTC,3,SUN,14848699,14848726,144,144,60662,60662,SFU Transit Exchange @ Bay 4,SFU Transit Exchange @ Bay 4,60662,SFU Transit Exchange,60930,61410,in_service_layover,53.89173009206407,60.18560726848426,35.49746727500985,480,8.0,16:55:30,17:03:30,False,,no_dispenser,0
2160793,heavy,130.0,23.0,40-ft,BTC,3,SUN,14849122,14849177,145,145,51861,51861,SFU Transit Exchange @ Bay 1,SFU Transit Exchange @ Bay 1,51861,SFU Transit Exchange,61590,62010,in_service_layover,58.17569501932287,63.56165583401911,30.376818994886833,420,7.0,17:06:30,17:13:30,False,,no_dispenser,0
2160792,heavy,130.0,21.0,40-ft,BTC,3,SUN,14849123,14849178,145,145,51861,51861,SFU Transit Exchange @ Bay 1,SFU Transit Exchange @ Bay 1,51861,SFU Transit Exchange,62490,63030,in_service_layover,61.94824321306706,68.33806574327637,36.0385990703806,540,9.0,17:21:30,17:30:30,False,,no_dispenser,0
2160775,heavy,106.0,15.0,40-ft,HTC,3,SUN,14848691,14848742,144,144,60662,60662,SFU Transit Exchange @ Bay 4,SFU Transit Exchange @ Bay 4,60662,SFU Transit Exchange,62730,63210,in_service_layover,56.4196580888227,62.63731009407885,35.067557309644656,480,8.0,17:25:30,17:33:30,False,,no_dispenser,0
2160791,heavy,130.0,22.0,40-ft,BTC,3,SUN,14849148,14849179,145,145,51861,51861,SFU Transit Exchange @ Bay 1,SFU Transit Exchange @ Bay 1,51861,SFU Transit Exchange,63390,64170,in_service_layover,65.2184801299768,73.4462359133944,46.40454261847526,780,13.0,17:36:30,17:49:30,False,,no_dispenser,0
2160776,heavy,106.0,7.0,40-ft,HTC,3,SUN,14848709,14848745,144,144,60662,60662,SFU Transit Exchange @ Bay 4,SFU Transit Exchange @ Bay 4,60662,SFU Transit Exchange,64530,65010,in_service_layover,52.275054781707766,58.562341699797805,35.460298218027845,480,8.0,17:55:30,18:03:30,False,,no_dispenser,0
2160522,heavy,106.0,10.0,40-ft,HTC,3,SUN,14848694,14848737,144,144,60662,60662,SFU Transit Exchange @ Bay 4,SFU Transit Exchange @ Bay 4,60662,SFU Transit Exchange,66330,66810,in_service_layover,54.09016740960011,60.38187949668541,35.4852561711611,480,8.0,18:25:30,18:33:30,False,,no_dispenser,0
2160792,heavy,130.0,21.0,40-ft,BTC,3,SUN,14849127,14849182,145,145,51861,51861,SFU Transit Exchange @ Bay 1,SFU Transit Exchange @ Bay 1,51861,SFU Transit Exchange,67650,67830,in_service_layover,59.04255172164595,61.404323362378044,13.320392053728995,180,3.0,18:47:30,18:50:30,False,,no_dispenser,0
2160774,heavy,106.0,11.0,40-ft,HTC,3,SUN,14848718,14848753,144,144,60662,60662,SFU Transit Exchange @ Bay 4,SFU Transit Exchange @ Bay 4,60662,SFU Transit Exchange,68130,68610,in_service_layover,52.10415269841157,58.38822030565267,35.44214130483988,480,8.0,18:55:30,19:03:30,False,,no_dispenser,0
2160775,heavy,106.0,15.0,40-ft,HTC,3,SUN,14848689,14848752,144,144,60662,60662,SFU Transit Exchange @ Bay 4,SFU Transit Exchange @ Bay 4,60662,SFU Transit Exchange,69870,70410,in_service_layover,54.43026253326673,61.47075577593159,39.708381888629845,540,9.0,19:24:30,19:33:30,False,,no_dispenser,0
2160776,heavy,106.0,7.0,40-ft,HTC,3,SUN,14848710,14848751,144,144,60662,60662,SFU Transit Exchange @ Bay 4,SFU Transit Exchange @ Bay 4,60662,SFU Transit Exchange,71610,72210,in_service_layover,49.73224773680165,57.54504064768761,44.06415201739685,600,10.0,19:53:30,20:03:30,False,,no_dispenser,0
2160522,heavy,106.0,10.0,40-ft,HTC,3,SUN,14848715,14848736,144,144,60662,60662,SFU Transit Exchange @ Bay 4,SFU Transit Exchange @ Bay 4,60662,SFU Transit Exchange,73350,74010,in_service_layover,53.031951259027444,61.604933454974656,48.35161958514226,660,11.0,20:22:30,20:33:30,False,,no_dispenser,0
2160792,heavy,130.0,21.0,40-ft,BTC,3,SUN,14849133,14849188,145,145,51861,51861,SFU Transit Exchange @ Bay 1,SFU Transit Exchange @ Bay 1,51861,SFU Transit Exchange,75030,75510,in_service_layover,47.46105232993241,53.636349381824466,34.82867537267123,480,8.0,20:50:30,20:58:30,False,,no_dispenser,0
2160774,heavy,106.0,11.0,40-ft,HTC,3,SUN,14848702,14848734,144,144,60662,60662,SFU Transit Exchange @ Bay 4,SFU Transit Exchange @ Bay 4,60662,SFU Transit Exchange,75090,75810,in_service_layover,51.10114070287932,60.470891539514135,52.845394718620355,720,12.0,20:51:30,21:03:30,False,,no_dispenser,0
2160791,heavy,130.0,22.0,40-ft,BTC,3,SUN,14849134,14849189,145,145,51861,51861,SFU Transit Exchange @ Bay 1,SFU Transit Exchange @ Bay 1,51861,SFU Transit Exchange,76710,77310,in_service_layover,50.207450859318335,58.033533371529664,44.139105368871924,600,10.0,21:18:30,21:28:30,False,,no_dispenser,0
2160775,heavy,106.0,15.0,40-ft,HTC,3,SUN,14848700,14848727,144,144,60662,60662,SFU Transit Exchange @ Bay 4,SFU Transit Exchange @ Bay 4,60662,SFU Transit Exchange,76830,77610,in_service_layover,54.05877759306069,64.00464201588161,56.094675344710026,780,13.0,21:20:30,21:33:30,False,,no_dispenser,0
2160792,heavy,130.0,21.0,40-ft,BTC,3,SUN,14849135,14849190,145,145,51861,51861,SFU Transit Exchange @ Bay 1,SFU Transit Exchange @ Bay 1,51861,SFU Transit Exchange,78510,79110,in_service_layover,48.98859237100926,56.78022934858839,43.94483255354635,600,10.0,21:48:30,21:58:30,False,,no_dispenser,0
2160627,heavy,106.0,20.0,40-ft,HTC,3,SUN,14848713,14848725,144,144,60662,60662,SFU Transit Exchange @ Bay 4,SFU Transit Exchange @ Bay 4,60662,SFU Transit Exchange,78510,79410,in_service_layover,57.82327282159548,68.56936108332118,60.607937796132944,900,15.0,21:48:30,22:03:30,False,,no_dispenser,0
2160791,heavy,130.0,22.0,40-ft,BTC,3,SUN,14849136,14849191,145,145,51861,51861,SFU Transit Exchange @ Bay 1,SFU Transit Exchange @ Bay 1,51861,SFU Transit Exchange,80310,80910,in_service_layover,53.38577636071445,61.20483006630161,44.099462899511536,600,10.0,22:18:30,22:28:30,False,,no_dispenser,0
2160626,heavy,106.0,4.0,40-ft,HTC,3,SUN,14848690,14848724,144,144,60662,60662,SFU Transit Exchange @ Bay 4,SFU Transit Exchange @ Bay 4,60662,SFU Transit Exchange,80310,81210,in_service_layover,62.347787182800495,72.17200898839862,55.40861098357345,900,15.0,22:18:30,22:33:30,False,,no_dispenser,0
2160774,heavy,106.0,11.0,40-ft,HTC,3,SUN,14848706,14848723,144,144,60662,60662,SFU Transit Exchange @ Bay 4,SFU Transit Exchange @ Bay 4,60662,SFU Transit Exchange,82050,83010,in_service_layover,56.58345737601257,68.15665313095273,65.27282405786252,960,16.0,22:47:30,23:03:30,False,,no_dispenser,0
2160792,heavy,130.0,21.0,40-ft,BTC,3,SUN,14849137,14849192,145,145,51861,51861,SFU Transit Exchange @ Bay 1,SFU Transit Exchange @ Bay 1,51861,SFU Transit Exchange,82110,82710,in_service_layover,52.13247233777318,59.97422684517393,44.22749542174017,600,10.0,22:48:30,22:58:30,False,,no_dispenser,0
2160775,heavy,106.0,15.0,40-ft,HTC,3,SUN,14848705,14848732,144,144,60662,60662,SFU Transit Exchange @ Bay 4,SFU Transit Exchange @ Bay 4,60662,SFU Transit Exchange,83850,84810,in_service_layover,59.55709738085162,70.51055483558214,61.77750004468015,960,16.0,23:17:30,23:33:30,False,,no_dispenser,0
2160791,heavy,130.0,22.0,40-ft,BTC,3,SUN,14849138,14849193,145,145,51861,51861,SFU Transit Exchange @ Bay 1,SFU Transit Exchange @ Bay 1,51861,SFU Transit Exchange,83910,84510,in_service_layover,56.5570730554864,64.20280709701979,43.12193999424835,600,10.0,23:18:30,23:28:30,False,,no_dispenser,0
2160627,heavy,106.0,20.0,40-ft,HTC,3,SUN,14848720,14848747,144,144,60662,60662,SFU Transit Exchange @ Bay 4,SFU Transit Exchange @ Bay 4,60662,SFU Transit Exchange,85590,85950,in_service_layover,63.69876210648408,67.96735863192926,24.07488440351085,360,6.0,23:46:30,23:52:30,False,,no_dispenser,0
2160792,heavy,130.0,21.0,40-ft,BTC,3,SUN,14849139,14849194,145,145,51861,51861,SFU Transit Exchange @ Bay 1,SFU Transit Exchange @ Bay 1,51861,SFU Transit Exchange,85710,86310,in_service_layover,55.32646983435872,63.0591837691755,43.612506592366685,600,10.0,23:48:30,23:58:30,False,,no_dispenser,0
2160626,heavy,106.0,4.0,40-ft,HTC,3,SUN,14848695,14848746,144,144,60662,60662,SFU Transit Exchange @ Bay 4,SFU Transit Exchange @ Bay 4,60662,SFU Transit Exchange,87390,88110,in_service_layover,66.49800783993867,73.98325910814766,42.21681715269875,720,12.0,24:16:30,24:28:30,False,,no_dispenser,0
2160791,heavy,130.0,22.0,40-ft,BTC,3,SUN,14849140,14849195,145,145,51861,51861,SFU Transit Exchange @ Bay 1,SFU Transit Exchange @ Bay 1,51861,SFU Transit Exchange,87510,88110,in_service_layover,59.555050086204574,66.88148444214677,41.32108976751391,600,10.0,24:18:30,24:28:30,False,,no_dispenser,0
2161530,heavy,312.0,60.0,40-ft,STC,3,SUN,14878486,14862456,640,312,53104,57566,Scott Road Station @ Bay 1,Scott Road Station @ Bay 8,53104,Scott Road Station,32730,33090,in_service_layover,63.94632915447798,68.1967442043116,23.972340881061655,360,6.0,09:05:30,09:11:30,False,,no_dispenser,0
2161615,heavy,319.0,42.0,40-ft,STC,3,SUN,14863153,14863230,319,319,53104,55200,Scott Road Station @ Bay 1,Scott Road Station @ Bay 4,53104,Scott Road Station,32730,33330,in_service_layover,67.32050804079778,73.61773822239192,35.51637822419099,600,10.0,09:05:30,09:15:30,False,,no_dispenser,0
2161530,heavy,312.0,60.0,40-ft,STC,3,SUN,14862417,14878539,312,640,53104,55096,Scott Road Station @ Bay 1,Scott Road Station @ Bay 7,53104,Scott Road Station,37890,38490,in_service_layover,68.38454948575792,74.53019046431933,34.66141511908643,600,10.0,10:31:30,10:41:30,False,,no_dispenser,0
2161487,heavy,312.0,63.0,40-ft,STC,3,SUN,14878517,14862437,640,312,53104,57566,Scott Road Station @ Bay 1,Scott Road Station @ Bay 8,53104,Scott Road Station,38130,38490,in_service_layover,60.43475596325584,64.93583710061358,25.38609761469769,360,6.0,10:35:30,10:41:30,False,,no_dispenser,0
2161615,heavy,319.0,42.0,40-ft,STC,3,SUN,14863159,14863236,319,319,53104,55200,Scott Road Station @ Bay 1,Scott Road Station @ Bay 4,53104,Scott Road Station,38310,38730,in_service_layover,69.59462619313541,73.959636345687,24.618657260390933,420,7.0,10:38:30,10:45:30,False,,no_dispenser,0
2161614,heavy,319.0,40.0,40-ft,STC,3,SUN,14863160,14863237,319,319,53104,55200,Scott Road Station @ Bay 1,Scott Road Station @ Bay 4,53104,Scott Road Station,39210,39630,in_service_layover,66.02256312417936,70.73774779278537,26.59364153093793,420,7.0,10:53:30,11:00:30,False,,no_dispenser,0
2161533,heavy,312.0,64.0,40-ft,STC,3,SUN,14862413,14878532,312,640,53104,55096,Scott Road Station @ Bay 1,Scott Road Station @ Bay 7,53104,Scott Road Station,39690,40290,in_service_layover,69.91859588336705,75.84077998522716,33.401118334491116,600,10.0,11:01:30,11:11:30,False,,no_dispenser,0
2161531,heavy,312.0,61.0,40-ft,STC,3,SUN,14878485,14862435,640,312,53104,57566,Scott Road Station @ Bay 1,Scott Road Station @ Bay 8,53104,Scott Road Station,39930,40290,in_service_layover,62.83917809305919,67.16973082584455,24.42431741290943,360,6.0,11:05:30,11:11:30,False,,no_dispenser,0
2161620,heavy,319.0,41.0,40-ft,STC,3,SUN,14863161,14863238,319,319,53104,55200,Scott Road Station @ Bay 1,Scott Road Station @ Bay 4,53104,Scott Road Station,40110,40530,in_service_layover,67.0619628970164,71.67849489597585,26.03724047413118,420,7.0,11:08:30,11:15:30,False,,no_dispenser,0
2161617,heavy,319.0,43.0,40-ft,STC,3,SUN,14863162,14863239,319,319,53104,55200,Scott Road Station @ Bay 1,Scott Road Station @ Bay 4,53104,Scott Road Station,41010,41430,in_service_layover,66.6275540559708,71.28564100928088,26.27161041666875,420,7.0,11:23:30,11:30:30,False,,no_dispenser,0
2161529,heavy,312.0,67.0,40-ft,STC,3,SUN,14878502,14862453,640,312,53104,57566,Scott Road Station @ Bay 1,Scott Road Station @ Bay 8,53104,Scott Road Station,41730,42090,in_service_layover,59.786528227069326,64.33570453634964,25.65735438434092,360,6.0,11:35:30,11:41:30,False,,no_dispenser,0
2161619,heavy,319.0,44.0,40-ft,STC,3,SUN,14863163,14863240,319,319,53104,55200,Scott Road Station @ Bay 1,Scott Road Station @ Bay 4,53104,Scott Road Station,41910,42330,in_service_layover,66.6275540559708,71.28564100928088,26.27161041666875,420,7.0,11:38:30,11:45:30,False,,no_dispenser,0
2161616,heavy,319.0,45.0,40-ft,STC,3,SUN,14863164,14863241,319,319,53104,55200,Scott Road Station @ Bay 1,Scott Road Station @ Bay 4,53104,Scott Road Station,42810,43230,in_service_layover,66.17693408141236,70.87763501164025,26.511953246485348,420,7.0,11:53:30,12:00:30,False,,no_dispenser,0
2161487,heavy,312.0,63.0,40-ft,STC,3,SUN,14862418,14878531,312,640,53104,55096,Scott Road Station @ Bay 1,Scott Road Station @ Bay 7,53104,Scott Road Station,43350,43890,in_service_layover,65.21026751184478,71.21788794561984,33.882979246491345,540,9.0,12:02:30,12:11:30,False,,no_dispenser,0
2161530,heavy,312.0,60.0,40-ft,STC,3,SUN,14878511,14862434,640,312,53104,57566,Scott Road Station @ Bay 1,Scott Road Station @ Bay 8,53104,Scott Road Station,43650,43890,in_service_layover,63.228481216767996,66.1538485351241,16.499071675528512,240,4.0,12:07:30,12:11:30,False,,no_dispenser,0
2161615,heavy,319.0,42.0,40-ft,STC,3,SUN,14863165,14863242,319,319,53104,55200,Scott Road Station @ Bay 1,Scott Road Station @ Bay 4,53104,Scott Road Station,43770,44130,in_service_layover,69.3499460053013,73.1659197978643,21.52209219005522,360,6.0,12:09:30,12:15:30,False,,no_dispenser,0
2161614,heavy,319.0,40.0,40-ft,STC,3,SUN,14863166,14863243,319,319,53104,55200,Scott Road Station @ Bay 1,Scott Road Station @ Bay 4,53104,Scott Road Station,44670,45030,in_service_layover,65.9264451115217,70.02600897275173,23.121540177337295,360,6.0,12:24:30,12:30:30,False,,no_dispenser,0
2161531,heavy,312.0,61.0,40-ft,STC,3,SUN,14862409,14878537,312,640,53104,55096,Scott Road Station @ Bay 1,Scott Road Station @ Bay 7,53104,Scott Road Station,45150,45690,in_service_layover,67.02069110180304,72.8048824018643,32.62283893234553,540,9.0,12:32:30,12:41:30,False,,no_dispenser,0
2161533,heavy,312.0,64.0,40-ft,STC,3,SUN,14878501,14862454,640,312,53104,57566,Scott Road Station @ Bay 1,Scott Road Station @ Bay 8,53104,Scott Road Station,45390,45690,in_service_layover,64.44880857071463,67.99768522961355,20.015664356189916,300,5.0,12:36:30,12:41:30,False,,no_dispenser,0
2161620,heavy,319.0,41.0,40-ft,STC,3,SUN,14863167,14863244,319,319,53104,55200,Scott Road Station @ Bay 1,Scott Road Station @ Bay 4,53104,Scott Road Station,45630,45930,in_service_layover,66.76651936031996,70.1692396047894,19.19134217880753,300,5.0,12:40:30,12:45:30,False,,no_dispenser,0
2161617,heavy,319.0,43.0,40-ft,STC,3,SUN,14863168,14863245,319,319,53104,55200,Scott Road Station @ Bay 1,Scott Road Station @ Bay 4,53104,Scott Road Station,46530,46830,in_service_layover,65.80328540557392,69.26835426120716,19.542988345771505,300,5.0,12:55:30,13:00:30,False,,no_dispenser,0
2161529,heavy,312.0,67.0,40-ft,STC,3,SUN,14862410,14878530,312,640,53104,55096,Scott Road Station @ Bay 1,Scott Road Station @ Bay 7,53104,Scott Road Station,46950,47490,in_service_layover,64.120761003269,70.25895016405059,34.619386866808156,540,9.0,13:02:30,13:11:30,False,,no_dispenser,0
2161532,heavy,312.0,62.0,40-ft,STC,3,SUN,14878510,14862441,640,312,53104,57566,Scott Road Station @ Bay 1,Scott Road Station @ Bay 8,53104,Scott Road Station,47190,47490,in_service_layover,59.599234909851425,63.43755898894339,21.64814780607867,300,5.0,13:06:30,13:11:30,False,,no_dispenser,0
2161619,heavy,319.0,44.0,40-ft,STC,3,SUN,14863169,14863246,319,319,53104,55200,Scott Road Station @ Bay 1,Scott Road Station @ Bay 4,53104,Scott Road Station,47550,47730,in_service_layover,65.80328540557392,67.92728237700747,11.979342918885209,180,3.0,13:12:30,13:15:30,False,,no_dispenser,0
2161616,heavy,319.0,45.0,40-ft,STC,3,SUN,14863170,14863247,319,319,53104,55200,Scott Road Station @ Bay 1,Scott Road Station @ Bay 4,53104,Scott Road Station,48450,48630,in_service_layover,65.43278564880163,67.56992090948242,12.053442870239678,180,3.0,13:27:30,13:30:30,False,,no_dispenser,0
2161530,heavy,312.0,60.0,40-ft,STC,3,SUN,14862411,14878536,312,640,53104,55096,Scott Road Station @ Bay 1,Scott Road Station @ Bay 7,53104,Scott Road Station,48870,49290,in_service_layover,65.61540079147476,70.3685053842558,26.80750990328511,420,7.0,13:34:30,13:41:30,False,,no_dispenser,0
2161487,heavy,312.0,63.0,40-ft,STC,3,SUN,14878500,14862457,640,312,53104,57566,Scott Road Station @ Bay 1,Scott Road Station @ Bay 8,53104,Scott Road Station,49050,49290,in_service_layover,59.43868264469112,62.54501448711194,17.519711591253383,240,4.0,13:37:30,13:41:30,False,,no_dispenser,0
2161615,heavy,319.0,42.0,40-ft,STC,3,SUN,14863171,14863248,319,319,53104,55200,Scott Road Station @ Bay 1,Scott Road Station @ Bay 4,53104,Scott Road Station,49290,49530,in_service_layover,67.50541938427918,70.22202300335945,15.32164441161268,240,4.0,13:41:30,13:45:30,False,,no_dispenser,0
2161614,heavy,319.0,40.0,40-ft,STC,3,SUN,14863172,14863249,319,319,53104,55200,Scott Road Station @ Bay 1,Scott Road Station @ Bay 4,53104,Scott Road Station,50190,50430,in_service_layover,62.65890668130199,65.61120423774162,16.650958218319488,240,4.0,13:56:30,14:00:30,False,,no_dispenser,0
2161533,heavy,312.0,64.0,40-ft,STC,3,SUN,14862419,14878529,312,640,53104,55096,Scott Road Station @ Bay 1,Scott Road Station @ Bay 7,53104,Scott Road Station,50670,51090,in_service_layover,67.14307208582171,71.75179391557094,25.993191119785592,420,7.0,14:04:30,14:11:30,False,,no_dispenser,0
2161531,heavy,312.0,61.0,40-ft,STC,3,SUN,14878509,14862439,640,312,53104,57566,Scott Road Station @ Bay 1,Scott Road Station @ Bay 8,53104,Scott Road Station,50850,51090,in_service_layover,60.950457781850254,63.98353306403227,17.106544591506577,240,4.0,14:07:30,14:11:30,False,,no_dispenser,0
2161620,heavy,319.0,41.0,40-ft,STC,3,SUN,14863173,14863250,319,319,53104,55200,Scott Road Station @ Bay 1,Scott Road Station @ Bay 4,53104,Scott Road Station,51090,51330,in_service_layover,62.79536517943717,65.74121079743068,16.614569285483412,240,4.0,14:11:30,14:15:30,False,,no_dispenser,0
2161617,heavy,319.0,43.0,40-ft,STC,3,SUN,14863174,14863251,319,319,53104,55200,Scott Road Station @ Bay 1,Scott Road Station @ Bay 4,53104,Scott Road Station,51990,52230,in_service_layover,61.937074887560975,64.92350160682523,16.843446696650403,240,4.0,14:26:30,14:30:30,False,,no_dispenser,0
2161532,heavy,312.0,62.0,40-ft,STC,3,SUN,14862408,14878540,312,640,53104,55096,Scott Road Station @ Bay 1,Scott Road Station @ Bay 7,53104,Scott Road Station,52470,52890,in_service_layover,62.72972005403009,67.73987350081092,28.257265439843877,420,7.0,14:34:30,14:41:30,False,,no_dispenser,0
2161529,heavy,312.0,67.0,40-ft,STC,3,SUN,14878499,14862450,640,312,53104,57566,Scott Road Station @ Bay 1,Scott Road Station @ Bay 8,53104,Scott Road Station,52650,52890,in_service_layover,59.22318467696155,62.339005138157525,17.573227401145232,240,4.0,14:37:30,14:41:30,False,,no_dispenser,0
2161619,heavy,319.0,44.0,40-ft,STC,3,SUN,14863175,14863252,319,319,53104,55200,Scott Road Station @ Bay 1,Scott Road Station @ Bay 4,53104,Scott Road Station,52830,53130,in_service_layover,60.65941065746054,64.43249513396997,21.280196447513163,300,5.0,14:40:30,14:45:30,False,,no_dispenser,0
2161616,heavy,319.0,45.0,40-ft,STC,3,SUN,14863176,14863253,319,319,53104,55200,Scott Road Station @ Bay 1,Scott Road Station @ Bay 4,53104,Scott Road Station,53730,54030,in_service_layover,60.31894571322274,64.11215223135378,21.393684762259113,300,5.0,14:55:30,15:00:30,False,,no_dispenser,0
2161487,heavy,312.0,63.0,40-ft,STC,3,SUN,14862428,14878528,312,640,53104,55096,Scott Road Station @ Bay 1,Scott Road Station @ Bay 7,53104,Scott Road Station,54270,54690,in_service_layover,61.95245977831883,67.02834392636888,28.627986595002255,420,7.0,15:04:30,15:11:30,False,,no_dispenser,0
2161530,heavy,312.0,60.0,40-ft,STC,3,SUN,14878492,14862438,640,312,53104,57566,Scott Road Station @ Bay 1,Scott Road Station @ Bay 8,53104,Scott Road Station,54450,54690,in_service_layover,58.62946001530648,61.76745661447551,17.698300819313317,240,4.0,15:07:30,15:11:30,False,,no_dispenser,0
2161615,heavy,319.0,42.0,40-ft,STC,3,SUN,14863177,14863254,319,319,53104,55200,Scott Road Station @ Bay 1,Scott Road Station @ Bay 4,53104,Scott Road Station,54630,54930,in_service_layover,62.15026040188554,65.83523319137221,20.783246532704823,300,5.0,15:10:30,15:15:30,False,,no_dispenser,0
2161614,heavy,319.0,40.0,40-ft,STC,3,SUN,14863178,14863255,319,319,53104,55200,Scott Road Station @ Bay 1,Scott Road Station @ Bay 4,53104,Scott Road Station,55530,55830,in_service_layover,58.4537754830811,62.352553112955334,21.98910583249068,300,5.0,15:25:30,15:30:30,False,,no_dispenser,0
2161531,heavy,312.0,61.0,40-ft,STC,3,SUN,14862422,14878535,312,640,53104,55096,Scott Road Station @ Bay 1,Scott Road Station @ Bay 7,53104,Scott Road Station,56070,56310,in_service_layover,62.54870963788704,65.50621745642667,16.68034409656343,240,4.0,15:34:30,15:38:30,False,,no_dispenser,0
2161533,heavy,312.0,64.0,40-ft,STC,3,SUN,14878498,14862440,640,312,53104,57566,Scott Road Station @ Bay 1,Scott Road Station @ Bay 8,53104,Scott Road Station,56310,56490,in_service_layover,60.627448091301375,62.93498539302828,13.01451038173974,180,3.0,15:38:30,15:41:30,False,,no_dispenser,0
2161620,heavy,319.0,41.0,40-ft,STC,3,SUN,14863180,14863257,319,319,53104,55200,Scott Road Station @ Bay 1,Scott Road Station @ Bay 4,53104,Scott Road Station,57270,57630,in_service_layover,66.17170369258342,70.25191113931311,23.01236999955546,360,6.0,15:54:30,16:00:30,False,,no_dispenser,0
2161529,heavy,312.0,67.0,40-ft,STC,3,SUN,14862423,14878527,312,640,53104,55096,Scott Road Station @ Bay 1,Scott Road Station @ Bay 7,53104,Scott Road Station,57930,58290,in_service_layover,60.402359257455664,64.90573803352264,25.39905629701775,360,6.0,16:05:30,16:11:30,False,,no_dispenser,0
2161532,heavy,312.0,62.0,40-ft,STC,3,SUN,14878508,14862455,640,312,53104,57566,Scott Road Station @ Bay 1,Scott Road Station @ Bay 8,53104,Scott Road Station,58110,58290,in_service_layover,56.85298961320413,59.2310255584541,13.412122731209763,180,3.0,16:08:30,16:11:30,False,,no_dispenser,0
2161617,heavy,319.0,43.0,40-ft,STC,3,SUN,14863181,14863258,319,319,53104,55200,Scott Road Station @ Bay 1,Scott Road Station @ Bay 4,53104,Scott Road Station,58170,58530,in_service_layover,65.54893884477565,69.67800753705508,23.287947424456036,360,6.0,16:09:30,16:15:30,False,,no_dispenser,0
2161619,heavy,319.0,44.0,40-ft,STC,3,SUN,14863182,14863259,319,319,53104,55200,Scott Road Station @ Bay 1,Scott Road Station @ Bay 4,53104,Scott Road Station,59070,59430,in_service_layover,65.16860233160271,69.3270414359476,23.453596548505175,360,6.0,16:24:30,16:30:30,False,,no_dispenser,0
2161530,heavy,312.0,60.0,40-ft,STC,3,SUN,14862427,14878519,312,640,53104,55096,Scott Road Station @ Bay 1,Scott Road Station @ Bay 7,53104,Scott Road Station,59730,60090,in_service_layover,59.16375148236172,63.75898749983316,25.91713113853899,360,6.0,16:35:30,16:41:30,False,,no_dispenser,0
2161487,heavy,312.0,63.0,40-ft,STC,3,SUN,14878497,14862449,640,312,53104,57566,Scott Road Station @ Bay 1,Scott Road Station @ Bay 8,53104,Scott Road Station,59910,60090,in_service_layover,54.697567778527954,57.054640194607074,13.293888426686237,180,3.0,16:38:30,16:41:30,False,,no_dispenser,0
2161616,heavy,319.0,45.0,40-ft,STC,3,SUN,14863183,14863260,319,319,53104,55200,Scott Road Station @ Bay 1,Scott Road Station @ Bay 4,53104,Scott Road Station,59970,60330,in_service_layover,64.33704963979238,68.55846302175699,23.808771474280377,360,6.0,16:39:30,16:45:30,False,,no_dispenser,0
2161615,heavy,319.0,42.0,40-ft,STC,3,SUN,14863184,14863261,319,319,53104,55200,Scott Road Station @ Bay 1,Scott Road Station @ Bay 4,53104,Scott Road Station,60870,61230,in_service_layover,65.69405365063452,69.81182225314717,23.2242149181713,360,6.0,16:54:30,17:00:30,False,,no_dispenser,0
2161533,heavy,312.0,64.0,40-ft,STC,3,SUN,14862424,14862433,312,312,53104,57566,Scott Road Station @ Bay 1,Scott Road Station @ Bay 8,53104,Scott Road Station,61530,61890,in_service_layover,60.24622262457265,64.76067492070226,25.46151095017092,360,6.0,17:05:30,17:11:30,False,,no_dispenser,0
2161531,heavy,312.0,61.0,40-ft,STC,3,SUN,14878507,14878526,640,640,53104,55096,Scott Road Station @ Bay 1,Scott Road Station @ Bay 7,53104,Scott Road Station,61710,61890,in_service_layover,55.487273756408904,57.85202681487429,13.337207249744779,180,3.0,17:08:30,17:11:30,False,,no_dispenser,0
2161614,heavy,319.0,40.0,40-ft,STC,3,SUN,14863185,14863262,319,319,53104,55200,Scott Road Station @ Bay 1,Scott Road Station @ Bay 4,53104,Scott Road Station,61770,62130,in_service_layover,62.89325270174082,67.21996126765313,24.402636311745482,360,6.0,17:09:30,17:15:30,False,,no_dispenser,0
2161532,heavy,312.0,62.0,40-ft,STC,3,SUN,14862425,14878534,312,640,53104,55096,Scott Road Station @ Bay 1,Scott Road Station @ Bay 7,53104,Scott Road Station,63330,63690,in_service_layover,56.73451067070664,61.448176292424726,26.58507410648997,360,6.0,17:35:30,17:41:30,False,,no_dispenser,0
2161529,heavy,312.0,67.0,40-ft,STC,3,SUN,14878496,14862443,640,312,53104,57566,Scott Road Station @ Bay 1,Scott Road Station @ Bay 8,53104,Scott Road Station,63510,63690,in_service_layover,53.39886028521611,55.74330153463336,13.22264864671331,180,3.0,17:38:30,17:41:30,False,,no_dispenser,0
2161620,heavy,319.0,41.0,40-ft,STC,3,SUN,14863187,14863264,319,319,53104,55200,Scott Road Station @ Bay 1,Scott Road Station @ Bay 4,53104,Scott Road Station,63510,63870,in_service_layover,69.21570094648297,73.04333850640523,21.587875837961576,360,6.0,17:38:30,17:44:30,False,,no_dispenser,0
2161617,heavy,319.0,43.0,40-ft,STC,3,SUN,14863188,14863265,319,319,53104,55200,Scott Road Station @ Bay 1,Scott Road Station @ Bay 4,53104,Scott Road Station,64410,64710,in_service_layover,69.25540982970948,72.48644903774712,18.22306113333235,300,5.0,17:53:30,17:58:30,False,,no_dispenser,0
2161487,heavy,312.0,63.0,40-ft,STC,3,SUN,14862415,14878525,312,640,53104,55096,Scott Road Station @ Bay 1,Scott Road Station @ Bay 7,53104,Scott Road Station,65010,65490,in_service_layover,55.34405040457002,61.60703686144296,35.32324361676331,480,8.0,18:03:30,18:11:30,False,,no_dispenser,0
2161619,heavy,319.0,44.0,40-ft,STC,3,SUN,14863189,14863266,319,319,53104,55200,Scott Road Station @ Bay 1,Scott Road Station @ Bay 4,53104,Scott Road Station,65250,65610,in_service_layover,68.98201066515287,72.82984702241488,21.70179705495775,360,6.0,18:07:30,18:13:30,False,,no_dispenser,0
2161530,heavy,312.0,60.0,40-ft,STC,3,SUN,14878503,14862448,640,312,53104,57566,Scott Road Station @ Bay 1,Scott Road Station @ Bay 8,53104,Scott Road Station,65310,65490,in_service_layover,52.26061624045551,54.59398698299937,13.160210987947323,180,3.0,18:08:30,18:11:30,False,,no_dispenser,0
2161616,heavy,319.0,45.0,40-ft,STC,3,SUN,14863190,14863267,319,319,53104,55200,Scott Road Station @ Bay 1,Scott Road Station @ Bay 4,53104,Scott Road Station,66150,66510,in_service_layover,68.38224107267847,72.28130188702471,21.990702992912816,360,6.0,18:22:30,18:28:30,False,,no_dispenser,0
2161533,heavy,312.0,64.0,40-ft,STC,3,SUN,14862421,14878523,312,640,53104,55096,Scott Road Station @ Bay 1,Scott Road Station @ Bay 7,53104,Scott Road Station,66810,67290,in_service_layover,62.564523520339044,68.245324306198,32.03971643224446,480,8.0,18:33:30,18:41:30,False,,no_dispenser,0
2161615,heavy,319.0,42.0,40-ft,STC,3,SUN,14863191,14863268,319,319,53104,55200,Scott Road Station @ Bay 1,Scott Road Station @ Bay 4,53104,Scott Road Station,67050,67410,in_service_layover,69.35956710363854,73.17470296330792,21.517366248535325,360,6.0,18:37:30,18:43:30,False,,no_dispenser,0
2161531,heavy,312.0,61.0,40-ft,STC,3,SUN,14878495,14862460,640,312,53104,57566,Scott Road Station @ Bay 1,Scott Road Station @ Bay 8,53104,Scott Road Station,67110,67290,in_service_layover,46.280660807612605,48.569700294204445,12.910182704377974,180,3.0,18:38:30,18:41:30,False,,no_dispenser,0
2161614,heavy,319.0,40.0,40-ft,STC,3,SUN,14863192,14863269,319,319,53104,55200,Scott Road Station @ Bay 1,Scott Road Station @ Bay 4,53104,Scott Road Station,67950,68310,in_service_layover,68.51819659030203,72.40572373812138,21.925653113701117,360,6.0,18:52:30,18:58:30,False,,no_dispenser,0
2161529,heavy,312.0,67.0,40-ft,STC,3,SUN,14862402,14878524,312,640,53104,55096,Scott Road Station @ Bay 1,Scott Road Station @ Bay 7,53104,Scott Road Station,68550,69090,in_service_layover,54.01737288480922,61.06964671312903,39.77482439172371,540,9.0,19:02:30,19:11:30,False,,no_dispenser,0
2161532,heavy,312.0,62.0,40-ft,STC,3,SUN,14878505,14862447,640,312,53104,57566,Scott Road Station @ Bay 1,Scott Road Station @ Bay 8,53104,Scott Road Station,68910,69090,in_service_layover,49.92344492113853,52.23408444775912,13.032006930140142,180,3.0,19:08:30,19:11:30,False,,no_dispenser,0
2161617,heavy,319.0,43.0,40-ft,STC,3,SUN,14863194,14863271,319,319,53104,55200,Scott Road Station @ Bay 1,Scott Road Station @ Bay 4,53104,Scott Road Station,69750,70110,in_service_layover,65.64825045418968,69.76959105298555,23.244360977208714,360,6.0,19:22:30,19:28:30,False,,no_dispenser,0
2161530,heavy,312.0,60.0,40-ft,STC,3,SUN,14862403,14862461,312,312,53104,57566,Scott Road Station @ Bay 1,Scott Road Station @ Bay 8,53104,Scott Road Station,70350,70890,in_service_layover,52.83596341204537,59.90639094630082,39.87721129320067,540,9.0,19:32:30,19:41:30,False,,no_dispenser,0
2161619,heavy,319.0,44.0,40-ft,STC,3,SUN,14863195,14863272,319,319,53104,55200,Scott Road Station @ Bay 1,Scott Road Station @ Bay 4,53104,Scott Road Station,70590,71010,in_service_layover,65.96889584941013,70.6891018464255,26.62196182316677,420,7.0,19:36:30,19:43:30,False,,no_dispenser,0
2161487,heavy,312.0,63.0,40-ft,STC,3,SUN,14878494,14878522,640,640,53104,55096,Scott Road Station @ Bay 1,Scott Road Station @ Bay 7,53104,Scott Road Station,70710,70890,in_service_layover,50.87907319537509,53.19900711666179,13.084427316056974,180,3.0,19:38:30,19:41:30,False,,no_dispenser,0
2161616,heavy,319.0,45.0,40-ft,STC,3,SUN,14863196,14863273,319,319,53104,55200,Scott Road Station @ Bay 1,Scott Road Station @ Bay 4,53104,Scott Road Station,71490,71910,in_service_layover,66.08999314444918,70.798858401159,26.55800004784328,420,7.0,19:51:30,19:58:30,False,,no_dispenser,0
2161531,heavy,312.0,61.0,40-ft,STC,3,SUN,14862430,14878545,312,640,53104,55096,Scott Road Station @ Bay 1,Scott Road Station @ Bay 7,53104,Scott Road Station,72150,72690,in_service_layover,46.67506321030054,53.61991918877615,39.168987718602466,540,9.0,20:02:30,20:11:30,False,,no_dispenser,0
2161615,heavy,319.0,42.0,40-ft,STC,3,SUN,14863197,14863274,319,319,53104,55200,Scott Road Station @ Bay 1,Scott Road Station @ Bay 4,53104,Scott Road Station,72330,72810,in_service_layover,66.91084529050644,72.13421986618941,29.459832606851933,480,8.0,20:05:30,20:13:30,False,,no_dispenser,0
2161533,heavy,312.0,64.0,40-ft,STC,3,SUN,14878491,14862446,640,312,53104,57566,Scott Road Station @ Bay 1,Scott Road Station @ Bay 8,53104,Scott Road Station,72450,72690,in_service_layover,57.328567439549424,60.49479771984032,17.857538780840684,240,4.0,20:07:30,20:11:30,False,,no_dispenser,0
2161614,heavy,319.0,40.0,40-ft,STC,3,SUN,14863198,14863275,319,319,53104,55200,Scott Road Station @ Bay 1,Scott Road Station @ Bay 4,53104,Scott Road Station,73230,73710,in_service_layover,66.20442880982787,71.50531529325822,29.89699976654714,480,8.0,20:20:30,20:28:30,False,,no_dispenser,0
2161532,heavy,312.0,62.0,40-ft,STC,3,SUN,14862404,14878521,312,640,53104,55096,Scott Road Station @ Bay 1,Scott Road Station @ Bay 7,53104,Scott Road Station,73890,74490,in_service_layover,50.41497819628715,58.2456936734015,44.1652352909249,600,10.0,20:31:30,20:41:30,False,,no_dispenser,0
2161618,heavy,319.0,46.0,40-ft,STC,3,SUN,14863199,14863276,319,319,53104,55200,Scott Road Station @ Bay 1,Scott Road Station @ Bay 4,53104,Scott Road Station,74130,74610,in_service_layover,67.62632787284753,72.76994221804985,29.0099849069411,480,8.0,20:35:30,20:43:30,False,,no_dispenser,0
2161529,heavy,312.0,67.0,40-ft,STC,3,SUN,14878493,14862462,640,312,53104,57566,Scott Road Station @ Bay 1,Scott Road Station @ Bay 8,53104,Scott Road Station,74250,74490,in_service_layover,50.332971995803476,53.425813905822736,17.443628372508613,240,4.0,20:37:30,20:41:30,False,,no_dispenser,0
2161617,heavy,319.0,43.0,40-ft,STC,3,SUN,14863200,14863277,319,319,53104,55200,Scott Road Station @ Bay 1,Scott Road Station @ Bay 4,53104,Scott Road Station,75030,75510,in_service_layover,63.771715058736156,69.33013162492723,31.349469433317722,480,8.0,20:50:30,20:58:30,False,,no_dispenser,0
2161530,heavy,312.0,60.0,40-ft,STC,3,SUN,14862431,14878546,312,640,53104,55096,Scott Road Station @ Bay 1,Scott Road Station @ Bay 7,53104,Scott Road Station,75690,76290,in_service_layover,58.85629638375818,66.27194837829971,41.824277249214276,600,10.0,21:01:30,21:11:30,False,,no_dispenser,0
2161619,heavy,319.0,44.0,40-ft,STC,3,SUN,14863201,14863278,319,319,53104,55200,Scott Road Station @ Bay 1,Scott Road Station @ Bay 4,53104,Scott Road Station,75930,76410,in_service_layover,64.62221500175697,70.0922531811446,30.85101533174617,480,8.0,21:05:30,21:13:30,False,,no_dispenser,0
2161487,heavy,312.0,63.0,40-ft,STC,3,SUN,14878490,14862445,640,312,53104,57566,Scott Road Station @ Bay 1,Scott Road Station @ Bay 8,53104,Scott Road Station,76050,76290,in_service_layover,42.35337797571802,45.39377227854103,17.147823867921744,240,4.0,21:07:30,21:11:30,False,,no_dispenser,0
2161616,heavy,319.0,45.0,40-ft,STC,3,SUN,14863202,14863279,319,319,53104,55200,Scott Road Station @ Bay 1,Scott Road Station @ Bay 4,53104,Scott Road Station,76830,77310,in_service_layover,65.36120351014276,70.7530052732625,30.409761943995363,480,8.0,21:20:30,21:28:30,False,,no_dispenser,0
2161533,heavy,312.0,64.0,40-ft,STC,3,SUN,14862407,14878520,312,640,53104,55096,Scott Road Station @ Bay 1,Scott Road Station @ Bay 7,53104,Scott Road Station,77490,78090,in_service_layover,60.10944265712622,67.36053073199251,40.896136742245915,600,10.0,21:31:30,21:41:30,False,,no_dispenser,0
2161615,heavy,319.0,42.0,40-ft,STC,3,SUN,14863203,14863280,319,319,53104,55200,Scott Road Station @ Bay 1,Scott Road Station @ Bay 4,53104,Scott Road Station,77670,78210,in_service_layover,66.57254454380045,72.41279443858372,32.93900940657761,540,9.0,21:34:30,21:43:30,False,,no_dispenser,0
2161614,heavy,319.0,40.0,40-ft,STC,3,SUN,14863204,14863281,319,319,53104,55200,Scott Road Station @ Bay 1,Scott Road Station @ Bay 4,53104,Scott Road Station,78570,79110,in_service_layover,66.00259589065273,71.91342594804566,33.337081523696156,540,9.0,21:49:30,21:58:30,False,,no_dispenser,0
2161529,heavy,312.0,67.0,40-ft,STC,3,SUN,14862432,14878547,312,640,53104,55096,Scott Road Station @ Bay 1,Scott Road Station @ Bay 7,53104,Scott Road Station,79290,79890,in_service_layover,53.226516437746795,61.04989444182406,44.12385194299577,600,10.0,22:01:30,22:11:30,False,,no_dispenser,0
2161618,heavy,319.0,46.0,40-ft,STC,3,SUN,14863205,14863282,319,319,53104,55200,Scott Road Station @ Bay 1,Scott Road Station @ Bay 4,53104,Scott Road Station,79470,80010,in_service_layover,67.14768183720837,72.91589735603648,32.53273552619049,540,9.0,22:04:30,22:13:30,False,,no_dispenser,0
2161532,heavy,312.0,62.0,40-ft,STC,3,SUN,14878504,14862451,640,312,53104,57566,Scott Road Station @ Bay 1,Scott Road Station @ Bay 8,53104,Scott Road Station,79650,80370,in_service_layover,46.679432712734126,55.99680748261936,52.54999370215273,720,12.0,22:07:30,22:19:30,False,,no_dispenser,0
2161617,heavy,319.0,43.0,40-ft,STC,3,SUN,14863206,14863283,319,319,53104,55200,Scott Road Station @ Bay 1,Scott Road Station @ Bay 4,53104,Scott Road Station,80370,80910,in_service_layover,64.66539206382244,70.73867688774817,34.2533264069412,540,9.0,22:19:30,22:28:30,False,,no_dispenser,0
2161487,heavy,312.0,63.0,40-ft,STC,3,SUN,14862405,14878518,312,640,53104,55096,Scott Road Station @ Bay 1,Scott Road Station @ Bay 7,53104,Scott Road Station,80970,81810,in_service_layover,45.776755548817476,56.658193844466474,61.37131198746039,840,14.0,22:29:30,22:43:30,False,,no_dispenser,0
2161530,heavy,312.0,60.0,40-ft,STC,3,SUN,14878513,14863284,640,319,53104,55200,Scott Road Station @ Bay 1,Scott Road Station @ Bay 4,53104,Scott Road Station,81450,81810,in_service_layover,53.965324713870125,58.695103060286826,26.675949873790216,360,6.0,22:37:30,22:43:30,False,,no_dispenser,0
2161616,heavy,319.0,45.0,40-ft,STC,3,SUN,14863208,14863285,319,319,53104,55200,Scott Road Station @ Bay 1,Scott Road Station @ Bay 4,53104,Scott Road Station,81930,82770,in_service_layover,65.94008670596757,74.53738520626106,48.48876354165532,840,14.0,22:45:30,22:59:30,False,,no_dispenser,0
2161615,heavy,319.0,42.0,40-ft,STC,3,SUN,14863209,14863286,319,319,53104,55200,Scott Road Station @ Bay 1,Scott Road Station @ Bay 4,53104,Scott Road Station,82830,83730,in_service_layover,67.4207249572594,76.18453357189713,49.42788058655685,900,15.0,23:00:30,23:15:30,False,,no_dispenser,0
2161614,heavy,319.0,40.0,40-ft,STC,3,SUN,14863210,14863287,319,319,53104,55200,Scott Road Station @ Bay 1,Scott Road Station @ Bay 4,53104,Scott Road Station,83730,84690,in_service_layover,68.6798173844856,77.59496977447928,50.28145947956432,960,16.0,23:15:30,23:31:30,False,,no_dispenser,0
2161532,heavy,312.0,62.0,40-ft,STC,3,SUN,14862426,14862452,312,312,53104,57566,Scott Road Station @ Bay 1,Scott Road Station @ Bay 8,53104,Scott Road Station,84390,84630,in_service_layover,49.538354923784986,52.621142032005466,17.386919290363494,240,4.0,23:26:30,23:30:30,False,,no_dispenser,0
2161617,heavy,319.0,43.0,40-ft,STC,3,SUN,14863212,14863288,319,319,53104,55200,Scott Road Station @ Bay 1,Scott Road Station @ Bay 4,53104,Scott Road Station,85410,85650,in_service_layover,67.68319455358034,70.3903446789855,15.268326707285155,240,4.0,23:43:30,23:47:30,False,,no_dispenser,0
2161530,heavy,312.0,60.0,40-ft,STC,3,SUN,14863213,14863289,319,319,53104,55200,Scott Road Station @ Bay 1,Scott Road Station @ Bay 4,53104,Scott Road Station,86310,86550,in_service_layover,57.028219639245094,60.196995667647535,17.871896800189802,240,4.0,23:58:30,24:02:30,False,,no_dispenser,0
2161615,heavy,319.0,42.0,40-ft,STC,3,SUN,14863215,14863291,319,319,53104,55200,Scott Road Station @ Bay 1,Scott Road Station @ Bay 4,53104,Scott Road Station,88050,88350,in_service_layover,65.9414870659688,69.39775064951694,19.4933266112115,300,5.0,24:27:30,24:32:30,False,,no_dispenser,0
2161532,heavy,312.0,62.0,40-ft,STC,3,SUN,14862414,14862458,312,312,53104,57566,Scott Road Station @ Bay 1,Scott Road Station @ Bay 8,53104,Scott Road Station,88530,88770,in_service_layover,45.359152559813445,48.41007388524212,17.207196275417715,240,4.0,24:35:30,24:39:30,False,,no_dispenser,0
2161614,heavy,319.0,40.0,40-ft,STC,3,SUN,14863216,14863292,319,319,53104,55200,Scott Road Station @ Bay 1,Scott Road Station @ Bay 4,53104,Scott Road Station,89010,89310,in_service_layover,67.35192326855096,70.71563505437258,18.97133447203396,300,5.0,24:43:30,24:48:30,False,,no_dispenser,0
2161617,heavy,319.0,43.0,40-ft,STC,3,SUN,14863141,14863217,319,319,53104,55200,Scott Road Station @ Bay 1,Scott Road Station @ Bay 4,53104,Scott Road Station,89970,90450,in_service_layover,66.8143047394741,72.048344840206,29.519986168127957,480,8.0,24:59:30,25:07:30,False,,no_dispenser,0
2161966,heavy,301.0,44.0,40-ft,RTC,3,SUN,14867316,14867379,340,340,56394,54887,Scottsdale Exchange @ Bay 1,Scottsdale Exchange @ Bay 3,56394,Scottsdale Exchange,29730,29910,in_service_layover,61.25739000567021,63.542588941639345,12.88852199886594,180,3.0,08:15:30,08:18:30,False,,no_dispenser,0
2161968,heavy,301.0,42.0,40-ft,RTC,3,SUN,14867317,14867352,340,340,56394,54887,Scottsdale Exchange @ Bay 1,Scottsdale Exchange @ Bay 3,56394,Scottsdale Exchange,30930,31110,in_service_layover,53.79128946086902,56.13954745758786,13.24417510149425,180,3.0,08:35:30,08:38:30,False,,no_dispenser,0
2161531,heavy,312.0,61.0,40-ft,STC,3,SUN,14862442,14862420,312,312,56394,54793,Scottsdale Exchange @ Bay 1,Scottsdale Exchange @ Bay 6,56394,Scottsdale Exchange,31290,32310,in_service_layover,68.06602942323717,77.54019461782194,53.43429169745815,1020,17.0,08:41:30,08:58:30,False,,no_dispenser,0
2161967,heavy,301.0,47.0,40-ft,RTC,3,SUN,14867343,14867380,340,340,56394,54887,Scottsdale Exchange @ Bay 1,Scottsdale Exchange @ Bay 3,56394,Scottsdale Exchange,32130,32310,in_service_layover,61.25739000567021,63.542588941639345,12.88852199886594,180,3.0,08:55:30,08:58:30,False,,no_dispenser,0
2161532,heavy,312.0,62.0,40-ft,STC,3,SUN,14862459,14862412,312,312,56394,54793,Scottsdale Exchange @ Bay 1,Scottsdale Exchange @ Bay 6,56394,Scottsdale Exchange,33210,34110,in_service_layover,68.06602942323717,76.69040458558268,48.64147591562869,900,15.0,09:13:30,09:28:30,False,,no_dispenser,0
2161966,heavy,301.0,44.0,40-ft,RTC,3,SUN,14867318,14867360,340,340,56394,54887,Scottsdale Exchange @ Bay 1,Scottsdale Exchange @ Bay 3,56394,Scottsdale Exchange,33570,34110,in_service_layover,58.56551866263898,65.33269569167935,38.16687844378765,540,9.0,09:19:30,09:28:30,False,,no_dispenser,0
2161484,heavy,312.0,65.0,40-ft,STC,3,SUN,14862149,14862181,310,310,56394,56394,Scottsdale Exchange @ Bay 1,Scottsdale Exchange @ Bay 1,56394,Scottsdale Exchange,34350,35190,in_service_layover,68.8121154844904,76.83387604923661,45.242729585168604,840,14.0,09:32:30,09:46:30,False,,no_dispenser,0
2161530,heavy,312.0,60.0,40-ft,STC,3,SUN,14862456,14862417,312,312,56394,54793,Scottsdale Exchange @ Bay 1,Scottsdale Exchange @ Bay 6,56394,Scottsdale Exchange,35010,35910,in_service_layover,62.752516201215805,72.49446380729168,54.944584498268,900,15.0,09:43:30,09:58:30,False,,no_dispenser,0
2161968,heavy,301.0,42.0,40-ft,RTC,3,SUN,14867312,14867353,340,340,56394,54887,Scottsdale Exchange @ Bay 1,Scottsdale Exchange @ Bay 3,56394,Scottsdale Exchange,35130,35910,in_service_layover,55.926937114260056,65.69195913472245,55.07472419540795,780,13.0,09:45:30,09:58:30,False,,no_dispenser,0
2161533,heavy,312.0,64.0,40-ft,STC,3,SUN,14862436,14862413,312,312,56394,54793,Scottsdale Exchange @ Bay 1,Scottsdale Exchange @ Bay 6,56394,Scottsdale Exchange,36810,37710,in_service_layover,64.68496260426419,74.02851020490081,52.697608467590555,900,15.0,10:13:30,10:28:30,False,,no_dispenser,0
2161967,heavy,301.0,47.0,40-ft,RTC,3,SUN,14867319,14867361,340,340,56394,54887,Scottsdale Exchange @ Bay 1,Scottsdale Exchange @ Bay 3,56394,Scottsdale Exchange,36930,37710,in_service_layover,67.07401076429636,74.9629631374509,44.493691384591614,780,13.0,10:15:30,10:28:30,False,,no_dispenser,0
2161485,heavy,312.0,66.0,40-ft,STC,3,SUN,14862150,14862182,310,310,56394,56394,Scottsdale Exchange @ Bay 1,Scottsdale Exchange @ Bay 1,56394,Scottsdale Exchange,37950,38670,in_service_layover,60.97843431134543,69.35722132301268,47.25635874580331,720,12.0,10:32:30,10:44:30,False,,no_dispenser,0
2161532,heavy,312.0,62.0,40-ft,STC,3,SUN,14862444,14862406,312,312,56394,54793,Scottsdale Exchange @ Bay 1,Scottsdale Exchange @ Bay 6,56394,Scottsdale Exchange,38670,39510,in_service_layover,67.1362622609531,75.49632238666429,47.150739109011056,840,14.0,10:44:30,10:58:30,False,,no_dispenser,0
2161966,heavy,301.0,44.0,40-ft,RTC,3,SUN,14867313,14867354,340,340,56394,54887,Scottsdale Exchange @ Bay 1,Scottsdale Exchange @ Bay 3,56394,Scottsdale Exchange,38730,39510,in_service_layover,67.88596050096497,75.62399340818968,43.642505596747355,780,13.0,10:45:30,10:58:30,False,,no_dispenser,0
2161484,heavy,312.0,65.0,40-ft,STC,3,SUN,14862143,14862172,310,310,56394,56394,Scottsdale Exchange @ Bay 1,Scottsdale Exchange @ Bay 1,56394,Scottsdale Exchange,39750,40470,in_service_layover,62.87464214834625,70.95492128332718,45.57277432129246,720,12.0,11:02:30,11:14:30,False,,no_dispenser,0
2161584,heavy,320.0,55.0,40-ft,STC,3,SUN,14862756,14862729,316,316,54793,55041,Scottsdale Exchange @ Bay 6,Scottsdale Exchange @ Bay 2,54793,Scottsdale Exchange,40050,40470,in_service_layover,63.341477147231394,68.29884965181262,27.959580925838054,420,7.0,11:07:30,11:14:30,False,,no_dispenser,0
2161487,heavy,312.0,63.0,40-ft,STC,3,SUN,14862437,14862418,312,312,56394,54793,Scottsdale Exchange @ Bay 1,Scottsdale Exchange @ Bay 6,56394,Scottsdale Exchange,40470,41310,in_service_layover,59.49160909751778,69.32018183337854,55.43315023025474,840,14.0,11:14:30,11:28:30,False,,no_dispenser,0
2162120,heavy,502.0,59.0,40-ft,STC,3,SUN,14869582,14869556,364,364,56394,55192,Scottsdale Exchange @ Bay 1,Scottsdale Exchange @ Bay 9,56394,Scottsdale Exchange,40530,41250,in_service_layover,62.991992818454534,71.05350802490045,45.46694576435493,720,12.0,11:15:30,11:27:30,False,,no_dispenser,0
2161968,heavy,301.0,42.0,40-ft,RTC,3,SUN,14867320,14867362,340,340,56394,54887,Scottsdale Exchange @ Bay 1,Scottsdale Exchange @ Bay 3,56394,Scottsdale Exchange,40530,41310,in_service_layover,66.66511820400626,74.62945847888795,44.918879150332714,780,13.0,11:15:30,11:28:30,False,,no_dispenser,0
2161486,heavy,312.0,68.0,40-ft,STC,3,SUN,14862151,14862183,310,310,56394,56394,Scottsdale Exchange @ Bay 1,Scottsdale Exchange @ Bay 1,56394,Scottsdale Exchange,41550,42270,in_service_layover,60.97843431134543,69.35722132301268,47.25635874580331,720,12.0,11:32:30,11:44:30,False,,no_dispenser,0
2161531,heavy,312.0,61.0,40-ft,STC,3,SUN,14862435,14862409,312,312,56394,54793,Scottsdale Exchange @ Bay 1,Scottsdale Exchange @ Bay 6,56394,Scottsdale Exchange,42270,43110,in_service_layover,61.72550282274876,71.13060542333682,53.04477866731662,840,14.0,11:44:30,11:58:30,False,,no_dispenser,0
2161967,heavy,301.0,47.0,40-ft,RTC,3,SUN,14867314,14867363,340,340,56394,54887,Scottsdale Exchange @ Bay 1,Scottsdale Exchange @ Bay 3,56394,Scottsdale Exchange,42330,43110,in_service_layover,65.40051549490174,73.59540686174077,46.21918730897215,780,13.0,11:45:30,11:58:30,False,,no_dispenser,0
2162122,heavy,502.0,61.0,40-ft,STC,3,SUN,14869583,14869557,364,364,56394,55192,Scottsdale Exchange @ Bay 1,Scottsdale Exchange @ Bay 9,56394,Scottsdale Exchange,42390,43050,in_service_layover,60.65939842006263,68.47376001365893,44.07299938788316,660,11.0,11:46:30,11:57:30,False,,no_dispenser,0
2161485,heavy,312.0,66.0,40-ft,STC,3,SUN,14862144,14862173,310,310,56394,56394,Scottsdale Exchange @ Bay 1,Scottsdale Exchange @ Bay 1,56394,Scottsdale Exchange,43470,44070,in_service_layover,55.39798742212232,63.12633394858283,43.587874409237315,600,10.0,12:04:30,12:14:30,False,,no_dispenser,0
2161586,heavy,320.0,62.0,40-ft,STC,3,SUN,14862765,14862736,316,316,54793,55041,Scottsdale Exchange @ Bay 6,Scottsdale Exchange @ Bay 2,54793,Scottsdale Exchange,43770,44190,in_service_layover,63.74639724272528,68.66832747317085,27.759686499712984,420,7.0,12:09:30,12:16:30,False,,no_dispenser,0
2161529,heavy,312.0,67.0,40-ft,STC,3,SUN,14862453,14862410,312,312,56394,54793,Scottsdale Exchange @ Bay 1,Scottsdale Exchange @ Bay 6,56394,Scottsdale Exchange,44130,44910,in_service_layover,58.89147653325384,68.23067532480276,52.673081184335956,780,13.0,12:15:30,12:28:30,False,,no_dispenser,0
2161966,heavy,301.0,44.0,40-ft,RTC,3,SUN,14867326,14867364,340,340,56394,54887,Scottsdale Exchange @ Bay 1,Scottsdale Exchange @ Bay 3,56394,Scottsdale Exchange,44130,44910,in_service_layover,66.06154576564053,74.13641563879845,45.542266084610674,780,13.0,12:15:30,12:28:30,False,,no_dispenser,0
2161484,heavy,312.0,65.0,40-ft,STC,3,SUN,14862152,14862184,310,310,56394,56394,Scottsdale Exchange @ Bay 1,Scottsdale Exchange @ Bay 1,56394,Scottsdale Exchange,45270,45810,in_service_layover,56.99568738243682,63.89988083501723,38.93965107255349,540,9.0,12:34:30,12:43:30,False,,no_dispenser,0
2161584,heavy,320.0,55.0,40-ft,STC,3,SUN,14862766,14862744,316,316,54793,55041,Scottsdale Exchange @ Bay 6,Scottsdale Exchange @ Bay 2,54793,Scottsdale Exchange,45810,46110,in_service_layover,65.91293487317195,69.37102143453274,19.50360820607483,300,5.0,12:43:30,12:48:30,False,,no_dispenser,0
2161530,heavy,312.0,60.0,40-ft,STC,3,SUN,14862434,14862411,312,312,56394,54793,Scottsdale Exchange @ Bay 1,Scottsdale Exchange @ Bay 6,56394,Scottsdale Exchange,45930,46710,in_service_layover,60.70962053202831,69.72531511300852,50.8485174367284,780,13.0,12:45:30,12:58:30,False,,no_dispenser,0
2161968,heavy,301.0,42.0,40-ft,RTC,3,SUN,14867327,14867365,340,340,56394,54887,Scottsdale Exchange @ Bay 1,Scottsdale Exchange @ Bay 3,56394,Scottsdale Exchange,45930,46710,in_service_layover,65.0670108363388,73.32204865254482,46.55841328340199,780,13.0,12:45:30,12:58:30,False,,no_dispenser,0
2162121,heavy,502.0,63.0,40-ft,STC,3,SUN,14869585,14869559,364,364,56394,55192,Scottsdale Exchange @ Bay 1,Scottsdale Exchange @ Bay 9,56394,Scottsdale Exchange,45990,46650,in_service_layover,60.031923435332246,67.93335009551168,44.56404636341199,660,11.0,12:46:30,12:57:30,False,,no_dispenser,0
2161486,heavy,312.0,68.0,40-ft,STC,3,SUN,14862145,14862174,310,310,56394,56394,Scottsdale Exchange @ Bay 1,Scottsdale Exchange @ Bay 1,56394,Scottsdale Exchange,47070,47610,in_service_layover,55.39798742212232,62.39983668195741,39.4904298254699,540,9.0,13:04:30,13:13:30,False,,no_dispenser,0
2161533,heavy,312.0,64.0,40-ft,STC,3,SUN,14862454,14862419,312,312,56394,54793,Scottsdale Exchange @ Bay 1,Scottsdale Exchange @ Bay 6,56394,Scottsdale Exchange,47730,48510,in_service_layover,62.55345722651775,71.2529864073555,49.06534457992484,780,13.0,13:15:30,13:28:30,False,,no_dispenser,0
2162123,heavy,502.0,64.0,40-ft,STC,3,SUN,14869586,14869566,364,364,56394,55192,Scottsdale Exchange @ Bay 1,Scottsdale Exchange @ Bay 9,56394,Scottsdale Exchange,47850,49230,in_service_layover,60.031923435332246,74.23974507648147,80.1321140560816,1380,23.0,13:17:30,13:40:30,False,,no_dispenser,0
2161485,heavy,312.0,66.0,40-ft,STC,3,SUN,14862153,14862185,310,310,56394,56394,Scottsdale Exchange @ Bay 1,Scottsdale Exchange @ Bay 1,56394,Scottsdale Exchange,48990,49470,in_service_layover,49.16710004769248,55.377718613994965,35.02788871394603,480,8.0,13:36:30,13:44:30,False,,no_dispenser,0
2161586,heavy,320.0,62.0,40-ft,STC,3,SUN,14862767,14862745,316,316,54793,55041,Scottsdale Exchange @ Bay 6,Scottsdale Exchange @ Bay 2,54793,Scottsdale Exchange,49470,49710,in_service_layover,64.41982575415683,67.28886472559151,16.1813797988915,240,4.0,13:44:30,13:48:30,False,,no_dispenser,0
2161532,heavy,312.0,62.0,40-ft,STC,3,SUN,14862441,14862408,312,312,56394,54793,Scottsdale Exchange @ Bay 1,Scottsdale Exchange @ Bay 6,56394,Scottsdale Exchange,49590,50310,in_service_layover,57.99333098584759,66.83963437556386,49.893151117999764,720,12.0,13:46:30,13:58:30,False,,no_dispenser,0
2162120,heavy,502.0,59.0,40-ft,STC,3,SUN,14869600,14869562,364,364,56394,55192,Scottsdale Exchange @ Bay 1,Scottsdale Exchange @ Bay 9,56394,Scottsdale Exchange,49650,50430,in_service_layover,57.80107267144194,67.31718895376582,53.670895832306655,780,13.0,13:47:30,14:00:30,False,,no_dispenser,0
2161484,heavy,312.0,65.0,40-ft,STC,3,SUN,14862146,14862175,310,310,56394,56394,Scottsdale Exchange @ Bay 1,Scottsdale Exchange @ Bay 1,56394,Scottsdale Exchange,50790,51270,in_service_layover,49.94064693412687,56.16958335762897,35.13120142855189,480,8.0,14:06:30,14:14:30,False,,no_dispenser,0
2161584,heavy,320.0,55.0,40-ft,STC,3,SUN,14862753,14862728,316,316,54793,55041,Scottsdale Exchange @ Bay 6,Scottsdale Exchange @ Bay 2,54793,Scottsdale Exchange,51270,51510,in_service_layover,63.77612554217601,66.67559951181308,16.353033188753045,240,4.0,14:14:30,14:18:30,False,,no_dispenser,0
2162122,heavy,502.0,61.0,40-ft,STC,3,SUN,14869587,14869563,364,364,56394,55192,Scottsdale Exchange @ Bay 1,Scottsdale Exchange @ Bay 9,56394,Scottsdale Exchange,51330,51630,in_service_layover,55.37379203675135,59.32763692994263,22.29968519759882,300,5.0,14:15:30,14:20:30,False,,no_dispenser,0
2161487,heavy,312.0,63.0,40-ft,STC,3,SUN,14862457,14862428,312,312,56394,54793,Scottsdale Exchange @ Bay 1,Scottsdale Exchange @ Bay 6,56394,Scottsdale Exchange,51390,52110,in_service_layover,57.10078648401614,66.06237409985262,50.54335415331769,720,12.0,14:16:30,14:28:30,False,,no_dispenser,0
2161486,heavy,312.0,68.0,40-ft,STC,3,SUN,14862154,14862186,310,310,56394,56394,Scottsdale Exchange @ Bay 1,Scottsdale Exchange @ Bay 1,56394,Scottsdale Exchange,52710,53070,in_service_layover,48.44060278106706,53.067130136564614,26.093614285006197,360,6.0,14:38:30,14:44:30,False,,no_dispenser,0
2161585,heavy,320.0,57.0,40-ft,STC,3,SUN,14862768,14862746,316,316,54793,55041,Scottsdale Exchange @ Bay 6,Scottsdale Exchange @ Bay 2,54793,Scottsdale Exchange,53070,53310,in_service_layover,66.83735658188627,69.58879042516945,15.518086876117081,240,4.0,14:44:30,14:48:30,False,,no_dispenser,0
2161531,heavy,312.0,61.0,40-ft,STC,3,SUN,14862439,14862422,312,312,56394,54793,Scottsdale Exchange @ Bay 1,Scottsdale Exchange @ Bay 6,56394,Scottsdale Exchange,53250,53910,in_service_layover,58.53930506093648,66.65862395942082,45.79295858745172,660,11.0,14:47:30,14:58:30,False,,no_dispenser,0
2162126,heavy,502.0,66.0,40-ft,STC,3,SUN,14869588,14869538,364,364,56394,55192,Scottsdale Exchange @ Bay 1,Scottsdale Exchange @ Bay 9,56394,Scottsdale Exchange,53310,54030,in_service_layover,58.72378208541368,67.46396533436369,49.29463352407811,720,12.0,14:48:30,15:00:30,False,,no_dispenser,0
2161485,heavy,312.0,66.0,40-ft,STC,3,SUN,14862147,14862176,310,310,56394,56394,Scottsdale Exchange @ Bay 1,Scottsdale Exchange @ Bay 1,56394,Scottsdale Exchange,54570,54930,in_service_layover,41.41848471310461,45.98022498516343,25.728215134411755,360,6.0,15:09:30,15:15:30,False,,no_dispenser,0
2161586,heavy,320.0,62.0,40-ft,STC,3,SUN,14862760,14862731,316,316,54793,55041,Scottsdale Exchange @ Bay 6,Scottsdale Exchange @ Bay 2,54793,Scottsdale Exchange,54870,55110,in_service_layover,61.154024130250036,64.17747452598289,17.052260231933303,240,4.0,15:14:30,15:18:30,False,,no_dispenser,0
2161529,heavy,312.0,67.0,40-ft,STC,3,SUN,14862450,14862423,312,312,56394,54793,Scottsdale Exchange @ Bay 1,Scottsdale Exchange @ Bay 6,56394,Scottsdale Exchange,55110,55710,in_service_layover,56.89477713506172,64.51227357898944,42.962679943752335,600,10.0,15:18:30,15:28:30,False,,no_dispenser,0
2161484,heavy,312.0,65.0,40-ft,STC,3,SUN,14862155,14862187,310,310,56394,56394,Scottsdale Exchange @ Bay 1,Scottsdale Exchange @ Bay 1,56394,Scottsdale Exchange,56370,56850,in_service_layover,42.21034945673862,48.30889947842329,34.39582212230158,480,8.0,15:39:30,15:47:30,False,,no_dispenser,0
2161584,heavy,320.0,55.0,40-ft,STC,3,SUN,14862769,14862747,316,316,54793,55041,Scottsdale Exchange @ Bay 6,Scottsdale Exchange @ Bay 2,54793,Scottsdale Exchange,56670,56910,in_service_layover,59.86436913457058,62.9497017468156,17.401275933061868,240,4.0,15:44:30,15:48:30,False,,no_dispenser,0
2161968,heavy,301.0,42.0,40-ft,RTC,3,SUN,14867333,14867371,340,340,56394,54887,Scottsdale Exchange @ Bay 1,Scottsdale Exchange @ Bay 3,56394,Scottsdale Exchange,56730,57510,in_service_layover,69.48044181099397,76.91737505155919,41.944303476787866,780,13.0,15:45:30,15:58:30,False,,no_dispenser,0
2161530,heavy,312.0,60.0,40-ft,STC,3,SUN,14862438,14862427,312,312,56394,54793,Scottsdale Exchange @ Bay 1,Scottsdale Exchange @ Bay 6,56394,Scottsdale Exchange,56970,57510,in_service_layover,56.32322861137972,63.27366580389548,39.20046576578898,540,9.0,15:49:30,15:58:30,False,,no_dispenser,0
2161486,heavy,312.0,68.0,40-ft,STC,3,SUN,14862138,14862177,310,310,56394,56394,Scottsdale Exchange @ Bay 1,Scottsdale Exchange @ Bay 1,56394,Scottsdale Exchange,58170,58590,in_service_layover,39.10789623567425,44.419373324293225,29.95673077981104,420,7.0,16:09:30,16:16:30,False,,no_dispenser,0
2161585,heavy,320.0,57.0,40-ft,STC,3,SUN,14862762,14862742,316,316,54793,55041,Scottsdale Exchange @ Bay 6,Scottsdale Exchange @ Bay 2,54793,Scottsdale Exchange,58530,58710,in_service_layover,61.947436237551216,64.20816544898557,12.750512752489783,180,3.0,16:15:30,16:18:30,False,,no_dispenser,0
2161967,heavy,301.0,47.0,40-ft,RTC,3,SUN,14867334,14867372,340,340,56394,54887,Scottsdale Exchange @ Bay 1,Scottsdale Exchange @ Bay 3,56394,Scottsdale Exchange,58530,59310,in_service_layover,69.08449405063799,76.59678157598748,42.36930164297115,780,13.0,16:15:30,16:28:30,False,,no_dispenser,0
2162123,heavy,502.0,64.0,40-ft,STC,3,SUN,14869590,14869541,364,364,56394,55192,Scottsdale Exchange @ Bay 1,Scottsdale Exchange @ Bay 9,56394,Scottsdale Exchange,58590,58830,in_service_layover,68.00852564194518,70.69817380972174,15.169615666259745,240,4.0,16:16:30,16:20:30,False,,no_dispenser,0
2161533,heavy,312.0,64.0,40-ft,STC,3,SUN,14862440,14862424,312,312,56394,54793,Scottsdale Exchange @ Bay 1,Scottsdale Exchange @ Bay 6,56394,Scottsdale Exchange,58770,59310,in_service_layover,57.490757389932476,64.35613694610642,38.72074069682105,540,9.0,16:19:30,16:28:30,False,,no_dispenser,0
2162120,heavy,502.0,59.0,40-ft,STC,3,SUN,14869591,14869569,364,364,56394,55192,Scottsdale Exchange @ Bay 1,Scottsdale Exchange @ Bay 9,56394,Scottsdale Exchange,59790,60030,in_service_layover,62.412378706860714,65.37633243230466,16.716699011503806,240,4.0,16:36:30,16:40:30,False,,no_dispenser,0
2161485,heavy,312.0,66.0,40-ft,STC,3,SUN,14862156,14862188,310,310,56394,56394,Scottsdale Exchange @ Bay 1,Scottsdale Exchange @ Bay 1,56394,Scottsdale Exchange,60030,60330,in_service_layover,32.02099108427307,35.77905535116505,21.19548246527077,300,5.0,16:40:30,16:45:30,False,,no_dispenser,0
2161586,heavy,320.0,62.0,40-ft,STC,3,SUN,14862770,14862748,316,316,54793,55041,Scottsdale Exchange @ Bay 6,Scottsdale Exchange @ Bay 2,54793,Scottsdale Exchange,60330,60510,in_service_layover,57.48582140663076,59.86727369956378,13.431390932142165,180,3.0,16:45:30,16:48:30,False,,no_dispenser,0
2161966,heavy,301.0,44.0,40-ft,RTC,3,SUN,14867345,14867382,340,340,56394,54887,Scottsdale Exchange @ Bay 1,Scottsdale Exchange @ Bay 3,56394,Scottsdale Exchange,60330,61110,in_service_layover,69.6360793775701,77.04328703003888,41.77665115992397,780,13.0,16:45:30,16:58:30,False,,no_dispenser,0
2161532,heavy,312.0,62.0,40-ft,STC,3,SUN,14862455,14862425,312,312,56394,54793,Scottsdale Exchange @ Bay 1,Scottsdale Exchange @ Bay 6,56394,Scottsdale Exchange,60570,61110,in_service_layover,53.7867975553583,60.84442499224042,39.80501874401517,540,9.0,16:49:30,16:58:30,False,,no_dispenser,0
2162122,heavy,502.0,61.0,40-ft,STC,3,SUN,14869602,14869542,364,364,56394,55192,Scottsdale Exchange @ Bay 1,Scottsdale Exchange @ Bay 9,56394,Scottsdale Exchange,60810,61230,in_service_layover,56.00597833479919,61.496836986364755,30.968442794829798,420,7.0,16:53:30,17:00:30,False,,no_dispenser,0
2161484,heavy,312.0,65.0,40-ft,STC,3,SUN,14862139,14862178,310,310,56394,56394,Scottsdale Exchange @ Bay 1,Scottsdale Exchange @ Bay 1,56394,Scottsdale Exchange,62010,62190,in_service_layover,34.34966557753293,36.60756705658149,12.734564341833817,180,3.0,17:13:30,17:16:30,False,,no_dispenser,0
2161584,heavy,320.0,55.0,40-ft,STC,3,SUN,14862755,14862732,316,316,54793,55041,Scottsdale Exchange @ Bay 6,Scottsdale Exchange @ Bay 2,54793,Scottsdale Exchange,62130,62310,in_service_layover,57.80593587105195,60.18661031451204,13.427003861114883,180,3.0,17:15:30,17:18:30,False,,no_dispenser,0
2161968,heavy,301.0,42.0,40-ft,RTC,3,SUN,14867335,14867381,340,340,56394,54887,Scottsdale Exchange @ Bay 1,Scottsdale Exchange @ Bay 3,56394,Scottsdale Exchange,62130,62970,in_service_layover,67.35492740901003,75.67123725783367,46.90398754736532,840,14.0,17:15:30,17:29:30,False,,no_dispenser,0
2161487,heavy,312.0,63.0,40-ft,STC,3,SUN,14862449,14862415,312,312,56394,54793,Scottsdale Exchange @ Bay 1,Scottsdale Exchange @ Bay 6,56394,Scottsdale Exchange,62310,62910,in_service_layover,51.61041219151128,59.453964726103806,44.23763629510182,600,10.0,17:18:30,17:28:30,False,,no_dispenser,0
2162126,heavy,502.0,66.0,40-ft,STC,3,SUN,14869593,14869570,364,364,56394,55192,Scottsdale Exchange @ Bay 1,Scottsdale Exchange @ Bay 9,56394,Scottsdale Exchange,63090,63630,in_service_layover,63.01825674575847,69.28559675049068,35.34779762668967,540,9.0,17:31:30,17:40:30,False,,no_dispenser,0
2161585,heavy,320.0,57.0,40-ft,STC,3,SUN,14862771,14862749,316,316,54793,55041,Scottsdale Exchange @ Bay 6,Scottsdale Exchange @ Bay 2,54793,Scottsdale Exchange,63930,64110,in_service_layover,58.258242600868826,60.63493308381166,13.404534323797577,180,3.0,17:45:30,17:48:30,False,,no_dispenser,0
2161967,heavy,301.0,47.0,40-ft,RTC,3,SUN,14867336,14867373,340,340,56394,54887,Scottsdale Exchange @ Bay 1,Scottsdale Exchange @ Bay 3,56394,Scottsdale Exchange,63930,64770,in_service_layover,67.03433393343833,75.41474656526171,47.265527243483916,840,14.0,17:45:30,17:59:30,False,,no_dispenser,0
2161533,heavy,312.0,64.0,40-ft,STC,3,SUN,14862433,14862421,312,312,56394,54793,Scottsdale Exchange @ Bay 1,Scottsdale Exchange @ Bay 6,56394,Scottsdale Exchange,64110,64710,in_service_layover,59.31644691760645,66.67443784187283,41.49906881286233,600,10.0,17:48:30,17:58:30,False,,no_dispenser,0
2162121,heavy,502.0,63.0,40-ft,STC,3,SUN,14869603,14869544,364,364,56394,55192,Scottsdale Exchange @ Bay 1,Scottsdale Exchange @ Bay 9,56394,Scottsdale Exchange,64350,64830,in_service_layover,51.18505694616675,57.44626822825192,35.31323163096033,480,8.0,17:52:30,18:00:30,False,,no_dispenser,0
2164577,heavy,502.0,68.0,40-ft,STC,3,SUN,14869594,14869545,364,364,56394,55192,Scottsdale Exchange @ Bay 1,Scottsdale Exchange @ Bay 9,56394,Scottsdale Exchange,65370,66030,in_service_layover,69.7875382740273,76.2256774287811,36.31110483281145,660,11.0,18:09:30,18:20:30,False,,no_dispenser,0
2161485,heavy,312.0,66.0,40-ft,STC,3,SUN,14862140,14862180,310,310,56394,56394,Scottsdale Exchange @ Bay 1,Scottsdale Exchange @ Bay 1,56394,Scottsdale Exchange,65490,65670,in_service_layover,21.819821450274695,24.043428473910552,12.541143613306247,180,3.0,18:11:30,18:14:30,False,,no_dispenser,0
2161586,heavy,320.0,62.0,40-ft,STC,3,SUN,14862757,14862737,316,316,54793,55041,Scottsdale Exchange @ Bay 6,Scottsdale Exchange @ Bay 2,54793,Scottsdale Exchange,65670,65910,in_service_layover,54.802240744189845,57.95303984493733,17.77050692821581,240,4.0,18:14:30,18:18:30,False,,no_dispenser,0
2161966,heavy,301.0,44.0,40-ft,RTC,3,SUN,14867338,14867374,340,340,56394,54887,Scottsdale Exchange @ Bay 1,Scottsdale Exchange @ Bay 3,56394,Scottsdale Exchange,65730,66570,in_service_layover,67.48083938748972,75.77190500892681,46.761610104905174,840,14.0,18:15:30,18:29:30,False,,no_dispenser,0
2161529,heavy,312.0,67.0,40-ft,STC,3,SUN,14862443,14862402,312,312,56394,54793,Scottsdale Exchange @ Bay 1,Scottsdale Exchange @ Bay 6,56394,Scottsdale Exchange,65910,66510,in_service_layover,50.299073531537566,58.12728720634299,44.15112512590264,600,10.0,18:18:30,18:28:30,False,,no_dispenser,0
2164576,heavy,502.0,67.0,40-ft,STC,3,SUN,14869595,14869571,364,364,56394,55192,Scottsdale Exchange @ Bay 1,Scottsdale Exchange @ Bay 9,56394,Scottsdale Exchange,66570,67230,in_service_layover,67.21234703929329,74.05951886558807,38.61804910030264,660,11.0,18:29:30,18:40:30,False,,no_dispenser,0
2161484,heavy,312.0,65.0,40-ft,STC,3,SUN,14862158,14862190,310,310,56394,56394,Scottsdale Exchange @ Bay 1,Scottsdale Exchange @ Bay 1,56394,Scottsdale Exchange,67290,67530,in_service_layover,22.648333155691127,25.618975745599155,16.754424207081286,240,4.0,18:41:30,18:45:30,False,,no_dispenser,0
2161584,heavy,320.0,55.0,40-ft,STC,3,SUN,14862772,14862750,316,316,54793,55041,Scottsdale Exchange @ Bay 6,Scottsdale Exchange @ Bay 2,54793,Scottsdale Exchange,67470,67710,in_service_layover,55.89080182919266,59.05571547335664,17.850112953084817,240,4.0,18:44:30,18:48:30,False,,no_dispenser,0
2161968,heavy,301.0,42.0,40-ft,RTC,3,SUN,14867339,14867375,340,340,56394,54887,Scottsdale Exchange @ Bay 1,Scottsdale Exchange @ Bay 3,56394,Scottsdale Exchange,67530,68370,in_service_layover,66.10878961528451,74.67284254719797,48.30125853599185,840,14.0,18:45:30,18:59:30,False,,no_dispenser,0
2161530,heavy,312.0,60.0,40-ft,STC,3,SUN,14862448,14862403,312,312,56394,54793,Scottsdale Exchange @ Bay 1,Scottsdale Exchange @ Bay 6,56394,Scottsdale Exchange,67710,68310,in_service_layover,49.14975897990357,56.94587773357915,43.97010977073029,600,10.0,18:48:30,18:58:30,False,,no_dispenser,0
2162120,heavy,502.0,59.0,40-ft,STC,3,SUN,14869604,14869546,364,364,56394,55192,Scottsdale Exchange @ Bay 1,Scottsdale Exchange @ Bay 9,56394,Scottsdale Exchange,68130,68790,in_service_layover,57.38433395065559,65.64246885602853,46.57588086630335,660,11.0,18:55:30,19:06:30,False,,no_dispenser,0
2161585,heavy,320.0,57.0,40-ft,STC,3,SUN,14862751,14862740,316,316,54793,55041,Scottsdale Exchange @ Bay 6,Scottsdale Exchange @ Bay 2,54793,Scottsdale Exchange,69210,69510,in_service_layover,56.32888685473764,60.28241696728611,22.297909834773407,300,5.0,19:13:30,19:18:30,False,,no_dispenser,0
2161967,heavy,301.0,47.0,40-ft,RTC,3,SUN,14867337,14867351,340,340,56394,54887,Scottsdale Exchange @ Bay 1,Scottsdale Exchange @ Bay 3,56394,Scottsdale Exchange,69330,70170,in_service_layover,65.85229892271258,74.46686938667591,48.58617741675323,840,14.0,19:15:30,19:29:30,False,,no_dispenser,0
2161531,heavy,312.0,61.0,40-ft,STC,3,SUN,14862460,14862430,312,312,56394,54793,Scottsdale Exchange @ Bay 1,Scottsdale Exchange @ Bay 6,56394,Scottsdale Exchange,69510,70110,in_service_layover,43.12547229110864,50.78497753183432,43.19960955769278,600,10.0,19:18:30,19:28:30,False,,no_dispenser,0
2162124,heavy,502.0,70.0,40-ft,STC,3,SUN,14869596,14869547,364,364,56394,55192,Scottsdale Exchange @ Bay 1,Scottsdale Exchange @ Bay 9,56394,Scottsdale Exchange,69750,70350,in_service_layover,55.17995218462532,62.921357741500714,43.661527340777184,600,10.0,19:22:30,19:32:30,False,,no_dispenser,0
2161966,heavy,301.0,44.0,40-ft,RTC,3,SUN,14867306,14867346,340,340,56394,54887,Scottsdale Exchange @ Bay 1,Scottsdale Exchange @ Bay 3,56394,Scottsdale Exchange,71130,71970,in_service_layover,66.20945736637765,74.75363869378707,48.189182686589106,840,14.0,19:45:30,19:59:30,False,,no_dispenser,0
2161532,heavy,312.0,62.0,40-ft,STC,3,SUN,14862447,14862404,312,312,56394,54793,Scottsdale Exchange @ Bay 1,Scottsdale Exchange @ Bay 6,56394,Scottsdale Exchange,71310,71910,in_service_layover,46.78985644466332,54.52489251782092,43.62560345260886,600,10.0,19:48:30,19:58:30,False,,no_dispenser,0
2162126,heavy,502.0,66.0,40-ft,STC,3,SUN,14869597,14869565,364,364,56394,55192,Scottsdale Exchange @ Bay 1,Scottsdale Exchange @ Bay 9,56394,Scottsdale Exchange,71430,71910,in_service_layover,60.68412763700648,66.54841304953362,33.07456972665307,480,8.0,19:50:30,19:58:30,False,,no_dispenser,0
2161584,heavy,320.0,55.0,40-ft,STC,3,SUN,14862758,14862741,316,316,54793,55041,Scottsdale Exchange @ Bay 6,Scottsdale Exchange @ Bay 2,54793,Scottsdale Exchange,72690,73110,in_service_layover,54.77097812694516,60.28681674882809,31.109329827419685,420,7.0,20:11:30,20:18:30,False,,no_dispenser,0
2161968,heavy,301.0,42.0,40-ft,RTC,3,SUN,14867321,14867347,340,340,56394,54887,Scottsdale Exchange @ Bay 1,Scottsdale Exchange @ Bay 3,56394,Scottsdale Exchange,72930,73770,in_service_layover,65.11039490464881,73.8701773178807,49.405172810627846,840,14.0,20:15:30,20:29:30,False,,no_dispenser,0
2161530,heavy,312.0,60.0,40-ft,STC,3,SUN,14862461,14862431,312,312,56394,54793,Scottsdale Exchange @ Bay 1,Scottsdale Exchange @ Bay 6,56394,Scottsdale Exchange,73050,73710,in_service_layover,54.462162943205016,62.96621070529195,47.962829378170284,660,11.0,20:17:30,20:28:30,False,,no_dispenser,0
2161967,heavy,301.0,47.0,40-ft,RTC,3,SUN,14867322,14867355,340,340,56394,54887,Scottsdale Exchange @ Bay 1,Scottsdale Exchange @ Bay 3,56394,Scottsdale Exchange,74730,75570,in_service_layover,64.90442174412675,73.70427717960723,49.63118465610984,840,14.0,20:45:30,20:59:30,False,,no_dispenser,0
2161533,heavy,312.0,64.0,40-ft,STC,3,SUN,14862446,14862407,312,312,56394,54793,Scottsdale Exchange @ Bay 1,Scottsdale Exchange @ Bay 6,56394,Scottsdale Exchange,74790,75510,in_service_layover,55.050569716744526,64.21935697865999,51.71196015720324,720,12.0,20:46:30,20:58:30,False,,no_dispenser,0
2161560,heavy,321.0,74.0,40-ft,STC,3,SUN,14862759,14862738,316,316,54793,55041,Scottsdale Exchange @ Bay 6,Scottsdale Exchange @ Bay 2,54793,Scottsdale Exchange,76170,76710,in_service_layover,49.37369889671746,56.38086063265941,39.52039219071264,540,9.0,21:09:30,21:18:30,False,,no_dispenser,0
2161529,heavy,312.0,67.0,40-ft,STC,3,SUN,14862462,14862432,312,312,56394,54793,Scottsdale Exchange @ Bay 1,Scottsdale Exchange @ Bay 6,56394,Scottsdale Exchange,76590,77310,in_service_layover,47.98158590272694,57.33643075928057,52.761324990962464,720,12.0,21:16:30,21:28:30,False,,no_dispenser,0
2161487,heavy,312.0,63.0,40-ft,STC,3,SUN,14862445,14862405,312,312,56394,54793,Scottsdale Exchange @ Bay 1,Scottsdale Exchange @ Bay 6,56394,Scottsdale Exchange,78330,79110,in_service_layover,39.949544275445234,49.88666987035125,56.04538835526995,780,13.0,21:45:30,21:58:30,False,,no_dispenser,0
2161556,heavy,320.0,63.0,40-ft,STC,3,SUN,14862763,14862733,316,316,54793,55041,Scottsdale Exchange @ Bay 6,Scottsdale Exchange @ Bay 2,54793,Scottsdale Exchange,79710,80190,in_service_layover,69.40023588271777,74.34066272844761,27.864007409916326,480,8.0,22:08:30,22:16:30,False,,no_dispenser,0
2161532,heavy,312.0,62.0,40-ft,STC,3,SUN,14862451,14862426,312,312,56394,54793,Scottsdale Exchange @ Bay 1,Scottsdale Exchange @ Bay 6,56394,Scottsdale Exchange,82290,82530,in_service_layover,50.552579479523565,53.64826924531876,17.459690279084896,240,4.0,22:51:30,22:55:30,False,,no_dispenser,0
2161968,heavy,301.0,42.0,40-ft,RTC,3,SUN,14867324,14867357,340,340,56394,54887,Scottsdale Exchange @ Bay 1,Scottsdale Exchange @ Bay 3,56394,Scottsdale Exchange,82770,83250,in_service_layover,68.03431992083496,73.13188807181537,28.75028437152946,480,8.0,22:59:30,23:07:30,False,,no_dispenser,0
2161911,heavy,321.0,76.0,40-ft,STC,3,SUN,14862761,14862743,316,316,54793,55041,Scottsdale Exchange @ Bay 6,Scottsdale Exchange @ Bay 2,54793,Scottsdale Exchange,83250,83670,in_service_layover,69.91561217607673,74.24761751302836,24.432510100407114,420,7.0,23:07:30,23:14:30,False,,no_dispenser,0
2161532,heavy,312.0,62.0,40-ft,STC,3,SUN,14862452,14862414,312,312,56394,54793,Scottsdale Exchange @ Bay 1,Scottsdale Exchange @ Bay 6,56394,Scottsdale Exchange,86550,86730,in_service_layover,47.176914028909664,49.46906688134723,12.927742087747845,180,3.0,24:02:30,24:05:30,False,,no_dispenser,0
2161968,heavy,301.0,42.0,40-ft,RTC,3,SUN,14867325,14867358,340,340,56394,54887,Scottsdale Exchange @ Bay 1,Scottsdale Exchange @ Bay 3,56394,Scottsdale Exchange,86670,86850,in_service_layover,63.56944042926621,65.77265176156175,12.426111914146759,180,3.0,24:04:30,24:07:30,False,,no_dispenser,0
2162435,heavy,503.0,50.0,40-ft,STC,3,SUN,14875749,14875663,503,503,56395,55441,Surrey Central Station @ Bay 1 Unloading Only,Surrey Central Station @ Bay 10,56395,Surrey Central Station,25770,25950,in_service_layover,67.00451593641293,69.08546602259135,11.736558486046249,180,3.0,07:09:30,07:12:30,False,,no_dispenser,0
2161565,heavy,321.0,61.0,40-ft,STC,3,SUN,14864244,14864271,321,321,61035,61035,Surrey Central Station @ Bay 12,Surrey Central Station @ Bay 12,61035,Surrey Central Station,25770,26370,in_service_layover,69.84922223193333,75.78163664432162,33.45881728587,600,10.0,07:09:30,07:19:30,False,,no_dispenser,0
2161762,heavy,321.0,63.0,40-ft,STC,3,SUN,14864178,14864270,321,321,61035,61035,Surrey Central Station @ Bay 12,Surrey Central Station @ Bay 12,61035,Surrey Central Station,27270,27810,in_service_layover,69.84922223193333,75.26818001939142,30.562921921263694,540,9.0,07:34:30,07:43:30,False,,no_dispenser,0
2161707,heavy,320.0,43.0,40-ft,STC,3,SUN,14874666,14865876,501,325,61035,55738,Surrey Central Station @ Bay 12,Surrey Central Station @ Bay 7,61035,Surrey Central Station,27690,28110,in_service_layover,69.28619056798982,73.68267688000465,24.796182799763585,420,7.0,07:41:30,07:48:30,False,,no_dispenser,0
2162436,heavy,503.0,51.0,40-ft,STC,3,SUN,14875745,14875655,503,503,56395,55441,Surrey Central Station @ Bay 1 Unloading Only,Surrey Central Station @ Bay 10,56395,Surrey Central Station,27870,28650,in_service_layover,67.00451593641293,74.90631061217675,44.56612197130795,780,13.0,07:44:30,07:57:30,False,,no_dispenser,0
2161910,heavy,321.0,64.0,40-ft,STC,3,SUN,14864177,14864269,321,321,61035,61035,Surrey Central Station @ Bay 12,Surrey Central Station @ Bay 12,61035,Surrey Central Station,27990,28470,in_service_layover,69.84922223193333,74.73699271606489,27.567025530502008,480,8.0,07:46:30,07:54:30,False,,no_dispenser,0
2161706,heavy,321.0,66.0,40-ft,STC,3,SUN,14864176,14864344,321,321,61035,61035,Surrey Central Station @ Bay 12,Surrey Central Station @ Bay 12,61035,Surrey Central Station,28830,29190,in_service_layover,69.84922223193333,73.62142608705248,21.275229742872,360,6.0,08:00:30,08:06:30,False,,no_dispenser,0
2161692,heavy,320.0,47.0,40-ft,STC,3,SUN,14863703,14863610,320,320,61035,55713,Surrey Central Station @ Bay 12,Surrey Central Station @ Bay 5,61035,Surrey Central Station,29130,29490,in_service_layover,68.36115431389031,72.26199996191252,22.000769454845226,360,6.0,08:05:30,08:11:30,False,,no_dispenser,0
2161696,heavy,320.0,53.0,40-ft,STC,3,SUN,14874665,14866840,501,337,61035,61677,Surrey Central Station @ Bay 12,Surrey Central Station @ Bay 5A,61035,Surrey Central Station,29670,29970,in_service_layover,69.28619056798982,72.5150110497751,18.21054751726888,300,5.0,08:14:30,08:19:30,False,,no_dispenser,0
2162439,heavy,503.0,55.0,40-ft,STC,3,SUN,14875718,14875654,503,503,56395,55441,Surrey Central Station @ Bay 1 Unloading Only,Surrey Central Station @ Bay 10,56395,Surrey Central Station,29730,30450,in_service_layover,67.00451593641293,74.40401299122925,41.73316338916402,720,12.0,08:15:30,08:27:30,False,,no_dispenser,0
2161562,heavy,321.0,67.0,40-ft,STC,3,SUN,14864203,14864262,321,321,61035,61035,Surrey Central Station @ Bay 12,Surrey Central Station @ Bay 12,61035,Surrey Central Station,30270,30750,in_service_layover,69.84922223193333,74.73699271606489,27.567025530502008,480,8.0,08:24:30,08:32:30,False,,no_dispenser,0
2161695,heavy,503.0,53.0,40-ft,STC,3,SUN,14875711,14875677,503,503,56395,55441,Surrey Central Station @ Bay 1 Unloading Only,Surrey Central Station @ Bay 10,56395,Surrey Central Station,30630,31350,in_service_layover,64.70555585087102,72.48920450721185,43.899778421762335,720,12.0,08:30:30,08:42:30,False,,no_dispenser,0
2161686,heavy,320.0,45.0,40-ft,STC,3,SUN,14866910,14874708,337,501,61035,55210,Surrey Central Station @ Bay 12,Surrey Central Station @ Bay 2,61035,Surrey Central Station,30630,31530,in_service_layover,67.82688411405636,76.50305411425687,48.933598801130984,900,15.0,08:30:30,08:45:30,False,,no_dispenser,0
2162418,heavy,502.0,50.0,40-ft,STC,3,SUN,14875187,14875097,502,502,56395,55070,Surrey Central Station @ Bay 1 Unloading Only,Surrey Central Station @ Bay 9,56395,Surrey Central Station,30750,31350,in_service_layover,62.725765855311785,69.64557570602122,39.02772755800123,600,10.0,08:32:30,08:42:30,False,,no_dispenser,0
2161704,heavy,321.0,62.0,40-ft,STC,3,SUN,14864181,14864261,321,321,61035,61035,Surrey Central Station @ Bay 12,Surrey Central Station @ Bay 12,61035,Surrey Central Station,30990,31650,in_service_layover,57.669285291640605,65.89563474368609,46.39661090953655,660,11.0,08:36:30,08:47:30,False,,no_dispenser,0
2161707,heavy,320.0,43.0,40-ft,STC,3,SUN,14865855,14865875,325,325,56395,55738,Surrey Central Station @ Bay 1 Unloading Only,Surrey Central Station @ Bay 7,56395,Surrey Central Station,31350,31650,in_service_layover,66.37339154856403,69.8018342617712,19.33641690248851,300,5.0,08:42:30,08:47:30,False,,no_dispenser,0
2161834,heavy,801.0,51.0,40-ft,STC,3,SUN,14865225,14865269,323,323,61035,55612,Surrey Central Station @ Bay 12,Surrey Central Station @ Bay 4,61035,Surrey Central Station,31530,31830,in_service_layover,66.68026594201405,70.08866247001808,19.223356417942796,300,5.0,08:45:30,08:50:30,False,,no_dispenser,0
2162406,heavy,503.0,54.0,40-ft,STC,3,SUN,14875744,14875653,503,503,56395,55441,Surrey Central Station @ Bay 1 Unloading Only,Surrey Central Station @ Bay 10,56395,Surrey Central Station,31590,32250,in_service_layover,64.236118840513,71.53567751505719,41.16951092442923,660,11.0,08:46:30,08:57:30,False,,no_dispenser,0
2161764,heavy,502.0,53.0,40-ft,STC,3,SUN,14875203,14875084,502,502,56395,55070,Surrey Central Station @ Bay 1 Unloading Only,Surrey Central Station @ Bay 9,56395,Surrey Central Station,31650,32250,in_service_layover,62.725765855311785,69.64557570602122,39.02772755800123,600,10.0,08:47:30,08:57:30,False,,no_dispenser,0
2161685,heavy,320.0,46.0,40-ft,STC,3,SUN,14863688,14863622,320,320,61035,55713,Surrey Central Station @ Bay 12,Surrey Central Station @ Bay 5,61035,Surrey Central Station,31890,32130,in_service_layover,59.723353873199514,62.815974226327064,17.442378791639385,240,4.0,08:51:30,08:55:30,False,,no_dispenser,0
2161763,heavy,321.0,69.0,40-ft,STC,3,SUN,14864187,14864275,321,321,61035,61035,Surrey Central Station @ Bay 12,Surrey Central Station @ Bay 12,61035,Surrey Central Station,31890,32550,in_service_layover,69.84922223193333,76.27736331007212,36.254715680702816,660,11.0,08:51:30,09:02:30,False,,no_dispenser,0
2161831,heavy,801.0,53.0,40-ft,STC,3,SUN,14865206,14865297,323,323,61035,55612,Surrey Central Station @ Bay 12,Surrey Central Station @ Bay 4,61035,Surrey Central Station,32430,32730,in_service_layover,66.68026594201405,70.08866247001808,19.223356417942796,300,5.0,09:00:30,09:05:30,False,,no_dispenser,0
2161696,heavy,320.0,53.0,40-ft,STC,3,SUN,14866911,14866867,337,337,61035,61677,Surrey Central Station @ Bay 12,Surrey Central Station @ Bay 5A,61035,Surrey Central Station,32430,33510,in_service_layover,65.64968021814667,76.14507882204505,59.19404812598685,1080,18.0,09:00:30,09:18:30,False,,no_dispenser,0
2161975,heavy,502.0,55.0,40-ft,STC,3,SUN,14875204,14875098,502,502,56395,55070,Surrey Central Station @ Bay 1 Unloading Only,Surrey Central Station @ Bay 9,56395,Surrey Central Station,32670,33150,in_service_layover,62.725765855311785,68.39042750795808,31.94869172092507,480,8.0,09:04:30,09:12:30,False,,no_dispenser,0
2161692,heavy,320.0,47.0,40-ft,STC,3,SUN,14863675,14863607,320,320,61035,55713,Surrey Central Station @ Bay 12,Surrey Central Station @ Bay 5,61035,Surrey Central Station,32790,33030,in_service_layover,65.09253034094267,67.92976294893593,16.001991909081937,240,4.0,09:06:30,09:10:30,False,,no_dispenser,0
2161769,heavy,321.0,65.0,40-ft,STC,3,SUN,14864175,14864286,321,321,61035,61035,Surrey Central Station @ Bay 12,Surrey Central Station @ Bay 12,61035,Surrey Central Station,32790,33450,in_service_layover,57.669285291640605,65.89563474368609,46.39661090953655,660,11.0,09:06:30,09:17:30,False,,no_dispenser,0
2161585,heavy,320.0,57.0,40-ft,STC,3,SUN,14865569,14862754,324,316,56395,55738,Surrey Central Station @ Bay 1 Unloading Only,Surrey Central Station @ Bay 7,56395,Surrey Central Station,33030,34230,in_service_layover,69.2581084053393,79.6090610595875,58.37937296995989,1200,20.0,09:10:30,09:30:30,False,,no_dispenser,0
2161836,heavy,801.0,54.0,40-ft,STC,3,SUN,14865199,14865282,323,323,61035,55612,Surrey Central Station @ Bay 12,Surrey Central Station @ Bay 4,61035,Surrey Central Station,33330,33630,in_service_layover,66.68026594201405,70.08866247001808,19.223356417942796,300,5.0,09:15:30,09:20:30,False,,no_dispenser,0
2161761,heavy,321.0,68.0,40-ft,STC,3,SUN,14875717,14875652,503,503,56395,55441,Surrey Central Station @ Bay 1 Unloading Only,Surrey Central Station @ Bay 10,56395,Surrey Central Station,33450,34050,in_service_layover,64.236118840513,70.95701439056386,37.90585090228677,600,10.0,09:17:30,09:27:30,False,,no_dispenser,0
2161702,heavy,320.0,48.0,40-ft,STC,3,SUN,14874669,14863606,501,320,61035,55713,Surrey Central Station @ Bay 12,Surrey Central Station @ Bay 5,61035,Surrey Central Station,33510,34830,in_service_layover,64.0484647664832,76.61985562608085,70.90264444813067,1320,22.0,09:18:30,09:40:30,False,,no_dispenser,0
2162417,heavy,502.0,51.0,40-ft,STC,3,SUN,14875172,14875140,502,502,56395,55070,Surrey Central Station @ Bay 1 Unloading Only,Surrey Central Station @ Bay 9,56395,Surrey Central Station,33630,34050,in_service_layover,58.96711076775897,64.29545496487152,30.051861271714813,420,7.0,09:20:30,09:27:30,False,,no_dispenser,0
2161565,heavy,321.0,61.0,40-ft,STC,3,SUN,14864186,14864285,321,321,61035,61035,Surrey Central Station @ Bay 12,Surrey Central Station @ Bay 12,61035,Surrey Central Station,33750,34350,in_service_layover,57.33148978659675,64.90966446164121,42.74090516725079,600,10.0,09:22:30,09:32:30,False,,no_dispenser,0
2161827,heavy,801.0,50.0,40-ft,STC,3,SUN,14865226,14865298,323,323,61035,55612,Surrey Central Station @ Bay 12,Surrey Central Station @ Bay 4,61035,Surrey Central Station,34290,34530,in_service_layover,63.224708174666276,66.15025388744802,16.500077820089018,240,4.0,09:31:30,09:35:30,False,,no_dispenser,0
2161561,heavy,320.0,40.0,40-ft,STC,3,SUN,14866913,14866842,337,337,61035,61677,Surrey Central Station @ Bay 12,Surrey Central Station @ Bay 5A,61035,Surrey Central Station,34290,35310,in_service_layover,58.15363442137625,69.98813300310806,66.74657200096738,1020,17.0,09:31:30,09:48:30,False,,no_dispenser,0
2162436,heavy,503.0,51.0,40-ft,STC,3,SUN,14875709,14875676,503,503,56395,55441,Surrey Central Station @ Bay 1 Unloading Only,Surrey Central Station @ Bay 10,56395,Surrey Central Station,34410,34950,in_service_layover,64.23017924958276,70.35538755187444,34.54617482492512,540,9.0,09:33:30,09:42:30,False,,no_dispenser,0
2161698,heavy,320.0,56.0,40-ft,STC,3,SUN,14875206,14875099,502,502,56395,55070,Surrey Central Station @ Bay 1 Unloading Only,Surrey Central Station @ Bay 9,56395,Surrey Central Station,34530,34950,in_service_layover,62.38537833518484,67.42483525416374,28.422537023041002,420,7.0,09:35:30,09:42:30,False,,no_dispenser,0
2161703,heavy,320.0,51.0,40-ft,STC,3,SUN,14863674,14865874,320,325,61035,55738,Surrey Central Station @ Bay 12,Surrey Central Station @ Bay 7,61035,Surrey Central Station,34590,35130,in_service_layover,63.050042713089624,69.31370174103732,35.32703691762504,540,9.0,09:36:30,09:45:30,False,,no_dispenser,0
2161771,heavy,321.0,60.0,40-ft,STC,3,SUN,14864185,14864284,321,321,61035,61035,Surrey Central Station @ Bay 12,Surrey Central Station @ Bay 12,61035,Surrey Central Station,34650,35250,in_service_layover,51.96843479520889,59.81123676064048,44.233403085034126,600,10.0,09:37:30,09:47:30,False,,no_dispenser,0
2161707,heavy,320.0,43.0,40-ft,STC,3,SUN,14865854,14874727,325,501,56395,55210,Surrey Central Station @ Bay 1 Unloading Only,Surrey Central Station @ Bay 2,56395,Surrey Central Station,35010,35310,in_service_layover,66.73993783488396,70.14440939823103,19.20121961727756,300,5.0,09:43:30,09:48:30,False,,no_dispenser,0
2161829,heavy,801.0,52.0,40-ft,STC,3,SUN,14865207,14865268,323,323,61035,55612,Surrey Central Station @ Bay 12,Surrey Central Station @ Bay 4,61035,Surrey Central Station,35190,35430,in_service_layover,64.78881989624401,67.64041233613791,16.0829813610016,240,4.0,09:46:30,09:50:30,False,,no_dispenser,0
2161588,heavy,320.0,58.0,40-ft,STC,3,SUN,14862734,14865605,316,324,61787,54993,Surrey Central Station @ Bay 14,Surrey Central Station @ Bay 8,61787,Surrey Central Station,35190,35910,in_service_layover,66.17277807023318,73.71276011550734,42.525498735346275,720,12.0,09:46:30,09:58:30,False,,no_dispenser,0
2161699,heavy,320.0,54.0,40-ft,STC,3,SUN,14874663,14863632,501,320,61035,55713,Surrey Central Station @ Bay 12,Surrey Central Station @ Bay 5,61035,Surrey Central Station,35310,35730,in_service_layover,62.03133477556965,67.10061662780961,28.590749646633412,420,7.0,09:48:30,09:55:30,False,,no_dispenser,0
2162435,heavy,503.0,50.0,40-ft,STC,3,SUN,14875743,14875651,503,503,56395,55441,Surrey Central Station @ Bay 1 Unloading Only,Surrey Central Station @ Bay 10,56395,Surrey Central Station,35310,35850,in_service_layover,44.9276221180456,51.83893192879705,38.97978733263824,540,9.0,09:48:30,09:57:30,False,,no_dispenser,0
2161762,heavy,321.0,63.0,40-ft,STC,3,SUN,14864195,14864283,321,321,61035,61035,Surrey Central Station @ Bay 12,Surrey Central Station @ Bay 12,61035,Surrey Central Station,35370,36150,in_service_layover,55.05581866527491,64.91281989567722,55.59348693946902,780,13.0,09:49:30,10:02:30,False,,no_dispenser,0
2162416,heavy,502.0,54.0,40-ft,STC,3,SUN,14863681,14863630,320,320,61035,55713,Surrey Central Station @ Bay 12,Surrey Central Station @ Bay 5,61035,Surrey Central Station,35490,36690,in_service_layover,63.1906489486336,75.1930541109011,67.69356511518873,1200,20.0,09:51:30,10:11:30,False,,no_dispenser,0
2161910,heavy,321.0,64.0,40-ft,STC,3,SUN,14864253,14864295,321,321,61035,61035,Surrey Central Station @ Bay 12,Surrey Central Station @ Bay 12,61035,Surrey Central Station,36090,36990,in_service_layover,56.28684585834001,67.29570963153486,62.08999168081897,900,15.0,10:01:30,10:16:30,False,,no_dispenser,0
2161696,heavy,320.0,53.0,40-ft,STC,3,SUN,14866914,14866843,337,337,61035,61677,Surrey Central Station @ Bay 12,Surrey Central Station @ Bay 5A,61035,Surrey Central Station,36150,36990,in_service_layover,69.27974799041662,77.20587313814218,44.70334583317208,840,14.0,10:02:30,10:16:30,False,,no_dispenser,0
2161834,heavy,801.0,51.0,40-ft,STC,3,SUN,14865176,14865280,323,323,61035,55612,Surrey Central Station @ Bay 12,Surrey Central Station @ Bay 4,61035,Surrey Central Station,36210,37230,in_service_layover,64.67361896230824,74.96889449548553,58.065354007119936,1020,17.0,10:03:30,10:20:30,False,,no_dispenser,0
2162420,heavy,502.0,56.0,40-ft,STC,3,SUN,14875207,14875100,502,502,56395,55070,Surrey Central Station @ Bay 1 Unloading Only,Surrey Central Station @ Bay 9,56395,Surrey Central Station,36390,36750,in_service_layover,67.36130725584052,71.34552599791726,22.47099370531282,360,6.0,10:06:30,10:12:30,False,,no_dispenser,0
2161692,heavy,320.0,47.0,40-ft,STC,3,SUN,14863673,14865891,320,325,61035,55738,Surrey Central Station @ Bay 12,Surrey Central Station @ Bay 7,61035,Surrey Central Station,36390,36870,in_service_layover,60.76029332796611,66.61731544383483,33.033604733499544,480,8.0,10:06:30,10:14:30,False,,no_dispenser,0
2161687,heavy,320.0,61.0,40-ft,STC,3,SUN,14865844,14863652,325,320,56395,55713,Surrey Central Station @ Bay 1 Unloading Only,Surrey Central Station @ Bay 5,56395,Surrey Central Station,36870,37650,in_service_layover,68.4175690118042,76.05590901299529,43.08023760671773,780,13.0,10:14:30,10:27:30,False,,no_dispenser,0
2161706,heavy,321.0,66.0,40-ft,STC,3,SUN,14864196,14866000,321,326,61035,54993,Surrey Central Station @ Bay 12,Surrey Central Station @ Bay 8,61035,Surrey Central Station,36870,37710,in_service_layover,55.171279229327595,65.6881103458618,59.31492749725294,840,14.0,10:14:30,10:28:30,False,,no_dispenser,0
2164471,heavy,503.0,52.0,40-ft,STC,3,SUN,14875742,14875650,503,503,56395,55441,Surrey Central Station @ Bay 1 Unloading Only,Surrey Central Station @ Bay 10,56395,Surrey Central Station,37110,37650,in_service_layover,50.92384060206049,57.97479541440893,39.76738514164526,540,9.0,10:18:30,10:27:30,False,,no_dispenser,0
2161584,heavy,320.0,55.0,40-ft,STC,3,SUN,14874670,14862756,501,316,61035,55738,Surrey Central Station @ Bay 12,Surrey Central Station @ Bay 7,61035,Surrey Central Station,37110,37830,in_service_layover,59.69851463600892,68.28058945015304,48.40290195177283,720,12.0,10:18:30,10:30:30,False,,no_dispenser,0
2161831,heavy,801.0,53.0,40-ft,STC,3,SUN,14865208,14865299,323,323,61035,55612,Surrey Central Station @ Bay 12,Surrey Central Station @ Bay 4,61035,Surrey Central Station,37110,38130,in_service_layover,64.0092876208643,74.46217141552619,58.954264601893044,1020,17.0,10:18:30,10:35:30,False,,no_dispenser,0
2161564,heavy,320.0,67.0,40-ft,STC,3,SUN,14862565,14865615,314,324,56395,54993,Surrey Central Station @ Bay 1 Unloading Only,Surrey Central Station @ Bay 8,56395,Surrey Central Station,37230,37710,in_service_layover,65.07027133892336,70.49303455040481,30.58438451275532,480,8.0,10:20:30,10:28:30,False,,no_dispenser,0
2162419,heavy,502.0,57.0,40-ft,STC,3,SUN,14875173,14875142,502,502,56395,55070,Surrey Central Station @ Bay 1 Unloading Only,Surrey Central Station @ Bay 9,56395,Surrey Central Station,37350,37650,in_service_layover,66.87615888281469,70.27163744236456,19.150499075861262,300,5.0,10:22:30,10:27:30,False,,no_dispenser,0
2161690,heavy,320.0,69.0,40-ft,STC,3,SUN,14863706,14863601,320,320,61035,55713,Surrey Central Station @ Bay 12,Surrey Central Station @ Bay 5,61035,Surrey Central Station,37350,38550,in_service_layover,63.81307659084518,75.64151008055362,66.71236488195564,1200,20.0,10:22:30,10:42:30,False,,no_dispenser,0
2161938,heavy,321.0,71.0,40-ft,STC,3,SUN,14866504,14866438,335,335,55714,55836,Surrey Central Station @ Bay 6,Surrey Central Station @ Bay 3,55714,Surrey Central Station,37590,37770,in_service_layover,66.51575549559529,68.61447097522225,11.836755305096062,180,3.0,10:26:30,10:29:30,False,,no_dispenser,0
2161759,heavy,321.0,70.0,40-ft,STC,3,SUN,14864184,14864294,321,321,61035,61035,Surrey Central Station @ Bay 12,Surrey Central Station @ Bay 12,61035,Surrey Central Station,37650,37950,in_service_layover,57.669285291640605,61.596962084164716,22.152097109836006,300,5.0,10:27:30,10:32:30,False,,no_dispenser,0
2161561,heavy,320.0,40.0,40-ft,STC,3,SUN,14866936,14866844,337,337,61035,61677,Surrey Central Station @ Bay 12,Surrey Central Station @ Bay 5A,61035,Surrey Central Station,37950,38790,in_service_layover,63.12280217147964,72.26493132547935,51.56160842855837,840,14.0,10:32:30,10:46:30,False,,no_dispenser,0
2162406,heavy,503.0,54.0,40-ft,STC,3,SUN,14875707,14875675,503,503,56395,55441,Surrey Central Station @ Bay 1 Unloading Only,Surrey Central Station @ Bay 10,56395,Surrey Central Station,38070,38550,in_service_layover,60.35446847614722,66.25002701268177,33.250950146054834,480,8.0,10:34:30,10:42:30,False,,no_dispenser,0
2161836,heavy,801.0,54.0,40-ft,STC,3,SUN,14865194,14865291,323,323,61035,55612,Surrey Central Station @ Bay 12,Surrey Central Station @ Bay 4,61035,Surrey Central Station,38070,39030,in_service_layover,64.0092876208643,73.98654255850707,56.271717848305286,960,16.0,10:34:30,10:50:30,False,,no_dispenser,0
2162418,heavy,502.0,50.0,40-ft,STC,3,SUN,14875163,14875120,502,502,56395,55070,Surrey Central Station @ Bay 1 Unloading Only,Surrey Central Station @ Bay 9,56395,Surrey Central Station,38250,38550,in_service_layover,63.55451220284459,67.15649138707363,20.315162599051803,300,5.0,10:37:30,10:42:30,False,,no_dispenser,0
2161702,heavy,320.0,48.0,40-ft,STC,3,SUN,14863672,14865873,320,325,61035,55738,Surrey Central Station @ Bay 12,Surrey Central Station @ Bay 7,61035,Surrey Central Station,38250,38610,in_service_layover,69.45038600511101,73.25760370856949,21.472707847505774,360,6.0,10:37:30,10:43:30,False,,no_dispenser,0
2161556,heavy,320.0,63.0,40-ft,STC,3,SUN,14865577,14862583,324,314,56395,61787,Surrey Central Station @ Bay 1 Unloading Only,Surrey Central Station @ Bay 14,56395,Surrey Central Station,38430,38790,in_service_layover,67.04101056013215,71.05141663636783,22.618690269969306,360,6.0,10:40:30,10:46:30,False,,no_dispenser,0
2161562,heavy,321.0,67.0,40-ft,STC,3,SUN,14864201,14864293,321,321,61035,61035,Surrey Central Station @ Bay 12,Surrey Central Station @ Bay 12,61035,Surrey Central Station,38430,38850,in_service_layover,54.52463136194837,60.042440186190646,31.12044176872638,420,7.0,10:40:30,10:47:30,False,,no_dispenser,0
2161559,heavy,321.0,72.0,40-ft,STC,3,SUN,14866505,14866439,335,335,55714,55836,Surrey Central Station @ Bay 6,Surrey Central Station @ Bay 3,55714,Surrey Central Station,38490,38670,in_service_layover,66.51575549559529,68.61447097522225,11.836755305096062,180,3.0,10:41:30,10:44:30,False,,no_dispenser,0
2161703,heavy,320.0,51.0,40-ft,STC,3,SUN,14865853,14874721,325,501,56395,55210,Surrey Central Station @ Bay 1 Unloading Only,Surrey Central Station @ Bay 2,56395,Surrey Central Station,38670,39150,in_service_layover,67.52152744628494,72.67690322513499,29.07631939271431,480,8.0,10:44:30,10:52:30,False,,no_dispenser,0
2161697,heavy,320.0,68.0,40-ft,STC,3,SUN,14866915,14866870,337,337,61035,61677,Surrey Central Station @ Bay 12,Surrey Central Station @ Bay 5A,61035,Surrey Central Station,38850,39690,in_service_layover,64.30914139056398,73.22422788974539,50.28108785538319,840,14.0,10:47:30,11:01:30,False,,no_dispenser,0
2161585,heavy,320.0,57.0,40-ft,STC,3,SUN,14862730,14865604,316,324,61787,54993,Surrey Central Station @ Bay 14,Surrey Central Station @ Bay 8,61787,Surrey Central Station,38910,39450,in_service_layover,69.80544762713372,75.23020763807106,30.59564646168667,540,9.0,10:48:30,10:57:30,False,,no_dispenser,0
2161686,heavy,320.0,45.0,40-ft,STC,3,SUN,14874687,14863625,501,320,61035,55713,Surrey Central Station @ Bay 12,Surrey Central Station @ Bay 5,61035,Surrey Central Station,38910,39450,in_service_layover,57.41004149168175,64.28202362206393,38.757979215355476,540,9.0,10:48:30,10:57:30,False,,no_dispenser,0
2161827,heavy,801.0,50.0,40-ft,STC,3,SUN,14865175,14865286,323,323,61035,55612,Surrey Central Station @ Bay 12,Surrey Central Station @ Bay 4,61035,Surrey Central Station,38970,39930,in_service_layover,59.52919187963934,70.48927957177074,61.814894583621026,960,16.0,10:49:30,11:05:30,False,,no_dispenser,0
2161764,heavy,502.0,53.0,40-ft,STC,3,SUN,14875208,14875086,502,502,56395,55070,Surrey Central Station @ Bay 1 Unloading Only,Surrey Central Station @ Bay 9,56395,Surrey Central Station,39150,39450,in_service_layover,62.99181110315314,66.6270468535578,20.502729632282296,300,5.0,10:52:30,10:57:30,False,,no_dispenser,0
2162437,heavy,503.0,56.0,40-ft,STC,3,SUN,14875728,14875649,503,503,56395,55441,Surrey Central Station @ Bay 1 Unloading Only,Surrey Central Station @ Bay 10,56395,Surrey Central Station,39150,39450,in_service_layover,50.92384060206049,54.80781903110877,21.905638339832365,300,5.0,10:52:30,10:57:30,False,,no_dispenser,0
2161700,heavy,320.0,44.0,40-ft,STC,3,SUN,14863667,14863629,320,320,61035,55713,Surrey Central Station @ Bay 12,Surrey Central Station @ Bay 5,61035,Surrey Central Station,39210,40350,in_service_layover,62.90533936701836,74.54842383128843,65.66699637848325,1140,19.0,10:53:30,11:12:30,False,,no_dispenser,0
2161704,heavy,321.0,62.0,40-ft,STC,3,SUN,14864202,14864292,321,321,61035,61035,Surrey Central Station @ Bay 12,Surrey Central Station @ Bay 12,61035,Surrey Central Station,39270,39750,in_service_layover,47.445487885961214,53.6204862860951,34.826990976755155,480,8.0,10:54:30,11:02:30,False,,no_dispenser,0
2161560,heavy,321.0,74.0,40-ft,STC,3,SUN,14866506,14866440,335,335,55714,55836,Surrey Central Station @ Bay 6,Surrey Central Station @ Bay 3,55714,Surrey Central Station,39330,39570,in_service_layover,66.51575549559529,69.28356434162649,15.610441891615949,240,4.0,10:55:30,10:59:30,False,,no_dispenser,0
2161829,heavy,801.0,52.0,40-ft,STC,3,SUN,14865191,14865279,323,323,61035,55612,Surrey Central Station @ Bay 12,Surrey Central Station @ Bay 4,61035,Surrey Central Station,39870,40590,in_service_layover,60.96650783014875,69.34714487244462,47.26679291854873,720,12.0,11:04:30,11:16:30,False,,no_dispenser,0
2161975,heavy,502.0,55.0,40-ft,STC,3,SUN,14875209,14875101,502,502,56395,55070,Surrey Central Station @ Bay 1 Unloading Only,Surrey Central Station @ Bay 9,56395,Surrey Central Station,40050,40350,in_service_layover,60.71968534695015,64.48920748956539,21.26010488434997,300,5.0,11:07:30,11:12:30,False,,no_dispenser,0
2162439,heavy,503.0,55.0,40-ft,STC,3,SUN,14875706,14875618,503,503,56395,55441,Surrey Central Station @ Bay 1 Unloading Only,Surrey Central Station @ Bay 10,56395,Surrey Central Station,40050,40350,in_service_layover,50.24616908668349,54.119162514750926,21.843682934300375,300,5.0,11:07:30,11:12:30,False,,no_dispenser,0
2162416,heavy,502.0,54.0,40-ft,STC,3,SUN,14863698,14865890,320,325,61035,55738,Surrey Central Station @ Bay 12,Surrey Central Station @ Bay 7,61035,Surrey Central Station,40110,40410,in_service_layover,68.02358448993128,71.34150027923856,18.713045051693086,300,5.0,11:08:30,11:13:30,False,,no_dispenser,0
2161763,heavy,321.0,69.0,40-ft,STC,3,SUN,14864200,14864291,321,321,61035,61035,Surrey Central Station @ Bay 12,Surrey Central Station @ Bay 12,61035,Surrey Central Station,40110,40590,in_service_layover,57.82721645234725,63.95667669982693,34.57015579578541,480,8.0,11:08:30,11:16:30,False,,no_dispenser,0
2161911,heavy,321.0,76.0,40-ft,STC,3,SUN,14866507,14866441,335,335,55714,55836,Surrey Central Station @ Bay 6,Surrey Central Station @ Bay 3,55714,Surrey Central Station,40170,40470,in_service_layover,66.51575549559529,69.93492719401515,19.284128379087974,300,5.0,11:09:30,11:14:30,False,,no_dispenser,0
2161588,heavy,320.0,58.0,40-ft,STC,3,SUN,14865568,14865614,324,324,56395,54993,Surrey Central Station @ Bay 1 Unloading Only,Surrey Central Station @ Bay 8,56395,Surrey Central Station,40230,40650,in_service_layover,69.85297849512432,74.19144350960141,24.468942681650844,420,7.0,11:10:30,11:17:30,False,,no_dispenser,0
2161692,heavy,320.0,47.0,40-ft,STC,3,SUN,14865840,14863644,325,320,56395,55713,Surrey Central Station @ Bay 1 Unloading Only,Surrey Central Station @ Bay 5,56395,Surrey Central Station,40470,41250,in_service_layover,65.73672486518272,73.87070579554023,45.87565244721634,780,13.0,11:14:30,11:27:30,False,,no_dispenser,0
2161944,heavy,320.0,75.0,40-ft,STC,3,SUN,14866916,14866871,337,337,61035,61677,Surrey Central Station @ Bay 12,Surrey Central Station @ Bay 5A,61035,Surrey Central Station,40650,41490,in_service_layover,67.82688411405636,76.04836715756775,46.369164365404345,840,14.0,11:17:30,11:31:30,False,,no_dispenser,0
2161761,heavy,321.0,68.0,40-ft,STC,3,SUN,14874673,14865999,501,326,61035,54993,Surrey Central Station @ Bay 12,Surrey Central Station @ Bay 8,61035,Surrey Central Station,40710,41310,in_service_layover,56.846332646797585,64.4679950402345,42.986175898984186,600,10.0,11:18:30,11:28:30,False,,no_dispenser,0
2162417,heavy,502.0,51.0,40-ft,STC,3,SUN,14875188,14875085,502,502,56395,55070,Surrey Central Station @ Bay 1 Unloading Only,Surrey Central Station @ Bay 9,56395,Surrey Central Station,40890,41250,in_service_layover,57.12381801605613,61.82506216365374,26.51501699245057,360,6.0,11:21:30,11:27:30,False,,no_dispenser,0
2161695,heavy,503.0,53.0,40-ft,STC,3,SUN,14875741,14875648,503,503,56395,55441,Surrey Central Station @ Bay 1 Unloading Only,Surrey Central Station @ Bay 10,56395,Surrey Central Station,40950,41250,in_service_layover,48.33136060266611,52.177355277586734,21.691409966552328,300,5.0,11:22:30,11:27:30,False,,no_dispenser,0
2161556,heavy,320.0,63.0,40-ft,STC,3,SUN,14862562,14866846,314,337,56395,61677,Surrey Central Station @ Bay 1 Unloading Only,Surrey Central Station @ Bay 5A,56395,Surrey Central Station,40950,42390,in_service_layover,65.71712290104685,78.54969818209524,72.37572458511289,1440,24.0,11:22:30,11:46:30,False,,no_dispenser,0
2161586,heavy,320.0,62.0,40-ft,STC,3,SUN,14863712,14862765,320,316,61035,55738,Surrey Central Station @ Bay 12,Surrey Central Station @ Bay 7,61035,Surrey Central Station,41010,41430,in_service_layover,63.76523848426475,68.68550954564694,27.750328786195553,420,7.0,11:23:30,11:30:30,False,,no_dispenser,0
2161769,heavy,321.0,65.0,40-ft,STC,3,SUN,14864199,14864290,321,321,61035,61035,Surrey Central Station @ Bay 12,Surrey Central Station @ Bay 12,61035,Surrey Central Station,41010,41490,in_service_layover,47.445487885961214,53.6204862860951,34.826990976755155,480,8.0,11:23:30,11:31:30,False,,no_dispenser,0
2161767,heavy,321.0,77.0,40-ft,STC,3,SUN,14866508,14866442,335,335,55714,55836,Surrey Central Station @ Bay 6,Surrey Central Station @ Bay 3,55714,Surrey Central Station,41070,41370,in_service_layover,66.51575549559529,69.93492719401515,19.284128379087974,300,5.0,11:24:30,11:29:30,False,,no_dispenser,0
2161561,heavy,320.0,40.0,40-ft,STC,3,SUN,14866938,14863645,337,320,61035,55713,Surrey Central Station @ Bay 12,Surrey Central Station @ Bay 5,61035,Surrey Central Station,41550,42150,in_service_layover,65.39960049385094,71.96343461086823,37.020024419977574,600,10.0,11:32:30,11:42:30,False,,no_dispenser,0
2161834,heavy,801.0,51.0,40-ft,STC,3,SUN,14865203,14865300,323,323,61035,55612,Surrey Central Station @ Bay 12,Surrey Central Station @ Bay 4,61035,Surrey Central Station,41790,41970,in_service_layover,66.07831603569896,68.19256014790822,11.924336792860231,180,3.0,11:36:30,11:39:30,False,,no_dispenser,0
2161698,heavy,320.0,56.0,40-ft,STC,3,SUN,14875175,14875102,502,502,56395,55070,Surrey Central Station @ Bay 1 Unloading Only,Surrey Central Station @ Bay 9,56395,Surrey Central Station,41790,42150,in_service_layover,59.22708087827257,63.817925527667484,25.892363822587356,360,6.0,11:36:30,11:42:30,False,,no_dispenser,0
2162435,heavy,503.0,50.0,40-ft,STC,3,SUN,14875705,14875674,503,503,56395,55441,Surrey Central Station @ Bay 1 Unloading Only,Surrey Central Station @ Bay 10,56395,Surrey Central Station,41910,42150,in_service_layover,41.580012146380845,44.61771546251861,17.132646703017002,240,4.0,11:38:30,11:42:30,False,,no_dispenser,0
2161690,heavy,320.0,69.0,40-ft,STC,3,SUN,14863720,14865872,320,325,61035,55738,Surrey Central Station @ Bay 12,Surrey Central Station @ Bay 7,61035,Surrey Central Station,41910,42210,in_service_layover,68.4720404595838,71.75876070360668,18.537102176289125,300,5.0,11:38:30,11:43:30,False,,no_dispenser,0
2161565,heavy,321.0,61.0,40-ft,STC,3,SUN,14864198,14864289,321,321,61035,61035,Surrey Central Station @ Bay 12,Surrey Central Station @ Bay 12,61035,Surrey Central Station,41910,42390,in_service_layover,46.45951760391634,52.61645199099297,34.725109943112216,480,8.0,11:38:30,11:46:30,False,,no_dispenser,0
2161772,heavy,321.0,78.0,40-ft,STC,3,SUN,14866509,14866443,335,335,55714,55836,Surrey Central Station @ Bay 6,Surrey Central Station @ Bay 3,55714,Surrey Central Station,41970,42270,in_service_layover,66.51575549559529,69.93492719401515,19.284128379087974,300,5.0,11:39:30,11:44:30,False,,no_dispenser,0
2161564,heavy,320.0,67.0,40-ft,STC,3,SUN,14865576,14865624,324,324,56395,54993,Surrey Central Station @ Bay 1 Unloading Only,Surrey Central Station @ Bay 8,56395,Surrey Central Station,42030,43050,in_service_layover,66.9949961021089,76.73099453220331,54.911031145732466,1020,17.0,11:40:30,11:57:30,False,,no_dispenser,0
2161697,heavy,320.0,68.0,40-ft,STC,3,SUN,14866917,14866872,337,337,61035,61677,Surrey Central Station @ Bay 12,Surrey Central Station @ Bay 5A,61035,Surrey Central Station,42450,43290,in_service_layover,66.35889705811697,74.87353316300586,48.022547631573275,840,14.0,11:47:30,12:01:30,False,,no_dispenser,0
2161701,heavy,320.0,72.0,40-ft,STC,3,SUN,14874680,14874729,501,501,61035,55210,Surrey Central Station @ Bay 12,Surrey Central Station @ Bay 2,61035,Surrey Central Station,42510,42810,in_service_layover,65.61351298781494,69.09059598298393,19.610748092753113,300,5.0,11:48:30,11:53:30,False,,no_dispenser,0
2162421,heavy,502.0,65.0,40-ft,STC,3,SUN,14875210,14875141,502,502,56395,55070,Surrey Central Station @ Bay 1 Unloading Only,Surrey Central Station @ Bay 9,56395,Surrey Central Station,42690,43050,in_service_layover,62.725765855311785,67.06436402160173,24.46969365787527,360,6.0,11:51:30,11:57:30,False,,no_dispenser,0
2161584,heavy,320.0,55.0,40-ft,STC,3,SUN,14862729,14862766,316,316,61787,55738,Surrey Central Station @ Bay 14,Surrey Central Station @ Bay 7,61787,Surrey Central Station,42750,43410,in_service_layover,63.43434852228048,70.8520471760936,41.83582040750599,660,11.0,11:52:30,12:03:30,False,,no_dispenser,0
2161706,heavy,321.0,66.0,40-ft,STC,3,SUN,14866002,14864288,326,321,56395,61035,Surrey Central Station @ Bay 1 Unloading Only,Surrey Central Station @ Bay 12,56395,Surrey Central Station,42810,43110,in_service_layover,55.15488467868773,59.10667934795789,22.28812193468366,300,5.0,11:53:30,11:58:30,False,,no_dispenser,0
2161771,heavy,321.0,60.0,40-ft,STC,3,SUN,14864197,14864337,321,321,61035,61035,Surrey Central Station @ Bay 12,Surrey Central Station @ Bay 12,61035,Surrey Central Station,42810,43830,in_service_layover,41.36108990291561,54.49076619937521,74.0513743120321,1020,17.0,11:53:30,12:10:30,False,,no_dispenser,0
2164508,heavy,503.0,57.0,40-ft,STC,3,SUN,14875727,14875647,503,503,56395,55441,Surrey Central Station @ Bay 1 Unloading Only,Surrey Central Station @ Bay 10,56395,Surrey Central Station,42870,43050,in_service_layover,50.92384060206049,53.244209928993016,13.086883003899459,180,3.0,11:54:30,11:57:30,False,,no_dispenser,0
2161689,heavy,320.0,49.0,40-ft,STC,3,SUN,14863668,14863628,320,320,61035,55713,Surrey Central Station @ Bay 12,Surrey Central Station @ Bay 5,61035,Surrey Central Station,42870,43950,in_service_layover,64.39981076630333,75.21230573588095,60.98247162841773,1080,18.0,11:54:30,12:12:30,False,,no_dispenser,0
2161941,heavy,321.0,73.0,40-ft,STC,3,SUN,14866510,14866444,335,335,55714,55836,Surrey Central Station @ Bay 6,Surrey Central Station @ Bay 3,55714,Surrey Central Station,42930,43170,in_service_layover,63.96619552216445,66.85668273151838,16.30234786075613,240,4.0,11:55:30,11:59:30,False,,no_dispenser,0
2161831,heavy,801.0,53.0,40-ft,STC,3,SUN,14865233,14865289,323,323,61035,55612,Surrey Central Station @ Bay 12,Surrey Central Station @ Bay 4,61035,Surrey Central Station,43230,43410,in_service_layover,65.57159295573962,67.70380597149352,12.025681408852051,180,3.0,12:00:30,12:03:30,False,,no_dispenser,0
2161696,heavy,320.0,53.0,40-ft,STC,3,SUN,14866939,14866847,337,337,61035,61677,Surrey Central Station @ Bay 12,Surrey Central Station @ Bay 5A,61035,Surrey Central Station,43410,44190,in_service_layover,63.47521147488534,72.01354511208014,48.156201713778614,780,13.0,12:03:30,12:16:30,False,,no_dispenser,0
2162420,heavy,502.0,56.0,40-ft,STC,3,SUN,14875168,14875103,502,502,56395,55070,Surrey Central Station @ Bay 1 Unloading Only,Surrey Central Station @ Bay 9,56395,Surrey Central Station,43590,43950,in_service_layover,62.08880353325578,66.47257633231564,24.72447858669767,360,6.0,12:06:30,12:12:30,False,,no_dispenser,0
2161762,heavy,321.0,63.0,40-ft,STC,3,SUN,14864183,14864287,321,321,61035,61035,Surrey Central Station @ Bay 12,Surrey Central Station @ Bay 12,61035,Surrey Central Station,43710,44550,in_service_layover,46.46267303795235,57.35821826900344,61.45087510312811,840,14.0,12:08:30,12:22:30,False,,no_dispenser,0
2161700,heavy,320.0,44.0,40-ft,STC,3,SUN,14863697,14865889,320,325,61035,55738,Surrey Central Station @ Bay 12,Surrey Central Station @ Bay 7,61035,Surrey Central Station,43770,44010,in_service_layover,67.37895421031861,70.10223556757174,15.35930685490763,240,4.0,12:09:30,12:13:30,False,,no_dispenser,0
2164471,heavy,503.0,52.0,40-ft,STC,3,SUN,14875704,14875646,503,503,56395,55441,Surrey Central Station @ Bay 1 Unloading Only,Surrey Central Station @ Bay 10,56395,Surrey Central Station,43770,44790,in_service_layover,47.777534184765955,60.915515814348744,74.09821639084691,1020,17.0,12:09:30,12:26:30,False,,no_dispenser,0
2161939,heavy,321.0,75.0,40-ft,STC,3,SUN,14866511,14866445,335,335,55714,55836,Surrey Central Station @ Bay 6,Surrey Central Station @ Bay 3,55714,Surrey Central Station,43830,44070,in_service_layover,63.96619552216445,66.85668273151838,16.30234786075613,240,4.0,12:10:30,12:14:30,False,,no_dispenser,0
2161585,heavy,320.0,57.0,40-ft,STC,3,SUN,14865567,14862764,324,316,56395,55738,Surrey Central Station @ Bay 1 Unloading Only,Surrey Central Station @ Bay 7,56395,Surrey Central Station,43890,45210,in_service_layover,66.41061487163729,78.29469755850967,67.02622635396011,1320,22.0,12:11:30,12:33:30,False,,no_dispenser,0
2161707,heavy,320.0,43.0,40-ft,STC,3,SUN,14874679,14874740,501,501,61035,55210,Surrey Central Station @ Bay 12,Surrey Central Station @ Bay 2,61035,Surrey Central Station,44250,45330,in_service_layover,65.23635697499701,75.83704331770136,59.787870972852545,1080,18.0,12:17:30,12:35:30,False,,no_dispenser,0
2161944,heavy,320.0,75.0,40-ft,STC,3,SUN,14866918,14866873,337,337,61035,61677,Surrey Central Station @ Bay 12,Surrey Central Station @ Bay 5A,61035,Surrey Central Station,44310,45090,in_service_layover,69.18303632593934,76.67660582582829,42.26373197937369,780,13.0,12:18:30,12:31:30,False,,no_dispenser,0
2161910,heavy,321.0,64.0,40-ft,STC,3,SUN,14864246,14865995,321,326,61035,54993,Surrey Central Station @ Bay 12,Surrey Central Station @ Bay 8,61035,Surrey Central Station,44430,44910,in_service_layover,48.845562773809995,55.04913481620903,34.988146319130635,480,8.0,12:20:30,12:28:30,False,,no_dispenser,0
2162419,heavy,502.0,57.0,40-ft,STC,3,SUN,14875193,14875083,502,502,56395,55070,Surrey Central Station @ Bay 1 Unloading Only,Surrey Central Station @ Bay 9,56395,Surrey Central Station,44550,44850,in_service_layover,61.12619511772941,64.87169186018039,21.124601627423544,300,5.0,12:22:30,12:27:30,False,,no_dispenser,0
2161827,heavy,801.0,50.0,40-ft,STC,3,SUN,14865210,14865278,323,323,61035,55612,Surrey Central Station @ Bay 12,Surrey Central Station @ Bay 4,61035,Surrey Central Station,44670,44850,in_service_layover,64.39033321962232,66.56443487850096,12.26193335607553,180,3.0,12:24:30,12:27:30,False,,no_dispenser,0
2161694,heavy,320.0,71.0,40-ft,STC,3,SUN,14863666,14863635,320,320,61035,55713,Surrey Central Station @ Bay 12,Surrey Central Station @ Bay 5,61035,Surrey Central Station,44670,45690,in_service_layover,62.92833862344804,73.63535491859892,60.38757190465094,1020,17.0,12:24:30,12:41:30,False,,no_dispenser,0
2161938,heavy,321.0,71.0,40-ft,STC,3,SUN,14866512,14866446,335,335,55714,55836,Surrey Central Station @ Bay 6,Surrey Central Station @ Bay 3,55714,Surrey Central Station,44730,44970,in_service_layover,59.2448961686963,62.35979534434608,17.56803135066474,240,4.0,12:25:30,12:29:30,False,,no_dispenser,0
2162436,heavy,503.0,51.0,40-ft,STC,3,SUN,14875740,14875673,503,503,56395,55441,Surrey Central Station @ Bay 1 Unloading Only,Surrey Central Station @ Bay 10,56395,Surrey Central Station,44910,45690,in_service_layover,46.197543647328686,56.29704509971488,56.96118819145812,780,13.0,12:28:30,12:41:30,False,,no_dispenser,0
2161588,heavy,320.0,58.0,40-ft,STC,3,SUN,14865582,14865626,324,324,56395,54993,Surrey Central Station @ Bay 1 Unloading Only,Surrey Central Station @ Bay 8,56395,Surrey Central Station,45150,45450,in_service_layover,69.72476356582385,72.92171777316376,18.030821729397076,300,5.0,12:32:30,12:37:30,False,,no_dispenser,0
2161829,heavy,801.0,52.0,40-ft,STC,3,SUN,14865202,14865301,323,323,61035,55612,Surrey Central Station @ Bay 12,Surrey Central Station @ Bay 4,61035,Surrey Central Station,45390,45570,in_service_layover,63.97824042300333,66.16695530162022,12.34435191539933,180,3.0,12:36:30,12:39:30,False,,no_dispenser,0
2162418,heavy,502.0,50.0,40-ft,STC,3,SUN,14875176,14875104,502,502,56395,55070,Surrey Central Station @ Bay 1 Unloading Only,Surrey Central Station @ Bay 9,56395,Surrey Central Station,45450,45750,in_service_layover,58.317782589192404,62.22229920781849,22.021473729051138,300,5.0,12:37:30,12:42:30,False,,no_dispenser,0
2161561,heavy,320.0,40.0,40-ft,STC,3,SUN,14863661,14866848,320,337,61035,61677,Surrey Central Station @ Bay 12,Surrey Central Station @ Bay 5A,61035,Surrey Central Station,45570,45990,in_service_layover,64.79396498989841,69.62232854425245,27.23197044655683,420,7.0,12:39:30,12:46:30,False,,no_dispenser,0
2161559,heavy,321.0,72.0,40-ft,STC,3,SUN,14866513,14866447,335,335,55714,55836,Surrey Central Station @ Bay 6,Surrey Central Station @ Bay 3,55714,Surrey Central Station,45630,45870,in_service_layover,59.2448961686963,62.35979534434608,17.56803135066474,240,4.0,12:40:30,12:44:30,False,,no_dispenser,0
2162437,heavy,503.0,56.0,40-ft,STC,3,SUN,14875703,14875645,503,503,56395,55441,Surrey Central Station @ Bay 1 Unloading Only,Surrey Central Station @ Bay 10,56395,Surrey Central Station,45810,46590,in_service_layover,44.57123934549651,54.62189799602505,56.68571478898099,780,13.0,12:43:30,12:56:30,False,,no_dispenser,0
2161759,heavy,321.0,70.0,40-ft,STC,3,SUN,14864192,14864331,321,321,61035,61035,Surrey Central Station @ Bay 12,Surrey Central Station @ Bay 12,61035,Surrey Central Station,45870,46770,in_service_layover,43.14681522643984,54.74306511438165,65.40284936799176,900,15.0,12:44:30,12:59:30,False,,no_dispenser,0
2161587,heavy,320.0,74.0,40-ft,STC,3,SUN,14874671,14874719,501,501,61035,55210,Surrey Central Station @ Bay 12,Surrey Central Station @ Bay 2,61035,Surrey Central Station,46050,46530,in_service_layover,66.82434752023664,72.05727888710346,29.513732909128805,480,8.0,12:47:30,12:55:30,False,,no_dispenser,0
2161697,heavy,320.0,68.0,40-ft,STC,3,SUN,14866919,14866874,337,337,61035,61677,Surrey Central Station @ Bay 12,Surrey Central Station @ Bay 5A,61035,Surrey Central Station,46110,46890,in_service_layover,68.00820233137745,75.72337137913743,43.513553429366425,780,13.0,12:48:30,13:01:30,False,,no_dispenser,0
2161765,heavy,320.0,65.0,40-ft,STC,3,SUN,14865583,14865627,324,324,56395,54993,Surrey Central Station @ Bay 1 Unloading Only,Surrey Central Station @ Bay 8,56395,Surrey Central Station,46350,46650,in_service_layover,52.650533102540166,56.56250107870828,22.063499385588216,300,5.0,12:52:30,12:57:30,False,,no_dispenser,0
2161764,heavy,502.0,53.0,40-ft,STC,3,SUN,14875169,14875136,502,502,56395,55070,Surrey Central Station @ Bay 1 Unloading Only,Surrey Central Station @ Bay 9,56395,Surrey Central Station,46410,46650,in_service_layover,57.83991086030827,60.998377149122405,17.813749868911714,240,4.0,12:53:30,12:57:30,False,,no_dispenser,0
2161586,heavy,320.0,62.0,40-ft,STC,3,SUN,14862736,14862767,316,316,61787,55738,Surrey Central Station @ Bay 14,Surrey Central Station @ Bay 7,61787,Surrey Central Station,46530,47010,in_service_layover,63.80382634363871,69.35893805707849,31.330830063800306,480,8.0,12:55:30,13:03:30,False,,no_dispenser,0
2161685,heavy,320.0,46.0,40-ft,STC,3,SUN,14863683,14863596,320,320,61035,55713,Surrey Central Station @ Bay 12,Surrey Central Station @ Bay 5,61035,Surrey Central Station,46530,47490,in_service_layover,51.13444035199799,63.38910003781759,69.1162806280226,960,16.0,12:55:30,13:11:30,False,,no_dispenser,0
2161560,heavy,321.0,74.0,40-ft,STC,3,SUN,14866514,14866448,335,335,55714,55836,Surrey Central Station @ Bay 6,Surrey Central Station @ Bay 3,55714,Surrey Central Station,46590,46770,in_service_layover,59.84896907023916,62.18480717969656,13.174126937339793,180,3.0,12:56:30,12:59:30,False,,no_dispenser,0
2161562,heavy,321.0,67.0,40-ft,STC,3,SUN,14864173,14864277,321,321,61035,61035,Surrey Central Station @ Bay 12,Surrey Central Station @ Bay 12,61035,Surrey Central Station,46650,47490,in_service_layover,41.59229332846577,52.351611274533575,60.68255321582237,840,14.0,12:57:30,13:11:30,False,,no_dispenser,0
2162441,heavy,503.0,58.0,40-ft,STC,3,SUN,14875726,14875616,503,503,56395,55441,Surrey Central Station @ Bay 1 Unloading Only,Surrey Central Station @ Bay 10,56395,Surrey Central Station,46710,47490,in_service_layover,53.859990184777764,63.82160912297148,56.18353081141254,780,13.0,12:58:30,13:11:30,False,,no_dispenser,0
2161761,heavy,321.0,68.0,40-ft,STC,3,SUN,14866007,14864299,326,321,56395,61035,Surrey Central Station @ Bay 1 Unloading Only,Surrey Central Station @ Bay 12,56395,Surrey Central Station,46710,48210,in_service_layover,53.93476937306042,71.02729136303194,96.40182402343936,1500,25.0,12:58:30,13:23:30,False,,no_dispenser,0
2161834,heavy,801.0,51.0,40-ft,STC,3,SUN,14865234,14865318,323,323,61035,55612,Surrey Central Station @ Bay 12,Surrey Central Station @ Bay 4,61035,Surrey Central Station,46830,47730,in_service_layover,63.567418084969376,73.14248432450711,54.003373590992794,900,15.0,13:00:30,13:15:30,False,,no_dispenser,0
2161696,heavy,320.0,53.0,40-ft,STC,3,SUN,14866941,14866849,337,337,61035,61677,Surrey Central Station @ Bay 12,Surrey Central Station @ Bay 5A,61035,Surrey Central Station,47070,47790,in_service_layover,65.14821428045171,72.85890807849978,43.48831302099103,720,12.0,13:04:30,13:16:30,False,,no_dispenser,0
2161975,heavy,502.0,55.0,40-ft,STC,3,SUN,14875170,14875105,502,502,56395,55070,Surrey Central Station @ Bay 1 Unloading Only,Surrey Central Station @ Bay 9,56395,Surrey Central Station,47310,47550,in_service_layover,55.896244301653816,59.06122759285785,17.850505762390753,240,4.0,13:08:30,13:12:30,False,,no_dispenser,0
2161704,heavy,321.0,62.0,40-ft,STC,3,SUN,14864172,14865993,321,326,61035,54993,Surrey Central Station @ Bay 12,Surrey Central Station @ Bay 8,61035,Surrey Central Station,47370,48510,in_service_layover,35.17033942837024,49.68478012373474,81.86144552185579,1140,19.0,13:09:30,13:28:30,False,,no_dispenser,0
2161689,heavy,320.0,49.0,40-ft,STC,3,SUN,14863696,14863623,320,320,61035,55713,Surrey Central Station @ Bay 12,Surrey Central Station @ Bay 5,61035,Surrey Central Station,47430,48390,in_service_layover,68.04283611491111,77.10600479817418,51.11627137360375,960,16.0,13:10:30,13:26:30,False,,no_dispenser,0
2161911,heavy,321.0,76.0,40-ft,STC,3,SUN,14866515,14866449,335,335,55714,55836,Surrey Central Station @ Bay 6,Surrey Central Station @ Bay 3,55714,Surrey Central Station,47490,47670,in_service_layover,60.4359748478155,62.75030198087168,13.0528050304369,180,3.0,13:11:30,13:14:30,False,,no_dispenser,0
2161564,heavy,320.0,67.0,40-ft,STC,3,SUN,14865584,14865628,324,324,56395,54993,Surrey Central Station @ Bay 1 Unloading Only,Surrey Central Station @ Bay 8,56395,Surrey Central Station,47670,47850,in_service_layover,67.91140176576954,69.95783007146417,11.541855644117732,180,3.0,13:14:30,13:17:30,False,,no_dispenser,0
2161695,heavy,503.0,53.0,40-ft,STC,3,SUN,14875702,14875644,503,503,56395,55441,Surrey Central Station @ Bay 1 Unloading Only,Surrey Central Station @ Bay 10,56395,Surrey Central Station,47670,48390,in_service_layover,42.68972223631751,51.90369742435077,51.96682006050759,720,12.0,13:14:30,13:26:30,False,,no_dispenser,0
2161703,heavy,320.0,51.0,40-ft,STC,3,SUN,14874678,14874706,501,501,61035,55210,Surrey Central Station @ Bay 12,Surrey Central Station @ Bay 2,61035,Surrey Central Station,47850,48270,in_service_layover,63.087415939819955,68.06682014577953,28.08383972161198,420,7.0,13:17:30,13:24:30,False,,no_dispenser,0
2161700,heavy,320.0,44.0,40-ft,STC,3,SUN,14865838,14865902,325,325,56395,55738,Surrey Central Station @ Bay 1 Unloading Only,Surrey Central Station @ Bay 7,56395,Surrey Central Station,47970,48510,in_service_layover,69.3607769530948,74.84421245188916,30.926576213200235,540,9.0,13:19:30,13:28:30,False,,no_dispenser,0
2161944,heavy,320.0,75.0,40-ft,STC,3,SUN,14866920,14866833,337,337,61035,61677,Surrey Central Station @ Bay 12,Surrey Central Station @ Bay 5A,61035,Surrey Central Station,47970,48690,in_service_layover,69.81127499419988,76.7241241074405,38.98846899867715,720,12.0,13:19:30,13:31:30,False,,no_dispenser,0
2162417,heavy,502.0,51.0,40-ft,STC,3,SUN,14875194,14875124,502,502,56395,55070,Surrey Central Station @ Bay 1 Unloading Only,Surrey Central Station @ Bay 9,56395,Surrey Central Station,48210,48450,in_service_layover,53.36841226069494,56.50061756555144,17.665637919390633,240,4.0,13:23:30,13:27:30,False,,no_dispenser,0
2161831,heavy,801.0,53.0,40-ft,STC,3,SUN,14865211,14865302,323,323,61035,55612,Surrey Central Station @ Bay 12,Surrey Central Station @ Bay 4,61035,Surrey Central Station,48330,49170,in_service_layover,63.114166559852144,72.25793572295625,51.57085807990711,840,14.0,13:25:30,13:39:30,False,,no_dispenser,0
2162405,heavy,320.0,76.0,40-ft,STC,3,SUN,14863659,14863616,320,320,61035,55713,Surrey Central Station @ Bay 12,Surrey Central Station @ Bay 5,61035,Surrey Central Station,48330,49290,in_service_layover,64.57961949890975,74.43005679886613,55.55646637175403,960,16.0,13:25:30,13:41:30,False,,no_dispenser,0
2161767,heavy,321.0,77.0,40-ft,STC,3,SUN,14866516,14866450,335,335,55714,55836,Surrey Central Station @ Bay 6,Surrey Central Station @ Bay 3,55714,Surrey Central Station,48390,48570,in_service_layover,59.101836364176286,61.46206746579471,13.31170341312793,180,3.0,13:26:30,13:29:30,False,,no_dispenser,0
2161584,heavy,320.0,55.0,40-ft,STC,3,SUN,14862744,14862753,316,316,61787,55738,Surrey Central Station @ Bay 14,Surrey Central Station @ Bay 7,61787,Surrey Central Station,48450,48810,in_service_layover,64.50652030500059,68.71523784509766,23.737166926147495,360,6.0,13:27:30,13:33:30,False,,no_dispenser,0
2161556,heavy,320.0,63.0,40-ft,STC,3,SUN,14862569,14866850,314,337,56395,61677,Surrey Central Station @ Bay 1 Unloading Only,Surrey Central Station @ Bay 5A,56395,Surrey Central Station,48450,49530,in_service_layover,66.35007361514583,76.666094325439,58.18235680605352,1080,18.0,13:27:30,13:45:30,False,,no_dispenser,0
2162406,heavy,503.0,54.0,40-ft,STC,3,SUN,14875739,14875672,503,503,56395,55441,Surrey Central Station @ Bay 1 Unloading Only,Surrey Central Station @ Bay 10,56395,Surrey Central Station,48630,49290,in_service_layover,42.09218310813601,50.512183966677725,47.488804842175284,660,11.0,13:30:30,13:41:30,False,,no_dispenser,0
2161763,heavy,321.0,69.0,40-ft,STC,3,SUN,14864171,14864301,321,321,61035,61035,Surrey Central Station @ Bay 12,Surrey Central Station @ Bay 12,61035,Surrey Central Station,48810,49650,in_service_layover,45.506529842102054,56.380946055876244,61.33170744568645,840,14.0,13:33:30,13:47:30,False,,no_dispenser,0
2161561,heavy,320.0,40.0,40-ft,STC,3,SUN,14866942,14862586,337,314,61035,61787,Surrey Central Station @ Bay 12,Surrey Central Station @ Bay 14,61035,Surrey Central Station,48870,49590,in_service_layover,62.75699771262404,70.85605553395341,45.67868611229767,720,12.0,13:34:30,13:46:30,False,,no_dispenser,0
2161698,heavy,320.0,56.0,40-ft,STC,3,SUN,14875195,14875114,502,502,56395,55070,Surrey Central Station @ Bay 1 Unloading Only,Surrey Central Station @ Bay 9,56395,Surrey Central Station,49110,49350,in_service_layover,54.53877473201219,57.68615722239727,17.75123724577179,240,4.0,13:38:30,13:42:30,False,,no_dispenser,0
2161836,heavy,801.0,54.0,40-ft,STC,3,SUN,14865201,14865265,323,323,61035,55612,Surrey Central Station @ Bay 12,Surrey Central Station @ Bay 4,61035,Surrey Central Station,49110,49890,in_service_layover,65.25738973307715,73.47812618055288,46.36495356376304,780,13.0,13:38:30,13:51:30,False,,no_dispenser,0
2161694,heavy,320.0,71.0,40-ft,STC,3,SUN,14863704,14865870,320,325,61035,55738,Surrey Central Station @ Bay 12,Surrey Central Station @ Bay 7,61035,Surrey Central Station,49230,49710,in_service_layover,66.46588529762909,71.73822645919607,29.736004151237694,480,8.0,13:40:30,13:48:30,False,,no_dispenser,0
2161772,heavy,321.0,78.0,40-ft,STC,3,SUN,14866517,14866451,335,335,55714,55836,Surrey Central Station @ Bay 6,Surrey Central Station @ Bay 3,55714,Surrey Central Station,49290,49470,in_service_layover,59.101836364176286,61.46206746579471,13.31170341312793,180,3.0,13:41:30,13:44:30,False,,no_dispenser,0
2164508,heavy,503.0,57.0,40-ft,STC,3,SUN,14875701,14875643,503,503,56395,55441,Surrey Central Station @ Bay 1 Unloading Only,Surrey Central Station @ Bay 10,56395,Surrey Central Station,49530,50190,in_service_layover,43.76654551724369,52.21995608087708,47.67723557889235,660,11.0,13:45:30,13:56:30,False,,no_dispenser,0
2161769,heavy,321.0,65.0,40-ft,STC,3,SUN,14864170,14864332,321,321,61035,61035,Surrey Central Station @ Bay 12,Surrey Central Station @ Bay 12,61035,Surrey Central Station,49530,50370,in_service_layover,35.17033942837024,45.79692688346226,59.933953246719,840,14.0,13:45:30,13:59:30,False,,no_dispenser,0
2161705,heavy,503.0,59.0,40-ft,STC,3,SUN,14874682,14874710,501,501,61035,55210,Surrey Central Station @ Bay 12,Surrey Central Station @ Bay 2,61035,Surrey Central Station,49650,50070,in_service_layover,69.28619056798982,73.68267688000465,24.796182799763585,420,7.0,13:47:30,13:54:30,False,,no_dispenser,0
2161697,heavy,320.0,68.0,40-ft,STC,3,SUN,14866921,14866875,337,337,61035,61677,Surrey Central Station @ Bay 12,Surrey Central Station @ Bay 5A,61035,Surrey Central Station,49770,50430,in_service_layover,68.85804054750902,75.44570040699877,37.15440160752212,660,11.0,13:49:30,14:00:30,False,,no_dispenser,0
2161827,heavy,801.0,50.0,40-ft,STC,3,SUN,14865193,14865290,323,323,61035,55612,Surrey Central Station @ Bay 12,Surrey Central Station @ Bay 4,61035,Surrey Central Station,49830,50610,in_service_layover,62.055855209829545,70.84153263083299,49.55122065445937,780,13.0,13:50:30,14:03:30,False,,no_dispenser,0
2162421,heavy,502.0,65.0,40-ft,STC,3,SUN,14875171,14875123,502,502,56395,55070,Surrey Central Station @ Bay 1 Unloading Only,Surrey Central Station @ Bay 9,56395,Surrey Central Station,50010,50250,in_service_layover,57.54684029619895,60.71028425654625,17.841823936358765,240,4.0,13:53:30,13:57:30,False,,no_dispenser,0
2161588,heavy,320.0,58.0,40-ft,STC,3,SUN,14865586,14865630,324,324,56395,54993,Surrey Central Station @ Bay 1 Unloading Only,Surrey Central Station @ Bay 8,56395,Surrey Central Station,50070,50250,in_service_layover,67.99605083606524,70.03915355028151,11.52309930817978,180,3.0,13:54:30,13:57:30,False,,no_dispenser,0
2161699,heavy,320.0,54.0,40-ft,STC,3,SUN,14863716,14863595,320,320,61035,55713,Surrey Central Station @ Bay 12,Surrey Central Station @ Bay 5,61035,Surrey Central Station,50130,51090,in_service_layover,52.07479138371123,64.25264580680869,68.68309894626964,960,16.0,13:55:30,14:11:30,False,,no_dispenser,0
2161585,heavy,320.0,57.0,40-ft,STC,3,SUN,14862739,14862768,316,316,61787,55738,Surrey Central Station @ Bay 14,Surrey Central Station @ Bay 7,61787,Surrey Central Station,50310,50610,in_service_layover,68.49108412605587,71.77646888480793,18.5295700393616,300,5.0,13:58:30,14:03:30,False,,no_dispenser,0
2161565,heavy,321.0,61.0,40-ft,STC,3,SUN,14864206,14864302,321,321,61035,61035,Surrey Central Station @ Bay 12,Surrey Central Station @ Bay 12,61035,Surrey Central Station,50310,51030,in_service_layover,34.16630513326811,43.250252317736226,51.23346212040019,720,12.0,13:58:30,14:10:30,False,,no_dispenser,0
2161941,heavy,321.0,73.0,40-ft,STC,3,SUN,14866518,14866453,335,335,55714,55836,Surrey Central Station @ Bay 6,Surrey Central Station @ Bay 3,55714,Surrey Central Station,50310,51210,in_service_layover,56.24600287486952,67.26120979029724,62.12576700301241,900,15.0,13:58:30,14:13:30,False,,no_dispenser,0
2162439,heavy,503.0,55.0,40-ft,STC,3,SUN,14875725,14875615,503,503,56395,55441,Surrey Central Station @ Bay 1 Unloading Only,Surrey Central Station @ Bay 10,56395,Surrey Central Station,50430,51150,in_service_layover,29.96131861020517,39.001371059545676,50.98589581428047,720,12.0,14:00:30,14:12:30,False,,no_dispenser,0
2161829,heavy,801.0,52.0,40-ft,STC,3,SUN,14865188,14865276,323,323,61035,55612,Surrey Central Station @ Bay 12,Surrey Central Station @ Bay 4,61035,Surrey Central Station,50550,51330,in_service_layover,60.986995194765356,69.95566434366276,50.58329399978135,780,13.0,14:02:30,14:15:30,False,,no_dispenser,0
2161910,heavy,321.0,64.0,40-ft,STC,3,SUN,14866008,14865996,326,326,56395,54993,Surrey Central Station @ Bay 1 Unloading Only,Surrey Central Station @ Bay 8,56395,Surrey Central Station,50550,52110,in_service_layover,44.51590914903497,63.97586422957438,109.75414665424228,1560,26.0,14:02:30,14:28:30,False,,no_dispenser,0
2161696,heavy,320.0,53.0,40-ft,STC,3,SUN,14866943,14866851,337,337,61035,61677,Surrey Central Station @ Bay 12,Surrey Central Station @ Bay 5A,61035,Surrey Central Station,50670,51330,in_service_layover,65.99357724687135,73.02863847161494,39.677745307553835,660,11.0,14:04:30,14:15:30,False,,no_dispenser,0
2162420,heavy,502.0,56.0,40-ft,STC,3,SUN,14875154,14875115,502,502,56395,55070,Surrey Central Station @ Bay 1 Unloading Only,Surrey Central Station @ Bay 9,56395,Surrey Central Station,50910,51150,in_service_layover,56.29776956355633,59.4665206369254,17.871756053801505,240,4.0,14:08:30,14:12:30,False,,no_dispenser,0
2161706,heavy,321.0,66.0,40-ft,STC,3,SUN,14864248,14864303,321,321,61035,61035,Surrey Central Station @ Bay 12,Surrey Central Station @ Bay 12,61035,Surrey Central Station,51030,51750,in_service_layover,40.65653249023302,49.828528852209374,51.73005948154665,720,12.0,14:10:30,14:22:30,False,,no_dispenser,0
2161685,heavy,320.0,46.0,40-ft,STC,3,SUN,14863695,14863640,320,320,61035,55713,Surrey Central Station @ Bay 12,Surrey Central Station @ Bay 5,61035,Surrey Central Station,51030,51990,in_service_layover,56.219630416847764,67.85659020278486,65.6324531926852,960,16.0,14:10:30,14:26:30,False,,no_dispenser,0
2161939,heavy,321.0,75.0,40-ft,STC,3,SUN,14866519,14866454,335,335,55714,55836,Surrey Central Station @ Bay 6,Surrey Central Station @ Bay 3,55714,Surrey Central Station,51210,52110,in_service_layover,56.24600287486952,67.26120979029724,62.12576700301241,900,15.0,14:13:30,14:28:30,False,,no_dispenser,0
2161765,heavy,320.0,65.0,40-ft,STC,3,SUN,14865587,14865631,324,324,56395,54993,Surrey Central Station @ Bay 1 Unloading Only,Surrey Central Station @ Bay 8,56395,Surrey Central Station,51270,51450,in_service_layover,52.43626011757478,54.77133916402575,13.169845821983472,180,3.0,14:14:30,14:17:30,False,,no_dispenser,0
2161828,heavy,801.0,55.0,40-ft,STC,3,SUN,14865212,14865303,323,323,61035,55612,Surrey Central Station @ Bay 12,Surrey Central Station @ Bay 4,61035,Surrey Central Station,51330,52050,in_service_layover,65.20414037679633,72.90558155786901,43.43612826124985,720,12.0,14:15:30,14:27:30,False,,no_dispenser,0
2164471,heavy,503.0,52.0,40-ft,STC,3,SUN,14875700,14875642,503,503,56395,55441,Surrey Central Station @ Bay 1 Unloading Only,Surrey Central Station @ Bay 10,56395,Surrey Central Station,51330,52110,in_service_layover,52.34181530448048,62.40222187091107,56.74069303466854,780,13.0,14:15:30,14:28:30,False,,no_dispenser,0
2161701,heavy,320.0,72.0,40-ft,STC,3,SUN,14874677,14874705,501,501,61035,55210,Surrey Central Station @ Bay 12,Surrey Central Station @ Bay 2,61035,Surrey Central Station,51450,51870,in_service_layover,54.506234046187906,60.02414833787175,31.12103660509689,420,7.0,14:17:30,14:24:30,False,,no_dispenser,0
2161944,heavy,320.0,75.0,40-ft,STC,3,SUN,14866922,14866876,337,337,61035,61677,Surrey Central Station @ Bay 12,Surrey Central Station @ Bay 5A,61035,Surrey Central Station,51570,52230,in_service_layover,69.85879327581208,76.28538268497441,36.245964267675504,660,11.0,14:19:30,14:30:30,False,,no_dispenser,0
2161690,heavy,320.0,69.0,40-ft,STC,3,SUN,14865837,14865903,325,325,56395,55738,Surrey Central Station @ Bay 1 Unloading Only,Surrey Central Station @ Bay 7,56395,Surrey Central Station,51630,52110,in_service_layover,68.09564686920089,73.18625802868412,28.71104693948547,480,8.0,14:20:30,14:28:30,False,,no_dispenser,0
2161771,heavy,321.0,60.0,40-ft,STC,3,SUN,14864207,14864304,321,321,61035,61035,Surrey Central Station @ Bay 12,Surrey Central Station @ Bay 12,61035,Surrey Central Station,51750,52470,in_service_layover,36.040619341650334,45.1441676566687,51.344012496703584,720,12.0,14:22:30,14:34:30,False,,no_dispenser,0
2162419,heavy,502.0,57.0,40-ft,STC,3,SUN,14875192,14875125,502,502,56395,55070,Surrey Central Station @ Bay 1 Unloading Only,Surrey Central Station @ Bay 9,56395,Surrey Central Station,51870,52050,in_service_layover,54.80120901951895,57.15928944532678,13.29957360155612,180,3.0,14:24:30,14:27:30,False,,no_dispenser,0
2161687,heavy,320.0,61.0,40-ft,STC,3,SUN,14863689,14863615,320,320,61035,55713,Surrey Central Station @ Bay 12,Surrey Central Station @ Bay 5,61035,Surrey Central Station,51930,52890,in_service_layover,57.37618479563656,68.80133289342555,64.43783527152988,960,16.0,14:25:30,14:41:30,False,,no_dispenser,0
2161586,heavy,320.0,62.0,40-ft,STC,3,SUN,14862745,14862760,316,316,61787,55738,Surrey Central Station @ Bay 14,Surrey Central Station @ Bay 7,61787,Surrey Central Station,52110,52410,in_service_layover,62.424363596059365,66.0931364331717,20.69187880131352,300,5.0,14:28:30,14:33:30,False,,no_dispenser,0
2161938,heavy,321.0,71.0,40-ft,STC,3,SUN,14866520,14866455,335,335,55714,55836,Surrey Central Station @ Bay 6,Surrey Central Station @ Bay 3,55714,Surrey Central Station,52110,53010,in_service_layover,50.3200842211851,61.918122113420694,65.41293371220871,900,15.0,14:28:30,14:43:30,False,,no_dispenser,0
2161561,heavy,320.0,40.0,40-ft,STC,3,SUN,14862561,14862584,314,314,56395,61787,Surrey Central Station @ Bay 1 Unloading Only,Surrey Central Station @ Bay 14,56395,Surrey Central Station,52110,53190,in_service_layover,65.52176179863243,76.04978900952356,59.378073469426,1080,18.0,14:28:30,14:46:30,False,,no_dispenser,0
2162435,heavy,503.0,50.0,40-ft,STC,3,SUN,14875738,14875614,503,503,56395,55441,Surrey Central Station @ Bay 1 Unloading Only,Surrey Central Station @ Bay 10,56395,Surrey Central Station,52230,53010,in_service_layover,20.45987155797285,30.158956752736977,54.70284049846967,780,13.0,14:30:30,14:43:30,False,,no_dispenser,0
2161564,heavy,320.0,67.0,40-ft,STC,3,SUN,14865588,14865632,324,324,56395,54993,Surrey Central Station @ Bay 1 Unloading Only,Surrey Central Station @ Bay 8,56395,Surrey Central Station,52470,52650,in_service_layover,64.62378572155468,66.78960892291799,12.215242855689041,180,3.0,14:34:30,14:37:30,False,,no_dispenser,0
2161762,heavy,321.0,63.0,40-ft,STC,3,SUN,14864208,14864305,321,321,61035,61035,Surrey Central Station @ Bay 12,Surrey Central Station @ Bay 12,61035,Surrey Central Station,52470,53070,in_service_layover,38.90807141127857,46.50973148176883,42.873362797565136,600,10.0,14:34:30,14:44:30,False,,no_dispenser,0
2161556,heavy,320.0,63.0,40-ft,STC,3,SUN,14866892,14866852,337,337,61035,61677,Surrey Central Station @ Bay 12,Surrey Central Station @ Bay 5A,61035,Surrey Central Station,52470,53130,in_service_layover,69.80076349381059,76.23676072055011,36.299024358810925,660,11.0,14:34:30,14:45:30,False,,no_dispenser,0
2161834,heavy,801.0,51.0,40-ft,STC,3,SUN,14865185,14865287,323,323,61035,55612,Surrey Central Station @ Bay 12,Surrey Central Station @ Bay 4,61035,Surrey Central Station,52710,53490,in_service_layover,67.52315362588229,75.32882219651019,44.02397073834135,780,13.0,14:38:30,14:51:30,False,,no_dispenser,0
2162418,heavy,502.0,50.0,40-ft,STC,3,SUN,14875189,14875116,502,502,56395,55070,Surrey Central Station @ Bay 1 Unloading Only,Surrey Central Station @ Bay 9,56395,Surrey Central Station,52770,52950,in_service_layover,51.44954290481846,53.77502518708146,13.115720071963324,180,3.0,14:39:30,14:42:30,False,,no_dispenser,0
2162404,heavy,320.0,80.0,40-ft,STC,3,SUN,14874688,14874731,501,501,61035,55210,Surrey Central Station @ Bay 12,Surrey Central Station @ Bay 2,61035,Surrey Central Station,52770,53490,in_service_layover,69.28619056798982,76.29155702378887,39.51026681070658,720,12.0,14:39:30,14:51:30,False,,no_dispenser,0
2162405,heavy,320.0,76.0,40-ft,STC,3,SUN,14863702,14865869,320,325,61035,55738,Surrey Central Station @ Bay 12,Surrey Central Station @ Bay 7,61035,Surrey Central Station,52830,53310,in_service_layover,67.2605871778963,72.4451306872122,29.240825392541637,480,8.0,14:40:30,14:48:30,False,,no_dispenser,0
2161700,heavy,320.0,44.0,40-ft,STC,3,SUN,14865849,14863593,325,320,56395,55713,Surrey Central Station @ Bay 1 Unloading Only,Surrey Central Station @ Bay 5,56395,Surrey Central Station,52830,53730,in_service_layover,67.7226533112392,76.42135172344166,49.060659044821875,900,15.0,14:40:30,14:55:30,False,,no_dispenser,0
2161559,heavy,321.0,72.0,40-ft,STC,3,SUN,14866521,14866456,335,335,55714,55836,Surrey Central Station @ Bay 6,Surrey Central Station @ Bay 3,55714,Surrey Central Station,53010,53850,in_service_layover,50.3200842211851,61.19261921240974,61.32109735050693,840,14.0,14:43:30,14:57:30,False,,no_dispenser,0
2161563,heavy,321.0,80.0,40-ft,STC,3,SUN,14864209,14864333,321,321,61035,61035,Surrey Central Station @ Bay 12,Surrey Central Station @ Bay 12,61035,Surrey Central Station,53190,53670,in_service_layover,64.58705379117093,70.06078122040343,30.87182270087129,480,8.0,14:46:30,14:54:30,False,,no_dispenser,0
2162437,heavy,503.0,56.0,40-ft,STC,3,SUN,14875699,14875641,503,503,56395,55441,Surrey Central Station @ Bay 1 Unloading Only,Surrey Central Station @ Bay 10,56395,Surrey Central Station,53190,53910,in_service_layover,46.723244371729635,56.04190904171629,52.5572687387247,720,12.0,14:46:30,14:58:30,False,,no_dispenser,0
2161697,heavy,320.0,68.0,40-ft,STC,3,SUN,14866923,14866880,337,337,61035,61677,Surrey Central Station @ Bay 12,Surrey Central Station @ Bay 5A,61035,Surrey Central Station,53370,54090,in_service_layover,68.58036957537036,75.70902673046226,40.20562635471839,720,12.0,14:49:30,15:01:30,False,,no_dispenser,0
2161832,heavy,801.0,56.0,40-ft,STC,3,SUN,14865187,14865313,323,323,61035,55612,Surrey Central Station @ Bay 12,Surrey Central Station @ Bay 4,61035,Surrey Central Station,53430,54210,in_service_layover,67.1239769658761,75.0036888023136,44.44157475750757,780,13.0,14:50:30,15:03:30,False,,no_dispenser,0
2161764,heavy,502.0,53.0,40-ft,STC,3,SUN,14875155,14875121,502,502,56395,55070,Surrey Central Station @ Bay 1 Unloading Only,Surrey Central Station @ Bay 9,56395,Surrey Central Station,53670,53850,in_service_layover,50.20919688686979,52.52261562337536,13.047681673891418,180,3.0,14:54:30,14:57:30,False,,no_dispenser,0
2161758,heavy,321.0,79.0,40-ft,STC,3,SUN,14864239,14864306,321,321,61035,61035,Surrey Central Station @ Bay 12,Surrey Central Station @ Bay 12,61035,Surrey Central Station,53730,54270,in_service_layover,57.669285291640605,64.51967556419773,38.636201137222145,540,9.0,14:55:30,15:04:30,False,,no_dispenser,0
2161686,heavy,320.0,45.0,40-ft,STC,3,SUN,14863710,14863600,320,320,61035,55713,Surrey Central Station @ Bay 12,Surrey Central Station @ Bay 5,61035,Surrey Central Station,53730,54690,in_service_layover,45.69468644910265,58.12635344443666,70.1146018536839,960,16.0,14:55:30,15:11:30,False,,no_dispenser,0
2161560,heavy,321.0,74.0,40-ft,STC,3,SUN,14866522,14866457,335,335,55714,55836,Surrey Central Station @ Bay 6,Surrey Central Station @ Bay 3,55714,Surrey Central Station,53910,54690,in_service_layover,46.993386847578925,57.11469596452289,57.08418341956394,780,13.0,14:58:30,15:11:30,False,,no_dispenser,0
2161584,heavy,320.0,55.0,40-ft,STC,3,SUN,14862728,14862769,316,316,61787,55738,Surrey Central Station @ Bay 14,Surrey Central Station @ Bay 7,61787,Surrey Central Station,53970,54210,in_service_layover,61.811098382280946,64.80348143749224,16.87704043139172,240,4.0,14:59:30,15:03:30,False,,no_dispenser,0
2161707,heavy,320.0,43.0,40-ft,STC,3,SUN,14874703,14866853,501,337,61035,61677,Surrey Central Station @ Bay 12,Surrey Central Station @ Bay 5A,61035,Surrey Central Station,53970,54990,in_service_layover,60.751712800537916,71.96171820852986,63.22443050107455,1020,17.0,14:59:30,15:16:30,False,,no_dispenser,0
2162438,heavy,503.0,60.0,40-ft,STC,3,SUN,14875746,14875613,503,503,56395,55441,Surrey Central Station @ Bay 1 Unloading Only,Surrey Central Station @ Bay 10,56395,Surrey Central Station,54150,54810,in_service_layover,64.236118840513,71.53567751505719,41.16951092442923,660,11.0,15:02:30,15:13:30,False,,no_dispenser,0
2161831,heavy,801.0,53.0,40-ft,STC,3,SUN,14865227,14865304,323,323,61035,55612,Surrey Central Station @ Bay 12,Surrey Central Station @ Bay 4,61035,Surrey Central Station,54150,54930,in_service_layover,66.06786065709466,74.14157912614694,45.53577216545489,780,13.0,15:02:30,15:15:30,False,,no_dispenser,0
2161704,heavy,321.0,62.0,40-ft,STC,3,SUN,14866004,14865994,326,326,56395,54993,Surrey Central Station @ Bay 1 Unloading Only,Surrey Central Station @ Bay 8,56395,Surrey Central Station,54150,55710,in_service_layover,39.15155445656066,59.04791635098743,112.21548108456696,1560,26.0,15:02:30,15:28:30,False,,no_dispenser,0
2161696,heavy,320.0,53.0,40-ft,STC,3,SUN,14866893,14874704,337,501,61035,55210,Surrey Central Station @ Bay 12,Surrey Central Station @ Bay 2,61035,Surrey Central Station,54270,54690,in_service_layover,66.16330763998653,70.8652897368913,26.51917902654293,420,7.0,15:04:30,15:11:30,False,,no_dispenser,0
2161975,heavy,502.0,55.0,40-ft,STC,3,SUN,14875156,14875082,502,502,56395,55070,Surrey Central Station @ Bay 1 Unloading Only,Surrey Central Station @ Bay 9,56395,Surrey Central Station,54570,54750,in_service_layover,48.24064629146932,50.5383186206245,12.95887193643523,180,3.0,15:09:30,15:12:30,False,,no_dispenser,0
2161699,heavy,320.0,54.0,40-ft,STC,3,SUN,14863694,14865886,320,325,61035,55738,Surrey Central Station @ Bay 12,Surrey Central Station @ Bay 7,61035,Surrey Central Station,54630,55710,in_service_layover,57.08317618583886,69.71692491453491,71.25434282984577,1080,18.0,15:10:30,15:28:30,False,,no_dispenser,0
2161588,heavy,320.0,58.0,40-ft,STC,3,SUN,14865590,14865634,324,324,56395,54993,Surrey Central Station @ Bay 1 Unloading Only,Surrey Central Station @ Bay 8,56395,Surrey Central Station,54810,55050,in_service_layover,64.69999836809818,67.55579040743159,16.106667101840458,240,4.0,15:13:30,15:17:30,False,,no_dispenser,0
2161911,heavy,321.0,76.0,40-ft,STC,3,SUN,14866523,14866458,335,335,55714,55836,Surrey Central Station @ Bay 6,Surrey Central Station @ Bay 3,55714,Surrey Central Station,54810,55650,in_service_layover,47.558881648754046,58.465825589845565,61.51516382775617,840,14.0,15:13:30,15:27:30,False,,no_dispenser,0
2161759,heavy,321.0,70.0,40-ft,STC,3,SUN,14864254,14864345,321,321,61035,61035,Surrey Central Station @ Bay 12,Surrey Central Station @ Bay 12,61035,Surrey Central Station,54930,55470,in_service_layover,36.292918256656776,43.10896417650718,38.44249898795627,540,9.0,15:15:30,15:24:30,False,,no_dispenser,0
2161836,heavy,801.0,54.0,40-ft,STC,3,SUN,14865213,14865275,323,323,61035,55612,Surrey Central Station @ Bay 12,Surrey Central Station @ Bay 4,61035,Surrey Central Station,54930,55650,in_service_layover,67.2206911077335,74.58339631033434,41.52565734266875,720,12.0,15:15:30,15:27:30,False,,no_dispenser,0
2161695,heavy,503.0,53.0,40-ft,STC,3,SUN,14875698,14875640,503,503,56395,55441,Surrey Central Station @ Bay 1 Unloading Only,Surrey Central Station @ Bay 10,56395,Surrey Central Station,55050,55710,in_service_layover,43.961302370693346,52.41891774855234,47.70095073112475,660,11.0,15:17:30,15:28:30,False,,no_dispenser,0
2161587,heavy,320.0,74.0,40-ft,STC,3,SUN,14874676,14874737,501,501,61035,55210,Surrey Central Station @ Bay 12,Surrey Central Station @ Bay 2,61035,Surrey Central Station,55170,55890,in_service_layover,57.262212212920595,66.20412566825942,50.432391888111,720,12.0,15:19:30,15:31:30,False,,no_dispenser,0
2161944,heavy,320.0,75.0,40-ft,STC,3,SUN,14866924,14866881,337,337,61035,61677,Surrey Central Station @ Bay 12,Surrey Central Station @ Bay 5A,61035,Surrey Central Station,55170,55890,in_service_layover,69.42005185334598,76.40189794048378,39.377611931457125,720,12.0,15:19:30,15:31:30,False,,no_dispenser,0
2162417,heavy,502.0,51.0,40-ft,STC,3,SUN,14875199,14875126,502,502,56395,55070,Surrey Central Station @ Bay 1 Unloading Only,Surrey Central Station @ Bay 9,56395,Surrey Central Station,55470,55650,in_service_layover,45.638528980732374,47.92589081989489,12.900720772876582,180,3.0,15:24:30,15:27:30,False,,no_dispenser,0
2161557,heavy,320.0,84.0,40-ft,STC,3,SUN,14863709,14863621,320,320,61035,55713,Surrey Central Station @ Bay 12,Surrey Central Station @ Bay 5,61035,Surrey Central Station,55470,56490,in_service_layover,68.36115431389031,77.7636038036292,53.029815122127275,1020,17.0,15:24:30,15:41:30,False,,no_dispenser,0
2161562,heavy,321.0,67.0,40-ft,STC,3,SUN,14864211,14864308,321,321,61035,61035,Surrey Central Station @ Bay 12,Surrey Central Station @ Bay 12,61035,Surrey Central Station,55530,56130,in_service_layover,33.9014644168087,41.459069287750005,42.62489147210894,600,10.0,15:25:30,15:35:30,False,,no_dispenser,0
2161827,heavy,801.0,50.0,40-ft,STC,3,SUN,14865195,14865293,323,323,61035,55612,Surrey Central Station @ Bay 12,Surrey Central Station @ Bay 4,61035,Surrey Central Station,55650,56370,in_service_layover,64.72505097167578,72.50549705186394,43.88171589226124,720,12.0,15:27:30,15:39:30,False,,no_dispenser,0
2161767,heavy,321.0,77.0,40-ft,STC,3,SUN,14866524,14866459,335,335,55714,55836,Surrey Central Station @ Bay 6,Surrey Central Station @ Bay 3,55714,Surrey Central Station,55710,56610,in_service_layover,46.270647133677066,57.938942422349825,65.80918542811435,900,15.0,15:28:30,15:43:30,False,,no_dispenser,0
2161585,heavy,320.0,57.0,40-ft,STC,3,SUN,14862746,14862762,316,316,61787,55738,Surrey Central Station @ Bay 14,Surrey Central Station @ Bay 7,61787,Surrey Central Station,55830,56010,in_service_layover,64.72428929563732,66.88654854047287,12.19514214087252,180,3.0,15:30:30,15:33:30,False,,no_dispenser,0
2162436,heavy,503.0,51.0,40-ft,STC,3,SUN,14875737,14875612,503,503,56395,55441,Surrey Central Station @ Bay 1 Unloading Only,Surrey Central Station @ Bay 10,56395,Surrey Central Station,55950,56610,in_service_layover,32.13920119516912,40.44122974426169,46.82344101688213,660,11.0,15:32:30,15:43:30,False,,no_dispenser,0
2161765,heavy,320.0,65.0,40-ft,STC,3,SUN,14865591,14865635,324,324,56395,54993,Surrey Central Station @ Bay 1 Unloading Only,Surrey Central Station @ Bay 8,56395,Surrey Central Station,56070,56250,in_service_layover,45.745145440032886,48.03278551440589,12.902290019463692,180,3.0,15:34:30,15:37:30,False,,no_dispenser,0
2161556,heavy,320.0,63.0,40-ft,STC,3,SUN,14866894,14866854,337,337,61035,61677,Surrey Central Station @ Bay 12,Surrey Central Station @ Bay 5A,61035,Surrey Central Station,56070,56790,in_service_layover,69.3714298889217,76.36182324572422,39.425818532366236,720,12.0,15:34:30,15:46:30,False,,no_dispenser,0
2161761,heavy,321.0,68.0,40-ft,STC,3,SUN,14864212,14864309,321,321,61035,61035,Surrey Central Station @ Bay 12,Surrey Central Station @ Bay 12,61035,Surrey Central Station,56130,56730,in_service_layover,52.577144505307075,60.413810453038984,44.19879594520802,600,10.0,15:35:30,15:45:30,False,,no_dispenser,0
2161698,heavy,320.0,56.0,40-ft,STC,3,SUN,14875190,14875133,502,502,56395,55070,Surrey Central Station @ Bay 1 Unloading Only,Surrey Central Station @ Bay 9,56395,Surrey Central Station,56370,56550,in_service_layover,46.84328614045061,49.134115787213645,12.920279207743533,180,3.0,15:39:30,15:42:30,False,,no_dispenser,0
2161687,heavy,320.0,61.0,40-ft,STC,3,SUN,14863684,14865867,320,325,61035,55738,Surrey Central Station @ Bay 12,Surrey Central Station @ Bay 7,61035,Surrey Central Station,56370,56910,in_service_layover,61.631863272455725,68.05736144987435,36.239809720641006,540,9.0,15:39:30,15:48:30,False,,no_dispenser,0
2161772,heavy,321.0,78.0,40-ft,STC,3,SUN,14866525,14866460,335,335,55714,55836,Surrey Central Station @ Bay 6,Surrey Central Station @ Bay 3,55714,Surrey Central Station,56610,57510,in_service_layover,46.270647133677066,57.938942422349825,65.80918542811435,900,15.0,15:43:30,15:58:30,False,,no_dispenser,0
2164508,heavy,503.0,57.0,40-ft,STC,3,SUN,14875697,14875639,503,503,56395,55441,Surrey Central Station @ Bay 1 Unloading Only,Surrey Central Station @ Bay 10,56395,Surrey Central Station,56850,57510,in_service_layover,44.28198538524015,52.74666877876457,47.740814339477765,660,11.0,15:47:30,15:58:30,False,,no_dispenser,0
2161697,heavy,320.0,68.0,40-ft,STC,3,SUN,14866925,14866882,337,337,61035,61677,Surrey Central Station @ Bay 12,Surrey Central Station @ Bay 5A,61035,Surrey Central Station,56970,57690,in_service_layover,68.84369589883383,75.92650057543987,39.947018376058,720,12.0,15:49:30,16:01:30,False,,no_dispenser,0
2161829,heavy,801.0,52.0,40-ft,STC,3,SUN,14865214,14865314,323,323,61035,55612,Surrey Central Station @ Bay 12,Surrey Central Station @ Bay 4,61035,Surrey Central Station,56970,57810,in_service_layover,69.01921387216132,76.99868644519732,45.00422531192311,840,14.0,15:49:30,16:03:30,False,,no_dispenser,0
2161702,heavy,320.0,48.0,40-ft,STC,3,SUN,14863715,14863599,320,320,61035,55713,Surrey Central Station @ Bay 12,Surrey Central Station @ Bay 5,61035,Surrey Central Station,57270,58290,in_service_layover,53.778414996664324,66.41721348958136,71.28282350005207,1020,17.0,15:54:30,16:11:30,False,,no_dispenser,0
2161757,heavy,321.0,81.0,40-ft,STC,3,SUN,14864255,14864346,321,321,61035,61035,Surrey Central Station @ Bay 12,Surrey Central Station @ Bay 12,61035,Surrey Central Station,57330,57930,in_service_layover,57.669285291640605,65.21489294129817,42.55722714406869,600,10.0,15:55:30,16:05:30,False,,no_dispenser,0
2161586,heavy,320.0,62.0,40-ft,STC,3,SUN,14862731,14862770,316,316,61787,55738,Surrey Central Station @ Bay 14,Surrey Central Station @ Bay 7,61787,Surrey Central Station,57570,57810,in_service_layover,59.312973396450765,62.42493370955242,17.5514561658934,240,4.0,15:59:30,16:03:30,False,,no_dispenser,0
2162441,heavy,503.0,58.0,40-ft,STC,3,SUN,14875724,14875611,503,503,56395,55441,Surrey Central Station @ Bay 1 Unloading Only,Surrey Central Station @ Bay 10,56395,Surrey Central Station,57750,58410,in_service_layover,39.66376521842571,48.0440276234955,47.2646799645936,660,11.0,16:02:30,16:13:30,False,,no_dispenser,0
2161910,heavy,321.0,64.0,40-ft,STC,3,SUN,14866003,14866461,326,335,56395,55836,Surrey Central Station @ Bay 1 Unloading Only,Surrey Central Station @ Bay 3,56395,Surrey Central Station,57750,59130,in_service_layover,53.442638562400305,69.64161218705446,91.3622112430495,1380,23.0,16:02:30,16:25:30,False,,no_dispenser,0
2161707,heavy,320.0,43.0,40-ft,STC,3,SUN,14866895,14874735,337,501,61035,55210,Surrey Central Station @ Bay 12,Surrey Central Station @ Bay 2,61035,Surrey Central Station,57870,58290,in_service_layover,65.09638737690145,69.89723670886687,27.07679023228502,420,7.0,16:04:30,16:11:30,False,,no_dispenser,0
2161763,heavy,321.0,69.0,40-ft,STC,3,SUN,14864240,14864310,321,321,61035,61035,Surrey Central Station @ Bay 12,Surrey Central Station @ Bay 12,61035,Surrey Central Station,57930,58530,in_service_layover,37.93079919815138,45.52345503021495,42.82257889283855,600,10.0,16:05:30,16:15:30,False,,no_dispenser,0
2162420,heavy,502.0,56.0,40-ft,STC,3,SUN,14875159,14875117,502,502,56395,55070,Surrey Central Station @ Bay 1 Unloading Only,Surrey Central Station @ Bay 9,56395,Surrey Central Station,58170,58350,in_service_layover,48.65250910331609,50.95285025632299,12.973924102958904,180,3.0,16:09:30,16:12:30,False,,no_dispenser,0
2161686,heavy,320.0,45.0,40-ft,STC,3,SUN,14863693,14866855,320,337,61035,61677,Surrey Central Station @ Bay 12,Surrey Central Station @ Bay 5A,61035,Surrey Central Station,58230,58590,in_service_layover,50.95688382346684,55.62831842238782,26.346891137914326,360,6.0,16:10:30,16:16:30,False,,no_dispenser,0
2161769,heavy,321.0,65.0,40-ft,STC,3,SUN,14864214,14864311,321,321,61035,61035,Surrey Central Station @ Bay 12,Surrey Central Station @ Bay 12,61035,Surrey Central Station,58530,59130,in_service_layover,27.3467800257374,34.84736605852604,42.30330522492795,600,10.0,16:15:30,16:25:30,False,,no_dispenser,0
2164471,heavy,503.0,52.0,40-ft,STC,3,SUN,14875696,14875638,503,503,56395,55441,Surrey Central Station @ Bay 1 Unloading Only,Surrey Central Station @ Bay 10,56395,Surrey Central Station,58650,59310,in_service_layover,51.46425846074379,60.07399223444282,48.55889848366252,660,11.0,16:17:30,16:28:30,False,,no_dispenser,0
2161944,heavy,320.0,75.0,40-ft,STC,3,SUN,14866926,14866883,337,337,61035,61677,Surrey Central Station @ Bay 12,Surrey Central Station @ Bay 5A,61035,Surrey Central Station,58770,59430,in_service_layover,69.53656710885537,76.0152884364586,36.53998828768232,660,11.0,16:19:30,16:30:30,False,,no_dispenser,0
2162416,heavy,502.0,54.0,40-ft,STC,3,SUN,14874675,14874734,501,501,61035,55210,Surrey Central Station @ Bay 12,Surrey Central Station @ Bay 2,61035,Surrey Central Station,58770,59490,in_service_layover,48.93604019351254,58.308526945810335,52.860825282959524,720,12.0,16:19:30,16:31:30,False,,no_dispenser,0
2161834,heavy,801.0,51.0,40-ft,STC,3,SUN,14865215,14865324,323,323,61035,55612,Surrey Central Station @ Bay 12,Surrey Central Station @ Bay 4,61035,Surrey Central Station,58770,59610,in_service_layover,66.21638822479258,74.75919998371941,48.1814583203473,840,14.0,16:19:30,16:33:30,False,,no_dispenser,0
2162419,heavy,502.0,57.0,40-ft,STC,3,SUN,14875200,14875087,502,502,56395,55070,Surrey Central Station @ Bay 1 Unloading Only,Surrey Central Station @ Bay 9,56395,Surrey Central Station,59070,59250,in_service_layover,46.307877878917395,48.59699119413764,12.91059909784218,180,3.0,16:24:30,16:27:30,False,,no_dispenser,0
2161688,heavy,320.0,85.0,40-ft,STC,3,SUN,14863711,14865884,320,325,61035,55738,Surrey Central Station @ Bay 12,Surrey Central Station @ Bay 7,61035,Surrey Central Station,59130,59310,in_service_layover,65.50804432410334,67.64251083743301,12.038391135179324,180,3.0,16:25:30,16:28:30,False,,no_dispenser,0
2161565,heavy,321.0,61.0,40-ft,STC,3,SUN,14864215,14864312,321,321,61035,61035,Surrey Central Station @ Bay 12,Surrey Central Station @ Bay 12,61035,Surrey Central Station,59130,59670,in_service_layover,24.800105460011363,31.52611869733526,37.93471465850678,540,9.0,16:25:30,16:34:30,False,,no_dispenser,0
2161584,heavy,320.0,55.0,40-ft,STC,3,SUN,14862747,14862755,316,316,61787,55738,Surrey Central Station @ Bay 14,Surrey Central Station @ Bay 7,61787,Surrey Central Station,59250,59610,in_service_layover,58.08520061728347,62.74504817397361,26.281540219732392,360,6.0,16:27:30,16:33:30,False,,no_dispenser,0
2161561,heavy,320.0,40.0,40-ft,STC,3,SUN,14862564,14862578,314,314,56395,61787,Surrey Central Station @ Bay 1 Unloading Only,Surrey Central Station @ Bay 14,56395,Surrey Central Station,59250,60390,in_service_layover,65.38120153888158,76.36504708333453,61.94888887071471,1140,19.0,16:27:30,16:46:30,False,,no_dispenser,0
2161941,heavy,321.0,73.0,40-ft,STC,3,SUN,14866528,14866462,335,335,55714,55836,Surrey Central Station @ Bay 6,Surrey Central Station @ Bay 3,55714,Surrey Central Station,59370,59850,in_service_layover,63.33927059775101,68.94194070241872,31.59905939032592,480,8.0,16:29:30,16:37:30,False,,no_dispenser,0
2162406,heavy,503.0,54.0,40-ft,STC,3,SUN,14875736,14875679,503,503,56395,55441,Surrey Central Station @ Bay 1 Unloading Only,Surrey Central Station @ Bay 10,56395,Surrey Central Station,59550,60270,in_service_layover,26.354340062131964,35.35677826801739,50.77375148119381,720,12.0,16:32:30,16:44:30,False,,no_dispenser,0
2161556,heavy,320.0,63.0,40-ft,STC,3,SUN,14866896,14866856,337,337,61035,61677,Surrey Central Station @ Bay 12,Surrey Central Station @ Bay 5A,61035,Surrey Central Station,59670,60270,in_service_layover,69.4964924140958,75.48074005415275,33.751156689921174,600,10.0,16:34:30,16:44:30,False,,no_dispenser,0
2161706,heavy,321.0,66.0,40-ft,STC,3,SUN,14864216,14864313,321,321,61035,61035,Surrey Central Station @ Bay 12,Surrey Central Station @ Bay 12,61035,Surrey Central Station,59730,60390,in_service_layover,31.378381994484506,39.67313038686672,46.782380933035654,660,11.0,16:35:30,16:46:30,False,,no_dispenser,0
2161832,heavy,801.0,56.0,40-ft,STC,3,SUN,14865198,14865326,323,323,61035,55612,Surrey Central Station @ Bay 12,Surrey Central Station @ Bay 4,61035,Surrey Central Station,59910,60810,in_service_layover,65.89125483059601,74.98144684314131,51.268682950755476,900,15.0,16:38:30,16:53:30,False,,no_dispenser,0
2162418,heavy,502.0,50.0,40-ft,STC,3,SUN,14875191,14875118,502,502,56395,55070,Surrey Central Station @ Bay 1 Unloading Only,Surrey Central Station @ Bay 9,56395,Surrey Central Station,59970,60210,in_service_layover,43.65474783737164,46.699670358067,17.17336301672185,240,4.0,16:39:30,16:43:30,False,,no_dispenser,0
2161939,heavy,321.0,75.0,40-ft,STC,3,SUN,14866529,14866464,335,335,55714,55836,Surrey Central Station @ Bay 6,Surrey Central Station @ Bay 3,55714,Surrey Central Station,60270,61230,in_service_layover,63.33927059775101,73.46448534451248,57.10621117173474,960,16.0,16:44:30,17:00:30,False,,no_dispenser,0
2161771,heavy,321.0,60.0,40-ft,STC,3,SUN,14864217,14866463,321,335,61035,55836,Surrey Central Station @ Bay 12,Surrey Central Station @ Bay 3,61035,Surrey Central Station,60330,60570,in_service_layover,26.694020798943836,29.679927147859953,16.840511807886912,240,4.0,16:45:30,16:49:30,False,,no_dispenser,0
2162437,heavy,503.0,56.0,40-ft,STC,3,SUN,14875695,14875637,503,503,56395,55441,Surrey Central Station @ Bay 1 Unloading Only,Surrey Central Station @ Bay 10,56395,Surrey Central Station,60510,61170,in_service_layover,45.81958226545596,54.32065506361926,47.94605058164103,660,11.0,16:48:30,16:59:30,False,,no_dispenser,0
2161697,heavy,320.0,68.0,40-ft,STC,3,SUN,14866927,14866884,337,337,61035,61677,Surrey Central Station @ Bay 12,Surrey Central Station @ Bay 5A,61035,Surrey Central Station,60570,61170,in_service_layover,69.06116974381145,75.10896492789398,34.10956483822548,600,10.0,16:49:30,16:59:30,False,,no_dispenser,0
2161692,heavy,320.0,47.0,40-ft,STC,3,SUN,14863660,14863624,320,320,61035,55713,Surrey Central Station @ Bay 12,Surrey Central Station @ Bay 5,61035,Surrey Central Station,60810,60990,in_service_layover,47.877973810393584,50.17354186654589,12.947003836699025,180,3.0,16:53:30,16:56:30,False,,no_dispenser,0
2161764,heavy,502.0,53.0,40-ft,STC,3,SUN,14875160,14875138,502,502,56395,55070,Surrey Central Station @ Bay 1 Unloading Only,Surrey Central Station @ Bay 9,56395,Surrey Central Station,60810,61170,in_service_layover,42.387802766043855,46.95460226468459,25.75674917233374,360,6.0,16:53:30,16:59:30,False,,no_dispenser,0
2161762,heavy,321.0,63.0,40-ft,STC,3,SUN,14864241,14864338,321,321,61035,61035,Surrey Central Station @ Bay 12,Surrey Central Station @ Bay 12,61035,Surrey Central Station,60930,61110,in_service_layover,28.05958462404397,30.30107098286144,12.641983063730521,180,3.0,16:55:30,16:58:30,False,,no_dispenser,0
2161585,heavy,320.0,57.0,40-ft,STC,3,SUN,14862742,14862771,316,316,61787,55738,Surrey Central Station @ Bay 14,Surrey Central Station @ Bay 7,61787,Surrey Central Station,61110,61410,in_service_layover,59.34366431945344,63.19735490379048,21.734814895660918,300,5.0,16:58:30,17:03:30,False,,no_dispenser,0
2161938,heavy,321.0,71.0,40-ft,STC,3,SUN,14866530,14866465,335,335,55714,55836,Surrey Central Station @ Bay 6,Surrey Central Station @ Bay 3,55714,Surrey Central Station,61170,61890,in_service_layover,59.09899797203034,67.78055028631573,48.963955052569645,720,12.0,16:59:30,17:11:30,False,,no_dispenser,0
2161687,heavy,320.0,61.0,40-ft,STC,3,SUN,14865865,14865883,325,325,56395,55738,Surrey Central Station @ Bay 1 Unloading Only,Surrey Central Station @ Bay 7,56395,Surrey Central Station,61230,61770,in_service_layover,67.9807247739958,73.64316046210632,31.936137280943285,540,9.0,17:00:30,17:09:30,False,,no_dispenser,0
2161704,heavy,321.0,62.0,40-ft,STC,3,SUN,14866005,14863605,326,320,56395,55713,Surrey Central Station @ Bay 1 Unloading Only,Surrey Central Station @ Bay 5,56395,Surrey Central Station,61350,61890,in_service_layover,48.514690683813356,55.50063718507333,39.40073826710625,540,9.0,17:02:30,17:11:30,False,,no_dispenser,0
2161686,heavy,320.0,45.0,40-ft,STC,3,SUN,14866897,14866857,337,337,61035,61677,Surrey Central Station @ Bay 12,Surrey Central Station @ Bay 5A,61035,Surrey Central Station,61470,62070,in_service_layover,48.7629875907594,56.54842726535002,43.909879764691084,600,10.0,17:04:30,17:14:30,False,,no_dispenser,0
2161563,heavy,321.0,80.0,40-ft,STC,3,SUN,14864218,14864314,321,321,61035,61035,Surrey Central Station @ Bay 12,Surrey Central Station @ Bay 12,61035,Surrey Central Station,61530,61770,in_service_layover,51.61063436267855,54.72004491639595,17.53707552296612,240,4.0,17:05:30,17:09:30,False,,no_dispenser,0
2161975,heavy,502.0,55.0,40-ft,STC,3,SUN,14875161,14875143,502,502,56395,55070,Surrey Central Station @ Bay 1 Unloading Only,Surrey Central Station @ Bay 9,56395,Surrey Central Station,61530,62130,in_service_layover,38.093520801009554,45.68759213932541,42.830562348101466,600,10.0,17:05:30,17:15:30,False,,no_dispenser,0
2161827,heavy,801.0,50.0,40-ft,STC,3,SUN,14865239,14865328,323,323,61035,55612,Surrey Central Station @ Bay 12,Surrey Central Station @ Bay 4,61035,Surrey Central Station,61710,62010,in_service_layover,67.91287016051155,71.23841133690163,18.756052234840183,300,5.0,17:08:30,17:13:30,False,,no_dispenser,0
2161559,heavy,321.0,72.0,40-ft,STC,3,SUN,14866559,14866466,335,335,55714,55836,Surrey Central Station @ Bay 6,Surrey Central Station @ Bay 3,55714,Surrey Central Station,61890,62550,in_service_layover,57.17534056587884,65.45576927995104,46.70161794736714,660,11.0,17:11:30,17:22:30,False,,no_dispenser,0
2161758,heavy,321.0,79.0,40-ft,STC,3,SUN,14864256,14864315,321,321,61035,61035,Surrey Central Station @ Bay 12,Surrey Central Station @ Bay 12,61035,Surrey Central Station,62130,62610,in_service_layover,46.069528706472845,52.21978764934222,34.68746043778327,480,8.0,17:15:30,17:23:30,False,,no_dispenser,0
2161695,heavy,503.0,53.0,40-ft,STC,3,SUN,14875694,14875636,503,503,56395,55441,Surrey Central Station @ Bay 1 Unloading Only,Surrey Central Station @ Bay 10,56395,Surrey Central Station,62370,62970,in_service_layover,42.93336751280186,50.589561412049925,43.18093359175907,600,10.0,17:19:30,17:29:30,False,,no_dispenser,0
2161944,heavy,320.0,75.0,40-ft,STC,3,SUN,14866928,14866885,337,337,61035,61677,Surrey Central Station @ Bay 12,Surrey Central Station @ Bay 5A,61035,Surrey Central Station,62370,62970,in_service_layover,69.14995760483019,75.1848302878011,34.03668193195597,600,10.0,17:19:30,17:29:30,False,,no_dispenser,0
2161765,heavy,320.0,65.0,40-ft,STC,3,SUN,14866531,14865997,335,326,55714,54993,Surrey Central Station @ Bay 6,Surrey Central Station @ Bay 8,55714,Surrey Central Station,62550,62910,in_service_layover,40.25258504019309,44.80824005406533,25.69389427823944,360,6.0,17:22:30,17:28:30,False,,no_dispenser,0
2161689,heavy,320.0,49.0,40-ft,STC,3,SUN,14863662,14865610,320,324,61035,54993,Surrey Central Station @ Bay 12,Surrey Central Station @ Bay 8,61035,Surrey Central Station,62610,63450,in_service_layover,56.72514893554214,67.03712381660326,58.15953832918473,840,14.0,17:23:30,17:37:30,False,,no_dispenser,0
2161768,heavy,321.0,82.0,40-ft,STC,3,SUN,14864219,14864316,321,321,61035,61035,Surrey Central Station @ Bay 12,Surrey Central Station @ Bay 12,61035,Surrey Central Station,62730,63330,in_service_layover,57.669285291640605,65.21489294129817,42.55722714406869,600,10.0,17:25:30,17:35:30,False,,no_dispenser,0
2161586,heavy,320.0,62.0,40-ft,STC,3,SUN,14862748,14862757,316,316,61787,55738,Surrey Central Station @ Bay 14,Surrey Central Station @ Bay 7,61787,Surrey Central Station,62850,63210,in_service_layover,55.002772570031645,59.74135304711149,26.72559389073035,360,6.0,17:27:30,17:33:30,False,,no_dispenser,0
2161829,heavy,801.0,52.0,40-ft,STC,3,SUN,14865241,14865330,323,323,61035,55612,Surrey Central Station @ Bay 12,Surrey Central Station @ Bay 4,61035,Surrey Central Station,62910,63210,in_service_layover,67.88625247347973,71.21362249523327,18.76636692268994,300,5.0,17:28:30,17:33:30,False,,no_dispenser,0
2161556,heavy,320.0,63.0,40-ft,STC,3,SUN,14866898,14866858,337,337,61035,61677,Surrey Central Station @ Bay 12,Surrey Central Station @ Bay 5A,61035,Surrey Central Station,63270,63930,in_service_layover,68.61540922252433,75.2417493595244,37.37255837268037,660,11.0,17:34:30,17:45:30,False,,no_dispenser,0
2161691,heavy,320.0,81.0,40-ft,STC,3,SUN,14865597,14863646,324,320,56395,55713,Surrey Central Station @ Bay 1 Unloading Only,Surrey Central Station @ Bay 5,56395,Surrey Central Station,63330,63570,in_service_layover,55.11863418694429,58.273536257582215,17.79364767839786,240,4.0,17:35:30,17:39:30,False,,no_dispenser,0
2161759,heavy,321.0,70.0,40-ft,STC,3,SUN,14864220,14864317,321,321,61035,61035,Surrey Central Station @ Bay 12,Surrey Central Station @ Bay 12,61035,Surrey Central Station,63330,64050,in_service_layover,24.658817318782315,33.6435203894412,50.67372531851612,720,12.0,17:35:30,17:47:30,False,,no_dispenser,0
2161828,heavy,801.0,55.0,40-ft,STC,3,SUN,14865242,14865331,323,323,61035,55612,Surrey Central Station @ Bay 12,Surrey Central Station @ Bay 4,61035,Surrey Central Station,63510,63810,in_service_layover,63.44977260479302,67.05794207259484,20.350075798402315,300,5.0,17:38:30,17:43:30,False,,no_dispenser,0
2161699,heavy,320.0,54.0,40-ft,STC,3,SUN,14863700,14863617,320,320,61035,55713,Surrey Central Station @ Bay 12,Surrey Central Station @ Bay 5,61035,Surrey Central Station,63510,64410,in_service_layover,62.21941863651104,72.06965387259336,55.55532673150435,900,15.0,17:38:30,17:53:30,False,,no_dispenser,0
2161688,heavy,320.0,85.0,40-ft,STC,3,SUN,14865859,14865868,325,325,56395,55738,Surrey Central Station @ Bay 1 Unloading Only,Surrey Central Station @ Bay 7,56395,Surrey Central Station,63570,64230,in_service_layover,67.62765777354312,74.40996713983526,38.25222482588765,660,11.0,17:39:30,17:50:30,False,,no_dispenser,0
2161698,heavy,320.0,56.0,40-ft,STC,3,SUN,14875177,14875145,502,502,56395,55070,Surrey Central Station @ Bay 1 Unloading Only,Surrey Central Station @ Bay 9,56395,Surrey Central Station,63690,63930,in_service_layover,41.27903542905851,44.315691473247924,17.126740089228292,240,4.0,17:41:30,17:45:30,False,,no_dispenser,0
2161835,heavy,801.0,57.0,40-ft,STC,3,SUN,14865243,14865332,323,323,61035,55612,Surrey Central Station @ Bay 12,Surrey Central Station @ Bay 4,61035,Surrey Central Station,64110,64410,in_service_layover,63.438696469862165,67.0475205555677,20.353767843379273,300,5.0,17:48:30,17:53:30,False,,no_dispenser,0
2164508,heavy,503.0,57.0,40-ft,STC,3,SUN,14875693,14875635,503,503,56395,55441,Surrey Central Station @ Bay 1 Unloading Only,Surrey Central Station @ Bay 10,56395,Surrey Central Station,64170,64770,in_service_layover,43.264107612638476,50.92604245280642,43.213312498547225,600,10.0,17:49:30,17:59:30,False,,no_dispenser,0
2161697,heavy,320.0,68.0,40-ft,STC,3,SUN,14866929,14866886,337,337,61035,61677,Surrey Central Station @ Bay 12,Surrey Central Station @ Bay 5A,61035,Surrey Central Station,64170,64830,in_service_layover,68.24363409626557,74.92896011596362,37.705238751097,660,11.0,17:49:30,18:00:30,False,,no_dispenser,0
2161767,heavy,321.0,77.0,40-ft,STC,3,SUN,14866493,14864339,335,321,55714,61035,Surrey Central Station @ Bay 6,Surrey Central Station @ Bay 12,55714,Surrey Central Station,64410,64770,in_service_layover,53.44489210898941,58.164723205924574,26.619847386714355,360,6.0,17:53:30,17:59:30,False,,no_dispenser,0
2162421,heavy,502.0,65.0,40-ft,STC,3,SUN,14875162,14875146,502,502,56395,55070,Surrey Central Station @ Bay 1 Unloading Only,Surrey Central Station @ Bay 9,56395,Surrey Central Station,64410,64770,in_service_layover,39.76017271258341,44.3132576458412,25.679399023573893,360,6.0,17:53:30,17:59:30,False,,no_dispenser,0
2161705,heavy,503.0,59.0,40-ft,STC,3,SUN,14863708,14875665,320,503,61035,55441,Surrey Central Station @ Bay 12,Surrey Central Station @ Bay 10,61035,Surrey Central Station,64410,65670,in_service_layover,55.02901530090432,69.7811662175324,83.20213116978238,1260,21.0,17:53:30,18:14:30,False,,no_dispenser,0
2161761,heavy,321.0,68.0,40-ft,STC,3,SUN,14864242,14866469,321,335,61035,55836,Surrey Central Station @ Bay 12,Surrey Central Station @ Bay 3,61035,Surrey Central Station,64530,64710,in_service_layover,41.96366359531412,44.24143519905983,12.846631845125842,180,3.0,17:55:30,17:58:30,False,,no_dispenser,0
2161584,heavy,320.0,55.0,40-ft,STC,3,SUN,14862732,14862772,316,316,61787,55738,Surrey Central Station @ Bay 14,Surrey Central Station @ Bay 7,61787,Surrey Central Station,64590,65010,in_service_layover,55.32210918497991,60.82991413211432,31.064019901838094,420,7.0,17:56:30,18:03:30,False,,no_dispenser,0
2161834,heavy,801.0,51.0,40-ft,STC,3,SUN,14865244,14865333,323,323,61035,55612,Surrey Central Station @ Bay 12,Surrey Central Station @ Bay 4,61035,Surrey Central Station,64650,65010,in_service_layover,65.64676601200182,69.7682222728574,23.24501331122542,360,6.0,17:57:30,18:03:30,False,,no_dispenser,0
2161686,heavy,320.0,45.0,40-ft,STC,3,SUN,14866899,14863653,337,320,61035,55713,Surrey Central Station @ Bay 12,Surrey Central Station @ Bay 5,61035,Surrey Central Station,65010,66210,in_service_layover,49.6830964337216,64.76108457279155,85.0398531043545,1200,20.0,18:03:30,18:23:30,False,,no_dispenser,0
2162438,heavy,503.0,60.0,40-ft,STC,3,SUN,14875734,14863604,503,320,56395,55713,Surrey Central Station @ Bay 1 Unloading Only,Surrey Central Station @ Bay 5,56395,Surrey Central Station,65070,65310,in_service_layover,47.37783361051143,50.440330887647846,17.27248464304938,240,4.0,18:04:30,18:08:30,False,,no_dispenser,0
2161770,heavy,321.0,84.0,40-ft,STC,3,SUN,14864222,14866470,321,335,61035,55836,Surrey Central Station @ Bay 12,Surrey Central Station @ Bay 3,61035,Surrey Central Station,65130,65430,in_service_layover,57.669285291640605,61.596962084164716,22.152097109836006,300,5.0,18:05:30,18:10:30,False,,no_dispenser,0
2161772,heavy,321.0,78.0,40-ft,STC,3,SUN,14866534,14866471,335,335,55714,55836,Surrey Central Station @ Bay 6,Surrey Central Station @ Bay 3,55714,Surrey Central Station,65130,66150,in_service_layover,51.18871035960551,64.12447760946273,72.95772728919474,1020,17.0,18:05:30,18:22:30,False,,no_dispenser,0
2162420,heavy,502.0,56.0,40-ft,STC,3,SUN,14875213,14875147,502,502,56395,55070,Surrey Central Station @ Bay 1 Unloading Only,Surrey Central Station @ Bay 9,56395,Surrey Central Station,65310,65610,in_service_layover,40.80369505992819,44.599959455663345,21.410931191946275,300,5.0,18:08:30,18:13:30,False,,no_dispenser,0
2161704,heavy,321.0,62.0,40-ft,STC,3,SUN,14863671,14866859,320,337,61035,61677,Surrey Central Station @ Bay 12,Surrey Central Station @ Bay 5A,61035,Surrey Central Station,65370,65670,in_service_layover,48.3311675641035,52.17715991419642,21.6913968545241,300,5.0,18:09:30,18:14:30,False,,no_dispenser,0
2161560,heavy,321.0,74.0,40-ft,STC,3,SUN,14865599,14865622,324,324,56395,54993,Surrey Central Station @ Bay 1 Unloading Only,Surrey Central Station @ Bay 8,56395,Surrey Central Station,65610,65850,in_service_layover,44.56558581325477,47.613677665684925,17.191238047706037,240,4.0,18:13:30,18:17:30,False,,no_dispenser,0
2161757,heavy,321.0,81.0,40-ft,STC,3,SUN,14864257,14864319,321,321,61035,61035,Surrey Central Station @ Bay 12,Surrey Central Station @ Bay 12,61035,Surrey Central Station,65730,66210,in_service_layover,46.76474608357329,52.92709072954093,34.755623803257436,480,8.0,18:15:30,18:23:30,False,,no_dispenser,0
2161832,heavy,801.0,56.0,40-ft,STC,3,SUN,14865246,14865335,323,323,61035,55612,Surrey Central Station @ Bay 12,Surrey Central Station @ Bay 4,61035,Surrey Central Station,65850,66210,in_service_layover,65.86901287142372,69.97308821229981,23.146984922541264,360,6.0,18:17:30,18:23:30,False,,no_dispenser,0
2161588,heavy,320.0,58.0,40-ft,STC,3,SUN,14866535,14865992,335,326,55714,54993,Surrey Central Station @ Bay 6,Surrey Central Station @ Bay 8,55714,Surrey Central Station,65850,66510,in_service_layover,50.110637290008675,58.7194381732732,48.55363698161193,660,11.0,18:17:30,18:28:30,False,,no_dispenser,0
2164471,heavy,503.0,52.0,40-ft,STC,3,SUN,14875692,14875634,503,503,56395,55441,Surrey Central Station @ Bay 1 Unloading Only,Surrey Central Station @ Bay 10,56395,Surrey Central Station,65970,66570,in_service_layover,50.69786117805043,58.53374489022462,44.19438413666239,600,10.0,18:19:30,18:29:30,False,,no_dispenser,0
2161687,heavy,320.0,61.0,40-ft,STC,3,SUN,14865848,14866830,325,337,56395,61677,Surrey Central Station @ Bay 1 Unloading Only,Surrey Central Station @ Bay 5A,56395,Surrey Central Station,65970,66630,in_service_layover,66.3338751306657,73.31684295075898,39.383938505326,660,11.0,18:19:30,18:30:30,False,,no_dispenser,0
2162419,heavy,502.0,57.0,40-ft,STC,3,SUN,14875214,14875148,502,502,56395,55070,Surrey Central Station @ Bay 1 Unloading Only,Surrey Central Station @ Bay 9,56395,Surrey Central Station,66210,66510,in_service_layover,38.433690921288736,42.219647049353036,21.352792562282673,300,5.0,18:23:30,18:28:30,False,,no_dispenser,0
2161763,heavy,321.0,69.0,40-ft,STC,3,SUN,14864223,14864320,321,321,61035,61035,Surrey Central Station @ Bay 12,Surrey Central Station @ Bay 12,61035,Surrey Central Station,66270,66930,in_service_layover,27.073308172490083,35.32686200505359,46.55004361565818,660,11.0,18:24:30,18:35:30,False,,no_dispenser,0
2161685,heavy,320.0,46.0,40-ft,STC,3,SUN,14863690,14863648,320,320,61035,55713,Surrey Central Station @ Bay 12,Surrey Central Station @ Bay 5,61035,Surrey Central Station,66270,67110,in_service_layover,46.89763495607009,57.79933552301883,61.48559119759091,840,14.0,18:24:30,18:38:30,False,,no_dispenser,0
2161585,heavy,320.0,57.0,40-ft,STC,3,SUN,14862749,14862751,316,316,61787,55738,Surrey Central Station @ Bay 14,Surrey Central Station @ Bay 7,61787,Surrey Central Station,66390,66810,in_service_layover,55.77043195427952,61.26799915765929,31.006279027061908,420,7.0,18:26:30,18:33:30,False,,no_dispenser,0
2161831,heavy,801.0,53.0,40-ft,STC,3,SUN,14865247,14865336,323,323,61035,55612,Surrey Central Station @ Bay 12,Surrey Central Station @ Bay 4,61035,Surrey Central Station,66390,66810,in_service_layover,65.75559897575309,70.49569243681346,26.734127120380435,420,7.0,18:26:30,18:33:30,False,,no_dispenser,0
2161910,heavy,321.0,64.0,40-ft,STC,3,SUN,14866536,14866472,335,335,55714,55836,Surrey Central Station @ Bay 6,Surrey Central Station @ Bay 3,55714,Surrey Central Station,66570,66870,in_service_layover,60.00107135668106,63.81306477531693,21.499642881106297,300,5.0,18:29:30,18:34:30,False,,no_dispenser,0
2161556,heavy,320.0,63.0,40-ft,STC,3,SUN,14866900,14866862,337,337,61035,61677,Surrey Central Station @ Bay 12,Surrey Central Station @ Bay 5A,61035,Surrey Central Station,66810,67530,in_service_layover,68.37641852789598,75.54047293455865,40.40526685357747,720,12.0,18:33:30,18:45:30,False,,no_dispenser,0
2161827,heavy,801.0,50.0,40-ft,STC,3,SUN,14865248,14865337,323,323,61035,55612,Surrey Central Station @ Bay 12,Surrey Central Station @ Bay 4,61035,Surrey Central Station,66990,67410,in_service_layover,65.52729470814931,70.28855121464753,26.853486696649895,420,7.0,18:36:30,18:43:30,False,,no_dispenser,0
2161707,heavy,320.0,43.0,40-ft,STC,3,SUN,14874696,14874730,501,501,61035,55210,Surrey Central Station @ Bay 12,Surrey Central Station @ Bay 2,61035,Surrey Central Station,67110,67290,in_service_layover,58.551994151065024,60.924287084422424,13.379732144135744,180,3.0,18:38:30,18:41:30,False,,no_dispenser,0
2162418,heavy,502.0,50.0,40-ft,STC,3,SUN,14875215,14875149,502,502,56395,55070,Surrey Central Station @ Bay 1 Unloading Only,Surrey Central Station @ Bay 9,56395,Surrey Central Station,67170,67410,in_service_layover,37.28901419121737,40.31178664549688,17.048436642136437,240,4.0,18:39:30,18:43:30,False,,no_dispenser,0
2161691,heavy,320.0,81.0,40-ft,STC,3,SUN,14863665,14864340,320,321,61035,61035,Surrey Central Station @ Bay 12,Surrey Central Station @ Bay 12,61035,Surrey Central Station,67170,67650,in_service_layover,51.10406663661239,57.36317736440903,35.30138450477307,480,8.0,18:39:30,18:47:30,False,,no_dispenser,0
2161941,heavy,321.0,73.0,40-ft,STC,3,SUN,14866537,14866473,335,335,55714,55836,Surrey Central Station @ Bay 6,Surrey Central Station @ Bay 3,55714,Surrey Central Station,67230,67590,in_service_layover,60.02520430617457,64.5553316603466,25.549918277530196,360,6.0,18:40:30,18:46:30,False,,no_dispenser,0
2161911,heavy,321.0,76.0,40-ft,STC,3,SUN,14865575,14865612,324,324,56395,54993,Surrey Central Station @ Bay 1 Unloading Only,Surrey Central Station @ Bay 8,56395,Surrey Central Station,67290,68250,in_service_layover,57.81458336912313,69.15250038141936,63.9458519493507,960,16.0,18:41:30,18:57:30,False,,no_dispenser,0
2161830,heavy,801.0,58.0,40-ft,STC,3,SUN,14865249,14865338,323,323,61035,55612,Surrey Central Station @ Bay 12,Surrey Central Station @ Bay 4,61035,Surrey Central Station,67590,68010,in_service_layover,66.90212145394506,71.53399758969827,26.12378140564806,420,7.0,18:46:30,18:53:30,False,,no_dispenser,0
2161697,heavy,320.0,68.0,40-ft,STC,3,SUN,14866891,14863637,337,320,61035,55713,Surrey Central Station @ Bay 12,Surrey Central Station @ Bay 5,61035,Surrey Central Station,67710,68070,in_service_layover,68.06362928433519,71.98954146074654,22.142144674959923,360,6.0,18:48:30,18:54:30,False,,no_dispenser,0
2162437,heavy,503.0,56.0,40-ft,STC,3,SUN,14875691,14875633,503,503,56395,55441,Surrey Central Station @ Bay 1 Unloading Only,Surrey Central Station @ Bay 10,56395,Surrey Central Station,67770,68370,in_service_layover,44.07935173045614,51.75625606339358,43.297740437767175,600,10.0,18:49:30,18:59:30,False,,no_dispenser,0
2161771,heavy,321.0,60.0,40-ft,STC,3,SUN,14866538,14866474,335,335,55714,55836,Surrey Central Station @ Bay 6,Surrey Central Station @ Bay 3,55714,Surrey Central Station,67950,68310,in_service_layover,21.772443757474193,26.230332165775177,25.142490622817547,360,6.0,18:52:30,18:58:30,False,,no_dispenser,0
2161764,heavy,502.0,53.0,40-ft,STC,3,SUN,14875216,14864321,502,321,56395,61035,Surrey Central Station @ Bay 1 Unloading Only,Surrey Central Station @ Bay 12,56395,Surrey Central Station,68070,68250,in_service_layover,37.545498444855696,39.8117400360814,12.781602574513016,180,3.0,18:54:30,18:57:30,False,,no_dispenser,0
2161700,heavy,320.0,44.0,40-ft,STC,3,SUN,14863685,14866831,320,337,61035,61677,Surrey Central Station @ Bay 12,Surrey Central Station @ Bay 5A,61035,Surrey Central Station,68070,68430,in_service_layover,56.8875990363332,61.59667877662678,26.559209735255763,360,6.0,18:54:30,19:00:30,False,,no_dispenser,0
2161706,heavy,321.0,66.0,40-ft,STC,3,SUN,14864249,14863603,321,320,61035,55713,Surrey Central Station @ Bay 12,Surrey Central Station @ Bay 5,61035,Surrey Central Station,68070,69030,in_service_layover,21.22298352914185,33.19049000614894,67.49673653031999,960,16.0,18:54:30,19:10:30,False,,no_dispenser,0
2161586,heavy,320.0,62.0,40-ft,STC,3,SUN,14862737,14862773,316,316,61787,55738,Surrey Central Station @ Bay 14,Surrey Central Station @ Bay 7,61787,Surrey Central Station,68190,68610,in_service_layover,53.088538715405186,58.59787058670759,31.072631754145505,420,7.0,18:56:30,19:03:30,False,,no_dispenser,0
2161829,heavy,801.0,52.0,40-ft,STC,3,SUN,14865250,14865339,323,323,61035,55612,Surrey Central Station @ Bay 12,Surrey Central Station @ Bay 4,61035,Surrey Central Station,68190,68610,in_service_layover,66.96822366230121,71.59376208633716,26.088036711562722,420,7.0,18:56:30,19:03:30,False,,no_dispenser,0
2161688,heavy,320.0,85.0,40-ft,STC,3,SUN,14865860,14874739,325,501,56395,55210,Surrey Central Station @ Bay 1 Unloading Only,Surrey Central Station @ Bay 2,56395,Surrey Central Station,68310,68910,in_service_layover,67.2884079991853,73.59016897445716,35.54193190053326,600,10.0,18:58:30,19:08:30,False,,no_dispenser,0
2161704,heavy,321.0,62.0,40-ft,STC,3,SUN,14866912,14865643,337,324,61035,54993,Surrey Central Station @ Bay 12,Surrey Central Station @ Bay 8,61035,Surrey Central Station,68490,69450,in_service_layover,45.31182908256801,57.7423452339902,70.10811109402115,960,16.0,19:01:30,19:17:30,False,,no_dispenser,0
2162441,heavy,503.0,58.0,40-ft,STC,3,SUN,14875732,14875660,503,503,56395,55441,Surrey Central Station @ Bay 1 Unloading Only,Surrey Central Station @ Bay 10,56395,Surrey Central Station,68670,69270,in_service_layover,23.886183718949738,31.356398078525654,42.13200898800815,600,10.0,19:04:30,19:14:30,False,,no_dispenser,0
2161939,heavy,321.0,75.0,40-ft,STC,3,SUN,14866539,14866475,335,335,55714,55836,Surrey Central Station @ Bay 6,Surrey Central Station @ Bay 3,55714,Surrey Central Station,68730,69030,in_service_layover,66.86307179952891,70.25941653132155,19.155384287310483,300,5.0,19:05:30,19:10:30,False,,no_dispenser,0
2161828,heavy,801.0,55.0,40-ft,STC,3,SUN,14865251,14865340,323,323,61035,55612,Surrey Central Station @ Bay 12,Surrey Central Station @ Bay 4,61035,Surrey Central Station,68790,69210,in_service_layover,63.187966572340684,68.15867011423296,28.034767976272462,420,7.0,19:06:30,19:13:30,False,,no_dispenser,0
2161975,heavy,502.0,55.0,40-ft,STC,3,SUN,14875217,14875151,502,502,56395,55070,Surrey Central Station @ Bay 1 Unloading Only,Surrey Central Station @ Bay 9,56395,Surrey Central Station,68970,69210,in_service_layover,35.5091066452884,38.525685772522216,17.013506277598736,240,4.0,19:09:30,19:13:30,False,,no_dispenser,0
2162438,heavy,503.0,60.0,40-ft,STC,3,SUN,14863670,14866863,320,337,61035,61677,Surrey Central Station @ Bay 12,Surrey Central Station @ Bay 5A,61035,Surrey Central Station,68970,69630,in_service_layover,43.270861266678025,51.71387034246185,47.61857118742083,660,11.0,19:09:30,19:20:30,False,,no_dispenser,0
2164566,heavy,321.0,83.0,40-ft,STC,3,SUN,14865566,14864323,324,321,56395,61035,Surrey Central Station @ Bay 1 Unloading Only,Surrey Central Station @ Bay 12,56395,Surrey Central Station,69090,69630,in_service_layover,59.36333378251562,66.04526994206002,37.686119939830405,540,9.0,19:11:30,19:20:30,False,,no_dispenser,0
2161835,heavy,801.0,57.0,40-ft,STC,3,SUN,14865252,14865341,323,323,61035,55612,Surrey Central Station @ Bay 12,Surrey Central Station @ Bay 4,61035,Surrey Central Station,69390,69810,in_service_layover,63.17843281313969,68.1499623632952,28.03942666287702,420,7.0,19:16:30,19:23:30,False,,no_dispenser,0
2161687,heavy,320.0,61.0,40-ft,STC,3,SUN,14866931,14863626,337,320,61035,55713,Surrey Central Station @ Bay 12,Surrey Central Station @ Bay 5,61035,Surrey Central Station,69450,69990,in_service_layover,66.45151211913056,72.30681677346202,33.0239182504294,540,9.0,19:17:30,19:26:30,False,,no_dispenser,0
2161938,heavy,321.0,71.0,40-ft,STC,3,SUN,14866540,14866476,335,335,55714,55836,Surrey Central Station @ Bay 6,Surrey Central Station @ Bay 3,55714,Surrey Central Station,69510,69750,in_service_layover,63.37307075889716,66.29160169228263,16.46051446429408,240,4.0,19:18:30,19:22:30,False,,no_dispenser,0
2161563,heavy,321.0,80.0,40-ft,STC,3,SUN,14864227,14864324,321,321,61035,61035,Surrey Central Station @ Bay 12,Surrey Central Station @ Bay 12,61035,Surrey Central Station,69510,70230,in_service_layover,36.26989805867108,45.375966404276696,51.358225469215654,720,12.0,19:18:30,19:30:30,False,,no_dispenser,0
2161695,heavy,503.0,53.0,40-ft,STC,3,SUN,14875690,14875632,503,503,56395,55441,Surrey Central Station @ Bay 1 Unloading Only,Surrey Central Station @ Bay 10,56395,Surrey Central Station,69570,70170,in_service_layover,40.32569565750194,47.94332719292921,42.96344185980979,600,10.0,19:19:30,19:29:30,False,,no_dispenser,0
2161692,heavy,320.0,47.0,40-ft,STC,3,SUN,14863707,14865623,320,324,61035,54993,Surrey Central Station @ Bay 12,Surrey Central Station @ Bay 8,61035,Surrey Central Station,69810,70650,in_service_layover,39.26173145791219,49.96453803776081,60.36382911034622,840,14.0,19:23:30,19:37:30,False,,no_dispenser,0
2162417,heavy,502.0,51.0,40-ft,STC,3,SUN,14875218,14875152,502,502,56395,55070,Surrey Central Station @ Bay 1 Unloading Only,Surrey Central Station @ Bay 9,56395,Surrey Central Station,69870,70110,in_service_layover,31.42741774233106,34.42979431486893,16.93340386911356,240,4.0,19:24:30,19:28:30,False,,no_dispenser,0
2161584,heavy,320.0,55.0,40-ft,STC,3,SUN,14862750,14862758,316,316,61787,55738,Surrey Central Station @ Bay 14,Surrey Central Station @ Bay 7,61787,Surrey Central Station,69990,70410,in_service_layover,54.1912143438245,59.71009042986681,31.126461125278638,420,7.0,19:26:30,19:33:30,False,,no_dispenser,0
2161834,heavy,801.0,51.0,40-ft,STC,3,SUN,14865253,14865342,323,323,61035,55612,Surrey Central Station @ Bay 12,Surrey Central Station @ Bay 4,61035,Surrey Central Station,69990,70410,in_service_layover,66.27409895731343,70.96565357605732,26.460368049715555,420,7.0,19:26:30,19:33:30,False,,no_dispenser,0
2162405,heavy,320.0,76.0,40-ft,STC,3,SUN,14866541,14866477,335,335,55714,55836,Surrey Central Station @ Bay 6,Surrey Central Station @ Bay 3,55714,Surrey Central Station,70170,70470,in_service_layover,60.14032042715971,63.94408399529446,21.45322652428007,300,5.0,19:29:30,19:34:30,False,,no_dispenser,0
2161758,heavy,321.0,79.0,40-ft,STC,3,SUN,14864228,14864347,321,321,61035,61035,Surrey Central Station @ Bay 12,Surrey Central Station @ Bay 12,61035,Surrey Central Station,70230,70830,in_service_layover,33.769640791617356,41.32609893611066,42.61842393494226,600,10.0,19:30:30,19:40:30,False,,no_dispenser,0
2161556,heavy,320.0,63.0,40-ft,STC,3,SUN,14866901,14866832,337,337,61035,61677,Surrey Central Station @ Bay 12,Surrey Central Station @ Bay 5A,61035,Surrey Central Station,70350,70770,in_service_layover,68.67514210293024,73.13329368933013,25.143974947295362,420,7.0,19:32:30,19:39:30,False,,no_dispenser,0
2161833,heavy,801.0,59.0,40-ft,STC,3,SUN,14865254,14865343,323,323,61035,55612,Surrey Central Station @ Bay 12,Surrey Central Station @ Bay 4,61035,Surrey Central Station,70530,71070,in_service_layover,66.90212145394506,72.70119283340757,32.70676258016857,540,9.0,19:35:30,19:44:30,False,,no_dispenser,0
2162404,heavy,320.0,80.0,40-ft,STC,3,SUN,14874700,14874725,501,501,61035,55210,Surrey Central Station @ Bay 12,Surrey Central Station @ Bay 2,61035,Surrey Central Station,70650,70890,in_service_layover,48.85591419646174,51.93140987462952,17.34579562486624,240,4.0,19:37:30,19:41:30,False,,no_dispenser,0
2161685,heavy,320.0,46.0,40-ft,STC,3,SUN,14863669,14863634,320,320,61035,55713,Surrey Central Station @ Bay 12,Surrey Central Station @ Bay 5,61035,Surrey Central Station,70710,70950,in_service_layover,50.629865902049,53.72655791321881,17.465342942997722,240,4.0,19:38:30,19:42:30,False,,no_dispenser,0
2161698,heavy,320.0,56.0,40-ft,STC,3,SUN,14875219,14875153,502,502,56395,55070,Surrey Central Station @ Bay 1 Unloading Only,Surrey Central Station @ Bay 9,56395,Surrey Central Station,70770,71010,in_service_layover,34.890518635776495,37.90494533781373,17.001366599489984,240,4.0,19:39:30,19:43:30,False,,no_dispenser,0
2161560,heavy,321.0,74.0,40-ft,STC,3,SUN,14865574,14862579,324,314,56395,61787,Surrey Central Station @ Bay 1 Unloading Only,Surrey Central Station @ Bay 14,56395,Surrey Central Station,70890,71190,in_service_layover,49.59603307495607,53.45867987870432,21.785327973140113,300,5.0,19:41:30,19:46:30,False,,no_dispenser,0
2161940,heavy,321.0,86.0,40-ft,STC,3,SUN,14866542,14866430,335,335,55714,55836,Surrey Central Station @ Bay 6,Surrey Central Station @ Bay 3,55714,Surrey Central Station,70890,71190,in_service_layover,66.51575549559529,69.93492719401515,19.284128379087974,300,5.0,19:41:30,19:46:30,False,,no_dispenser,0
2161768,heavy,321.0,82.0,40-ft,STC,3,SUN,14864229,14865896,321,325,61035,55738,Surrey Central Station @ Bay 12,Surrey Central Station @ Bay 7,61035,Surrey Central Station,71010,71430,in_service_layover,46.76474608357329,52.1460526179825,30.350568854067888,420,7.0,19:43:30,19:50:30,False,,no_dispenser,0
2161832,heavy,801.0,56.0,40-ft,STC,3,SUN,14865255,14865344,323,323,61035,55612,Surrey Central Station @ Bay 12,Surrey Central Station @ Bay 4,61035,Surrey Central Station,71130,71790,in_service_layover,66.4570593756029,73.4210993035187,39.27718519344512,660,11.0,19:45:30,19:56:30,False,,no_dispenser,0
2161700,heavy,320.0,44.0,40-ft,STC,3,SUN,14866932,14864325,337,321,61035,61035,Surrey Central Station @ Bay 12,Surrey Central Station @ Bay 12,61035,Surrey Central Station,71250,71430,in_service_layover,54.731347944998355,57.088748905353036,13.295741416400404,180,3.0,19:47:30,19:50:30,False,,no_dispenser,0
2161561,heavy,320.0,40.0,40-ft,STC,3,SUN,14865829,14865608,325,324,56395,54993,Surrey Central Station @ Bay 1 Unloading Only,Surrey Central Station @ Bay 8,56395,Surrey Central Station,71310,71850,in_service_layover,64.07540550661021,70.21896709217317,34.64968734257508,540,9.0,19:48:30,19:57:30,False,,no_dispenser,0
2162421,heavy,502.0,65.0,40-ft,STC,3,SUN,14875220,14875127,502,502,56395,55070,Surrey Central Station @ Bay 1 Unloading Only,Surrey Central Station @ Bay 9,56395,Surrey Central Station,71550,71910,in_service_layover,33.36813273159356,37.887855262813694,25.49123507608155,360,6.0,19:52:30,19:58:30,False,,no_dispenser,0
2161690,heavy,320.0,69.0,40-ft,STC,3,SUN,14863699,14866864,320,337,61035,61677,Surrey Central Station @ Bay 12,Surrey Central Station @ Bay 5A,61035,Surrey Central Station,71610,71910,in_service_layover,55.98517292402357,59.940551987556226,22.308337918324128,300,5.0,19:53:30,19:58:30,False,,no_dispenser,0
2161761,heavy,321.0,68.0,40-ft,STC,3,SUN,14866543,14866478,335,335,55714,55836,Surrey Central Station @ Bay 6,Surrey Central Station @ Bay 3,55714,Surrey Central Station,71610,72090,in_service_layover,33.58740980550396,39.62327032219818,34.04225331415543,480,8.0,19:53:30,20:01:30,False,,no_dispenser,0
2161585,heavy,320.0,57.0,40-ft,STC,3,SUN,14862740,14866879,316,337,61787,61677,Surrey Central Station @ Bay 14,Surrey Central Station @ Bay 5A,61787,Surrey Central Station,71730,73050,in_service_layover,55.41791583775398,70.60262325516918,85.64174983422168,1320,22.0,19:55:30,20:17:30,False,,no_dispenser,0
2161588,heavy,320.0,58.0,40-ft,STC,3,SUN,14866006,14866479,326,335,56395,55836,Surrey Central Station @ Bay 1 Unloading Only,Surrey Central Station @ Bay 3,56395,Surrey Central Station,72150,72990,in_service_layover,48.18621250609913,59.09353296955055,61.51728741386603,840,14.0,20:02:30,20:16:30,False,,no_dispenser,0
2161827,heavy,801.0,50.0,40-ft,STC,3,SUN,14865257,14865345,323,323,61035,55612,Surrey Central Station @ Bay 12,Surrey Central Station @ Bay 4,61035,Surrey Central Station,72270,72510,in_service_layover,67.3290451619914,70.05495104100976,15.374109157663554,240,4.0,20:04:30,20:08:30,False,,no_dispenser,0
2161767,heavy,321.0,77.0,40-ft,STC,3,SUN,14864230,14864327,321,321,61035,61035,Surrey Central Station @ Bay 12,Surrey Central Station @ Bay 12,61035,Surrey Central Station,72390,72810,in_service_layover,39.71457634819971,45.02974767061514,29.977566258423025,420,7.0,20:06:30,20:13:30,False,,no_dispenser,0
2162438,heavy,503.0,60.0,40-ft,STC,3,SUN,14866902,14874722,337,501,61035,55210,Surrey Central Station @ Bay 12,Surrey Central Station @ Bay 2,61035,Surrey Central Station,72390,72870,in_service_layover,44.84853951083344,50.97962012015478,34.579294636572314,480,8.0,20:06:30,20:14:30,False,,no_dispenser,0
2162420,heavy,502.0,56.0,40-ft,STC,3,SUN,14875221,14875119,502,502,56395,55070,Surrey Central Station @ Bay 1 Unloading Only,Surrey Central Station @ Bay 9,56395,Surrey Central Station,72450,72810,in_service_layover,34.41579720757449,38.94098788410538,25.52207541563422,360,6.0,20:07:30,20:13:30,False,,no_dispenser,0
2161706,heavy,321.0,66.0,40-ft,STC,3,SUN,14863719,14863602,320,320,61035,55713,Surrey Central Station @ Bay 12,Surrey Central Station @ Bay 5,61035,Surrey Central Station,72510,72870,in_service_layover,26.021020385179117,30.502416558594852,25.275074418064747,360,6.0,20:08:30,20:14:30,False,,no_dispenser,0
2161770,heavy,321.0,84.0,40-ft,STC,3,SUN,14866495,14866480,335,335,55714,55836,Surrey Central Station @ Bay 6,Surrey Central Station @ Bay 3,55714,Surrey Central Station,72510,73890,in_service_layover,53.455428651749884,69.65137735124962,91.34515066517855,1380,23.0,20:08:30,20:31:30,False,,no_dispenser,0
2161911,heavy,321.0,76.0,40-ft,STC,3,SUN,14865565,14865611,324,324,56395,54993,Surrey Central Station @ Bay 1 Unloading Only,Surrey Central Station @ Bay 8,56395,Surrey Central Station,72630,73650,in_service_layover,63.868186621557044,74.35440757679336,59.14228618753293,1020,17.0,20:10:30,20:27:30,False,,no_dispenser,0
2161830,heavy,801.0,58.0,40-ft,STC,3,SUN,14865258,14865346,323,323,61035,55612,Surrey Central Station @ Bay 12,Surrey Central Station @ Bay 4,61035,Surrey Central Station,72870,73230,in_service_layover,68.41972890629867,72.31561392370264,21.972791498158415,360,6.0,20:14:30,20:20:30,False,,no_dispenser,0
2161766,heavy,321.0,85.0,40-ft,STC,3,SUN,14864231,14864342,321,321,61035,61035,Surrey Central Station @ Bay 12,Surrey Central Station @ Bay 12,61035,Surrey Central Station,73110,73470,in_service_layover,52.72380330281398,57.42960784960493,26.540737643900968,360,6.0,20:18:30,20:24:30,False,,no_dispenser,0
2162419,heavy,502.0,57.0,40-ft,STC,3,SUN,14875222,14875129,502,502,56395,55070,Surrey Central Station @ Bay 1 Unloading Only,Surrey Central Station @ Bay 9,56395,Surrey Central Station,73350,73650,in_service_layover,32.02306107742787,35.78113434769802,21.195533244323627,300,5.0,20:22:30,20:27:30,False,,no_dispenser,0
2161694,heavy,320.0,71.0,40-ft,STC,3,SUN,14863691,14863642,320,320,61035,55713,Surrey Central Station @ Bay 12,Surrey Central Station @ Bay 5,61035,Surrey Central Station,73350,73830,in_service_layover,57.19977850890415,63.37259414690747,34.81468019833869,480,8.0,20:22:30,20:30:30,False,,no_dispenser,0
2161772,heavy,321.0,78.0,40-ft,STC,3,SUN,14866544,14865990,335,326,55714,54993,Surrey Central Station @ Bay 6,Surrey Central Station @ Bay 8,55714,Surrey Central Station,73350,73830,in_service_layover,57.948293003952514,64.06863855931502,34.51874893224448,480,8.0,20:22:30,20:30:30,False,,no_dispenser,0
2161829,heavy,801.0,52.0,40-ft,STC,3,SUN,14865259,14865347,323,323,61035,55612,Surrey Central Station @ Bay 12,Surrey Central Station @ Bay 4,61035,Surrey Central Station,73470,73950,in_service_layover,68.47197070971771,73.51968966612836,28.469134914156086,480,8.0,20:24:30,20:32:30,False,,no_dispenser,0
2161560,heavy,321.0,74.0,40-ft,STC,3,SUN,14862573,14862759,314,316,56395,55738,Surrey Central Station @ Bay 1 Unloading Only,Surrey Central Station @ Bay 7,56395,Surrey Central Station,73530,74010,in_service_layover,48.12438614338333,54.312811199639114,34.90271731728262,480,8.0,20:25:30,20:33:30,False,,no_dispenser,0
2161556,heavy,320.0,63.0,40-ft,STC,3,SUN,14866933,14866865,337,337,61035,61677,Surrey Central Station @ Bay 12,Surrey Central Station @ Bay 5A,61035,Surrey Central Station,73530,74250,in_service_layover,66.2679628577017,73.79195316429717,42.4353053291984,720,12.0,20:25:30,20:37:30,False,,no_dispenser,0
2161757,heavy,321.0,81.0,40-ft,STC,3,SUN,14864251,14864328,321,321,61035,61035,Surrey Central Station @ Bay 12,Surrey Central Station @ Bay 12,61035,Surrey Central Station,73830,74250,in_service_layover,34.47694387181606,39.760221880921605,29.797687971355288,420,7.0,20:30:30,20:37:30,False,,no_dispenser,0
2161828,heavy,801.0,55.0,40-ft,STC,3,SUN,14865229,14865348,323,323,61035,55612,Surrey Central Station @ Bay 12,Surrey Central Station @ Bay 4,61035,Surrey Central Station,74130,74670,in_service_layover,66.64563788927683,72.47677818731468,32.88763128093353,540,9.0,20:35:30,20:44:30,False,,no_dispenser,0
2162418,heavy,502.0,50.0,40-ft,STC,3,SUN,14875223,14875135,502,502,56395,55070,Surrey Central Station @ Bay 1 Unloading Only,Surrey Central Station @ Bay 9,56395,Surrey Central Station,74250,74490,in_service_layover,30.105242850088988,33.10301881202886,16.907456425340854,240,4.0,20:37:30,20:41:30,False,,no_dispenser,0
2161685,heavy,320.0,46.0,40-ft,STC,3,SUN,14863682,14863655,320,320,61035,55713,Surrey Central Station @ Bay 12,Surrey Central Station @ Bay 5,61035,Surrey Central Station,74250,74790,in_service_layover,46.557088292248984,53.49951137612376,39.15526619305376,540,9.0,20:37:30,20:46:30,False,,no_dispenser,0
2161910,heavy,321.0,64.0,40-ft,STC,3,SUN,14866545,14866481,335,335,55714,55836,Surrey Central Station @ Bay 6,Surrey Central Station @ Bay 3,55714,Surrey Central Station,74250,74790,in_service_layover,59.6244394958372,66.27604147499902,37.5150351624726,540,9.0,20:37:30,20:46:30,False,,no_dispenser,0
2161557,heavy,320.0,84.0,40-ft,STC,3,SUN,14865573,14862577,324,314,56395,61787,Surrey Central Station @ Bay 1 Unloading Only,Surrey Central Station @ Bay 14,56395,Surrey Central Station,74370,74910,in_service_layover,69.6055793956246,75.05677285558538,30.744731114178876,540,9.0,20:39:30,20:48:30,False,,no_dispenser,0
2161690,heavy,320.0,69.0,40-ft,STC,3,SUN,14866903,14875128,337,502,61035,55070,Surrey Central Station @ Bay 12,Surrey Central Station @ Bay 9,61035,Surrey Central Station,74670,75330,in_service_layover,53.07522115592781,61.646613486506496,48.342652744463805,660,11.0,20:44:30,20:55:30,False,,no_dispenser,0
2161768,heavy,321.0,82.0,40-ft,STC,3,SUN,14865828,14865895,325,325,56395,55738,Surrey Central Station @ Bay 1 Unloading Only,Surrey Central Station @ Bay 7,56395,Surrey Central Station,74850,75150,in_service_layover,48.87600064344022,52.72882358142953,21.729921370259717,300,5.0,20:47:30,20:52:30,False,,no_dispenser,0
2161835,heavy,801.0,57.0,40-ft,STC,3,SUN,14865216,14865349,323,323,61035,55612,Surrey Central Station @ Bay 12,Surrey Central Station @ Bay 4,61035,Surrey Central Station,74910,75390,in_service_layover,68.29160686874788,73.3599266198955,28.58532339647263,480,8.0,20:48:30,20:56:30,False,,no_dispenser,0
2161693,heavy,320.0,82.0,40-ft,STC,3,SUN,14863687,14863619,320,320,61035,55713,Surrey Central Station @ Bay 12,Surrey Central Station @ Bay 5,61035,Surrey Central Station,75150,76470,in_service_layover,53.019738037110066,68.76850377857481,88.82303878186116,1320,22.0,20:52:30,21:14:30,False,,no_dispenser,0
2161705,heavy,503.0,59.0,40-ft,STC,3,SUN,14875730,14875629,503,503,56395,55441,Surrey Central Station @ Bay 1 Unloading Only,Surrey Central Station @ Bay 10,56395,Surrey Central Station,75330,75570,in_service_layover,45.623322312986645,48.675353051569296,17.2134533656062,240,4.0,20:55:30,20:59:30,False,,no_dispenser,0
2161584,heavy,320.0,55.0,40-ft,STC,3,SUN,14862741,14866834,316,337,61787,61677,Surrey Central Station @ Bay 14,Surrey Central Station @ Bay 5A,61787,Surrey Central Station,75330,75630,in_service_layover,55.42231561929595,59.376508257899594,22.30164648172456,300,5.0,20:55:30,21:00:30,False,,no_dispenser,0
2161691,heavy,320.0,81.0,40-ft,STC,3,SUN,14864233,14864330,321,321,61035,61035,Surrey Central Station @ Bay 12,Surrey Central Station @ Bay 12,61035,Surrey Central Station,75450,76050,in_service_layover,38.91303050668416,46.51474051589966,42.87364445197542,600,10.0,20:57:30,21:07:30,False,,no_dispenser,0
2161833,heavy,801.0,59.0,40-ft,STC,3,SUN,14865217,14865319,323,323,61035,55612,Surrey Central Station @ Bay 12,Surrey Central Station @ Bay 4,61035,Surrey Central Station,75690,76110,in_service_layover,68.3110708996232,72.8055270937358,25.348732934795123,420,7.0,21:01:30,21:08:30,False,,no_dispenser,0
2161585,heavy,320.0,57.0,40-ft,STC,3,SUN,14866934,14866866,337,337,61035,61677,Surrey Central Station @ Bay 12,Surrey Central Station @ Bay 5A,61035,Surrey Central Station,75750,76830,in_service_layover,63.73729242354076,74.71631237929243,61.92167255043944,1080,18.0,21:02:30,21:20:30,False,,no_dispenser,0
2161939,heavy,321.0,75.0,40-ft,STC,3,SUN,14866547,14866483,335,335,55714,55836,Surrey Central Station @ Bay 6,Surrey Central Station @ Bay 3,55714,Surrey Central Station,76050,76590,in_service_layover,62.582090440649665,68.89969806875044,35.631307022488386,540,9.0,21:07:30,21:16:30,False,,no_dispenser,0
2161561,heavy,320.0,40.0,40-ft,STC,3,SUN,14865571,14874732,324,501,56395,55210,Surrey Central Station @ Bay 1 Unloading Only,Surrey Central Station @ Bay 2,56395,Surrey Central Station,76170,77010,in_service_layover,64.8684539076937,73.67529710711284,49.67059564472402,840,14.0,21:09:30,21:23:30,False,,no_dispenser,0
2161695,heavy,503.0,53.0,40-ft,STC,3,SUN,14875686,14875667,503,503,56395,55441,Surrey Central Station @ Bay 1 Unloading Only,Surrey Central Station @ Bay 10,56395,Surrey Central Station,76230,76410,in_service_layover,39.96034465666208,42.232888232106994,12.81714576550931,180,3.0,21:10:30,21:13:30,False,,no_dispenser,0
2161706,heavy,321.0,66.0,40-ft,STC,3,SUN,14863705,14875130,320,502,61035,55070,Surrey Central Station @ Bay 12,Surrey Central Station @ Bay 9,61035,Surrey Central Station,76350,77010,in_service_layover,23.332946937625028,31.550270944853025,46.34570740076592,660,11.0,21:12:30,21:23:30,False,,no_dispenser,0
2161938,heavy,321.0,71.0,40-ft,STC,3,SUN,14866548,14866484,335,335,55714,55836,Surrey Central Station @ Bay 6,Surrey Central Station @ Bay 3,55714,Surrey Central Station,76830,77490,in_service_layover,61.06304915908822,68.82088943206006,43.75421913956109,660,11.0,21:20:30,21:31:30,False,,no_dispenser,0
2161556,heavy,320.0,63.0,40-ft,STC,3,SUN,14866904,14862763,337,316,61035,55738,Surrey Central Station @ Bay 12,Surrey Central Station @ Bay 7,61035,Surrey Central Station,76890,77610,in_service_layover,66.92662233266876,74.33934818563942,41.80777381075461,720,12.0,21:21:30,21:33:30,False,,no_dispenser,0
2161557,heavy,320.0,84.0,40-ft,STC,3,SUN,14862575,14863647,314,320,56395,55713,Surrey Central Station @ Bay 1 Unloading Only,Surrey Central Station @ Bay 5,56395,Surrey Central Station,77130,78270,in_service_layover,69.7224791202644,79.57661471355533,55.577324746160855,1140,19.0,21:25:30,21:44:30,False,,no_dispenser,0
2161827,heavy,801.0,50.0,40-ft,STC,3,SUN,14865192,14865283,323,323,61035,55612,Surrey Central Station @ Bay 12,Surrey Central Station @ Bay 4,61035,Surrey Central Station,77490,77790,in_service_layover,69.32237311997379,72.54858249735189,18.19582088841247,300,5.0,21:31:30,21:36:30,False,,no_dispenser,0
2161940,heavy,321.0,86.0,40-ft,STC,3,SUN,14866549,14866485,335,335,55714,55836,Surrey Central Station @ Bay 6,Surrey Central Station @ Bay 3,55714,Surrey Central Station,77730,78390,in_service_layover,59.777694574427706,67.71874830382646,44.78754303380896,660,11.0,21:35:30,21:46:30,False,,no_dispenser,0
2161911,heavy,321.0,76.0,40-ft,STC,3,SUN,14865572,14862592,324,314,56395,61787,Surrey Central Station @ Bay 1 Unloading Only,Surrey Central Station @ Bay 14,56395,Surrey Central Station,77910,78510,in_service_layover,69.30469527582889,75.31699853202116,33.909390364924434,600,10.0,21:38:30,21:48:30,False,,no_dispenser,0
2161563,heavy,321.0,80.0,40-ft,STC,3,SUN,14864236,14864281,321,321,61035,61035,Surrey Central Station @ Bay 12,Surrey Central Station @ Bay 12,61035,Surrey Central Station,78150,78870,in_service_layover,26.925819546551832,35.934185229086225,50.80718244949398,720,12.0,21:42:30,21:54:30,False,,no_dispenser,0
2161829,heavy,801.0,52.0,40-ft,STC,3,SUN,14865219,14865312,323,323,61035,55612,Surrey Central Station @ Bay 12,Surrey Central Station @ Bay 4,61035,Surrey Central Station,78270,78690,in_service_layover,67.87353221190648,72.41118613532561,25.592368128083933,420,7.0,21:44:30,21:51:30,False,,no_dispenser,0
2161584,heavy,320.0,55.0,40-ft,STC,3,SUN,14866935,14865602,337,324,61035,54993,Surrey Central Station @ Bay 12,Surrey Central Station @ Bay 8,61035,Surrey Central Station,78270,78930,in_service_layover,52.51117742627118,61.100869188768414,48.44586154048437,660,11.0,21:44:30,21:55:30,False,,no_dispenser,0
2162421,heavy,502.0,65.0,40-ft,STC,3,SUN,14875179,14875132,502,502,56395,55070,Surrey Central Station @ Bay 1 Unloading Only,Surrey Central Station @ Bay 9,56395,Surrey Central Station,78510,78870,in_service_layover,29.936318975242532,34.43812961126203,25.390211987149996,360,6.0,21:48:30,21:54:30,False,,no_dispenser,0
2161761,heavy,321.0,68.0,40-ft,STC,3,SUN,14866550,14866486,335,335,55714,55836,Surrey Central Station @ Bay 6,Surrey Central Station @ Bay 3,55714,Surrey Central Station,78510,79290,in_service_layover,29.70087275370362,39.49784835462513,55.254942389197254,780,13.0,21:48:30,22:01:30,False,,no_dispenser,0
2161758,heavy,321.0,79.0,40-ft,STC,3,SUN,14864238,14864335,321,321,61035,61035,Surrey Central Station @ Bay 12,Surrey Central Station @ Bay 12,61035,Surrey Central Station,78990,79770,in_service_layover,22.875952078385797,32.59520231021057,54.81657130749173,780,13.0,21:56:30,22:09:30,False,,no_dispenser,0
2161828,heavy,801.0,55.0,40-ft,STC,3,SUN,14865220,14865306,323,323,61035,55612,Surrey Central Station @ Bay 12,Surrey Central Station @ Bay 4,61035,Surrey Central Station,79170,79590,in_service_layover,68.6846931082575,73.14188812761073,25.138579909152156,420,7.0,21:59:30,22:06:30,False,,no_dispenser,0
2162420,heavy,502.0,56.0,40-ft,STC,3,SUN,14875197,14875111,502,502,56395,55070,Surrey Central Station @ Bay 1 Unloading Only,Surrey Central Station @ Bay 9,56395,Surrey Central Station,79410,79830,in_service_layover,30.99769662488549,36.259788587999985,29.67819867196576,420,7.0,22:03:30,22:10:30,False,,no_dispenser,0
2161588,heavy,320.0,58.0,40-ft,STC,3,SUN,14866551,14866487,335,335,55714,55836,Surrey Central Station @ Bay 6,Surrey Central Station @ Bay 3,55714,Surrey Central Station,79410,80190,in_service_layover,49.37854161780265,59.52204400829702,57.20935348238834,780,13.0,22:03:30,22:16:30,False,,no_dispenser,0
2161585,heavy,320.0,57.0,40-ft,STC,3,SUN,14866905,14863627,337,320,61035,55713,Surrey Central Station @ Bay 12,Surrey Central Station @ Bay 5,61035,Surrey Central Station,79470,80130,in_service_layover,67.85098154766402,74.5982371390884,38.05452153563351,660,11.0,22:04:30,22:15:30,False,,no_dispenser,0
2161768,heavy,321.0,82.0,40-ft,STC,3,SUN,14865564,14874728,324,501,56395,55210,Surrey Central Station @ Bay 1 Unloading Only,Surrey Central Station @ Bay 2,56395,Surrey Central Station,79890,80910,in_service_layover,62.012095077019836,72.93226501477605,61.58975844894508,1020,17.0,22:11:30,22:28:30,False,,no_dispenser,0
2162419,heavy,502.0,57.0,40-ft,STC,3,SUN,14875167,14875131,502,502,56395,55070,Surrey Central Station @ Bay 1 Unloading Only,Surrey Central Station @ Bay 9,56395,Surrey Central Station,80310,80790,in_service_layover,28.569167565668156,34.57010535229485,33.84528911657458,480,8.0,22:18:30,22:26:30,False,,no_dispenser,0
2161770,heavy,321.0,84.0,40-ft,STC,3,SUN,14866552,14866488,335,335,55714,55836,Surrey Central Station @ Bay 6,Surrey Central Station @ Bay 3,55714,Surrey Central Station,80310,81090,in_service_layover,59.51809877376783,68.74494739665228,52.03942623306824,780,13.0,22:18:30,22:31:30,False,,no_dispenser,0
2161911,heavy,321.0,76.0,40-ft,STC,3,SUN,14862572,14862761,314,316,56395,55738,Surrey Central Station @ Bay 1 Unloading Only,Surrey Central Station @ Bay 7,56395,Surrey Central Station,80730,81210,in_service_layover,69.98270479670016,74.85472447899839,27.478191008161957,480,8.0,22:25:30,22:33:30,False,,no_dispenser,0
2162418,heavy,502.0,50.0,40-ft,STC,3,SUN,14875205,14875110,502,502,56395,55070,Surrey Central Station @ Bay 1 Unloading Only,Surrey Central Station @ Bay 9,56395,Surrey Central Station,81210,81750,in_service_layover,27.378271810303072,34.1245245139851,38.048865248766646,540,9.0,22:33:30,22:42:30,False,,no_dispenser,0
2161910,heavy,321.0,64.0,40-ft,STC,3,SUN,14866553,14866489,335,335,55714,55836,Surrey Central Station @ Bay 6,Surrey Central Station @ Bay 3,55714,Surrey Central Station,81210,81990,in_service_layover,56.42685965277459,66.13231318618219,54.73875792841886,780,13.0,22:33:30,22:46:30,False,,no_dispenser,0
2161705,heavy,503.0,59.0,40-ft,STC,3,SUN,14875683,14875661,503,503,56395,55441,Surrey Central Station @ Bay 1 Unloading Only,Surrey Central Station @ Bay 10,56395,Surrey Central Station,81510,82110,in_service_layover,43.79548904782713,51.46704933682973,43.26760002997463,600,10.0,22:38:30,22:48:30,False,,no_dispenser,0
2161558,heavy,502.0,72.0,40-ft,STC,3,SUN,14874681,14862590,501,314,61035,61787,Surrey Central Station @ Bay 12,Surrey Central Station @ Bay 14,61035,Surrey Central Station,81930,82170,in_service_layover,63.29015333774327,66.21260471657338,16.48262577660182,240,4.0,22:45:30,22:49:30,False,,no_dispenser,0
2161690,heavy,320.0,69.0,40-ft,STC,3,SUN,14875166,14875134,502,502,56395,55070,Surrey Central Station @ Bay 1 Unloading Only,Surrey Central Station @ Bay 9,56395,Surrey Central Station,81990,82710,in_service_layover,56.78955229127885,65.78761955789072,50.74909938369092,720,12.0,22:46:30,22:58:30,False,,no_dispenser,0
2161556,heavy,320.0,63.0,40-ft,STC,3,SUN,14862733,14865641,316,324,61787,54993,Surrey Central Station @ Bay 14,Surrey Central Station @ Bay 8,61787,Surrey Central Station,82230,82530,in_service_layover,69.47616159891548,72.69123705765026,18.133025587264115,300,5.0,22:50:30,22:55:30,False,,no_dispenser,0
2161939,heavy,321.0,75.0,40-ft,STC,3,SUN,14866555,14866490,335,335,55714,55836,Surrey Central Station @ Bay 6,Surrey Central Station @ Bay 3,55714,Surrey Central Station,82950,83790,in_service_layover,60.79650169256566,70.37378106008822,54.0158556328272,840,14.0,23:02:30,23:16:30,False,,no_dispenser,0
2161699,heavy,320.0,54.0,40-ft,STC,3,SUN,14863663,14863631,320,320,61035,55713,Surrey Central Station @ Bay 12,Surrey Central Station @ Bay 5,61035,Surrey Central Station,83370,83730,in_service_layover,57.78677812686662,62.461109799834205,26.36323063553715,360,6.0,23:09:30,23:15:30,False,,no_dispenser,0
2161828,heavy,801.0,55.0,40-ft,STC,3,SUN,14865221,14865307,323,323,61035,55612,Surrey Central Station @ Bay 12,Surrey Central Station @ Bay 4,61035,Surrey Central Station,83550,84090,in_service_layover,66.90338086207005,72.70229444522161,32.705872608974744,540,9.0,23:12:30,23:21:30,False,,no_dispenser,0
2161691,heavy,320.0,81.0,40-ft,STC,3,SUN,14864205,14864343,321,321,61035,61035,Surrey Central Station @ Bay 12,Surrey Central Station @ Bay 12,61035,Surrey Central Station,83610,83910,in_service_layover,28.064593658174797,31.80544968352172,21.09842798295665,300,5.0,23:13:30,23:18:30,False,,no_dispenser,0
2161561,heavy,320.0,40.0,40-ft,STC,3,SUN,14875165,14875108,502,502,56395,55070,Surrey Central Station @ Bay 1 Unloading Only,Surrey Central Station @ Bay 9,56395,Surrey Central Station,83790,84510,in_service_layover,62.95817231724632,71.02509844142453,45.49746334036519,720,12.0,23:16:30,23:28:30,False,,no_dispenser,0
2161938,heavy,321.0,71.0,40-ft,STC,3,SUN,14866556,14866431,335,335,55714,55836,Surrey Central Station @ Bay 6,Surrey Central Station @ Bay 3,55714,Surrey Central Station,83850,84690,in_service_layover,60.727663266653195,70.3176151867441,54.087328829312696,840,14.0,23:17:30,23:31:30,False,,no_dispenser,0
2161558,heavy,502.0,72.0,40-ft,STC,3,SUN,14862574,14866428,314,335,56395,55836,Surrey Central Station @ Bay 1 Unloading Only,Surrey Central Station @ Bay 3,56395,Surrey Central Station,84330,85590,in_service_layover,60.87831098125239,73.96964756475303,73.83513833094361,1260,21.0,23:25:30,23:46:30,False,,no_dispenser,0
2161835,heavy,801.0,57.0,40-ft,STC,3,SUN,14865196,14865316,323,323,61035,55612,Surrey Central Station @ Bay 12,Surrey Central Station @ Bay 4,61035,Surrey Central Station,84450,84990,in_service_layover,64.92187298487315,70.96433952029486,34.07951125977843,540,9.0,23:27:30,23:36:30,False,,no_dispenser,0
2161940,heavy,321.0,86.0,40-ft,STC,3,SUN,14866557,14874720,335,501,55714,55210,Surrey Central Station @ Bay 6,Surrey Central Station @ Bay 2,55714,Surrey Central Station,84750,85110,in_service_layover,59.76335158725661,64.31435576844157,25.66766358188329,360,6.0,23:32:30,23:38:30,False,,no_dispenser,0
2161557,heavy,320.0,84.0,40-ft,STC,3,SUN,14863664,14863656,320,320,61035,55713,Surrey Central Station @ Bay 12,Surrey Central Station @ Bay 5,61035,Surrey Central Station,85170,85530,in_service_layover,65.23767547161566,69.39080702751238,23.42366197525746,360,6.0,23:39:30,23:45:30,False,,no_dispenser,0
2161833,heavy,801.0,59.0,40-ft,STC,3,SUN,14865232,14865321,323,323,61035,55612,Surrey Central Station @ Bay 12,Surrey Central Station @ Bay 4,61035,Surrey Central Station,85530,85890,in_service_layover,69.24263760155102,73.06793854307053,21.574697310169995,360,6.0,23:45:30,23:51:30,False,,no_dispenser,0
2161911,heavy,321.0,76.0,40-ft,STC,3,SUN,14862743,14862582,316,314,61787,61787,Surrey Central Station @ Bay 14,Surrey Central Station @ Bay 14,61787,Surrey Central Station,85590,86010,in_service_layover,69.38311638349623,73.76973633056463,24.74053650146584,420,7.0,23:46:30,23:53:30,False,,no_dispenser,0
2162420,heavy,502.0,56.0,40-ft,STC,3,SUN,14875164,14875106,502,502,56395,55070,Surrey Central Station @ Bay 1 Unloading Only,Surrey Central Station @ Bay 9,56395,Surrey Central Station,85590,86310,in_service_layover,24.528179464332634,33.511494389531585,50.6658961781221,720,12.0,23:46:30,23:58:30,False,,no_dispenser,0
2161761,heavy,321.0,68.0,40-ft,STC,3,SUN,14866494,14865642,335,324,55714,54993,Surrey Central Station @ Bay 6,Surrey Central Station @ Bay 8,55714,Surrey Central Station,85770,86130,in_service_layover,37.1894867395544,41.729154319479,25.60372515077475,360,6.0,23:49:30,23:55:30,False,,no_dispenser,0
2161585,heavy,320.0,57.0,40-ft,STC,3,SUN,14863658,14863657,320,320,61035,55713,Surrey Central Station @ Bay 12,Surrey Central Station @ Bay 5,61035,Surrey Central Station,87090,87330,in_service_layover,54.51269400241896,57.65973827957398,17.74932972315429,240,4.0,24:11:30,24:15:30,False,,no_dispenser,0
2161911,heavy,321.0,76.0,40-ft,STC,3,SUN,14862571,14863598,314,320,56395,55713,Surrey Central Station @ Bay 1 Unloading Only,Surrey Central Station @ Bay 5,56395,Surrey Central Station,88050,89190,in_service_layover,68.43544259524364,78.6172349490024,57.425308875199335,1140,19.0,24:27:30,24:46:30,False,,no_dispenser,0
2161828,heavy,801.0,55.0,40-ft,STC,3,SUN,14865184,14865263,323,323,61035,55612,Surrey Central Station @ Bay 12,Surrey Central Station @ Bay 4,61035,Surrey Central Station,88170,88710,in_service_layover,69.43937777006762,74.91247697754002,30.868279530144378,540,9.0,24:29:30,24:38:30,False,,no_dispenser,0
2161705,heavy,503.0,59.0,40-ft,STC,3,SUN,14875748,14863641,503,320,56395,55713,Surrey Central Station @ Bay 1 Unloading Only,Surrey Central Station @ Bay 5,56395,Surrey Central Station,90450,91110,in_service_layover,27.309205432283974,35.565016527830984,46.562774578885154,660,11.0,25:07:30,25:18:30,False,,no_dispenser,0
2162555,heavy,620.0,43.0,40-ft,RTC,3,SUN,14878171,14878124,620,620,56669,61767,Tsawwassen Ferry Terminal @ Bay 1,Tsawwassen Ferry Terminal @ Bay 2,56669,Tsawwassen Ferry Terminal,29970,32010,in_service_layover,68.19156302093722,83.48514978894123,86.25582937154257,2040,34.0,08:19:30,08:53:30,False,,no_dispenser,0
2161458,heavy,620.0,41.0,40-ft,RTC,3,SUN,14878173,14878126,620,620,56669,61767,Tsawwassen Ferry Terminal @ Bay 1,Tsawwassen Ferry Terminal @ Bay 2,56669,Tsawwassen Ferry Terminal,33690,35610,in_service_layover,58.094890406023815,76.53601061787934,104.00791799486518,1920,32.0,09:21:30,09:53:30,False,,no_dispenser,0
2161459,heavy,620.0,42.0,40-ft,RTC,3,SUN,14878174,14878127,620,620,56669,61767,Tsawwassen Ferry Terminal @ Bay 1,Tsawwassen Ferry Terminal @ Bay 2,56669,Tsawwassen Ferry Terminal,34290,35910,in_service_layover,54.662088904468675,72.46145386947029,100.38841840260909,1620,27.0,09:31:30,09:58:30,False,,no_dispenser,0
2162552,heavy,620.0,44.0,40-ft,RTC,3,SUN,14878175,14878128,620,620,56669,61767,Tsawwassen Ferry Terminal @ Bay 1,Tsawwassen Ferry Terminal @ Bay 2,56669,Tsawwassen Ferry Terminal,34590,36210,in_service_layover,68.19156302093722,81.30697908836363,73.97094662028496,1620,27.0,09:36:30,10:03:30,False,,no_dispenser,0
2162551,heavy,620.0,45.0,40-ft,RTC,3,SUN,14878178,14878131,620,620,56669,61767,Tsawwassen Ferry Terminal @ Bay 1,Tsawwassen Ferry Terminal @ Bay 2,56669,Tsawwassen Ferry Terminal,38070,39810,in_service_layover,68.19156302093722,81.95914176692789,77.64914412738739,1740,29.0,10:34:30,11:03:30,False,,no_dispenser,0
2161458,heavy,620.0,41.0,40-ft,RTC,3,SUN,14878179,14878132,620,620,56669,61767,Tsawwassen Ferry Terminal @ Bay 1,Tsawwassen Ferry Terminal @ Bay 2,56669,Tsawwassen Ferry Terminal,40710,42810,in_service_layover,69.74449530395428,84.78052450841447,84.80320471315554,2100,35.0,11:18:30,11:53:30,False,,no_dispenser,0
2162552,heavy,620.0,44.0,40-ft,RTC,3,SUN,14878181,14878134,620,620,56669,61767,Tsawwassen Ferry Terminal @ Bay 1,Tsawwassen Ferry Terminal @ Bay 2,56669,Tsawwassen Ferry Terminal,41790,43110,in_service_layover,68.06941743701577,79.48315807317672,64.37349718794775,1320,22.0,11:36:30,11:58:30,False,,no_dispenser,0
2162555,heavy,620.0,43.0,40-ft,RTC,3,SUN,14878182,14878135,620,620,56669,61767,Tsawwassen Ferry Terminal @ Bay 1,Tsawwassen Ferry Terminal @ Bay 2,56669,Tsawwassen Ferry Terminal,44490,46350,in_service_layover,66.08982644203854,81.1864066107623,85.144712151602,1860,31.0,12:21:30,12:52:30,False,,no_dispenser,0
2162554,heavy,620.0,46.0,40-ft,RTC,3,SUN,14878183,14878136,620,620,56669,61767,Tsawwassen Ferry Terminal @ Bay 1,Tsawwassen Ferry Terminal @ Bay 2,56669,Tsawwassen Ferry Terminal,45090,46710,in_service_layover,68.19156302093722,81.30697908836363,73.97094662028496,1620,27.0,12:31:30,12:58:30,False,,no_dispenser,0
2162551,heavy,620.0,45.0,40-ft,RTC,3,SUN,14878184,14878137,620,620,56669,61767,Tsawwassen Ferry Terminal @ Bay 1,Tsawwassen Ferry Terminal @ Bay 2,56669,Tsawwassen Ferry Terminal,45390,47010,in_service_layover,68.72158011558004,81.67480399583278,73.05618268462547,1620,27.0,12:36:30,13:03:30,False,,no_dispenser,0
2161459,heavy,620.0,42.0,40-ft,RTC,3,SUN,14878186,14878139,620,620,56669,61767,Tsawwassen Ferry Terminal @ Bay 1,Tsawwassen Ferry Terminal @ Bay 2,56669,Tsawwassen Ferry Terminal,48690,50310,in_service_layover,69.43469162861426,82.17221250575992,71.8396177471015,1620,27.0,13:31:30,13:58:30,False,,no_dispenser,0
2162552,heavy,620.0,44.0,40-ft,RTC,3,SUN,14878187,14878140,620,620,56669,61767,Tsawwassen Ferry Terminal @ Bay 1,Tsawwassen Ferry Terminal @ Bay 2,56669,Tsawwassen Ferry Terminal,48990,50610,in_service_layover,66.24559642182888,79.97036003146634,77.40766675835528,1620,27.0,13:36:30,14:03:30,False,,no_dispenser,0
2162555,heavy,620.0,43.0,40-ft,RTC,3,SUN,14878188,14878141,620,620,56669,61767,Tsawwassen Ferry Terminal @ Bay 1,Tsawwassen Ferry Terminal @ Bay 2,56669,Tsawwassen Ferry Terminal,51690,53490,in_service_layover,67.94884495941444,82.11204122275645,79.88042692524886,1800,30.0,14:21:30,14:51:30,False,,no_dispenser,0
2162554,heavy,620.0,46.0,40-ft,RTC,3,SUN,14878189,14878142,620,620,56669,61767,Tsawwassen Ferry Terminal @ Bay 1,Tsawwassen Ferry Terminal @ Bay 2,56669,Tsawwassen Ferry Terminal,52290,53790,in_service_layover,68.06941743701577,80.54541820737232,70.36464434481093,1500,25.0,14:31:30,14:56:30,False,,no_dispenser,0
2162551,heavy,620.0,45.0,40-ft,RTC,3,SUN,14878190,14878143,620,620,56669,61767,Tsawwassen Ferry Terminal @ Bay 1,Tsawwassen Ferry Terminal @ Bay 2,56669,Tsawwassen Ferry Terminal,52590,54090,in_service_layover,68.43724234448493,80.80387307578596,69.74779732453783,1500,25.0,14:36:30,15:01:30,False,,no_dispenser,0
2161458,heavy,620.0,41.0,40-ft,RTC,3,SUN,14878191,14878144,620,620,56669,61767,Tsawwassen Ferry Terminal @ Bay 1,Tsawwassen Ferry Terminal @ Bay 2,56669,Tsawwassen Ferry Terminal,55410,57330,in_service_layover,67.1360730804354,82.19138694936608,84.91197022076898,1920,32.0,15:23:30,15:55:30,False,,no_dispenser,0
2161459,heavy,620.0,42.0,40-ft,RTC,3,SUN,14878192,14878145,620,620,56669,61767,Tsawwassen Ferry Terminal @ Bay 1,Tsawwassen Ferry Terminal @ Bay 2,56669,Tsawwassen Ferry Terminal,56010,57630,in_service_layover,68.93465085441207,81.82310774848386,72.69089688256491,1620,27.0,15:33:30,16:00:30,False,,no_dispenser,0
2162552,heavy,620.0,44.0,40-ft,RTC,3,SUN,14878193,14878146,620,620,56669,61767,Tsawwassen Ferry Terminal @ Bay 1,Tsawwassen Ferry Terminal @ Bay 2,56669,Tsawwassen Ferry Terminal,56190,57930,in_service_layover,66.73279838011848,80.96950099616153,80.29500275448277,1740,29.0,15:36:30,16:05:30,False,,no_dispenser,0
2162555,heavy,620.0,43.0,40-ft,RTC,3,SUN,14878194,14878147,620,620,56669,61767,Tsawwassen Ferry Terminal @ Bay 1,Tsawwassen Ferry Terminal @ Bay 2,56669,Tsawwassen Ferry Terminal,58890,60930,in_service_layover,68.87447957140859,83.93395821207609,84.93545953336468,2040,34.0,16:21:30,16:55:30,False,,no_dispenser,0
2162554,heavy,620.0,46.0,40-ft,RTC,3,SUN,14878195,14878148,620,620,56669,61767,Tsawwassen Ferry Terminal @ Bay 1,Tsawwassen Ferry Terminal @ Bay 2,56669,Tsawwassen Ferry Terminal,59490,61230,in_service_layover,67.30785655602448,81.3581628889919,79.24372771793622,1740,29.0,16:31:30,17:00:30,False,,no_dispenser,0
2162551,heavy,620.0,45.0,40-ft,RTC,3,SUN,14878196,14878149,620,620,56669,61767,Tsawwassen Ferry Terminal @ Bay 1,Tsawwassen Ferry Terminal @ Bay 2,56669,Tsawwassen Ferry Terminal,59790,61530,in_service_layover,67.56631142443811,81.53346894361346,78.77476840814893,1740,29.0,16:36:30,17:05:30,False,,no_dispenser,0
2161458,heavy,620.0,41.0,40-ft,RTC,3,SUN,14878197,14878150,620,620,56669,61767,Tsawwassen Ferry Terminal @ Bay 1,Tsawwassen Ferry Terminal @ Bay 2,56669,Tsawwassen Ferry Terminal,62490,64770,in_service_layover,68.95382529801822,85.04547394109134,90.75689834693242,2280,38.0,17:21:30,17:59:30,False,,no_dispenser,0
2161459,heavy,620.0,42.0,40-ft,RTC,3,SUN,14878198,14878151,620,620,56669,61767,Tsawwassen Ferry Terminal @ Bay 1,Tsawwassen Ferry Terminal @ Bay 2,56669,Tsawwassen Ferry Terminal,63090,65010,in_service_layover,68.585546097136,83.15664222967123,82.18098218749867,1920,32.0,17:31:30,18:03:30,False,,no_dispenser,0
2162552,heavy,620.0,44.0,40-ft,RTC,3,SUN,14878199,14878152,620,620,56669,61767,Tsawwassen Ferry Terminal @ Bay 1,Tsawwassen Ferry Terminal @ Bay 2,56669,Tsawwassen Ferry Terminal,63390,65190,in_service_layover,67.73193934481367,81.96547909465217,80.27716418908915,1800,30.0,17:36:30,18:06:30,False,,no_dispenser,0
2162554,heavy,620.0,46.0,40-ft,RTC,3,SUN,14878202,14878155,620,620,56669,61767,Tsawwassen Ferry Terminal @ Bay 1,Tsawwassen Ferry Terminal @ Bay 2,56669,Tsawwassen Ferry Terminal,66690,68430,in_service_layover,68.12060123764402,81.91072742985054,77.77631172404466,1740,29.0,18:31:30,19:00:30,False,,no_dispenser,0
2162551,heavy,620.0,45.0,40-ft,RTC,3,SUN,14878203,14878156,620,620,56669,61767,Tsawwassen Ferry Terminal @ Bay 1,Tsawwassen Ferry Terminal @ Bay 2,56669,Tsawwassen Ferry Terminal,66990,68730,in_service_layover,68.2959072922656,82.03040966535461,77.46259338422203,1740,29.0,18:36:30,19:05:30,False,,no_dispenser,0
2161459,heavy,620.0,42.0,40-ft,RTC,3,SUN,14878206,14878159,620,620,56669,61767,Tsawwassen Ferry Terminal @ Bay 1,Tsawwassen Ferry Terminal @ Bay 2,56669,Tsawwassen Ferry Terminal,70650,72030,in_service_layover,69.91908057832337,81.17054538877407,63.45826153094191,1380,23.0,19:37:30,20:00:30,False,,no_dispenser,0
2162552,heavy,620.0,44.0,40-ft,RTC,3,SUN,14878207,14878160,620,620,56669,61767,Tsawwassen Ferry Terminal @ Bay 1,Tsawwassen Ferry Terminal @ Bay 2,56669,Tsawwassen Ferry Terminal,71550,72330,in_service_layover,68.72791744330432,76.30773620536777,42.750177818037855,780,13.0,19:52:30,20:05:30,False,,no_dispenser,0
2162555,heavy,620.0,43.0,40-ft,RTC,3,SUN,14878208,14878161,620,620,56669,61767,Tsawwassen Ferry Terminal @ Bay 1,Tsawwassen Ferry Terminal @ Bay 2,56669,Tsawwassen Ferry Terminal,73350,75210,in_service_layover,64.80824574731862,80.34439717030206,87.62389402562656,1860,31.0,20:22:30,20:53:30,False,,no_dispenser,0
2162551,heavy,620.0,45.0,40-ft,RTC,3,SUN,14878209,14878162,620,620,56669,61767,Tsawwassen Ferry Terminal @ Bay 1,Tsawwassen Ferry Terminal @ Bay 2,56669,Tsawwassen Ferry Terminal,73950,75510,in_service_layover,68.79284801400675,81.39239268538948,71.06143194659859,1560,26.0,20:32:30,20:58:30,False,,no_dispenser,0
2162554,heavy,620.0,46.0,40-ft,RTC,3,SUN,14878210,14878163,620,620,56669,61767,Tsawwassen Ferry Terminal @ Bay 1,Tsawwassen Ferry Terminal @ Bay 2,56669,Tsawwassen Ferry Terminal,74250,76110,in_service_layover,68.67316577850269,82.91235737515909,80.30904060514212,1860,31.0,20:37:30,21:08:30,False,,no_dispenser,0
2162552,heavy,620.0,44.0,40-ft,RTC,3,SUN,14878212,14878165,620,620,56669,61767,Tsawwassen Ferry Terminal @ Bay 1,Tsawwassen Ferry Terminal @ Bay 2,56669,Tsawwassen Ferry Terminal,77550,79110,in_service_layover,69.55311022229222,81.92687437609905,69.78802982747061,1560,26.0,21:32:30,21:58:30,False,,no_dispenser,0
2161459,heavy,620.0,42.0,40-ft,RTC,3,SUN,14878213,14878166,620,620,56669,61767,Tsawwassen Ferry Terminal @ Bay 1,Tsawwassen Ferry Terminal @ Bay 2,56669,Tsawwassen Ferry Terminal,77850,79410,in_service_layover,67.93298373742623,80.79186827194057,72.52410877466093,1560,26.0,21:37:30,22:03:30,False,,no_dispenser,0
2162551,heavy,620.0,45.0,40-ft,RTC,3,SUN,14878214,14878167,620,620,56669,61767,Tsawwassen Ferry Terminal @ Bay 1,Tsawwassen Ferry Terminal @ Bay 2,56669,Tsawwassen Ferry Terminal,81150,82710,in_service_layover,68.15483103404164,80.94641539708786,72.14453580758072,1560,26.0,22:32:30,22:58:30,False,,no_dispenser,0
2160124,heavy,33.0,1.0,40-ft,VTC,3,SUN,14838641,14838630,033,033,60358,60158,UBC Exchange @ Unloading Only,UBC Exchange @ Bay 1,60358,UBC Exchange,36930,37410,in_service_layover,64.61437284032274,70.08523411267247,30.855657576052465,480,8.0,10:15:30,10:23:30,False,,no_dispenser,0
2160127,heavy,33.0,3.0,40-ft,VTC,3,SUN,14838642,14838600,033,033,60358,60158,UBC Exchange @ Unloading Only,UBC Exchange @ Bay 1,60358,UBC Exchange,38730,39090,in_service_layover,64.61437284032274,68.81497372096113,23.69138896680056,360,6.0,10:45:30,10:51:30,False,,no_dispenser,0
2160126,heavy,33.0,2.0,40-ft,VTC,3,SUN,14838643,14838601,033,033,60358,60158,UBC Exchange @ Unloading Only,UBC Exchange @ Bay 1,60358,UBC Exchange,40590,40890,in_service_layover,57.37311125262422,61.309053835781526,22.198716169007184,300,5.0,11:16:30,11:21:30,False,,no_dispenser,0
2160125,heavy,33.0,4.0,40-ft,VTC,3,SUN,14838644,14838602,033,033,60358,60158,UBC Exchange @ Unloading Only,UBC Exchange @ Bay 1,60358,UBC Exchange,42390,42630,in_service_layover,57.37311125262422,60.53883672858468,17.85469168441699,240,4.0,11:46:30,11:50:30,False,,no_dispenser,0
2160124,heavy,33.0,1.0,40-ft,VTC,3,SUN,14838645,14838603,033,033,60358,60158,UBC Exchange @ Unloading Only,UBC Exchange @ Bay 1,60358,UBC Exchange,44190,44430,in_service_layover,55.834662063666926,58.9988495379255,17.846017354818343,240,4.0,12:16:30,12:20:30,False,,no_dispenser,0
2160127,heavy,33.0,3.0,40-ft,VTC,3,SUN,14838646,14838604,033,033,60358,60158,UBC Exchange @ Unloading Only,UBC Exchange @ Bay 1,60358,UBC Exchange,45990,46170,in_service_layover,54.5644016719556,56.92017892088238,13.286583683947072,180,3.0,12:46:30,12:49:30,False,,no_dispenser,0
2160126,heavy,33.0,2.0,40-ft,VTC,3,SUN,14838647,14838605,033,033,60358,60158,UBC Exchange @ Unloading Only,UBC Exchange @ Bay 1,60358,UBC Exchange,47790,47970,in_service_layover,47.058481786775985,49.35014265808497,12.924967314182652,180,3.0,13:16:30,13:19:30,False,,no_dispenser,0
2160125,heavy,33.0,4.0,40-ft,VTC,3,SUN,14838648,14838606,033,033,60358,60158,UBC Exchange @ Unloading Only,UBC Exchange @ Bay 1,60358,UBC Exchange,49590,49770,in_service_layover,46.28826467957914,48.577324620447925,12.910298066499934,180,3.0,13:46:30,13:49:30,False,,no_dispenser,0
2160124,heavy,33.0,1.0,40-ft,VTC,3,SUN,14838649,14838617,033,033,60358,60158,UBC Exchange @ Unloading Only,UBC Exchange @ Bay 1,60358,UBC Exchange,51450,51630,in_service_layover,44.74827748891996,47.03331605348839,12.887617504165917,180,3.0,14:17:30,14:20:30,False,,no_dispenser,0
2160127,heavy,33.0,3.0,40-ft,VTC,3,SUN,14838650,14838616,033,033,60358,60158,UBC Exchange @ Unloading Only,UBC Exchange @ Bay 1,60358,UBC Exchange,53250,53430,in_service_layover,42.669606871876844,44.94922076411563,12.85702235222675,180,3.0,14:47:30,14:50:30,False,,no_dispenser,0
2160126,heavy,33.0,2.0,40-ft,VTC,3,SUN,14838651,14838607,033,033,60358,60158,UBC Exchange @ Unloading Only,UBC Exchange @ Bay 1,60358,UBC Exchange,55050,55230,in_service_layover,35.09957060907942,37.35942910288593,12.745601905068696,180,3.0,15:17:30,15:20:30,False,,no_dispenser,0
2160125,heavy,33.0,4.0,40-ft,VTC,3,SUN,14838652,14838608,033,033,60358,60158,UBC Exchange @ Unloading Only,UBC Exchange @ Bay 1,60358,UBC Exchange,56850,57030,in_service_layover,34.326752571442384,36.584594254797906,12.734227094125117,180,3.0,15:47:30,15:50:30,False,,no_dispenser,0
2160124,heavy,33.0,1.0,40-ft,VTC,3,SUN,14838653,14838609,033,033,60358,60158,UBC Exchange @ Unloading Only,UBC Exchange @ Bay 1,60358,UBC Exchange,58650,58830,in_service_layover,32.78274400448285,35.03655631421792,12.711501426905812,180,3.0,16:17:30,16:20:30,False,,no_dispenser,0
2160127,heavy,33.0,3.0,40-ft,VTC,3,SUN,14838654,14838610,033,033,60358,60158,UBC Exchange @ Unloading Only,UBC Exchange @ Bay 1,60358,UBC Exchange,60450,60630,in_service_layover,30.698648715110092,32.94702219583787,12.680826431304638,180,3.0,16:47:30,16:50:30,False,,no_dispenser,0
2160126,heavy,33.0,2.0,40-ft,VTC,3,SUN,14838655,14838611,033,033,60358,60158,UBC Exchange @ Unloading Only,UBC Exchange @ Bay 1,60358,UBC Exchange,62190,62490,in_service_layover,23.10885705388039,26.82730797591037,20.972063200249096,300,5.0,17:16:30,17:21:30,False,,no_dispenser,0
2160125,heavy,33.0,4.0,40-ft,VTC,3,SUN,14838656,14838612,033,033,60358,60158,UBC Exchange @ Unloading Only,UBC Exchange @ Bay 1,60358,UBC Exchange,63990,64350,in_service_layover,22.33402220579236,26.794877163416896,25.1592219610024,360,6.0,17:46:30,17:52:30,False,,no_dispenser,0
2160124,heavy,33.0,1.0,40-ft,VTC,3,SUN,14838657,14838613,033,033,60358,60158,UBC Exchange @ Unloading Only,UBC Exchange @ Bay 1,60358,UBC Exchange,65790,66150,in_service_layover,20.785984265212377,25.240981265358624,25.12618308082483,360,6.0,18:16:30,18:22:30,False,,no_dispenser,0
